unitid,institution name,year,HD2012.Institution size category,DRVEF2012_RV.Total  enrollment,DRVEF2012_RV.Full-time enrollment,DRVEF2012_RV.Part-time enrollment,DRVEF2012_RV.Full-time equivalent fall enrollment,DRVEF2012_RV.Undergraduate enrollment,DRVEF2012_RV.First-time degree/certificate-seeking undergraduate enrollment,DRVEF2012_RV.Transfer-in degree/certificate-seeking undergraduate enrollment,DRVEF2012_RV.Continuing degree/certificate-seeking undergraduate enrollment,DRVEF2012_RV.Nondegree/certificate-seeking undergraduate enrollment,DRVEF2012_RV.Graduate enrollment,DRVEF2012_RV.Full-time undergraduate enrollment,DRVEF2012_RV.Full-time first-time degree/certificate-seeking undergraduate enrollment,DRVEF2012_RV.Full-time transfer-in degree/certificate-seeking undergraduate enrollment,DRVEF2012_RV.Full-time continuing degree/certificate-seeking undergraduate enrollment,DRVEF2012_RV.Full-time nondegree/certificate-seeking undergraduate enrollment,DRVEF2012_RV.Full-time graduate enrollment,DRVEF2012_RV.Part-time undergraduate enrollment,DRVEF2012_RV.Part-time first-time degree/certificate-seeking undergraduate enrollment,DRVEF2012_RV.Part-time transfer-in degree/certificate-seeking undergraduate enrollment,DRVEF2012_RV.Part-time continuing degree/certificate-seeking undergraduate enrollment,DRVEF2012_RV.Part-time nondegree/certificate-seeking undergraduate enrollment,DRVEF2012_RV.Part-time graduate enrollment
100654,Alabama A & M University,2012,"1,000 - 4,999",4853,4208,645,4455,4093,1009,151,2921,12,760,3771,1001,132,2637,1,437,322,8,19,284,11,323
100663,University of Alabama at Birmingham,2012,"10,000 - 19,999",17999,11965,6034,14274,11291,1676,1259,8079,277,6708,8270,1654,848,5722,46,3695,3021,22,411,2357,231,3013
100690,Amridge University,2012,"Under 1,000",703,337,366,478,338,13,0,325,0,365,212,9,0,203,0,125,126,4,0,122,0,240
100706,University of Alabama in Huntsville,2012,"5,000 - 9,999",7636,5009,2627,6019,5882,624,672,4407,179,1754,4450,615,526,3267,42,559,1432,9,146,1140,137,1195
100724,Alabama State University,2012,"5,000 - 9,999",5816,4966,850,5292,5130,1479,195,3449,7,686,4683,1436,169,3078,0,283,447,43,26,371,7,403
100751,The University of Alabama,2012,"20,000 and above",33503,28758,4745,30583,28026,6371,1481,19512,662,5477,25430,6338,1203,17568,321,3328,2596,33,278,1944,341,2149
100760,Central Alabama Community College,2012,"1,000 - 4,999",2021,1036,985,1367,2021,1576,87,235,123,0,1036,886,51,81,18,0,985,690,36,154,105,0
100812,Athens State University,2012,"1,000 - 4,999",3415,1533,1882,2292,3415,0,856,2394,165,0,1533,0,512,1018,3,0,1882,0,344,1376,162,0
100830,Auburn University at Montgomery,2012,"5,000 - 9,999",5005,3135,1870,3867,4240,679,299,3141,121,765,2906,596,223,1980,107,229,1334,83,76,1161,14,536
100858,Auburn University,2012,"20,000 and above",25134,21094,4040,22627,20175,3852,1173,15112,38,4959,18449,3815,1024,13580,30,2645,1726,37,149,1532,8,2314
100937,Birmingham Southern College,2012,"1,000 - 4,999",1231,1208,23,1217,1231,327,27,872,5,0,1208,327,27,853,1,0,23,0,0,19,4,0
101028,Chattahoochee Valley Community College,2012,"1,000 - 4,999",1730,982,748,1233,1730,446,279,920,85,0,982,364,142,476,0,0,748,82,137,444,85,0
101073,Concordia College Alabama,2012,"Under 1,000",611,565,46,583,611,157,74,380,0,0,565,156,72,337,0,0,46,1,2,43,0,0
101116,South University-Montgomery,2012,"Under 1,000",782,530,252,628,704,62,166,476,0,78,524,52,115,357,0,6,180,10,51,119,0,72
101143,Enterprise State Community College,2012,"1,000 - 4,999",2484,1453,1031,1799,2484,352,373,1441,318,0,1453,292,258,870,33,0,1031,60,115,571,285,0
101161,James H Faulkner State Community College,2012,"1,000 - 4,999",4400,2514,1886,3147,4400,1177,471,2564,188,0,2514,971,282,1249,12,0,1886,206,189,1315,176,0
101189,Faulkner University,2012,"1,000 - 4,999",3327,2416,911,2772,2763,378,552,1598,235,564,1993,349,421,1223,0,423,770,29,131,375,235,141
101240,Gadsden State Community College,2012,"5,000 - 9,999",5882,3158,2724,4073,5882,1319,377,3904,282,0,3158,993,200,1895,70,0,2724,326,177,2009,212,0
101277,New Beginning College of Cosmetology,2012,"Under 1,000",108,108,0,108,108,66,0,42,0,0,108,66,0,42,0,0,0,0,0,0,0,0
101286,George C Wallace State Community College-Dothan,2012,"1,000 - 4,999",4581,2315,2266,3076,4581,1039,381,2807,354,0,2315,838,210,1254,13,0,2266,201,171,1553,341,0
101295,George C Wallace State Community College-Hanceville,2012,"5,000 - 9,999",5391,3022,2369,3817,5391,1148,233,3579,431,0,3022,961,145,1838,78,0,2369,187,88,1741,353,0
101301,George C Wallace State Community College-Selma,2012,"1,000 - 4,999",1790,1205,585,1401,1790,381,193,1097,119,0,1205,337,141,726,1,0,585,44,52,371,118,0
101365,Herzing University-Birmingham,2012,"Under 1,000",295,168,127,218,295,45,43,207,0,0,168,28,18,122,0,0,127,17,25,85,0,0
101435,Huntingdon College,2012,"1,000 - 4,999",1118,896,222,983,1118,276,109,718,15,0,896,276,62,554,4,0,222,0,47,164,11,0
101453,Heritage Christian University,2012,"Under 1,000",85,28,57,50,62,5,16,41,0,23,26,2,5,19,0,2,36,3,11,22,0,21
101462,J F Drake State Community and Technical College,2012,"1,000 - 4,999",1248,558,690,790,1248,191,163,605,289,0,558,123,101,333,1,0,690,68,62,272,288,0
101471,J F Ingram State Technical College,2012,"Under 1,000",437,329,108,365,437,242,3,192,0,0,329,190,2,137,0,0,108,52,1,55,0,0
101480,Jacksonville State University,2012,"5,000 - 9,999",9161,6257,2904,7389,7991,1332,669,5653,337,1170,6044,1302,430,4225,87,213,1947,30,239,1428,250,957
101499,Jefferson Davis Community College,2012,"1,000 - 4,999",1094,615,479,776,1094,320,106,608,60,0,615,274,71,265,5,0,479,46,35,343,55,0
101505,Jefferson State Community College,2012,"5,000 - 9,999",8878,3062,5816,5015,8878,1592,1076,5194,1016,0,3062,1062,446,1522,32,0,5816,530,630,3672,984,0
101514,John C Calhoun State Community College,2012,"10,000 - 19,999",11177,4424,6753,6691,11177,2199,808,5683,2487,0,4424,1370,360,2185,509,0,6753,829,448,3498,1978,0
101541,Judson College,2012,"Under 1,000",357,293,64,318,357,77,38,231,11,0,293,77,36,180,0,0,64,0,2,51,11,0
101569,Lawson State Community College-Birmingham Campus,2012,"1,000 - 4,999",3419,1957,1462,2448,3419,771,319,2134,195,0,1957,617,201,1137,2,0,1462,154,118,997,193,0
101587,University of West Alabama,2012,"1,000 - 4,999",4943,4345,598,4574,2095,397,299,1393,6,2848,1782,384,260,1137,1,2563,313,13,39,256,5,285
101602,Lurleen B Wallace Community College,2012,"1,000 - 4,999",1646,1000,646,1217,1646,392,129,919,206,0,1000,349,91,551,9,0,646,43,38,368,197,0
101648,Marion Military Institute,2012,"Under 1,000",382,378,4,379,382,244,21,113,4,0,378,244,21,113,0,0,4,0,0,0,4,0
101675,Miles College,2012,"1,000 - 4,999",1691,1598,93,1635,1691,443,146,1098,4,0,1598,431,144,1022,1,0,93,12,2,76,3,0
101693,University of Mobile,2012,"1,000 - 4,999",1719,1334,385,1484,1552,230,173,1139,10,167,1289,227,125,936,1,45,263,3,48,203,9,122
101709,University of Montevallo,2012,"1,000 - 4,999",3083,2511,572,2730,2597,552,170,1866,9,486,2319,539,154,1622,4,192,278,13,16,244,5,294
101736,Northwest-Shoals Community College,2012,"1,000 - 4,999",3717,1915,1802,2520,3717,860,196,2175,486,0,1915,722,119,1073,1,0,1802,138,77,1102,485,0
101879,University of North Alabama,2012,"5,000 - 9,999",7032,5234,1798,5933,6098,1078,601,4044,375,934,4942,1057,511,3365,9,292,1156,21,90,679,366,642
101897,Northeast Alabama Community College,2012,"1,000 - 4,999",3140,1666,1474,2161,3140,741,137,1872,390,0,1666,604,92,942,28,0,1474,137,45,930,362,0
101912,Oakwood University,2012,"1,000 - 4,999",2019,1884,135,1937,1966,408,87,1452,19,53,1838,408,86,1344,0,46,128,0,1,108,19,7
101949,Alabama Southern Community College,2012,"1,000 - 4,999",1312,814,498,981,1312,418,91,672,131,0,814,363,69,382,0,0,498,55,22,290,131,0
101958,Prince Institute-Southeast,2012,"Under 1,000",122,122,0,122,122,6,0,116,0,0,122,6,0,116,0,0,0,0,0,0,0,0
101994,Reid State Technical College,2012,"Under 1,000",495,312,183,373,495,94,80,281,40,0,312,84,52,175,1,0,183,10,28,106,39,0
102030,Bishop State Community College,2012,"1,000 - 4,999",3791,1969,1822,2581,3791,949,358,2055,429,0,1969,740,217,1008,4,0,1822,209,141,1047,425,0
102049,Samford University,2012,"1,000 - 4,999",4758,4282,476,4466,2965,708,126,2114,17,1793,2769,701,94,1968,6,1513,196,7,32,146,11,280
102058,Selma University,2012,"Under 1,000",643,516,127,566,615,240,109,116,150,28,491,185,80,76,150,25,124,55,29,40,0,3
102067,Shelton State Community College,2012,"5,000 - 9,999",5104,2699,2405,3506,5104,1209,438,3285,172,0,2699,855,245,1582,17,0,2405,354,193,1703,155,0
102076,Snead State Community College,2012,"1,000 - 4,999",2436,1559,877,1853,2436,749,173,1286,228,0,1559,651,108,793,7,0,877,98,65,493,221,0
102094,University of South Alabama,2012,"10,000 - 19,999",14636,11460,3176,12718,11315,1944,1002,8108,261,3321,8708,1888,831,5977,12,2752,2607,56,171,2131,249,569
102234,Spring Hill College,2012,"1,000 - 4,999",1308,1106,202,1184,1180,299,45,821,15,128,1097,298,37,761,1,9,83,1,8,60,14,119
102261,Southeastern Bible College,2012,"Under 1,000",179,146,33,159,179,16,42,121,0,0,146,15,36,95,0,0,33,1,6,26,0,0
102270,Stillman College,2012,"1,000 - 4,999",1019,943,76,973,1019,301,127,591,0,0,943,270,116,557,0,0,76,31,11,34,0,0
102298,Talladega College,2012,"1,000 - 4,999",1203,1157,46,1175,1203,219,41,943,0,0,1157,207,41,909,0,0,46,12,0,34,0,0
102313,H Councill Trenholm State Technical College,2012,"1,000 - 4,999",1445,799,646,1016,1445,330,177,891,47,0,799,241,98,458,2,0,646,89,79,433,45,0
102368,Troy University,2012,"20,000 and above",22554,10918,11636,15473,17912,2087,1427,14251,147,4642,9634,1444,657,7489,44,1284,8278,643,770,6762,103,3358
102377,Tuskegee University,2012,"1,000 - 4,999",3117,2995,122,3042,2605,655,62,1888,0,512,2527,653,62,1812,0,468,78,2,0,76,0,44
102395,United States Sports Academy,2012,"Under 1,000",401,111,290,223,117,0,29,80,8,284,25,0,5,19,1,86,92,0,24,61,7,198
102429,Bevill State Community College,2012,"1,000 - 4,999",3734,1954,1780,2552,3734,883,299,2289,263,0,1954,747,124,1083,0,0,1780,136,175,1206,263,0
102553,University of Alaska Anchorage,2012,"10,000 - 19,999",17497,8116,9381,11871,16498,2061,692,10447,3298,999,7861,1447,406,5465,543,255,8637,614,286,4982,2755,744
102580,Alaska Bible College,2012,"Under 1,000",58,28,30,40,58,13,3,17,25,0,28,12,2,14,0,0,30,1,1,3,25,0
102614,University of Alaska Fairbanks,2012,"5,000 - 9,999",9223,4376,4847,6310,8046,945,512,4299,2290,1177,3727,761,310,2535,121,649,4319,184,202,1764,2169,528
102632,University of Alaska Southeast,2012,"1,000 - 4,999",3117,942,2175,1807,2732,255,193,1088,1196,385,861,194,114,485,68,81,1871,61,79,603,1128,304
102669,Alaska Pacific University,2012,"Under 1,000",657,429,228,518,439,29,106,301,3,218,277,28,69,180,0,152,162,1,37,121,3,66
102711,AVTEC-Alaska's Institute of Technology,2012,"1,000 - 4,999",1022,324,698,558,1022,940,0,71,11,0,324,284,0,40,0,0,698,656,0,31,11,0
102845,Charter College-Anchorage,2012,"1,000 - 4,999",1259,1259,0,1259,1259,918,0,341,0,0,1259,918,0,341,0,0,0,0,0,0,0,0
103501,Alaska Career College,2012,"Under 1,000",228,228,0,228,228,203,0,25,0,0,228,203,0,25,0,0,0,0,0,0,0,0
103644,Everest College-Phoenix,2012,"1,000 - 4,999",1578,843,735,1132,1578,232,188,1158,0,0,843,126,115,602,0,0,735,106,73,556,0,0
103723,Collins College,2012,"Under 1,000",590,514,76,544,590,73,20,496,1,0,514,59,18,436,1,0,76,14,2,60,0,0
103732,Empire Beauty School-Paradise Valley,2012,"Under 1,000",74,61,13,66,74,29,0,45,0,0,61,25,0,36,0,0,13,4,0,9,0,0
103741,Empire Beauty School-Tucson,2012,"Under 1,000",164,121,43,138,164,67,0,97,0,0,121,55,0,66,0,0,43,12,0,31,0,0
103778,Thunderbird School of Global Management,2012,"1,000 - 4,999",1190,542,648,790,3,1,0,2,0,1187,0,0,0,0,0,542,3,1,0,2,0,645
103787,American Indian College of the Assemblies of God Inc,2012,"Under 1,000",73,65,8,68,73,9,6,58,0,0,65,9,6,50,0,0,8,0,0,8,0,0
103811,American Institute of Technology,2012,"Under 1,000",474,474,0,474,474,39,0,435,0,0,474,39,0,435,0,0,0,0,0,0,0,0
103893,Carrington College-Phoenix,2012,"Under 1,000",560,560,0,560,560,160,71,329,0,0,560,160,71,329,0,0,0,0,0,0,0,0
103909,Carrington College-Mesa,2012,"Under 1,000",685,685,0,685,685,78,62,545,0,0,685,78,62,545,0,0,0,0,0,0,0,0
103927,Carrington College-Tucson,2012,"Under 1,000",399,399,0,399,399,77,43,279,0,0,399,77,43,279,0,0,0,0,0,0,0,0
103945,College America-Flagstaff,2012,"Under 1,000",255,255,0,255,255,109,0,146,0,0,255,109,0,146,0,0,0,0,0,0,0,0
103954,Arizona Academy of Beauty-East,2012,"Under 1,000",54,54,0,54,54,3,0,51,0,0,54,3,0,51,0,0,0,0,0,0,0,0
103963,Arizona Automotive Institute,2012,"Under 1,000",726,726,0,726,726,195,0,531,0,0,726,195,0,531,0,0,0,0,0,0,0,0
104090,Brookline College-Phoenix,2012,"1,000 - 4,999",1186,1186,0,1186,1186,327,0,859,0,0,1186,327,0,859,0,0,0,0,0,0,0,0
104151,Arizona State University-Tempe,2012,"20,000 and above",73378,59062,14316,64635,59382,9265,7228,42690,199,13996,49945,8393,5414,36063,75,9117,9437,872,1814,6627,124,4879
104160,Arizona Western College,2012,"5,000 - 9,999",7877,2731,5146,4459,7877,1982,0,5460,435,0,2731,917,0,1766,48,0,5146,1065,0,3694,387,0
104179,University of Arizona,2012,"20,000 and above",40223,34715,5508,36848,31565,7401,1964,21852,348,8658,28210,6955,1501,19607,147,6505,3355,446,463,2245,201,2153
104188,Southwest University of Visual Arts-Tucson,2012,"Under 1,000",268,150,118,196,263,32,30,201,0,5,145,18,14,113,0,5,118,14,16,88,0,0
104346,Central Arizona College,2012,"5,000 - 9,999",7018,2355,4663,3921,7018,1277,916,3640,1185,0,2355,590,247,1375,143,0,4663,687,669,2265,1042,0
104364,Brown Mackie College-Tucson,2012,"Under 1,000",784,784,0,784,784,121,115,548,0,0,784,121,115,548,0,0,0,0,0,0,0,0
104391,Charles of Italy Beauty College,2012,"Under 1,000",78,78,0,78,78,74,0,4,0,0,78,74,0,4,0,0,0,0,0,0,0,0
104425,Cochise College,2012,"1,000 - 4,999",4516,1507,3009,2517,4516,724,259,2792,741,0,1507,418,107,867,115,0,3009,306,152,1925,626,0
104434,Empire Beauty School-Flagstaff,2012,"Under 1,000",59,59,0,59,59,26,0,33,0,0,59,26,0,33,0,0,0,0,0,0,0,0
104443,Empire Beauty School-Chandler,2012,"Under 1,000",123,89,34,102,123,37,0,86,0,0,89,28,0,61,0,0,34,9,0,25,0,0
104504,Cortiva Institute-Tucson,2012,"Under 1,000",140,103,37,118,140,61,0,79,0,0,103,38,0,65,0,0,37,23,0,14,0,0
104568,Avalon School of Cosmetology-Mesa,2012,"Under 1,000",312,163,149,222,312,213,0,99,0,0,163,116,0,47,0,0,149,97,0,52,0,0
104577,Eastern Arizona College,2012,"5,000 - 9,999",6435,2211,4224,3629,6435,1445,113,3513,1364,0,2211,645,79,1487,0,0,4224,800,34,2026,1364,0
104586,Embry-Riddle Aeronautical University-Prescott,2012,"1,000 - 4,999",1724,1611,113,1655,1678,375,99,1195,9,46,1576,374,98,1103,1,35,102,1,1,92,8,11
104665,Frank Lloyd Wright School of Architecture,2012,"Under 1,000",17,17,0,17,3,0,1,2,0,14,3,0,1,2,0,14,0,0,0,0,0,0
104708,Glendale Community College,2012,"20,000 and above",21361,7335,14026,12044,21361,3700,1384,10583,5694,0,7335,2227,394,3659,1055,0,14026,1473,990,6924,4639,0
104717,Grand Canyon University,2012,"20,000 and above",48650,5834,42816,22466,31158,3490,7386,20014,268,17492,5813,1264,1742,2807,0,21,25345,2226,5644,17207,268,17471
104911,International Academy of Hair Design,2012,"Under 1,000",228,228,0,228,228,72,0,156,0,0,228,72,0,156,0,0,0,0,0,0,0,0
105145,GateWay Community College,2012,"5,000 - 9,999",6720,1345,5375,3150,6720,702,984,4310,724,0,1345,309,203,808,25,0,5375,393,781,3502,699,0
105154,Mesa Community College,2012,"20,000 and above",25024,8102,16922,13783,25024,3865,1969,15208,3982,0,8102,2124,515,4791,672,0,16922,1741,1454,10417,3310,0
105163,ITT Technical Institute-Tucson,2012,"Under 1,000",460,341,119,388,460,53,2,405,0,0,341,42,1,298,0,0,119,11,1,107,0,0
105172,ITT Technical Institute-Tempe,2012,"Under 1,000",575,400,175,469,575,65,6,504,0,0,400,43,4,353,0,0,175,22,2,151,0,0
105206,Mohave Community College,2012,"5,000 - 9,999",5220,1412,3808,2690,5220,912,217,3662,429,0,1412,227,85,1074,26,0,3808,685,132,2588,403,0
105215,Universal Technical Institute of Arizona Inc-Motorcycle Mechanics Institute Division,2012,"1,000 - 4,999",2594,2594,0,2594,2594,414,0,2180,0,0,2594,414,0,2180,0,0,0,0,0,0,0,0
105297,Dine College,2012,"1,000 - 4,999",1970,1151,819,1482,1970,426,83,1398,63,0,1151,286,48,806,11,0,819,140,35,592,52,0
105330,Northern Arizona University,2012,"20,000 and above",25991,20291,5700,22494,21768,4197,2369,15061,141,4223,18384,4092,1716,12561,15,1907,3384,105,653,2500,126,2316
105349,Northland Pioneer College,2012,"1,000 - 4,999",3718,1198,2520,2044,3718,212,906,598,2002,0,1198,87,417,266,428,0,2520,125,489,332,1574,0
105367,Ottawa University-Phoenix,2012,"Under 1,000",824,12,812,327,410,4,66,329,11,414,9,0,0,9,0,3,401,4,66,320,11,411
105428,Phoenix College,2012,"10,000 - 19,999",12228,3341,8887,6325,12228,1628,1348,6407,2845,0,3341,731,343,1832,435,0,8887,897,1005,4575,2410,0
105482,Cortiva Institute-Scottsdale,2012,"Under 1,000",115,63,52,84,115,33,0,82,0,0,63,20,0,43,0,0,52,13,0,39,0,0
105525,Pima Community College,2012,"20,000 and above",32988,11893,21095,18975,32988,5422,2122,21756,3688,0,11893,2746,855,7980,312,0,21095,2676,1267,13776,3376,0
105534,Pima Medical Institute-Tucson,2012,"1,000 - 4,999",1811,1811,0,1811,1811,460,0,1351,0,0,1811,460,0,1351,0,0,0,0,0,0,0,0
105543,Pima Medical Institute-Albuquerque,2012,"Under 1,000",942,942,0,942,942,177,0,765,0,0,942,177,0,765,0,0,0,0,0,0,0,0
105589,Prescott College,2012,"1,000 - 4,999",1065,704,361,843,673,64,88,519,2,392,541,64,78,398,1,163,132,0,10,121,1,229
105659,Refrigeration School Inc,2012,"Under 1,000",632,632,0,632,632,160,0,472,0,0,632,160,0,472,0,0,0,0,0,0,0,0
105668,Rio Salado College,2012,"20,000 and above",24342,3699,20643,10630,24342,981,2118,7734,13509,0,3699,265,419,1721,1294,0,20643,716,1699,6013,12215,0
105677,Roberto-Venn School of Luthiery,2012,"Under 1,000",30,30,0,30,30,4,0,26,0,0,30,4,0,26,0,0,0,0,0,0,0,0
105701,Hair Academy of Safford,2012,"Under 1,000",85,85,0,85,85,35,0,50,0,0,85,35,0,50,0,0,0,0,0,0,0,0
105747,Scottsdale Community College,2012,"10,000 - 19,999",10895,3466,7429,5960,10895,1506,1113,5246,3030,0,3466,1022,383,1826,235,0,7429,484,730,3420,2795,0
105792,South Mountain Community College,2012,"1,000 - 4,999",4843,1498,3345,2621,4843,810,470,2735,828,0,1498,456,126,844,72,0,3345,354,344,1891,756,0
105899,Arizona Christian University,2012,"Under 1,000",683,525,158,587,683,96,113,339,135,0,525,95,105,321,4,0,158,1,8,18,131,0
105987,Tucson College,2012,"Under 1,000",376,376,0,376,376,127,0,249,0,0,376,127,0,249,0,0,0,0,0,0,0,0
106041,Universal Technical Institute of Arizona Inc,2012,"1,000 - 4,999",2529,2529,0,2529,2529,488,133,1908,0,0,2529,488,133,1908,0,0,0,0,0,0,0,0
106102,Western International University,2012,"1,000 - 4,999",2926,2926,0,2926,2129,39,177,1873,40,797,2129,39,177,1873,40,797,0,0,0,0,0,0
106111,Empire Beauty School-NW Phoenix,2012,"Under 1,000",198,146,52,167,198,99,0,99,0,0,146,76,0,70,0,0,52,23,0,29,0,0
106148,Yavapai College,2012,"5,000 - 9,999",8283,1595,6688,3840,8283,849,387,5051,1996,0,1595,302,119,1157,17,0,6688,547,268,3894,1979,0
106245,University of Arkansas at Little Rock,2012,"10,000 - 19,999",12872,6883,5989,9240,10311,836,1267,6751,1457,2561,5749,806,850,3837,256,1134,4562,30,417,2914,1201,1427
106263,University of Arkansas for Medical Sciences,2012,"1,000 - 4,999",2809,2029,780,2321,821,0,265,515,41,1988,575,0,196,379,0,1454,246,0,69,136,41,534
106281,ABC Beauty College Inc,2012,"Under 1,000",51,50,1,50,51,22,0,29,0,0,50,22,0,28,0,0,1,0,0,1,0,0
106306,Arkansas Baptist College,2012,"1,000 - 4,999",1082,912,170,979,1082,282,112,683,5,0,912,258,83,569,2,0,170,24,29,114,3,0
106315,Arkansas Beauty School,2012,"Under 1,000",39,25,14,31,39,7,0,32,0,0,25,7,0,18,0,0,14,0,0,14,0,0
106324,Arkansas Beauty College,2012,"Under 1,000",29,29,0,29,29,24,0,5,0,0,29,24,0,5,0,0,0,0,0,0,0,0
106342,Lyon College,2012,"Under 1,000",600,577,23,586,600,160,55,368,17,0,577,160,55,358,4,0,23,0,0,10,13,0
106351,Arkansas College of Barbering and Hair Design,2012,"Under 1,000",106,98,8,101,106,8,0,98,0,0,98,8,0,90,0,0,8,0,0,8,0,0
106360,Arthur's Beauty College Inc-Fort Smith,2012,"Under 1,000",48,48,0,48,48,5,0,43,0,0,48,5,0,43,0,0,0,0,0,0,0,0
106397,University of Arkansas,2012,"20,000 and above",24537,19508,5029,21434,20350,4574,1363,14041,372,4187,17799,4550,1091,12046,112,1709,2551,24,272,1995,260,2478
106412,University of Arkansas at Pine Bluff,2012,"1,000 - 4,999",2828,2499,329,2629,2724,575,165,1967,17,104,2467,564,151,1749,3,32,257,11,14,218,14,72
106449,Arkansas State University-Beebe,2012,"1,000 - 4,999",4643,2385,2258,3143,4643,974,211,2381,1077,0,2385,884,138,1328,35,0,2258,90,73,1053,1042,0
106458,Arkansas State University-Main Campus,2012,"10,000 - 19,999",13877,8601,5276,10607,10168,1671,1043,6782,672,3709,7822,1633,724,5360,105,779,2346,38,319,1422,567,2930
106467,Arkansas Tech University,2012,"10,000 - 19,999",10950,7292,3658,8742,10089,1787,567,6289,1446,861,7068,1694,403,4963,8,224,3021,93,164,1326,1438,637
106485,University of Arkansas at Monticello,2012,"1,000 - 4,999",3945,2643,1302,3165,3830,781,231,2174,644,115,2605,726,203,1672,4,38,1225,55,28,502,640,77
106494,Arthur's Beauty College Inc-Jacksonville,2012,"Under 1,000",49,49,0,49,49,4,0,45,0,0,49,4,0,45,0,0,0,0,0,0,0,0
106546,Baptist Health Schools-Little Rock,2012,"Under 1,000",910,814,96,852,910,29,0,881,0,0,814,29,0,785,0,0,96,0,0,96,0,0
106625,Black River Technical College,2012,"1,000 - 4,999",2401,1551,850,1836,2401,460,167,1387,387,0,1551,389,111,993,58,0,850,71,56,394,329,0
106704,University of Central Arkansas,2012,"10,000 - 19,999",11107,8779,2328,9682,9604,2157,614,6257,576,1503,8136,2130,552,5375,79,643,1468,27,62,882,497,860
106713,Central Baptist College,2012,"Under 1,000",832,686,146,743,832,108,117,545,62,0,686,102,94,469,21,0,146,6,23,76,41,0
106795,Cossatot Community College of the University of Arkansas,2012,"1,000 - 4,999",1600,600,1000,936,1600,274,68,770,488,0,600,196,28,351,25,0,1000,78,40,419,463,0
106810,Crowley's Ridge College,2012,"Under 1,000",210,153,57,175,210,62,9,87,52,0,153,62,9,82,0,0,57,0,0,5,52,0
106829,Crowley's Ridge Technical Institute,2012,"Under 1,000",279,246,33,257,279,90,0,189,0,0,246,75,0,171,0,0,33,15,0,18,0,0
106883,East Arkansas Community College,2012,"1,000 - 4,999",1463,710,753,963,1463,313,82,663,405,0,710,292,44,372,2,0,753,21,38,291,403,0
106892,Eastern College of Health Vocations-Little Rock,2012,"Under 1,000",375,375,0,375,375,107,0,268,0,0,375,107,0,268,0,0,0,0,0,0,0,0
106908,Imagine-Paul Mitchell Partner School,2012,"Under 1,000",413,336,77,367,413,28,0,385,0,0,336,23,0,313,0,0,77,5,0,72,0,0
106980,National Park Community College,2012,"1,000 - 4,999",3559,1588,1971,2250,3559,547,201,2005,806,0,1588,395,111,1056,26,0,1971,152,90,949,780,0
106999,University of Arkansas Community College-Batesville,2012,"1,000 - 4,999",1443,877,566,1067,1443,234,82,907,220,0,877,197,51,628,1,0,566,37,31,279,219,0
107044,Harding University,2012,"5,000 - 9,999",6769,4716,2053,5504,4360,1022,221,3070,47,2409,4026,1019,199,2808,0,690,334,3,22,262,47,1719
107071,Henderson State University,2012,"1,000 - 4,999",3773,3115,658,3368,3365,781,349,2224,11,408,3017,775,303,1935,4,98,348,6,46,289,7,310
107080,Hendrix College,2012,"1,000 - 4,999",1388,1369,19,1376,1373,369,13,983,8,15,1356,369,13,974,0,13,17,0,0,9,8,2
107099,Hot Springs Beauty College,2012,"Under 1,000",51,51,0,51,51,3,0,48,0,0,51,3,0,48,0,0,0,0,0,0,0,0
107123,Jefferson Regional Medical Center School of Nursing,2012,"Under 1,000",73,73,0,73,73,0,0,73,0,0,73,0,0,73,0,0,0,0,0,0,0,0
107141,John Brown University,2012,"1,000 - 4,999",2446,1649,797,1958,2010,318,194,1255,243,436,1563,318,142,1103,0,86,447,0,52,152,243,350
107211,Lees School of Cosmetology,2012,"Under 1,000",29,29,0,29,29,9,0,20,0,0,29,9,0,20,0,0,0,0,0,0,0,0
107220,Career Academy of Hair Design,2012,"Under 1,000",376,251,125,301,376,189,0,187,0,0,251,189,0,62,0,0,125,0,0,125,0,0
107293,Academy of Salon and Spa,2012,"Under 1,000",94,94,0,94,94,32,0,62,0,0,94,32,0,62,0,0,0,0,0,0,0,0
107318,Mid-South Community College,2012,"1,000 - 4,999",1980,718,1262,1142,1980,331,128,972,549,0,718,230,68,401,19,0,1262,101,60,571,530,0
107327,Arkansas Northeastern College,2012,"1,000 - 4,999",1672,799,873,1092,1672,334,123,970,245,0,799,233,40,516,10,0,873,101,83,454,235,0
107363,Margaret's Hair Academy Inc,2012,"Under 1,000",49,49,0,49,49,13,0,36,0,0,49,13,0,36,0,0,0,0,0,0,0,0
107442,New Tyler Barber College Inc,2012,"Under 1,000",65,65,0,65,65,49,0,16,0,0,65,49,0,16,0,0,0,0,0,0,0,0
107460,North Arkansas College,2012,"1,000 - 4,999",2315,1365,950,1684,2315,455,167,1392,301,0,1365,388,86,884,7,0,950,67,81,508,294,0
107488,Northwest Technical Institute,2012,"Under 1,000",262,248,14,253,262,237,0,25,0,0,248,227,0,21,0,0,14,10,0,4,0,0
107512,Ouachita Baptist University,2012,"1,000 - 4,999",1532,1496,36,1510,1532,363,42,1098,29,0,1496,363,42,1088,3,0,36,0,0,10,26,0
107521,College of the Ouachitas,2012,"1,000 - 4,999",1412,553,859,841,1412,139,87,546,640,0,553,120,51,354,28,0,859,19,36,192,612,0
107549,Ozarka College,2012,"1,000 - 4,999",1557,975,582,1170,1557,287,476,547,247,0,975,240,325,406,4,0,582,47,151,141,243,0
107558,University of the Ozarks,2012,"Under 1,000",576,551,25,561,576,157,18,380,21,0,551,157,18,370,6,0,25,0,0,10,15,0
107585,University of Arkansas Community College-Morrilton,2012,"1,000 - 4,999",2139,1267,872,1560,2139,554,167,1332,86,0,1267,414,101,751,1,0,872,140,66,581,85,0
107600,Philander Smith College,2012,"Under 1,000",666,616,50,636,666,168,42,455,1,0,616,162,39,415,0,0,50,6,3,40,1,0
107619,Phillips Community College of the University of Arkansas,2012,"1,000 - 4,999",1980,747,1233,1161,1980,226,42,769,943,0,747,194,23,466,64,0,1233,32,19,303,879,0
107637,Southeast Arkansas College,2012,"1,000 - 4,999",1816,927,889,1225,1816,277,115,1031,393,0,927,221,60,582,64,0,889,56,55,449,329,0
107655,Professional Cosmetology Education Center,2012,"Under 1,000",40,40,0,40,40,13,0,27,0,0,40,13,0,27,0,0,0,0,0,0,0,0
107664,Pulaski Technical College,2012,"10,000 - 19,999",11938,5792,6146,7855,11938,1682,873,8283,1100,0,5792,1177,515,4025,75,0,6146,505,358,4258,1025,0
107725,University of Arkansas Community College-Hope,2012,"1,000 - 4,999",1496,803,693,1036,1496,380,106,708,302,0,803,312,60,419,12,0,693,68,46,289,290,0
107743,Rich Mountain Community College,2012,"1,000 - 4,999",1051,443,608,647,1051,163,60,409,419,0,443,148,42,245,8,0,608,15,18,164,411,0
107789,Paul Mitchell the School-Arkansas,2012,"Under 1,000",101,81,20,89,101,9,0,92,0,0,81,6,0,75,0,0,20,3,0,17,0,0
107831,Searcy Beauty College Inc,2012,"Under 1,000",106,64,42,81,106,7,0,99,0,0,64,7,0,57,0,0,42,0,0,42,0,0
107840,Shorter College,2012,"Under 1,000",52,52,0,52,52,52,0,0,0,0,52,52,0,0,0,0,0,0,0,0,0,0
107877,Williams Baptist College,2012,"Under 1,000",566,504,62,528,566,132,49,328,57,0,504,132,48,317,7,0,62,0,1,11,50,0
107974,South Arkansas Community College,2012,"1,000 - 4,999",1757,839,918,1147,1757,245,97,1060,355,0,839,194,48,579,18,0,918,51,49,481,337,0
107983,Southern Arkansas University Main Campus,2012,"1,000 - 4,999",3330,2486,844,2810,2865,598,217,1785,265,465,2415,586,179,1577,73,71,450,12,38,208,192,394
107992,Southern Arkansas University Tech,2012,"1,000 - 4,999",1817,625,1192,1025,1817,245,104,557,911,0,625,209,80,323,13,0,1192,36,24,234,898,0
108065,Velvatex College of Beauty Culture,2012,"Under 1,000",23,19,4,21,23,18,0,5,0,0,19,15,0,4,0,0,4,3,0,1,0,0
108092,University of Arkansas-Fort Smith,2012,"5,000 - 9,999",7352,5136,2216,6030,7352,1358,406,4913,675,0,5136,1296,301,3514,25,0,2216,62,105,1399,650,0
108232,Academy of Art University,2012,"10,000 - 19,999",17871,10053,7818,13097,11801,1166,1051,9300,284,6070,6551,710,512,5273,56,3502,5250,456,539,4027,228,2568
108250,ITT Technical Institute-Rancho Cordova,2012,"Under 1,000",577,422,155,483,577,50,26,501,0,0,422,44,6,372,0,0,155,6,20,129,0,0
108269,Academy of Chinese Culture and Health Sciences,2012,"Under 1,000",107,96,11,100,0,0,0,0,0,107,0,0,0,0,0,96,0,0,0,0,0,11
108348,The Academy of Radio and TV Broadcasting,2012,"Under 1,000",64,64,0,64,64,58,0,6,0,0,64,58,0,6,0,0,0,0,0,0,0,0
108649,Avalon School of Cosmetology-Alameda,2012,"Under 1,000",115,53,62,78,115,80,0,35,0,0,53,35,0,18,0,0,62,45,0,17,0,0
108667,College of Alameda,2012,"5,000 - 9,999",5682,711,4971,2380,5682,762,1056,3144,720,0,711,148,85,440,38,0,4971,614,971,2704,682,0
108807,Allan Hancock College,2012,"10,000 - 19,999",10837,3272,7565,5812,10837,1767,783,7094,1193,0,3272,902,164,2146,60,0,7565,865,619,4948,1133,0
108852,American Academy of Dramatic Arts-Los Angeles,2012,"Under 1,000",222,222,0,222,222,109,0,113,0,0,222,109,0,113,0,0,0,0,0,0,0,0
108861,American Baptist Seminary of the West,2012,"Under 1,000",60,10,50,29,0,0,0,0,0,60,0,0,0,0,0,10,0,0,0,0,0,50
108870,American Film Institute Conservatory,2012,"Under 1,000",359,303,56,324,0,0,0,0,0,359,0,0,0,0,0,303,0,0,0,0,0,56
108977,American Beauty College,2012,"Under 1,000",44,21,23,30,44,15,0,29,0,0,21,8,0,13,0,0,23,7,0,16,0,0
109040,American Career College-Los Angeles,2012,"1,000 - 4,999",1743,1743,0,1743,1743,215,221,1307,0,0,1743,215,221,1307,0,0,0,0,0,0,0,0
109086,American Conservatory Theater,2012,"Under 1,000",28,28,0,28,0,0,0,0,0,28,0,0,0,0,0,28,0,0,0,0,0,0
109208,American River College,2012,"20,000 and above",31088,7430,23658,15373,31088,3600,3649,21356,2483,0,7430,1196,550,5400,284,0,23658,2404,3099,15956,2199,0
109350,Antelope Valley College,2012,"10,000 - 19,999",14135,4460,9675,7708,14135,2259,523,9037,2316,0,4460,905,162,3214,179,0,9675,1354,361,5823,2137,0
109651,Art Center College of Design,2012,"1,000 - 4,999",1869,1600,269,1705,1657,159,176,1312,10,212,1443,159,175,1100,9,157,214,0,1,212,1,55
109721,Associated Technical College-Los Angeles,2012,"Under 1,000",290,290,0,290,290,126,0,164,0,0,290,126,0,164,0,0,0,0,0,0,0,0
109730,Associated Technical College-San Diego,2012,"Under 1,000",127,127,0,127,127,65,0,62,0,0,127,65,0,62,0,0,0,0,0,0,0,0
109785,Azusa Pacific University,2012,"10,000 - 19,999",10184,7330,2854,8429,6224,1250,610,4364,0,3960,5412,1247,403,3762,0,1918,812,3,207,602,0,2042
109819,Bakersfield College,2012,"10,000 - 19,999",17344,5339,12005,9370,17344,2901,874,11949,1620,0,5339,1337,227,3653,122,0,12005,1564,647,8296,1498,0
109907,Barstow Community College,2012,"1,000 - 4,999",3153,1053,2100,1758,3153,553,493,1669,438,0,1053,231,133,677,12,0,2100,322,360,992,426,0
109934,Bellus Academy-National City,2012,"Under 1,000",199,199,0,199,199,14,0,185,0,0,199,14,0,185,0,0,0,0,0,0,0,0
110060,Bethesda University of California,2012,"Under 1,000",349,296,53,317,256,20,36,200,0,93,228,19,31,178,0,68,28,1,5,22,0,25
110097,Biola University,2012,"5,000 - 9,999",6303,5063,1240,5539,4338,920,404,2989,25,1965,4158,914,365,2859,20,905,180,6,39,130,5,1060
110185,Brooks Institute,2012,"Under 1,000",693,545,148,603,661,119,27,515,0,32,526,66,17,443,0,19,135,53,10,72,0,13
110194,Brownson Technical School,2012,"Under 1,000",34,34,0,34,34,32,0,2,0,0,34,32,0,2,0,0,0,0,0,0,0,0
110219,Bryan University,2012,"1,000 - 4,999",1391,1391,0,1391,1315,219,0,1096,0,76,1315,219,0,1096,0,76,0,0,0,0,0,0
110246,Butte College,2012,"10,000 - 19,999",12290,5330,6960,7667,12290,1716,862,8587,1125,0,5330,953,370,3874,133,0,6960,763,492,4713,992,0
110307,Phillips Graduate Institute,2012,"Under 1,000",210,190,20,198,0,0,0,0,0,210,0,0,0,0,0,190,0,0,0,0,0,20
110316,California Institute of Integral Studies,2012,"1,000 - 4,999",1350,1099,251,1195,93,0,52,41,0,1257,85,0,51,34,0,1014,8,0,1,7,0,243
110334,Cabrillo College,2012,"10,000 - 19,999",13559,4532,9027,7563,13559,1642,691,9785,1441,0,4532,930,252,3225,125,0,9027,712,439,6560,1316,0
110361,California Baptist University,2012,"5,000 - 9,999",6031,4974,1057,5384,4954,909,739,3306,0,1077,4342,876,602,2864,0,632,612,33,137,442,0,445
110370,California College of the Arts,2012,"1,000 - 4,999",1945,1816,129,1866,1478,233,163,1054,28,467,1373,233,161,968,11,443,105,0,2,86,17,24
110398,University of California-Hastings College of Law,2012,"1,000 - 4,999",1159,1136,23,1144,0,0,0,0,0,1159,0,0,0,0,0,1136,0,0,0,0,0,23
110404,California Institute of Technology,2012,"1,000 - 4,999",2243,2243,0,2243,997,264,5,728,0,1246,997,264,5,728,0,1246,0,0,0,0,0,0
110413,California Lutheran University,2012,"1,000 - 4,999",4205,3585,620,3824,2804,558,315,1915,16,1401,2602,558,291,1742,11,983,202,0,24,173,5,418
110422,California Polytechnic State University-San Luis Obispo,2012,"10,000 - 19,999",18679,17769,910,18125,17680,3635,779,13185,81,999,17027,3620,754,12579,74,742,653,15,25,606,7,257
110468,Alliant International University,2012,"1,000 - 4,999",3489,2103,1386,2634,189,5,61,74,49,3300,95,4,44,47,0,2008,94,1,17,27,49,1292
110486,California State University-Bakersfield,2012,"5,000 - 9,999",8520,7075,1445,7640,7400,1330,868,5022,180,1120,6377,1295,743,4319,20,698,1023,35,125,703,160,422
110495,California State University-Stanislaus,2012,"5,000 - 9,999",8882,7038,1844,7759,7621,1109,809,5701,2,1261,6321,1082,625,4613,1,717,1300,27,184,1088,1,544
110510,California State University-San Bernardino,2012,"10,000 - 19,999",18234,15012,3222,16257,16055,2448,1372,11957,278,2179,14162,2391,1196,10508,67,850,1893,57,176,1449,211,1329
110529,California State Polytechnic University-Pomona,2012,"20,000 and above",22156,18429,3727,19890,20542,3120,2094,15247,81,1614,17837,3022,1785,13009,21,592,2705,98,309,2238,60,1022
110538,California State University-Chico,2012,"10,000 - 19,999",16470,14835,1635,15477,15316,2714,1400,11042,160,1154,14103,2659,1274,10081,89,732,1213,55,126,961,71,422
110547,California State University-Dominguez Hills,2012,"10,000 - 19,999",13933,8897,5036,10873,11503,1214,1786,7941,562,2430,7812,1133,1170,5496,13,1085,3691,81,616,2445,549,1345
110556,California State University-Fresno,2012,"20,000 and above",22565,19018,3547,20408,19719,3139,1666,14566,348,2846,17156,3036,1344,12760,16,1862,2563,103,322,1806,332,984
110565,California State University-Fullerton,2012,"20,000 and above",37677,28445,9232,32048,32379,4526,4343,23409,101,5298,26079,4419,3166,18416,78,2366,6300,107,1177,4993,23,2932
110574,California State University-East Bay,2012,"10,000 - 19,999",13851,11168,2683,12202,11562,1572,1794,8140,56,2289,10039,1549,1516,6935,39,1129,1523,23,278,1205,17,1160
110583,California State University-Long Beach,2012,"20,000 and above",36279,28543,7736,31555,31053,4276,3940,22702,135,5226,25932,4146,3374,18290,122,2611,5121,130,566,4412,13,2615
110592,California State University-Los Angeles,2012,"20,000 and above",21755,16844,4911,18750,18111,2908,2118,13029,56,3644,15012,2765,1389,10825,33,1832,3099,143,729,2204,23,1812
110608,California State University-Northridge,2012,"20,000 and above",36164,27902,8262,31133,31442,4149,3934,23154,205,4722,25641,4088,2836,18612,105,2261,5801,61,1098,4542,100,2461
110617,California State University-Sacramento,2012,"20,000 and above",28539,22388,6151,24820,25624,3151,3579,18810,84,2915,20667,2990,2547,15066,64,1721,4957,161,1032,3744,20,1194
110635,University of California-Berkeley,2012,"20,000 and above",35893,34399,1494,34971,25774,4162,2182,19430,0,10119,25018,4127,2131,18760,0,9381,756,35,51,670,0,738
110644,University of California-Davis,2012,"20,000 and above",32354,31109,1245,31585,25666,5208,2869,17511,78,6688,25056,5172,2819,16987,78,6053,610,36,50,524,0,635
110653,University of California-Irvine,2012,"20,000 and above",27479,26654,825,26966,22216,5077,1704,15429,6,5263,21881,5067,1665,15144,5,4773,335,10,39,285,1,490
110662,University of California-Los Angeles,2012,"20,000 and above",39945,38950,995,39334,27941,5620,3173,19148,0,12004,27365,5608,3132,18625,0,11585,576,12,41,523,0,419
110671,University of California-Riverside,2012,"20,000 and above",20947,20350,597,20586,18539,4034,1235,13268,2,2408,18054,4001,1201,12850,2,2296,485,33,34,418,0,112
110680,University of California-San Diego,2012,"20,000 and above",28294,27341,953,27715,22676,4575,2228,15847,26,5618,21983,4570,2161,15238,14,5358,693,5,67,609,12,260
110699,University of California-San Francisco,2012,"1,000 - 4,999",3137,3137,0,3137,0,0,0,0,0,3137,0,0,0,0,0,3137,0,0,0,0,0,0
110705,University of California-Santa Barbara,2012,"20,000 and above",21927,21500,427,21665,18977,4741,1651,12582,3,2950,18715,4722,1608,12382,3,2785,262,19,43,200,0,165
110714,University of California-Santa Cruz,2012,"10,000 - 19,999",17404,16928,476,17118,15978,3827,1210,10941,0,1426,15562,3817,1182,10563,0,1366,416,10,28,378,0,60
110778,Sofia University,2012,"Under 1,000",503,463,40,478,0,0,0,0,0,503,0,0,0,0,0,463,0,0,0,0,0,40
110875,California Beauty School,2012,"Under 1,000",114,94,20,102,114,37,0,77,0,0,94,28,0,66,0,0,20,9,0,11,0,0
110918,California Christian College,2012,"Under 1,000",35,22,13,27,35,4,4,17,10,0,22,3,4,15,0,0,13,1,0,2,10,0
111009,Le Cordon Bleu College of Culinary Arts-San Francisco,2012,"Under 1,000",605,605,0,605,605,107,24,474,0,0,605,107,24,474,0,0,0,0,0,0,0,0
111054,California Hair Design Academy,2012,"Under 1,000",218,218,0,218,218,29,0,189,0,0,218,29,0,189,0,0,0,0,0,0,0,0
111081,California Institute of the Arts,2012,"1,000 - 4,999",1441,1432,9,1435,950,180,147,611,12,491,945,180,147,606,12,487,5,0,0,5,0,4
111188,California Maritime Academy,2012,"Under 1,000",973,951,22,960,973,198,126,647,2,0,951,196,126,628,1,0,22,2,0,19,1,0
111391,California Western School of Law,2012,"Under 1,000",859,671,188,743,0,0,0,0,0,859,0,0,0,0,0,671,0,0,0,0,0,188
111434,Canada College,2012,"5,000 - 9,999",6658,1372,5286,3147,6658,687,870,3837,1264,0,1372,260,115,938,59,0,5286,427,755,2899,1205,0
111461,College of the Canyons,2012,"10,000 - 19,999",15177,5873,9304,8997,15177,2707,1257,9911,1302,0,5873,1395,423,3996,59,0,9304,1312,834,5915,1243,0
111513,Career Academy of Beauty,2012,"Under 1,000",179,81,98,120,179,43,0,136,0,0,81,25,0,56,0,0,98,18,0,80,0,0
111638,Casa Loma College-Van Nuys,2012,"Under 1,000",581,561,20,569,581,46,176,359,0,0,561,44,160,357,0,0,20,2,16,2,0,0
111708,CET-San Diego,2012,"Under 1,000",267,165,102,205,267,65,0,202,0,0,165,39,0,126,0,0,102,26,0,76,0,0
111717,CET-Sobrato,2012,"Under 1,000",468,427,41,443,468,140,0,328,0,0,427,134,0,293,0,0,41,6,0,35,0,0
111726,CET-El Centro,2012,"Under 1,000",255,255,0,255,255,81,0,174,0,0,255,81,0,174,0,0,0,0,0,0,0,0
111744,CET-San Bernardino,2012,"Under 1,000",164,164,0,164,164,58,0,106,0,0,164,58,0,106,0,0,0,0,0,0,0,0
111762,CET-Watsonville,2012,"Under 1,000",114,114,0,114,114,42,0,72,0,0,114,42,0,72,0,0,0,0,0,0,0,0
111799,CET-Salinas,2012,"Under 1,000",78,78,0,78,78,20,0,58,0,0,78,20,0,58,0,0,0,0,0,0,0,0
111887,Cerritos College,2012,"20,000 and above",20719,6643,14076,11369,20719,3185,1498,14776,1260,0,6643,1191,383,4933,136,0,14076,1994,1115,9843,1124,0
111896,Cerro Coso Community College,2012,"1,000 - 4,999",4549,951,3598,2159,4549,531,798,2690,530,0,951,203,86,640,22,0,3598,328,712,2050,508,0
111920,Chabot College,2012,"10,000 - 19,999",13112,3927,9185,7011,13112,2054,1062,8970,1026,0,3927,810,208,2868,41,0,9185,1244,854,6102,985,0
111939,Chaffey College,2012,"10,000 - 19,999",17804,5403,12401,9566,17804,2960,873,11981,1990,0,5403,949,216,4113,125,0,12401,2011,657,7868,1865,0
111948,Chapman University,2012,"5,000 - 9,999",7566,6811,755,7102,5677,1278,391,3972,36,1889,5446,1273,371,3789,13,1365,231,5,20,183,23,524
111966,Charles R Drew University of Medicine and Science,2012,"Under 1,000",485,356,129,406,108,5,40,51,12,377,29,1,15,13,0,327,79,4,25,38,12,50
112075,Concordia University-Irvine,2012,"1,000 - 4,999",3519,2875,644,3123,1738,301,231,1197,9,1781,1592,300,225,1067,0,1283,146,1,6,130,9,498
112084,San Diego Christian College,2012,"Under 1,000",742,636,106,678,729,103,175,450,1,13,623,93,141,389,0,13,106,10,34,61,1,0
112127,Church Divinity School of the Pacific,2012,"Under 1,000",82,39,43,55,0,0,0,0,0,82,0,0,0,0,0,39,0,0,0,0,0,43
112172,Citrus College,2012,"10,000 - 19,999",11750,4122,7628,6683,11750,1862,741,7674,1473,0,4122,774,222,3049,77,0,7628,1088,519,4625,1396,0
112181,Citrus Heights Beauty College,2012,"Under 1,000",71,68,3,69,71,28,0,43,0,0,68,28,0,40,0,0,3,0,0,3,0,0
112190,City College of San Francisco,2012,"20,000 and above",30106,9376,20730,16336,30106,3889,1927,21864,2426,0,9376,1643,524,7098,111,0,20730,2246,1403,14766,2315,0
112251,Claremont Graduate University,2012,"1,000 - 4,999",2261,1566,695,1832,0,0,0,0,0,2261,0,0,0,0,0,1566,0,0,0,0,0,695
112260,Claremont McKenna College,2012,"1,000 - 4,999",1295,1291,4,1293,1264,291,34,929,10,31,1260,291,34,925,10,31,4,0,0,4,0,0
112288,Milan Institute-Visalia,2012,"Under 1,000",333,333,0,333,333,94,0,239,0,0,333,94,0,239,0,0,0,0,0,0,0,0
112367,Clovis Adult Education,2012,"Under 1,000",456,283,173,341,456,300,0,156,0,0,283,143,0,140,0,0,173,157,0,16,0,0
112385,Coastline Community College,2012,"5,000 - 9,999",9381,1473,7908,4128,9381,781,1758,5166,1676,0,1473,131,209,1003,130,0,7908,650,1549,4163,1546,0
112394,Cogswell College,2012,"Under 1,000",404,258,146,315,392,62,72,253,5,12,252,52,49,150,1,6,140,10,23,103,4,6
112446,Coleman University,2012,"Under 1,000",795,675,120,722,667,58,1,608,0,128,547,58,0,489,0,128,120,0,1,119,0,0
112455,COBA Academy,2012,"Under 1,000",50,50,0,50,50,10,0,40,0,0,50,10,0,40,0,0,0,0,0,0,0,0
112525,Western University of Health Sciences,2012,"1,000 - 4,999",3572,3524,48,3542,0,0,0,0,0,3572,0,0,0,0,0,3524,0,0,0,0,0,48
112561,Columbia College,2012,"1,000 - 4,999",2667,826,1841,1444,2667,579,217,1664,207,0,826,270,61,487,8,0,1841,309,156,1177,199,0
112570,Columbia College-Hollywood,2012,"Under 1,000",359,323,36,337,359,47,40,272,0,0,323,46,37,240,0,0,36,1,3,32,0,0
112686,El Camino College-Compton Center,2012,"5,000 - 9,999",7510,1698,5812,3649,7510,886,1257,4461,906,0,1698,321,191,1130,56,0,5812,565,1066,3331,850,0
112826,Contra Costa College,2012,"5,000 - 9,999",6899,2107,4792,3716,6899,760,452,4355,1332,0,2107,323,113,1545,126,0,4792,437,339,2810,1206,0
113096,Cosumnes River College,2012,"10,000 - 19,999",14143,3341,10802,6968,14143,1947,1655,9475,1066,0,3341,595,216,2437,93,0,10802,1352,1439,7038,973,0
113111,Crafton Hills College,2012,"5,000 - 9,999",5280,1984,3296,3091,5280,830,321,3339,790,0,1984,368,72,1265,279,0,3296,462,249,2074,511,0
113193,Cuesta College,2012,"5,000 - 9,999",9834,4041,5793,5986,9834,1561,845,6131,1297,0,4041,1003,409,2587,42,0,5793,558,436,3544,1255,0
113218,Cuyamaca College,2012,"5,000 - 9,999",8453,1816,6637,4044,8453,1169,1000,5273,1011,0,1816,403,92,1243,78,0,6637,766,908,4030,933,0
113236,Cypress College,2012,"10,000 - 19,999",15144,4442,10702,8035,15144,2628,1625,9991,900,0,4442,706,214,3496,26,0,10702,1922,1411,6495,874,0
113333,De Anza College,2012,"20,000 and above",23833,10365,13468,14887,23833,4216,1938,14993,2686,0,10365,2770,548,6688,359,0,13468,1446,1390,8305,2327,0
113397,Marinello Schools of Beauty-Hemet,2012,"Under 1,000",678,533,145,591,678,269,0,409,0,0,533,225,0,308,0,0,145,44,0,101,0,0
113449,International School of Beauty Inc,2012,"Under 1,000",233,233,0,233,233,50,0,183,0,0,233,50,0,183,0,0,0,0,0,0,0,0
113537,Dell'Arte International School of Physical Theatre,2012,"Under 1,000",44,44,0,44,24,0,24,0,0,20,24,0,24,0,0,20,0,0,0,0,0,0
113573,College of the Desert,2012,"5,000 - 9,999",9075,3447,5628,5337,9075,1450,297,6367,961,0,3447,629,101,2666,51,0,5628,821,196,3701,910,0
113582,Design Institute of San Diego,2012,"Under 1,000",204,136,68,163,204,9,49,146,0,0,136,8,32,96,0,0,68,1,17,50,0,0
113634,Diablo Valley College,2012,"20,000 and above",20329,7471,12858,11788,20329,2787,1369,14333,1840,0,7471,1306,310,5629,226,0,12858,1481,1059,8704,1614,0
113698,Dominican University of California,2012,"1,000 - 4,999",2207,1613,594,1843,1628,265,160,1175,28,579,1310,265,89,955,1,303,318,0,71,220,27,276
113704,Dominican School of Philosophy & Theology,2012,"Under 1,000",100,43,57,65,0,0,0,0,0,100,0,0,0,0,0,43,0,0,0,0,0,57
113856,East Los Angeles College,2012,"20,000 and above",37055,6855,30200,16994,37055,4244,1885,27886,3040,0,6855,1032,260,5495,68,0,30200,3212,1625,22391,2972,0
113908,Marinello Schools of Beauty-Santa Clara,2012,"Under 1,000",713,334,379,484,713,196,0,517,0,0,334,115,0,219,0,0,379,81,0,298,0,0
113980,El Camino Community College District,2012,"20,000 and above",23405,7061,16344,12548,23405,3886,1476,16079,1964,0,7061,1787,263,4864,147,0,16344,2099,1213,11215,1817,0
114044,Elegance International,2012,"Under 1,000",97,97,0,97,97,49,0,48,0,0,97,49,0,48,0,0,0,0,0,0,0,0
114071,Marinello Schools of Beauty-Burbank,2012,"Under 1,000",416,308,108,351,416,98,0,318,0,0,308,74,0,234,0,0,108,24,0,84,0,0
114080,Marinello Schools of Beauty-Moreno Valley,2012,"Under 1,000",301,237,64,262,301,71,0,230,0,0,237,64,0,173,0,0,64,7,0,57,0,0
114114,Emperor's College of Traditional Oriental Medicine,2012,"Under 1,000",256,132,124,179,0,0,0,0,0,256,0,0,0,0,0,132,0,0,0,0,0,124
114123,Empire College School of Business,2012,"Under 1,000",398,392,6,394,398,207,4,13,174,0,392,205,4,12,171,0,6,2,0,1,3,0
114266,Evergreen Valley College,2012,"5,000 - 9,999",9267,2709,6558,4911,9267,1150,609,5822,1686,0,2709,494,129,1885,201,0,6558,656,480,3937,1485,0
114354,Fashion Institute of Design & Merchandising-Los Angeles,2012,"1,000 - 4,999",3743,3288,455,3467,3743,638,599,2506,0,0,3288,630,589,2069,0,0,455,8,10,437,0,0
114390,Fashion Institute of Design & Merchandising-San Francisco,2012,"Under 1,000",750,651,99,690,750,130,157,463,0,0,651,128,155,368,0,0,99,2,2,95,0,0
114415,Fashion Institute of Design & Merchandising-Orange County,2012,"Under 1,000",293,286,7,289,293,166,91,36,0,0,286,166,89,31,0,0,7,0,2,5,0,0
114433,Feather River Community College District,2012,"1,000 - 4,999",1546,803,743,1052,1546,414,191,814,127,0,803,259,61,477,6,0,743,155,130,337,121,0
114460,Federico Beauty Institute,2012,"Under 1,000",249,171,78,202,249,42,0,207,0,0,171,28,0,143,0,0,78,14,0,64,0,0
114549,Fielding Graduate University,2012,"1,000 - 4,999",1265,1030,235,1120,0,0,0,0,0,1265,0,0,0,0,0,1030,0,0,0,0,0,235
114585,Five Branches University,2012,"Under 1,000",428,328,100,366,0,0,0,0,0,428,0,0,0,0,0,328,0,0,0,0,0,100
114637,REDONDO BEACH BEAUTY COLLEGE,2012,,,,,,,,,,,,,,,,,,,,,,,
114716,Foothill College,2012,"10,000 - 19,999",15067,5028,10039,8398,15067,2202,2039,9301,1525,0,5028,1192,423,3289,124,0,10039,1010,1616,6012,1401,0
114734,Franciscan School of Theology,2012,"Under 1,000",42,18,24,27,0,0,0,0,0,42,0,0,0,0,0,18,0,0,0,0,0,24
114761,Fredrick and Charles Beauty College,2012,"Under 1,000",75,69,6,71,75,30,0,45,0,0,69,30,0,39,0,0,6,0,0,6,0,0
114789,Fresno City College,2012,"20,000 and above",21630,7218,14412,12057,21630,3640,1529,14295,2166,0,7218,1858,373,4718,269,0,14412,1782,1156,9577,1897,0
114813,Fresno Pacific University,2012,"1,000 - 4,999",3353,2417,936,2779,2601,256,459,1765,121,752,2166,252,374,1537,3,251,435,4,85,228,118,501
114840,Fuller Theological Seminary in California,2012,"1,000 - 4,999",2828,768,2060,1555,0,0,0,0,0,2828,0,0,0,0,0,768,0,0,0,0,0,2060
114859,Fullerton College,2012,"10,000 - 19,999",19624,4094,15530,9308,19624,3302,1446,13222,1654,0,4094,760,226,3060,48,0,15530,2542,1220,10162,1606,0
114938,Gavilan College,2012,"5,000 - 9,999",6670,1887,4783,3493,6670,1329,616,4180,545,0,1887,409,130,1263,85,0,4783,920,486,2917,460,0
114947,Gemological Institute of America-Carlsbad,2012,"Under 1,000",211,211,0,211,211,122,0,89,0,0,211,122,0,89,0,0,0,0,0,0,0,0
115001,Glendale Community College,2012,"10,000 - 19,999",15978,7532,8446,10368,15978,2601,823,11052,1502,0,7532,1276,240,5611,405,0,8446,1325,583,5441,1097,0
115010,Glendale Career College,2012,"Under 1,000",344,344,0,344,344,220,0,124,0,0,344,220,0,124,0,0,0,0,0,0,0,0
115083,Golden Gate University-San Francisco,2012,"1,000 - 4,999",3493,1285,2208,2133,521,0,118,388,15,2972,127,0,42,83,2,1158,394,0,76,305,13,1814
115126,Golden West College,2012,"10,000 - 19,999",12333,4408,7925,7069,12333,2231,1218,7928,956,0,4408,1092,218,3023,75,0,7925,1139,1000,4905,881,0
115214,Graduate Theological Union,2012,"Under 1,000",248,219,29,230,0,0,0,0,0,248,0,0,0,0,0,219,0,0,0,0,0,29
115296,Grossmont College,2012,"10,000 - 19,999",17758,6092,11666,10009,17758,2784,1482,12017,1475,0,6092,1240,327,4300,225,0,11666,1544,1155,7717,1250,0
115357,Salon Success Academy-San Bernardino,2012,"Under 1,000",29,29,0,29,29,8,0,21,0,0,29,8,0,21,0,0,0,0,0,0,0,0
115393,Hartnell College,2012,"5,000 - 9,999",8377,3063,5314,4847,8377,1214,498,5796,869,0,3063,709,150,2158,46,0,5314,505,348,3638,823,0
115409,Harvey Mudd College,2012,"Under 1,000",784,780,4,782,784,198,1,581,4,0,780,198,1,578,3,0,4,0,0,3,1,0
115454,Heald College-Rancho Cordova,2012,"1,000 - 4,999",1329,936,393,1092,1329,85,124,1115,5,0,936,48,68,820,0,0,393,37,56,295,5,0
115472,Heald College-Fresno,2012,"1,000 - 4,999",1993,1458,535,1670,1993,201,180,1600,12,0,1458,136,93,1222,7,0,535,65,87,378,5,0
115490,Heald College-San Jose,2012,"1,000 - 4,999",1738,1152,586,1385,1738,160,149,1427,2,0,1152,92,76,984,0,0,586,68,73,443,2,0
115515,Heald College-San Francisco,2012,"1,000 - 4,999",1228,710,518,916,1228,97,94,1034,3,0,710,48,52,609,1,0,518,49,42,425,2,0
115533,Heald College-Concord,2012,"1,000 - 4,999",1657,1016,641,1271,1657,170,145,1342,0,0,1016,118,75,823,0,0,641,52,70,519,0,0
115658,Hilltop Beauty School,2012,"Under 1,000",146,40,106,82,146,28,0,118,0,0,40,5,0,35,0,0,106,23,0,83,0,0
115728,Holy Names University,2012,"1,000 - 4,999",1353,809,544,1019,890,134,62,611,83,463,695,132,62,426,75,114,195,2,0,185,8,349
115746,Pacifica Graduate Institute,2012,"1,000 - 4,999",1097,630,467,808,0,0,0,0,0,1097,0,0,0,0,0,630,0,0,0,0,0,467
115755,Humboldt State University,2012,"5,000 - 9,999",8116,7424,692,7698,7621,1237,947,5396,41,495,7052,1199,872,4943,38,372,569,38,75,453,3,123
115773,Humphreys College-Stockton and Modesto Campuses,2012,"1,000 - 4,999",1089,671,418,834,873,108,76,686,3,216,538,95,50,392,1,133,335,13,26,294,2,83
115861,Imperial Valley College,2012,"5,000 - 9,999",7699,3779,3920,5095,7699,1389,135,5002,1173,0,3779,916,66,2337,460,0,3920,473,69,2665,713,0
115931,Institute for Business and Technology,2012,"Under 1,000",270,270,0,270,270,232,0,38,0,0,270,232,0,38,0,0,0,0,0,0,0,0
116226,Interior Designers Institute,2012,"Under 1,000",320,84,236,177,317,11,0,306,0,3,81,0,0,81,0,3,236,11,0,225,0,0
116350,Toni & Guy Hairdressing Academy-Santa Monica,2012,"Under 1,000",234,234,0,234,234,47,0,187,0,0,234,47,0,187,0,0,0,0,0,0,0,0
116439,Irvine Valley College,2012,"10,000 - 19,999",13208,4283,8925,7279,13208,2403,1577,7488,1740,0,4283,1192,272,2729,90,0,8925,1211,1305,4759,1650,0
116466,ITT Technical Institute-National City,2012,"1,000 - 4,999",1385,1144,241,1239,1385,106,36,1243,0,0,1144,94,31,1019,0,0,241,12,5,224,0,0
116475,ITT Technical Institute-San Dimas,2012,"Under 1,000",451,336,115,381,451,32,7,412,0,0,336,27,6,303,0,0,115,5,1,109,0,0
116484,ITT Technical Institute-Orange,2012,"Under 1,000",926,754,172,822,926,95,15,816,0,0,754,82,14,658,0,0,172,13,1,158,0,0
116563,Bellus Academy-El Cajon,2012,"Under 1,000",175,175,0,175,175,14,0,161,0,0,175,14,0,161,0,0,0,0,0,0,0,0
116712,John F Kennedy University,2012,"1,000 - 4,999",1420,656,764,950,275,0,20,251,4,1145,106,0,4,100,2,550,169,0,16,151,2,595
116846,American Jewish University,2012,"Under 1,000",246,223,23,232,131,12,30,84,5,115,128,12,30,81,5,95,3,0,0,3,0,20
117052,Reedley College,2012,"10,000 - 19,999",13737,5297,8440,8131,13737,2793,974,8511,1459,0,5297,1677,247,3112,261,0,8440,1116,727,5399,1198,0
117104,Life Pacific College,2012,"Under 1,000",652,431,221,518,586,72,49,337,128,66,374,69,42,252,11,57,212,3,7,85,117,9
117113,The Art Institute of California-Argosy University San Diego,2012,"1,000 - 4,999",1979,1512,467,1695,1979,220,361,1397,1,0,1512,170,275,1067,0,0,467,50,86,330,1,0
117140,University of La Verne,2012,"5,000 - 9,999",8628,5280,3348,6577,5044,624,649,3683,88,3584,3426,622,421,2356,27,1854,1618,2,228,1327,61,1730
117168,Laguna College of Art and Design,2012,"Under 1,000",488,420,68,447,457,78,68,311,0,31,400,76,64,260,0,20,57,2,4,51,0,11
117195,Lake Tahoe Community College,2012,"1,000 - 4,999",2474,791,1683,1356,2474,402,187,1701,184,0,791,162,61,537,31,0,1683,240,126,1164,153,0
117238,Lancaster Beauty School,2012,"Under 1,000",100,100,0,100,100,8,0,92,0,0,100,8,0,92,0,0,0,0,0,0,0,0
117247,Laney College,2012,"10,000 - 19,999",11387,2005,9382,5155,11387,1566,1636,6805,1380,0,2005,344,175,1380,106,0,9382,1222,1461,5425,1274,0
117274,Lassen Community College,2012,"1,000 - 4,999",2074,623,1451,1110,2074,473,216,1122,263,0,623,161,62,377,23,0,1451,312,154,745,240,0
117520,Life Chiropractic College West,2012,"Under 1,000",325,301,24,310,0,0,0,0,0,325,0,0,0,0,0,301,0,0,0,0,0,24
117557,Lincoln University,2012,"Under 1,000",429,386,43,403,126,51,0,58,17,303,88,37,0,34,17,298,38,14,0,24,0,5
117575,Southern California Seminary,2012,"Under 1,000",189,65,124,113,74,4,9,61,0,115,25,3,2,20,0,40,49,1,7,41,0,75
117627,La Sierra University,2012,"1,000 - 4,999",2393,2085,308,2205,2048,506,251,1244,47,345,1872,499,219,1132,22,213,176,7,32,112,25,132
117636,Loma Linda University,2012,"1,000 - 4,999",4612,3634,978,4011,1267,0,244,864,159,3345,975,0,235,730,10,2659,292,0,9,134,149,686
117645,Long Beach City College,2012,"20,000 and above",24839,9405,15434,14587,24839,4555,1737,17185,1362,0,9405,2166,500,6677,62,0,15434,2389,1237,10508,1300,0
117672,Southern California University of Health Sciences,2012,"1,000 - 4,999",1005,226,779,528,424,0,0,0,424,581,0,0,0,0,0,226,424,0,0,0,424,355
117690,Los Angeles Harbor College,2012,"5,000 - 9,999",9647,2710,6937,5039,9647,1312,860,6564,911,0,2710,419,124,2147,20,0,6937,893,736,4417,891,0
117706,Los Angeles Pierce College,2012,"10,000 - 19,999",19938,5537,14401,10372,19938,2958,1382,13288,2310,0,5537,864,240,4374,59,0,14401,2094,1142,8914,2251,0
117715,Los Angeles Southwest College,2012,"5,000 - 9,999",6743,1168,5575,3040,6743,704,829,3731,1479,0,1168,137,120,899,12,0,5575,567,709,2832,1467,0
117724,Los Angeles Trade Technical College,2012,"10,000 - 19,999",13749,3771,9978,7121,13749,1605,1530,8935,1679,0,3771,409,245,3063,54,0,9978,1196,1285,5872,1625,0
117733,Los Angeles Valley College,2012,"10,000 - 19,999",18640,4529,14111,9267,18640,2294,1693,12183,2470,0,4529,652,207,3586,84,0,14111,1642,1486,8597,2386,0
117751,The Master's College and Seminary,2012,"1,000 - 4,999",1534,1141,393,1292,1134,209,103,822,0,400,1010,208,92,710,0,131,124,1,11,112,0,269
117788,Los Angeles City College,2012,"20,000 and above",20385,5364,15021,10407,20385,2550,2698,12252,2885,0,5364,661,404,4029,270,0,15021,1889,2294,8223,2615,0
117803,Los Angeles County College of Nursing and Allied Health,2012,"Under 1,000",211,0,211,71,211,0,43,165,3,0,0,0,0,0,0,0,211,0,43,165,3,0
117867,Los Angeles Mission College,2012,"5,000 - 9,999",9674,2496,7178,4906,9674,1254,725,6435,1260,0,2496,357,84,1881,174,0,7178,897,641,4554,1086,0
117894,Los Medanos College,2012,"5,000 - 9,999",8554,2613,5941,4608,8554,1246,534,5749,1025,0,2613,518,123,1911,61,0,5941,728,411,3838,964,0
117928,The Art Institute of California-Argosy University San Francisco,2012,"1,000 - 4,999",1448,818,630,1065,1440,283,194,963,0,8,811,164,101,546,0,7,629,119,93,417,0,1
117946,Loyola Marymount University,2012,"5,000 - 9,999",9492,8525,967,8897,6085,1278,310,4374,123,3407,5834,1276,304,4238,16,2691,251,2,6,136,107,716
117955,Lu Ross Academy,2012,"Under 1,000",121,121,0,121,121,22,0,99,0,0,121,22,0,99,0,0,0,0,0,0,0,0
118116,Manchester Beauty College,2012,"Under 1,000",90,8,82,41,90,83,0,7,0,0,8,6,0,2,0,0,82,77,0,5,0,0
118125,Tulare Beauty College,2012,"Under 1,000",52,8,44,25,52,47,0,5,0,0,8,7,0,1,0,0,44,40,0,4,0,0
118134,Lyles Bakersfield College of Beauty,2012,"Under 1,000",84,42,42,59,84,11,0,73,0,0,42,5,0,37,0,0,42,6,0,36,0,0
118143,Lyles Fresno College of Beauty,2012,"Under 1,000",75,50,25,60,75,4,0,71,0,0,50,4,0,46,0,0,25,0,0,25,0,0
118161,Lytles Redwood Empire Beauty College Inc,2012,"Under 1,000",119,119,0,119,119,17,0,102,0,0,119,17,0,102,0,0,0,0,0,0,0,0
118189,MTI Business College Inc,2012,"Under 1,000",143,143,0,143,143,133,0,10,0,0,143,133,0,10,0,0,0,0,0,0,0,0
118198,MTI College,2012,"Under 1,000",584,581,3,582,584,277,214,93,0,0,581,275,214,92,0,0,3,2,0,1,0,0
118259,Kaplan College-Sacramento,2012,"Under 1,000",558,558,0,558,558,87,65,401,5,0,558,87,65,401,5,0,0,0,0,0,0,0
118277,Kaplan College-San Diego,2012,"1,000 - 4,999",1363,1363,0,1363,1363,140,197,1026,0,0,1363,140,197,1026,0,0,0,0,0,0,0,0
118286,Kaplan College-Vista,2012,"Under 1,000",800,800,0,800,800,182,47,565,6,0,800,182,47,565,6,0,0,0,0,0,0,0
118347,College of Marin,2012,"5,000 - 9,999",7058,1547,5511,3397,7058,869,469,4602,1118,0,1547,288,123,1096,40,0,5511,581,346,3506,1078,0
118356,Marinello Schools of Beauty-Los Angeles,2012,"1,000 - 4,999",2551,1928,623,2175,2551,700,0,1851,0,0,1928,564,0,1364,0,0,623,136,0,487,0,0
118541,Marymount California University,2012,"1,000 - 4,999",1001,958,43,975,1001,343,78,580,0,0,958,338,76,544,0,0,43,5,2,36,0,0
118684,Mendocino College,2012,"1,000 - 4,999",3788,1310,2478,2142,3788,432,213,2552,591,0,1310,253,73,945,39,0,2478,179,140,1607,552,0
118693,Menlo College,2012,"Under 1,000",714,670,44,687,714,169,98,447,0,0,670,168,93,409,0,0,44,1,5,38,0,0
118718,Merced College,2012,"10,000 - 19,999",10267,4595,5672,6499,10267,1578,409,6977,1303,0,4595,913,140,3272,270,0,5672,665,269,3705,1033,0
118772,Merritt College,2012,"5,000 - 9,999",6113,878,5235,2636,6113,806,1244,3553,510,0,878,165,115,583,15,0,5235,641,1129,2970,495,0
118888,Mills College,2012,"1,000 - 4,999",1545,1387,158,1448,949,208,131,598,12,596,894,207,126,561,0,493,55,1,5,37,12,103
118912,MiraCosta College,2012,"10,000 - 19,999",14723,6242,8481,9089,14723,2773,1659,9542,749,0,6242,1455,523,4224,40,0,8481,1318,1136,5318,709,0
118921,Marinello Schools of Beauty-San Francisco,2012,"Under 1,000",524,335,189,410,524,225,0,299,0,0,335,178,0,157,0,0,189,47,0,142,0,0
118930,Mission College,2012,"5,000 - 9,999",9879,2669,7210,5090,9879,967,1207,5993,1712,0,2669,423,202,1878,166,0,7210,544,1005,4115,1546,0
118958,Modern Beauty Academy,2012,"Under 1,000",41,41,0,41,41,15,0,26,0,0,41,15,0,26,0,0,0,0,0,0,0,0
118967,Kaplan College-North Hollywood,2012,"Under 1,000",870,870,0,870,870,126,0,744,0,0,870,126,0,744,0,0,0,0,0,0,0,0
118976,Modesto Junior College,2012,"10,000 - 19,999",16985,5769,11216,9535,16985,3004,664,12062,1255,0,5769,1313,200,4139,117,0,11216,1691,464,7923,1138,0
118994,Moler Barber College,2012,"Under 1,000",75,75,0,75,75,33,0,42,0,0,75,33,0,42,0,0,0,0,0,0,0,0
119058,Monterey Institute of International Studies,2012,"Under 1,000",780,701,79,731,22,0,9,13,0,758,20,0,9,11,0,681,2,0,0,2,0,77
119067,Monterey Peninsula College,2012,"10,000 - 19,999",10048,2291,7757,4895,10048,1839,1164,6347,698,0,2291,549,160,1569,13,0,7757,1290,1004,4778,685,0
119137,Moorpark College,2012,"10,000 - 19,999",14605,5918,8687,8835,14605,3016,1046,9720,823,0,5918,1730,263,3882,43,0,8687,1286,783,5838,780,0
119164,Mt San Antonio College,2012,"20,000 and above",28036,10749,17287,16553,28036,4163,1394,19897,2582,0,10749,2227,414,7931,177,0,17287,1936,980,11966,2405,0
119173,Mount St Mary's College,2012,"1,000 - 4,999",3146,2339,807,2653,2458,535,198,1712,13,688,1919,530,151,1238,0,420,539,5,47,474,13,268
119216,Mt San Jacinto Community College District,2012,"10,000 - 19,999",14180,4767,9413,7927,14180,2354,831,9980,1015,0,4767,732,202,3765,68,0,9413,1622,629,6215,947,0
119234,Mueller College,2012,"Under 1,000",161,37,124,86,161,136,0,25,0,0,37,35,0,2,0,0,124,101,0,23,0,0
119270,Musicians Institute,2012,"1,000 - 4,999",1288,1115,173,1183,1288,364,145,744,35,0,1115,356,140,589,30,0,173,8,5,155,5,0
119331,Napa Valley College,2012,"5,000 - 9,999",6287,2168,4119,3551,6287,1106,459,4058,664,0,2168,483,124,1539,22,0,4119,623,335,2519,642,0
119359,Everest College-Reseda,2012,"Under 1,000",699,683,16,689,699,103,46,550,0,0,683,103,46,534,0,0,16,0,0,16,0,0
119456,Everest College-Gardena,2012,"Under 1,000",533,533,0,533,533,57,0,476,0,0,533,57,0,476,0,0,0,0,0,0,0,0
119465,Everest College-Alhambra,2012,"Under 1,000",668,668,0,668,668,77,0,591,0,0,668,77,0,591,0,0,0,0,0,0,0,0
119508,Everest College-San Bernardino,2012,"Under 1,000",820,743,77,774,820,116,80,624,0,0,743,116,77,550,0,0,77,0,3,74,0,0
119544,The National Hispanic University,2012,"Under 1,000",787,464,323,590,500,84,97,319,0,287,259,58,27,174,0,205,241,26,70,145,0,82
119553,National Holistic Institute,2012,"Under 1,000",250,247,3,248,250,84,0,166,0,0,247,84,0,163,0,0,3,0,0,3,0,0
119605,National University,2012,"10,000 - 19,999",17898,9667,8231,12857,9482,893,5006,3301,282,8416,5248,250,3101,1878,19,4419,4234,643,1905,1423,263,3997
119678,Naval Postgraduate School,2012,"1,000 - 4,999",3090,1837,1253,2290,0,0,0,0,0,3090,0,0,0,0,0,1837,0,0,0,0,0,1253
119775,Newschool of Architecture and Design,2012,"Under 1,000",577,503,74,532,389,16,117,256,0,188,345,16,109,220,0,158,44,0,8,36,0,30
119845,Newberry School of Beauty,2012,"Under 1,000",198,109,89,144,198,46,0,152,0,0,109,29,0,80,0,0,89,17,0,72,0,0
119951,Adrian's College of Beauty Modesto,2012,"Under 1,000",277,277,0,277,277,54,0,223,0,0,277,54,0,223,0,0,0,0,0,0,0,0
120069,North-West College-Pomona,2012,"Under 1,000",324,324,0,324,324,100,0,224,0,0,324,100,0,224,0,0,0,0,0,0,0,0
120078,North-West College-West Covina,2012,"Under 1,000",549,549,0,549,549,102,0,447,0,0,549,102,0,447,0,0,0,0,0,0,0,0
120087,North-West College-Pasadena,2012,"Under 1,000",207,207,0,207,207,59,0,148,0,0,207,59,0,148,0,0,0,0,0,0,0,0
120184,Notre Dame de Namur University,2012,"1,000 - 4,999",2001,1051,950,1418,1183,182,186,812,3,818,802,182,117,503,0,249,381,0,69,309,3,569
120254,Occidental College,2012,"1,000 - 4,999",2178,2155,23,2164,2177,530,44,1592,11,1,2154,530,44,1572,8,1,23,0,0,20,3,0
120272,Oceanside College of Beauty,2012,"Under 1,000",81,81,0,81,81,11,0,70,0,0,81,11,0,70,0,0,0,0,0,0,0,0
120290,Ohlone College,2012,"10,000 - 19,999",10534,3273,7261,5711,10534,1398,939,6141,2056,0,3273,732,174,2245,122,0,7261,666,765,3896,1934,0
120342,Orange Coast College,2012,"20,000 and above",21088,7908,13180,12333,21088,3352,1358,15132,1246,0,7908,1360,238,6251,59,0,13180,1992,1120,8881,1187,0
120403,Otis College of Art and Design,2012,"1,000 - 4,999",1165,1135,30,1147,1105,183,126,791,5,60,1085,183,126,771,5,50,20,0,0,20,0,10
120421,Oxnard College,2012,"5,000 - 9,999",7060,1920,5140,3646,7060,989,845,4637,589,0,1920,443,118,1321,38,0,5140,546,727,3316,551,0
120537,Hope International University,2012,"1,000 - 4,999",1364,990,374,1135,916,129,136,637,14,448,697,113,90,488,6,293,219,16,46,149,8,155
120661,Concorde Career College-San Diego,2012,"Under 1,000",649,649,0,649,649,172,0,477,0,0,649,172,0,477,0,0,0,0,0,0,0,0
120698,Palo Alto University,2012,"Under 1,000",876,811,65,836,170,0,85,85,0,706,170,0,85,85,0,641,0,0,0,0,0,65
120740,Pacific Lutheran Theological Seminary,2012,"Under 1,000",108,96,12,101,0,0,0,0,0,108,0,0,0,0,0,96,0,0,0,0,0,12
120768,Pacific Oaks College,2012,"Under 1,000",959,96,863,429,374,0,164,210,0,585,61,0,36,25,0,35,313,0,128,185,0,550
120795,Pacific School of Religion,2012,"Under 1,000",181,89,92,124,0,0,0,0,0,181,0,0,0,0,0,89,0,0,0,0,0,92
120838,Pacific States University,2012,"Under 1,000",175,175,0,175,19,1,4,14,0,156,19,1,4,14,0,156,0,0,0,0,0,0
120865,Pacific Union College,2012,"1,000 - 4,999",1564,1364,200,1443,1564,291,102,1131,40,0,1364,290,94,980,0,0,200,1,8,151,40,0
120883,University of the Pacific,2012,"5,000 - 9,999",6652,5894,758,6185,3867,852,259,2743,13,2785,3761,851,248,2655,7,2133,106,1,11,88,6,652
120953,Palo Verde College,2012,"1,000 - 4,999",2927,548,2379,1347,2927,543,429,1536,419,0,548,81,35,398,34,0,2379,462,394,1138,385,0
120971,Palomar College,2012,"20,000 and above",24626,8102,16524,13650,24626,4306,1745,16589,1986,0,8102,2035,479,5465,123,0,16524,2271,1266,11124,1863,0
121017,Paris Beauty College,2012,"Under 1,000",115,30,85,64,115,59,0,56,0,0,30,18,0,12,0,0,85,41,0,44,0,0
121044,Pasadena City College,2012,"20,000 and above",22859,8092,14767,13050,22859,3556,894,16878,1531,0,8092,1507,160,6328,97,0,14767,2049,734,10550,1434,0
121150,Pepperdine University,2012,"5,000 - 9,999",7319,5307,2012,6080,3488,787,141,2552,8,3831,3086,787,88,2209,2,2221,402,0,53,343,6,1610
121257,Pitzer College,2012,"1,000 - 4,999",1084,1041,43,1058,1084,261,24,799,0,0,1041,261,16,764,0,0,43,0,8,35,0,0
121275,Platt College-San Diego,2012,"Under 1,000",413,413,0,413,413,62,0,347,4,0,413,62,0,347,4,0,0,0,0,0,0,0
121309,Point Loma Nazarene University,2012,"1,000 - 4,999",3192,2501,691,2766,2415,601,135,1674,5,777,2350,600,132,1617,1,151,65,1,3,57,4,626
121345,Pomona College,2012,"1,000 - 4,999",1607,1589,18,1596,1607,399,12,1174,22,0,1589,399,11,1169,10,0,18,0,1,5,12,0
121363,Porterville College,2012,"1,000 - 4,999",3919,1703,2216,2447,3919,663,278,2504,474,0,1703,406,65,1165,67,0,2216,257,213,1339,407,0
121381,Westwood College-South Bay,2012,"Under 1,000",659,531,128,581,659,50,36,573,0,0,531,49,36,446,0,0,128,1,0,127,0,0
121433,Professional Institute of Beauty,2012,"Under 1,000",135,132,3,133,135,26,0,109,0,0,132,26,0,106,0,0,3,0,0,3,0,0
121619,Santa Ana College,2012,"20,000 and above",32354,5041,27313,14211,32354,4393,2511,23303,2147,0,5041,1371,344,3280,46,0,27313,3022,2167,20023,2101,0
121628,Pardee RAND Graduate School,2012,"Under 1,000",105,105,0,105,0,0,0,0,0,105,0,0,0,0,0,105,0,0,0,0,0,0
121637,Shasta School of Cosmetology,2012,"Under 1,000",80,80,0,80,80,27,0,53,0,0,80,27,0,53,0,0,0,0,0,0,0,0
121691,University of Redlands,2012,"1,000 - 4,999",4956,3853,1103,4283,3452,724,168,2454,106,1504,2611,724,85,1802,0,1242,841,0,83,652,106,262
121707,College of the Redwoods,2012,"1,000 - 4,999",4827,1623,3204,2699,4827,676,362,2210,1579,0,1623,304,150,793,376,0,3204,372,212,1417,1203,0
121859,Salon Success Academy-Upland,2012,"Under 1,000",255,192,63,217,255,67,0,188,0,0,192,40,0,152,0,0,63,27,0,36,0,0
121868,Salon Success Academy-Corona,2012,"Under 1,000",121,120,1,120,121,30,0,91,0,0,120,30,0,90,0,0,1,0,0,1,0,0
121886,Rio Hondo College,2012,"10,000 - 19,999",17643,4828,12815,9130,17643,2973,1490,11368,1812,0,4828,950,289,3498,91,0,12815,2023,1201,7870,1721,0
121901,Riverside City College,2012,"10,000 - 19,999",17218,4102,13116,8506,17218,2653,1128,11601,1836,0,4102,1012,184,2804,102,0,13116,1641,944,8797,1734,0
121983,Argosy University-San Francisco Bay Area,2012,"Under 1,000",652,148,504,342,146,17,49,80,0,506,46,8,19,19,0,102,100,9,30,61,0,404
121992,Rosemead Beauty School,2012,"Under 1,000",196,165,31,177,196,187,0,9,0,0,165,158,0,7,0,0,31,29,0,2,0,0
122117,Dongguk University-Los Angeles,2012,"Under 1,000",197,129,68,155,9,0,0,9,0,188,8,0,0,8,0,121,1,0,0,1,0,67
122126,RUDOLF STEINER COLLEGE,2012,,,,,,,,,,,,,,,,,,,,,,,
122180,Sacramento City College,2012,"20,000 and above",24381,6028,18353,12190,24381,4382,2785,15343,1871,0,6028,1016,508,4288,216,0,18353,3366,2277,11055,1655,0
122205,Saddleback College,2012,"20,000 and above",21728,6523,15205,11628,21728,3553,1991,14547,1637,0,6523,1641,391,4411,80,0,15205,1912,1600,10136,1557,0
122296,Samuel Merritt University,2012,"1,000 - 4,999",1530,1169,361,1308,584,0,112,408,64,946,513,0,110,402,1,656,71,0,2,6,63,290
122339,San Diego City College,2012,"10,000 - 19,999",16797,3722,13075,8112,16797,2245,2357,9652,2543,0,3722,822,329,2419,152,0,13075,1423,2028,7233,2391,0
122366,Golf Academy of America-Carlsbad,2012,"Under 1,000",260,227,33,240,260,110,7,143,0,0,227,94,6,127,0,0,33,16,1,16,0,0
122375,San Diego Mesa College,2012,"20,000 and above",24943,6128,18815,12445,24943,3792,3340,14446,3365,0,6128,1304,642,4063,119,0,18815,2488,2698,10383,3246,0
122384,San Diego Miramar College,2012,"10,000 - 19,999",11355,2195,9160,5270,11355,1636,1841,6630,1248,0,2195,601,236,1289,69,0,9160,1035,1605,5341,1179,0
122409,San Diego State University,2012,"20,000 and above",30843,25748,5095,27714,25990,4139,3359,18248,244,4853,23036,3829,2993,16007,207,2712,2954,310,366,2241,37,2141
122436,University of San Diego,2012,"5,000 - 9,999",8105,6854,1251,7334,5457,1074,371,3924,88,2648,5269,1073,356,3782,58,1585,188,1,15,142,30,1063
122454,San Francisco Art Institute,2012,"Under 1,000",670,603,67,629,453,82,96,264,11,217,417,81,84,245,7,186,36,1,12,19,4,31
122506,San Francisco Conservatory of Music,2012,"Under 1,000",415,410,5,412,186,37,14,133,2,229,182,37,14,131,0,228,4,0,0,2,2,1
122597,San Francisco State University,2012,"20,000 and above",30500,24969,5531,27134,26449,3807,3520,18466,656,4051,22510,3756,2925,15537,292,2459,3939,51,595,2929,364,1592
122603,San Francisco Theological Seminary,2012,"Under 1,000",197,52,145,107,0,0,0,0,0,197,0,0,0,0,0,52,0,0,0,0,0,145
122612,University of San Francisco,2012,"10,000 - 19,999",10040,9252,788,9556,6379,1354,462,4446,117,3661,6117,1352,446,4274,45,3135,262,2,16,172,72,526
122649,San Joaquin College of Law,2012,"Under 1,000",199,32,167,96,0,0,0,0,0,199,0,0,0,0,0,32,0,0,0,0,0,167
122658,San Joaquin Delta College,2012,"10,000 - 19,999",17002,6427,10575,9977,17002,2592,658,11603,2149,0,6427,1365,232,4449,381,0,10575,1227,426,7154,1768,0
122685,San Joaquin Valley College-Visalia,2012,"1,000 - 4,999",1894,1894,0,1894,1894,207,252,1435,0,0,1894,207,252,1435,0,0,0,0,0,0,0,0
122728,William Jessup University,2012,"1,000 - 4,999",1016,799,217,884,991,136,174,666,15,25,791,136,141,513,1,8,200,0,33,153,14,17
122746,San Jose City College,2012,"5,000 - 9,999",9919,2709,7210,5130,9919,1041,1227,6093,1558,0,2709,460,273,1788,188,0,7210,581,954,4305,1370,0
122755,San Jose State University,2012,"20,000 and above",30448,23420,7028,26164,25157,3384,3108,18554,111,5291,20320,3300,2127,14844,49,3100,4837,84,981,3710,62,2191
122791,College of San Mateo,2012,"5,000 - 9,999",9548,2570,6978,4913,9548,1498,1073,6005,972,0,2570,762,182,1587,39,0,6978,736,891,4418,933,0
122834,Santa Barbara Business College-Bakersfield,2012,"Under 1,000",602,602,0,602,602,91,51,460,0,0,602,91,51,460,0,0,0,0,0,0,0,0
122843,Westwood College-Los Angeles,2012,"1,000 - 4,999",2773,1864,909,2220,2687,151,230,2306,0,86,1839,132,169,1538,0,25,848,19,61,768,0,61
122852,Santa Barbara Business College-Santa Maria,2012,"Under 1,000",219,219,0,219,219,33,30,156,0,0,219,33,30,156,0,0,0,0,0,0,0,0
122889,Santa Barbara City College,2012,"10,000 - 19,999",19265,7943,11322,11744,19265,3334,1407,11204,3320,0,7943,2190,578,4925,250,0,11322,1144,829,6279,3070,0
122931,Santa Clara University,2012,"5,000 - 9,999",8519,6866,1653,7499,5250,1278,149,3778,45,3269,5141,1276,147,3681,37,1725,109,2,2,97,8,1544
122977,Santa Monica College,2012,"20,000 and above",30254,10603,19651,17201,30254,6046,1982,19934,2292,0,10603,2804,458,7178,163,0,19651,3242,1524,12756,2129,0
123013,Santa Rosa Junior College,2012,"20,000 and above",22823,7092,15731,12373,22823,2865,1045,16525,2388,0,7092,1374,252,5342,124,0,15731,1491,793,11183,2264,0
123095,Saybrook University,2012,"Under 1,000",553,553,0,553,0,0,0,0,0,553,0,0,0,0,0,553,0,0,0,0,0,0
123165,Scripps College,2012,"Under 1,000",962,956,6,958,945,235,10,690,10,17,940,235,10,689,6,16,5,0,0,1,4,1
123208,Wyotech-Fremont,2012,"1,000 - 4,999",1452,1452,0,1452,1452,278,28,1146,0,0,1452,278,28,1146,0,0,0,0,0,0,0,0
123217,College of the Sequoias,2012,"10,000 - 19,999",10947,4995,5952,6993,10947,1880,460,7543,1064,0,4995,1212,184,3498,101,0,5952,668,276,4045,963,0
123280,Shasta Bible College and Graduate School,2012,"Under 1,000",65,40,25,50,53,10,5,37,1,12,38,7,5,26,0,2,15,3,0,11,1,10
123299,Shasta College,2012,"5,000 - 9,999",8471,3878,4593,5420,8471,1313,419,5933,806,0,3878,832,204,2755,87,0,4593,481,215,3178,719,0
123341,Sierra College,2012,"10,000 - 19,999",18247,6943,11304,10738,18247,3112,1096,12705,1334,0,6943,1592,363,4773,215,0,11304,1520,733,7932,1119,0
123350,Sierra College of Beauty,2012,"Under 1,000",164,163,1,163,164,20,0,144,0,0,163,20,0,143,0,0,1,0,0,1,0,0
123396,Sierra Valley College of Court Reporting,2012,"Under 1,000",153,153,0,153,153,22,0,131,0,0,153,22,0,131,0,0,0,0,0,0,0,0
123448,Trinity Law School,2012,"Under 1,000",236,151,85,183,0,0,0,0,0,236,0,0,0,0,0,151,0,0,0,0,0,85
123457,Simpson University,2012,"1,000 - 4,999",1297,1120,177,1188,1033,147,118,768,0,264,1007,147,115,745,0,113,26,0,3,23,0,151
123484,College of the Siskiyous,2012,"1,000 - 4,999",2314,929,1385,1394,2314,287,165,1348,514,0,929,199,71,558,101,0,1385,88,94,790,413,0
123493,Charles A Jones Career and Education Center,2012,"1,000 - 4,999",1369,910,459,1064,1369,431,0,938,0,0,910,278,0,632,0,0,459,153,0,306,0,0
123509,Skyline College,2012,"5,000 - 9,999",9563,2596,6967,4935,9563,1093,1128,6222,1120,0,2596,486,199,1854,57,0,6967,607,929,4368,1063,0
123527,San Bernardino Valley College,2012,"10,000 - 19,999",12031,4223,7808,6844,12031,1947,831,8054,1199,0,4223,827,214,3105,77,0,7808,1120,617,4949,1122,0
123554,Saint Mary's College of California,2012,"1,000 - 4,999",4228,3419,809,3731,3035,623,198,2196,18,1193,2782,623,193,1960,6,637,253,0,5,236,12,556
123563,Solano Community College,2012,"5,000 - 9,999",9772,3398,6374,5538,9772,1268,503,6757,1244,0,3398,630,146,2521,101,0,6374,638,357,4236,1143,0
123572,Sonoma State University,2012,"5,000 - 9,999",9021,7785,1236,8268,8164,1749,776,5559,80,857,7315,1729,601,4960,25,470,849,20,175,599,55,387
123581,Pinnacle College,2012,"Under 1,000",161,161,0,161,161,29,0,132,0,0,161,29,0,132,0,0,0,0,0,0,0,0
123633,South Baylo University,2012,"Under 1,000",636,621,15,627,132,0,24,108,0,504,132,0,24,108,0,489,0,0,0,0,0,15
123642,South Coast College,2012,"Under 1,000",392,240,152,300,392,72,102,218,0,0,240,48,73,119,0,0,152,24,29,99,0,0
123651,Vanguard University of Southern California,2012,"1,000 - 4,999",2309,1587,722,1869,2041,441,221,1295,84,268,1494,435,122,936,1,93,547,6,99,359,83,175
123679,Concorde Career College-Garden Grove,2012,"1,000 - 4,999",1006,1006,0,1006,1006,205,0,801,0,0,1006,205,0,801,0,0,0,0,0,0,0,0
123800,Southwestern College,2012,"10,000 - 19,999",18362,5471,12891,9799,18362,2743,1010,11798,2811,0,5471,1196,262,3682,331,0,12891,1547,748,8116,2480,0
123855,St John's Seminary,2012,"Under 1,000",104,85,19,92,0,0,0,0,0,104,0,0,0,0,0,85,0,0,0,0,0,19
123916,Starr King School for Ministry,2012,"Under 1,000",99,44,55,65,0,0,0,0,0,99,0,0,0,0,0,44,0,0,0,0,0,55
123943,Marshall B Ketchum University,2012,"Under 1,000",399,399,0,399,0,0,0,0,0,399,0,0,0,0,0,399,0,0,0,0,0,0
123952,Southern California Institute of Architecture,2012,"Under 1,000",528,507,21,515,278,32,0,246,0,250,261,32,0,229,0,246,17,0,0,17,0,4
123961,University of Southern California,2012,"20,000 and above",39958,34824,5134,36793,18316,3021,1658,13315,322,21642,17619,3016,1646,12835,122,17205,697,5,12,480,200,4437
123970,Southwestern Law School,2012,"1,000 - 4,999",1140,723,417,882,0,0,0,0,0,1140,0,0,0,0,0,723,0,0,0,0,0,417
124113,Taft College,2012,"5,000 - 9,999",5418,1218,4200,2628,5418,1220,618,3242,338,0,1218,359,76,738,45,0,4200,861,542,2504,293,0
124283,Claremont School of Theology,2012,"Under 1,000",272,124,148,181,0,0,0,0,0,272,0,0,0,0,0,124,0,0,0,0,0,148
124292,Thomas Aquinas College,2012,"Under 1,000",370,370,0,370,370,84,18,268,0,0,370,84,18,268,0,0,0,0,0,0,0,0
124344,Marinello Schools of Beauty-Lake Forest,2012,"Under 1,000",398,297,101,337,398,176,0,222,0,0,297,139,0,158,0,0,101,37,0,64,0,0
124487,Epic Bible College,2012,"Under 1,000",271,111,160,174,271,18,7,246,0,0,111,7,1,103,0,0,160,11,6,143,0,0
124681,United Education Institute-Huntington Park Campus,2012,"1,000 - 4,999",3104,3104,0,3104,3104,796,0,0,2308,0,3104,796,0,0,2308,0,0,0,0,0,0,0
124706,Concorde Career College-San Bernardino,2012,"Under 1,000",911,911,0,911,911,217,0,694,0,0,911,217,0,694,0,0,0,0,0,0,0,0
124779,Universal College of Beauty Inc-Los Angeles 1,2012,"Under 1,000",39,34,5,36,39,7,0,32,0,0,34,5,0,29,0,0,5,2,0,3,0,0
124937,Concorde Career College-North Hollywood,2012,"1,000 - 4,999",1050,1050,0,1050,1050,336,0,714,0,0,1050,336,0,714,0,0,0,0,0,0,0,0
125028,Ventura College,2012,"10,000 - 19,999",13030,4581,8449,7418,13030,2047,962,8767,1254,0,4581,1183,187,3151,60,0,8449,864,775,5616,1194,0
125037,The Santa Barbara and Ventura Colleges of Law-Ventura,2012,"Under 1,000",113,0,113,43,0,0,0,0,0,113,0,0,0,0,0,0,0,0,0,0,0,113
125082,Victor Valley Beauty College Inc,2012,"Under 1,000",110,104,6,106,110,27,0,83,0,0,104,26,0,78,0,0,6,1,0,5,0,0
125091,Victor Valley College,2012,"10,000 - 19,999",11947,4311,7636,6875,11947,1931,619,7751,1646,0,4311,951,235,2910,215,0,7636,980,384,4841,1431,0
125170,Berkeley City College,2012,"5,000 - 9,999",5739,820,4919,2471,5739,955,1150,3227,407,0,820,176,127,503,14,0,4919,779,1023,2724,393,0
125231,Walden University,2012,"20,000 and above",50209,30597,19612,38174,8696,327,2318,5913,138,41513,887,1,158,728,0,29710,7809,326,2160,5185,138,11803
125310,Waynes College of Beauty,2012,"Under 1,000",33,14,19,22,33,5,0,28,0,0,14,4,0,10,0,0,19,1,0,18,0,0
125462,West Hills College-Coalinga,2012,"1,000 - 4,999",2572,920,1652,1475,2572,566,274,1544,188,0,920,256,59,600,5,0,1652,310,215,944,183,0
125471,West Los Angeles College,2012,"10,000 - 19,999",10590,2567,8023,5261,10590,1344,1535,6328,1383,0,2567,470,248,1814,35,0,8023,874,1287,4514,1348,0
125499,West Valley College,2012,"10,000 - 19,999",10300,3236,7064,5608,10300,1423,1087,6533,1257,0,3236,725,258,2143,110,0,7064,698,829,4390,1147,0
125532,Carrington College California-Sacramento,2012,"1,000 - 4,999",1392,1392,0,1392,1392,124,270,998,0,0,1392,124,270,998,0,0,0,0,0,0,0,0
125718,Westminster Theological Seminary in California,2012,"Under 1,000",144,109,35,122,0,0,0,0,0,144,0,0,0,0,0,109,0,0,0,0,0,35
125727,Westmont College,2012,"1,000 - 4,999",1353,1347,6,1349,1343,325,58,953,7,10,1337,325,58,951,3,10,6,0,0,2,4,0
125763,Whittier College,2012,"1,000 - 4,999",2369,2091,278,2198,1597,406,70,1107,14,772,1554,404,70,1074,6,537,43,2,0,33,8,235
125897,Woodbury University,2012,"1,000 - 4,999",1771,1475,296,1591,1488,180,286,958,64,283,1236,177,243,815,1,239,252,3,43,143,63,44
126012,The Wright Institute,2012,"Under 1,000",429,429,0,429,0,0,0,0,0,429,0,0,0,0,0,429,0,0,0,0,0,0
126030,Western State College of Law at Argosy University,2012,"Under 1,000",470,321,149,378,0,0,0,0,0,470,0,0,0,0,0,321,0,0,0,0,0,149
126049,Thomas Jefferson School of Law,2012,"1,000 - 4,999",1192,830,362,968,0,0,0,0,0,1192,0,0,0,0,0,830,0,0,0,0,0,362
126076,Yeshiva Ohr Elchonon Chabad West Coast Talmudical Seminary,2012,"Under 1,000",146,146,0,146,146,48,32,66,0,0,146,48,32,66,0,0,0,0,0,0,0,0
126119,Yuba College,2012,"5,000 - 9,999",7224,2692,4532,4214,7224,1306,645,4532,741,0,2692,700,154,1784,54,0,4532,606,491,2748,687,0
126164,The Salon Professional Academy-Grand Junction,2012,"Under 1,000",82,82,0,82,82,13,0,69,0,0,82,13,0,69,0,0,0,0,0,0,0,0
126182,Adams State University,2012,"1,000 - 4,999",3290,2208,1082,2620,2418,541,267,1574,36,872,1922,521,183,1217,1,286,496,20,84,357,35,586
126207,Aims Community College,2012,"1,000 - 4,999",4983,2161,2822,3108,4983,443,395,3318,827,0,2161,273,223,1581,84,0,2822,170,172,1737,743,0
126289,Arapahoe Community College,2012,"10,000 - 19,999",11806,2479,9327,5610,11806,1159,1221,7544,1882,0,2479,472,382,1487,138,0,9327,687,839,6057,1744,0
126359,Bel-Rea Institute of Animal Technology,2012,"Under 1,000",682,682,0,682,682,148,0,534,0,0,682,148,0,534,0,0,0,0,0,0,0,0
126401,Everest College-Colorado Springs,2012,"Under 1,000",435,342,93,379,435,41,62,332,0,0,342,33,55,254,0,0,93,8,7,78,0,0
126562,University of Colorado Denver,2012,"20,000 and above",22396,11721,10675,15807,13103,1030,1910,7618,2545,9293,7741,963,1422,5336,20,3980,5362,67,488,2282,2525,5313
126580,University of Colorado Colorado Springs,2012,"10,000 - 19,999",10612,6922,3690,8341,8477,1447,1098,5573,359,2135,6468,1333,821,4292,22,454,2009,114,277,1281,337,1681
126605,Redstone College,2012,"Under 1,000",651,606,45,624,651,107,66,478,0,0,606,105,62,439,0,0,45,2,4,39,0,0
126614,University of Colorado Boulder,2012,"20,000 and above",31945,26098,5847,28308,25941,5477,1194,18546,724,6004,23662,5437,1104,16925,196,2436,2279,40,90,1621,528,3568
126669,Colorado Christian University,2012,"1,000 - 4,999",3917,1444,2473,2412,3546,452,478,2241,375,371,1366,316,139,887,24,78,2180,136,339,1354,351,293
126678,Colorado College,2012,"1,000 - 4,999",2022,2001,21,2009,2004,510,34,1439,21,18,1983,510,34,1439,0,18,21,0,0,0,21,0
126687,Concorde Career College-Aurora,2012,"Under 1,000",764,764,0,764,764,140,0,624,0,0,764,140,0,624,0,0,0,0,0,0,0,0
126702,The Art Institute of Colorado,2012,"1,000 - 4,999",1972,1021,951,1395,1972,332,399,1241,0,0,1021,168,203,650,0,0,951,164,196,591,0,0
126711,Colorado Mountain College,2012,"5,000 - 9,999",5847,1875,3972,3478,5847,691,183,2593,2380,0,1875,422,117,1077,259,0,3972,269,66,1516,2121,0
126748,Colorado Northwestern Community College,2012,"1,000 - 4,999",1158,516,642,732,1158,220,82,594,262,0,516,175,61,265,15,0,642,45,21,329,247,0
126775,Colorado School of Mines,2012,"5,000 - 9,999",5721,5120,601,5346,4156,949,117,2996,94,1565,3952,949,107,2840,56,1168,204,0,10,156,38,397
126784,Colorado School of Trades,2012,"Under 1,000",187,187,0,187,187,51,0,136,0,0,187,51,0,136,0,0,0,0,0,0,0,0
126818,Colorado State University-Fort Collins,2012,"20,000 and above",30659,23216,7443,26030,23252,4544,1409,16471,828,7407,20336,4401,1181,14607,147,2880,2916,143,228,1864,681,4527
126827,Colorado Technical University-Colorado Springs,2012,"1,000 - 4,999",2408,1470,938,1836,1506,135,105,1233,33,902,798,79,67,635,17,672,708,56,38,598,16,230
126854,Empire Beauty School-Lakewood,2012,"Under 1,000",52,52,0,52,52,21,0,31,0,0,52,21,0,31,0,0,0,0,0,0,0,0
126863,Community College of Aurora,2012,"5,000 - 9,999",7908,1785,6123,3841,7908,1146,792,4247,1723,0,1785,321,287,1128,49,0,6123,825,505,3119,1674,0
126872,College America-Denver,2012,"Under 1,000",581,581,0,581,581,74,83,424,0,0,581,74,83,424,0,0,0,0,0,0,0,0
126915,Delta Montrose Technical College,2012,"Under 1,000",452,99,353,218,452,153,0,68,231,0,99,60,0,36,3,0,353,93,0,32,228,0
126942,Community College of Denver,2012,"10,000 - 19,999",11901,2781,9120,5843,11901,1945,972,6016,2968,0,2781,584,266,1763,168,0,9120,1361,706,4253,2800,0
126951,Lincoln College of Technology-Denver,2012,"1,000 - 4,999",1436,1436,0,1436,1436,476,3,957,0,0,1436,476,3,957,0,0,0,0,0,0,0,0
126979,Denver Seminary,2012,"Under 1,000",985,561,424,723,0,0,0,0,0,985,0,0,0,0,0,561,0,0,0,0,0,424
127024,Westwood College-Denver North,2012,"Under 1,000",455,305,150,364,455,32,39,384,0,0,305,30,31,244,0,0,150,2,8,140,0,0
127060,University of Denver,2012,"10,000 - 19,999",11656,8306,3350,9591,5394,1203,203,3973,15,6262,4965,1203,181,3573,8,3341,429,0,22,400,7,2921
127158,Emily Griffith Technical College,2012,"1,000 - 4,999",2597,475,2122,1187,2597,470,0,2127,0,0,475,167,0,308,0,0,2122,303,0,1819,0,0
127185,Fort Lewis College,2012,"1,000 - 4,999",3883,3551,332,3685,3883,855,387,2477,164,0,3551,841,349,2287,74,0,332,14,38,190,90,0
127200,Front Range Community College,2012,"20,000 and above",20527,6635,13892,11299,20527,2929,2087,13490,2021,0,6635,1290,757,4304,284,0,13892,1639,1330,9186,1737,0
127219,Glenwood Beauty Academy,2012,"Under 1,000",65,57,8,60,65,35,0,30,0,0,57,30,0,27,0,0,8,5,0,3,0,0
127228,Hair Dynamics Education Center,2012,"Under 1,000",201,201,0,201,201,64,0,137,0,0,201,64,0,137,0,0,0,0,0,0,0,0
127273,Iliff School of Theology,2012,"Under 1,000",343,183,160,244,0,0,0,0,0,343,0,0,0,0,0,183,0,0,0,0,0,160
127316,International Salon and Spa Academy,2012,"Under 1,000",256,161,95,199,256,36,0,220,0,0,161,30,0,131,0,0,95,6,0,89,0,0
127389,Lamar Community College,2012,"Under 1,000",916,494,422,636,916,169,65,669,13,0,494,145,56,292,1,0,422,24,9,377,12,0
127556,Colorado Mesa University,2012,"5,000 - 9,999",9482,7026,2456,8014,9393,2094,676,5735,888,89,7017,1939,551,4449,78,9,2376,155,125,1286,810,80
127565,Metropolitan State University of Denver,2012,"20,000 and above",23381,13593,9788,17539,23019,2306,2989,17078,646,362,13335,1718,1768,9646,203,258,9684,588,1221,7432,443,104
127617,Morgan Community College,2012,"1,000 - 4,999",1839,445,1394,913,1839,189,51,825,774,0,445,77,20,274,74,0,1394,112,31,551,700,0
127653,Naropa University,2012,"1,000 - 4,999",1019,805,214,887,402,27,97,260,18,617,361,24,91,242,4,444,41,3,6,18,14,173
127680,National American University-Colorado Springs,2012,"Under 1,000",357,70,287,183,357,22,87,248,0,0,70,3,11,56,0,0,287,19,76,192,0,0
127699,National American University-Denver,2012,"Under 1,000",269,58,211,141,269,26,50,193,0,0,58,0,10,48,0,0,211,26,40,145,0,0
127714,Nazarene Bible College,2012,"Under 1,000",867,118,749,412,867,18,113,727,9,0,118,1,16,101,0,0,749,17,97,626,9,0
127732,Northeastern Junior College,2012,"1,000 - 4,999",1971,956,1015,1297,1971,411,71,836,653,0,956,348,54,541,13,0,1015,63,17,295,640,0
127741,University of Northern Colorado,2012,"10,000 - 19,999",13070,10132,2938,11245,10318,2205,887,6842,384,2752,9119,2189,693,6148,89,1013,1199,16,194,694,295,1739
127778,Otero Junior College,2012,"1,000 - 4,999",1456,675,781,937,1456,350,105,806,195,0,675,262,54,341,18,0,781,88,51,465,177,0
127787,Everest College-Thornton,2012,"Under 1,000",407,327,80,359,407,78,22,307,0,0,327,67,19,241,0,0,80,11,3,66,0,0
127820,Pikes Peak Community College,2012,"10,000 - 19,999",15175,5723,9452,8896,15175,2956,1760,9106,1353,0,5723,1260,680,3616,167,0,9452,1696,1080,5490,1186,0
127839,Intellitec Medical Institute,2012,"Under 1,000",380,380,0,380,380,34,72,274,0,0,380,34,72,274,0,0,0,0,0,0,0,0
127884,Pueblo Community College,2012,"5,000 - 9,999",7432,2588,4844,4214,7432,854,503,4258,1817,0,2588,351,192,1687,358,0,4844,503,311,2571,1459,0
127909,Red Rocks Community College,2012,"5,000 - 9,999",9031,2854,6177,4928,9031,1539,1023,5495,974,0,2854,555,375,1771,153,0,6177,984,648,3724,821,0
127918,Regis University,2012,"10,000 - 19,999",10683,5341,5342,7416,5688,490,632,4247,319,4995,2553,474,225,1849,5,2788,3135,16,407,2398,314,2207
127945,Rocky Mountain College of Art and Design,2012,"Under 1,000",658,581,77,611,625,98,105,401,21,33,561,95,99,367,0,20,64,3,6,34,21,13
127954,Montessori Education Center of the Rockies,2012,"Under 1,000",74,74,0,74,15,2,0,13,0,59,15,2,0,13,0,59,0,0,0,0,0,0
128106,Colorado State University-Pueblo,2012,"5,000 - 9,999",6805,4165,2640,5182,5390,916,425,3270,779,1415,3901,868,332,2668,33,264,1489,48,93,602,746,1151
128151,Pickens Technical College,2012,"1,000 - 4,999",1378,1207,171,1264,1378,139,0,1239,0,0,1207,121,0,1086,0,0,171,18,0,153,0,0
128179,Intellitec College-Colorado Springs,2012,"Under 1,000",299,299,0,299,299,294,5,0,0,0,299,294,5,0,0,0,0,0,0,0,0,0
128188,Intellitec College-Grand Junction,2012,"Under 1,000",678,678,0,678,678,87,89,502,0,0,678,87,89,502,0,0,0,0,0,0,0,0
128258,Trinidad State Junior College,2012,"1,000 - 4,999",1691,887,804,1157,1691,279,145,934,333,0,887,235,97,545,10,0,804,44,48,389,323,0
128328,United States Air Force Academy,2012,"1,000 - 4,999",4120,4120,0,4120,4120,982,0,3138,0,0,4120,982,0,3138,0,0,0,0,0,0,0,0
128337,Empire Beauty School-Thornton,2012,"Under 1,000",145,100,45,118,145,54,0,91,0,0,100,35,0,65,0,0,45,19,0,26,0,0
128391,Western State Colorado University,2012,"1,000 - 4,999",2301,1963,338,2096,2106,452,161,1334,159,195,1853,451,157,1222,23,110,253,1,4,112,136,85
128425,Yeshiva Toras Chaim Talmudical Seminary,2012,"Under 1,000",22,20,2,21,20,6,0,13,1,2,20,6,0,13,1,0,0,0,0,0,0,2
128498,Albertus Magnus College,2012,"1,000 - 4,999",1667,1406,261,1508,1356,125,82,1148,1,311,1189,124,72,993,0,217,167,1,10,155,1,94
128540,Paul Mitchell the School-Danbury,2012,"Under 1,000",99,68,31,80,99,25,0,74,0,0,68,23,0,45,0,0,31,2,0,29,0,0
128577,Asnuntuck Community College,2012,"1,000 - 4,999",1673,650,1023,993,1673,297,187,860,329,0,650,217,86,329,18,0,1023,80,101,531,311,0
128586,Bais Binyomin Academy,2012,"Under 1,000",48,48,0,48,48,15,0,33,0,0,48,15,0,33,0,0,0,0,0,0,0,0
128674,Branford Hall Career Institute-Branford Campus,2012,"Under 1,000",596,392,204,473,596,394,0,202,0,0,392,258,0,134,0,0,204,136,0,68,0,0
128683,Lincoln College of New England-Southington,2012,"1,000 - 4,999",1071,588,483,778,1071,296,0,775,0,0,588,205,0,383,0,0,483,91,0,392,0,0
128726,Bridgeport Hospital School of Nursing,2012,"Under 1,000",169,154,15,160,169,115,0,54,0,0,154,104,0,50,0,0,15,11,0,4,0,0
128744,University of Bridgeport,2012,"1,000 - 4,999",4877,2997,1880,3724,2688,598,203,1887,0,2189,1852,591,185,1076,0,1145,836,7,18,811,0,1044
128771,Central Connecticut State University,2012,"10,000 - 19,999",12091,8386,3705,9817,9942,1352,1033,7245,312,2149,7771,1340,799,5600,32,615,2171,12,234,1645,280,1534
128780,Charter Oak State College,2012,"1,000 - 4,999",1644,276,1368,828,1644,0,459,1018,167,0,276,0,86,186,4,0,1368,0,373,832,163,0
128896,Connecticut Center for Massage Therapy-Newington,2012,"Under 1,000",134,47,87,82,134,44,0,90,0,0,47,19,0,28,0,0,87,25,0,62,0,0
128902,Connecticut College,2012,"1,000 - 4,999",1933,1888,45,1906,1926,503,17,1296,110,7,1884,503,17,1292,72,4,42,0,0,4,38,3
128957,Marinello Schools of Beauty-East Hartford,2012,"Under 1,000",149,92,57,115,149,2,0,147,0,0,92,2,0,90,0,0,57,0,0,57,0,0
129002,Porter and Chester Institute of Branford,2012,"Under 1,000",313,190,123,239,313,67,0,246,0,0,190,40,0,150,0,0,123,27,0,96,0,0
129020,University of Connecticut,2012,"20,000 and above",25483,21932,3551,23250,17528,3114,867,13189,358,7955,16736,3107,831,12649,149,5196,792,7,36,540,209,2759
129154,Goodwin College,2012,"1,000 - 4,999",3317,495,2822,1604,3317,370,487,2304,156,0,495,168,80,235,12,0,2822,202,407,2069,144,0
129181,Lincoln Technical Institute-East Windsor,2012,"1,000 - 4,999",1069,983,86,1017,1069,433,0,636,0,0,983,405,0,578,0,0,86,28,0,58,0,0
129215,Eastern Connecticut State University,2012,"5,000 - 9,999",5440,4459,981,4849,5258,1015,484,3491,268,182,4420,979,423,3017,1,39,838,36,61,474,267,143
129242,Fairfield University,2012,"1,000 - 4,999",4999,3841,1158,4288,3879,990,38,2668,183,1120,3471,990,38,2428,15,370,408,0,0,240,168,750
129349,Northhaven Academy,2012,"Under 1,000",178,141,37,156,178,54,0,124,0,0,141,50,0,91,0,0,37,4,0,33,0,0
129367,Capital Community College,2012,"1,000 - 4,999",4425,1052,3373,2184,4425,625,441,2810,549,0,1052,300,123,616,13,0,3373,325,318,2194,536,0
129428,Rensselaer Hartford Graduate Center Inc,2012,"Under 1,000",341,0,341,130,0,0,0,0,0,341,0,0,0,0,0,0,0,0,0,0,0,341
129482,Fox Institute of Business-West Hartford,2012,"Under 1,000",256,256,0,256,256,45,0,211,0,0,256,45,0,211,0,0,0,0,0,0,0,0
129491,Hartford Seminary,2012,"Under 1,000",141,38,103,77,0,0,0,0,0,141,0,0,0,0,0,38,0,0,0,0,0,103
129525,University of Hartford,2012,"5,000 - 9,999",6894,5193,1701,5851,5284,1289,230,3548,217,1610,4503,1278,186,3036,3,690,781,11,44,512,214,920
129534,Holy Apostles College and Seminary,2012,"Under 1,000",372,117,255,215,54,8,3,38,5,318,41,7,3,31,0,76,13,1,0,7,5,242
129543,Housatonic Community College,2012,"5,000 - 9,999",6077,2056,4021,3406,6077,1148,436,4039,454,0,2056,713,160,1180,3,0,4021,435,276,2859,451,0
129695,Manchester Community College,2012,"5,000 - 9,999",7692,2721,4971,4390,7692,1685,903,4347,757,0,2721,920,316,1422,63,0,4971,765,587,2925,694,0
129729,Naugatuck Valley Community College,2012,"5,000 - 9,999",7419,2647,4772,4249,7419,1509,607,4646,657,0,2647,904,259,1461,23,0,4772,605,348,3185,634,0
129756,Middlesex Community College,2012,"1,000 - 4,999",2933,1088,1845,1707,2933,579,281,1475,598,0,1088,356,129,546,57,0,1845,223,152,929,541,0
129774,Mitchell College,2012,"Under 1,000",858,731,127,781,858,150,74,561,73,0,731,145,63,523,0,0,127,5,11,38,73,0
129808,Three Rivers Community College,2012,"1,000 - 4,999",4980,1569,3411,2714,4980,954,403,3259,364,0,1569,554,149,828,38,0,3411,400,254,2431,326,0
129923,Lincoln Technical Institute-New Britain,2012,"Under 1,000",596,405,191,481,596,115,0,481,0,0,405,94,0,311,0,0,191,21,0,170,0,0
129932,New England Tractor Trailer Training School of Connecticut,2012,"Under 1,000",446,301,145,359,446,377,0,69,0,0,301,284,0,17,0,0,145,93,0,52,0,0
129941,University of New Haven,2012,"5,000 - 9,999",6351,5184,1167,5634,4693,1127,238,3270,58,1658,4267,1119,204,2943,1,917,426,8,34,327,57,741
129969,Ridley-Lowell Business & Technical Institute-New London,2012,"Under 1,000",350,350,0,350,350,127,0,223,0,0,350,127,0,223,0,0,0,0,0,0,0,0
130004,Norwalk Community College,2012,"5,000 - 9,999",6810,2267,4543,3792,6810,1063,437,3741,1569,0,2267,693,204,1170,200,0,4543,370,233,2571,1369,0
130040,Northwestern Connecticut Community College,2012,"1,000 - 4,999",1423,464,959,786,1423,236,145,845,197,0,464,159,58,245,2,0,959,77,87,600,195,0
130110,Paier College of Art Inc,2012,"Under 1,000",192,141,51,161,192,16,19,129,28,0,141,15,13,99,14,0,51,1,6,30,14,0
130129,Marinello Schools of Beauty-Meriden,2012,"Under 1,000",502,329,173,398,502,49,0,453,0,0,329,45,0,284,0,0,173,4,0,169,0,0
130174,Porter and Chester Institute of Stratford,2012,"1,000 - 4,999",2584,1709,875,2056,2584,672,0,1912,0,0,1709,494,0,1215,0,0,875,178,0,697,0,0
130183,Post University,2012,"5,000 - 9,999",7317,3092,4225,4747,6546,1236,723,3891,696,771,2812,522,240,1953,97,280,3734,714,483,1938,599,491
130217,Quinebaug Valley Community College,2012,"1,000 - 4,999",2086,691,1395,1159,2086,440,176,1279,191,0,691,250,66,364,11,0,1395,190,110,915,180,0
130226,Quinnipiac University,2012,"5,000 - 9,999",8614,7469,1145,7909,6430,1781,179,4406,64,2184,6231,1780,165,4285,1,1238,199,1,14,121,63,946
130253,Sacred Heart University,2012,"5,000 - 9,999",6434,4170,2264,5042,4092,865,120,3011,96,2342,3399,865,117,2415,2,771,693,0,3,596,94,1571
130314,University of Saint Joseph,2012,"1,000 - 4,999",2525,1161,1364,1685,1066,159,119,719,69,1459,830,157,79,593,1,331,236,2,40,126,68,1128
130396,Gateway Community College,2012,"5,000 - 9,999",7976,2612,5364,4413,7976,1565,797,4583,1031,0,2612,874,313,1353,72,0,5364,691,484,3230,959,0
130448,St Vincent's College,2012,"Under 1,000",824,121,703,397,824,16,162,594,52,0,121,12,70,32,7,0,703,4,92,562,45,0
130493,Southern Connecticut State University,2012,"10,000 - 19,999",11117,8134,2983,9265,8525,1382,997,6146,0,2592,7289,1360,840,5089,0,845,1236,22,157,1057,0,1747
130509,Stone Academy-Hamden,2012,"Under 1,000",423,294,129,345,423,214,0,209,0,0,294,160,0,134,0,0,129,54,0,75,0,0
130581,Tri-State College of Acupuncture,2012,"Under 1,000",108,90,18,97,0,0,0,0,0,108,0,0,0,0,0,90,0,0,0,0,0,18
130590,Trinity College,2012,"1,000 - 4,999",2371,2180,191,2254,2285,591,29,1611,54,86,2179,591,20,1526,42,1,106,0,9,85,12,85
130606,Tunxis Community College,2012,"1,000 - 4,999",4734,1783,2951,2774,4734,820,384,2723,807,0,1783,584,178,960,61,0,2951,236,206,1763,746,0
130624,United States Coast Guard Academy,2012,"Under 1,000",967,967,0,967,967,225,0,742,0,0,967,225,0,742,0,0,0,0,0,0,0,0
130697,Wesleyan University,2012,"1,000 - 4,999",3262,3135,127,3184,2940,752,58,2114,16,322,2932,752,58,2114,8,203,8,0,0,0,8,119
130776,Western Connecticut State University,2012,"5,000 - 9,999",6176,4577,1599,5201,5583,836,537,3905,305,593,4501,821,440,3234,6,76,1082,15,97,671,299,517
130785,Yale-New Haven Hospital Dietetic Internship,2012,"Under 1,000",13,13,0,13,0,0,0,0,0,13,0,0,0,0,0,13,0,0,0,0,0,0
130794,Yale University,2012,"10,000 - 19,999",11906,11740,166,11804,5405,1355,21,4021,8,6501,5393,1355,21,4017,0,6347,12,0,0,4,8,154
130837,Beebe Medical Center Margaret H Rollins School of Nursing,2012,"Under 1,000",52,52,0,52,52,0,0,52,0,0,52,0,0,52,0,0,0,0,0,0,0,0
130873,Dawn Career Institute Inc,2012,"Under 1,000",749,749,0,749,749,86,0,663,0,0,749,86,0,663,0,0,0,0,0,0,0,0
130891,Delaware Technical Community College-Owens,2012,"1,000 - 4,999",4611,1979,2632,2863,4611,906,178,3021,506,0,1979,733,95,1143,8,0,2632,173,83,1878,498,0
130907,Delaware Technical Community College-Terry,2012,"1,000 - 4,999",3106,1435,1671,1996,3106,624,122,2201,159,0,1435,504,59,855,17,0,1671,120,63,1346,142,0
130916,Delaware Technical Community College-Stanton/Wilmington,2012,"5,000 - 9,999",7216,2596,4620,4147,7216,1262,300,5094,560,0,2596,876,141,1523,56,0,4620,386,159,3571,504,0
130934,Delaware State University,2012,"1,000 - 4,999",4324,3801,523,4008,3877,1036,215,2385,241,447,3445,1018,183,2193,51,356,432,18,32,192,190,91
130943,University of Delaware,2012,"20,000 and above",21856,19458,2398,20391,18202,4226,495,12763,718,3654,16642,4211,435,11993,3,2816,1560,15,60,770,715,838
130989,Goldey-Beacom College,2012,"1,000 - 4,999",1352,535,817,849,633,96,58,471,8,719,465,91,39,335,0,70,168,5,19,136,8,649
131061,Schilling-Douglas School of Hair Design,2012,"Under 1,000",118,84,34,97,118,28,0,90,0,0,84,22,0,62,0,0,34,6,0,28,0,0
131098,Wesley College,2012,"1,000 - 4,999",1436,1383,53,1404,1386,573,84,729,0,50,1339,573,66,700,0,44,47,0,18,29,0,6
131113,Wilmington University,2012,"10,000 - 19,999",12581,4990,7591,7939,8133,767,1454,5904,8,4448,3571,305,645,2613,8,1419,4562,462,809,3291,0,3029
131159,American University,2012,"10,000 - 19,999",12904,10151,2753,11206,7299,1597,317,4870,515,5605,6970,1594,294,4669,413,3181,329,3,23,201,102,2424
131283,Catholic University of America,2012,"5,000 - 9,999",6838,4784,2054,5572,3694,884,76,2669,65,3144,3422,880,73,2456,13,1362,272,4,3,213,52,1782
131399,University of the District of Columbia,2012,"5,000 - 9,999",5110,2164,2946,3349,4857,607,461,3645,144,253,2003,204,239,1549,11,161,2854,403,222,2096,133,92
131405,Pontifical Faculty of the Immaculate Conception at the Dominican House of Studies,2012,"Under 1,000",117,83,34,96,0,0,0,0,0,117,0,0,0,0,0,83,0,0,0,0,0,34
131450,Gallaudet University,2012,"1,000 - 4,999",1580,1366,214,1449,1117,213,85,799,20,463,1045,212,78,755,0,321,72,1,7,44,20,142
131469,George Washington University,2012,"20,000 and above",25653,17391,8262,20555,10464,2387,381,7472,224,15189,9758,2376,306,7026,50,7633,706,11,75,446,174,7556
131496,Georgetown University,2012,"10,000 - 19,999",17357,14197,3160,15408,7552,1570,168,5462,352,9805,7251,1568,167,5279,237,6946,301,2,1,183,115,2859
131520,Howard University,2012,"10,000 - 19,999",10002,8941,1061,9351,6688,1394,345,4890,59,3314,6270,1376,287,4589,18,2671,418,18,58,301,41,643
131742,Medtech Institute,2012,"1,000 - 4,999",1545,1545,0,1545,1545,481,64,1000,0,0,1545,481,64,1000,0,0,0,0,0,0,0,0
131803,Strayer University-District of Columbia,2012,"1,000 - 4,999",1517,245,1272,740,976,69,56,840,11,541,119,0,10,106,3,126,857,69,46,734,8,415
131830,National Conservatory of Dramatic Arts,2012,"Under 1,000",36,36,0,36,36,6,0,30,0,0,36,6,0,30,0,0,0,0,0,0,0,0
131876,Trinity Washington University,2012,"1,000 - 4,999",2663,1319,1344,1840,1885,264,255,1337,29,778,1182,252,105,825,0,137,703,12,150,512,29,641
131973,Wesley Theological Seminary,2012,"Under 1,000",634,407,227,494,0,0,0,0,0,634,0,0,0,0,0,407,0,0,0,0,0,227
132268,Wyotech-Daytona,2012,"1,000 - 4,999",1010,1010,0,1010,1010,260,21,729,0,0,1010,260,21,729,0,0,0,0,0,0,0,0
132338,The Art Institute of Fort Lauderdale,2012,"1,000 - 4,999",2239,1066,1173,1527,2239,415,207,1616,1,0,1066,205,99,762,0,0,1173,210,108,854,1,0
132374,Atlantic Technical Center,2012,"Under 1,000",875,875,0,875,875,523,0,352,0,0,875,523,0,352,0,0,0,0,0,0,0,0
132408,The Baptist College of Florida,2012,"Under 1,000",554,411,143,467,534,42,71,393,28,20,404,42,51,297,14,7,130,0,20,96,14,13
132471,Barry University,2012,"5,000 - 9,999",9070,6174,2896,7289,4619,625,651,3275,68,4451,3824,622,474,2706,22,2350,795,3,177,569,46,2101
132523,Gooding Institute of Nurse Anesthesia,2012,"Under 1,000",52,52,0,52,0,0,0,0,0,52,0,0,0,0,0,52,0,0,0,0,0,0
132602,Bethune-Cookman University,2012,"1,000 - 4,999",3543,3393,150,3452,3486,899,140,2447,0,57,3351,886,130,2335,0,42,135,13,10,112,0,15
132657,Lynn University,2012,"1,000 - 4,999",2097,1754,343,1887,1657,415,160,1051,31,440,1499,413,153,933,0,255,158,2,7,118,31,185
132666,GUTI The Premier Beauty & Wellness Academy,2012,"Under 1,000",151,150,1,150,151,28,0,123,0,0,150,28,0,122,0,0,1,0,0,1,0,0
132675,Bradford-Union Technical Center,2012,"Under 1,000",162,119,43,133,162,101,0,58,3,0,119,83,0,36,0,0,43,18,0,22,3,0
132693,Eastern Florida State College,2012,"10,000 - 19,999",17202,6337,10865,9985,17202,2659,669,9666,4208,0,6337,1706,324,3667,640,0,10865,953,345,5999,3568,0
132709,Broward College,2012,"20,000 and above",42309,12890,29419,24762,42309,7666,1901,28055,4687,0,12890,3589,646,7865,790,0,29419,4077,1255,20190,3897,0
132806,Fortis College-Winter Park,2012,"Under 1,000",265,265,0,265,265,28,30,207,0,0,265,28,30,207,0,0,0,0,0,0,0,0
132842,Carlos Albizu University-Miami,2012,"1,000 - 4,999",1046,634,412,793,322,11,66,245,0,724,178,4,30,144,0,456,144,7,36,101,0,268
132851,College of Central Florida,2012,"5,000 - 9,999",8449,3321,5128,5390,8449,1312,296,5811,1030,0,3321,794,142,2198,187,0,5128,518,154,3613,843,0
132879,Johnson University Florida,2012,"Under 1,000",374,286,88,321,374,83,41,245,5,0,286,79,33,174,0,0,88,4,8,71,5,0
132903,University of Central Florida,2012,"20,000 and above",59601,40606,18995,48072,51010,6087,7197,37337,389,8591,36775,5934,4266,26478,97,3831,14235,153,2931,10859,292,4760
132976,Charlotte Technical Center,2012,"Under 1,000",276,276,0,276,276,163,0,89,24,0,276,163,0,89,24,0,0,0,0,0,0,0
133021,Chipola College,2012,"1,000 - 4,999",2244,948,1296,1471,2244,441,125,1166,512,0,948,359,53,512,24,0,1296,82,72,654,488,0
133085,Clearwater Christian College,2012,"Under 1,000",498,473,25,483,485,115,32,333,5,13,470,115,32,323,0,3,15,0,0,10,5,10
133155,Lorenzo Walker Institute of Technology,2012,"Under 1,000",632,324,308,427,632,51,0,301,280,0,324,46,0,278,0,0,308,5,0,23,280,0
133386,Daytona State College,2012,"10,000 - 19,999",15184,7257,7927,10456,15184,2133,833,10424,1794,0,7257,1518,452,4763,524,0,7927,615,381,5661,1270,0
133465,South University-West Palm Beach,2012,"1,000 - 4,999",1029,744,285,855,892,56,221,615,0,137,725,49,158,518,0,19,167,7,63,97,0,118
133492,Eckerd College,2012,"1,000 - 4,999",2337,2064,273,2171,2337,535,146,1616,40,0,2064,531,105,1403,25,0,273,4,41,213,15,0
133508,Edison State College,2012,"10,000 - 19,999",15731,5092,10639,9385,15731,2585,764,9784,2598,0,5092,1519,289,2952,332,0,10639,1066,475,6832,2266,0
133526,Edward Waters College,2012,"Under 1,000",925,914,11,918,925,224,81,620,0,0,914,224,81,609,0,0,11,0,0,11,0,0
133553,Embry-Riddle Aeronautical University-Daytona Beach,2012,"5,000 - 9,999",5120,4695,425,4861,4534,941,271,3287,35,586,4225,935,260,3017,13,470,309,6,11,270,22,116
133650,Florida Agricultural and Mechanical University,2012,"10,000 - 19,999",12057,10822,1235,11309,10053,1517,467,7957,112,2004,9100,1510,407,7170,13,1722,953,7,60,787,99,282
133669,Florida Atlantic University,2012,"20,000 and above",29994,17561,12433,22453,25105,3166,3367,17523,1049,4889,15661,2975,1700,10714,272,1900,9444,191,1667,6809,777,2989
133702,Florida State College at Jacksonville,2012,"20,000 and above",30053,9614,20439,17862,30053,4038,1789,20807,3419,0,9614,1986,720,6370,538,0,20439,2052,1069,14437,2881,0
133711,Flagler College-St Augustine,2012,"1,000 - 4,999",2847,2764,83,2797,2847,646,174,2027,0,0,2764,646,174,1944,0,0,83,0,0,83,0,0
133809,Florida College,2012,"Under 1,000",531,507,24,516,531,192,30,309,0,0,507,189,28,290,0,0,24,3,2,19,0,0
133845,Concorde Career Institute-Jacksonville,2012,"Under 1,000",548,548,0,548,548,105,0,443,0,0,548,105,0,443,0,0,0,0,0,0,0,0
133854,Concorde Career Institute-Miramar,2012,"Under 1,000",476,476,0,476,476,115,0,361,0,0,476,115,0,361,0,0,0,0,0,0,0,0
133863,Concorde Career Institute-Tampa,2012,"Under 1,000",614,614,0,614,614,122,0,492,0,0,614,122,0,492,0,0,0,0,0,0,0,0
133872,Adventist University of Health Sciences,2012,"1,000 - 4,999",2671,689,1982,1468,2576,96,613,1770,97,95,594,83,196,305,10,95,1982,13,417,1465,87,0
133881,Florida Institute of Technology,2012,"5,000 - 9,999",5384,3802,1582,4408,2978,756,207,1959,56,2406,2794,755,186,1838,15,1008,184,1,21,121,41,1398
133942,Florida Institute of Ultrasound Inc,2012,"Under 1,000",55,55,0,55,55,0,0,55,0,0,55,0,0,55,0,0,0,0,0,0,0,0
133951,Florida International University,2012,"20,000 and above",46171,29944,16227,36376,37475,4337,5124,26783,1231,8696,24022,4124,3113,16461,324,5922,13453,213,2011,10322,907,2774
133960,Florida Keys Community College,2012,"1,000 - 4,999",1212,453,759,708,1212,235,139,621,217,0,453,153,65,207,28,0,759,82,74,414,189,0
133979,Florida Memorial University,2012,"1,000 - 4,999",1579,1457,122,1505,1542,405,70,1067,0,37,1436,390,66,980,0,21,106,15,4,87,0,16
133997,Florida Career College-Miami,2012,"5,000 - 9,999",5793,5793,0,5793,5793,3265,0,2528,0,0,5793,3265,0,2528,0,0,0,0,0,0,0,0
134024,Florida School of Massage,2012,"Under 1,000",91,89,2,90,91,28,0,63,0,0,89,28,0,61,0,0,2,0,0,2,0,0
134079,Florida Southern College,2012,"1,000 - 4,999",2455,2116,339,2248,2257,537,146,1537,37,198,1999,536,116,1345,2,117,258,1,30,192,35,81
134097,Florida State University,2012,"20,000 and above",40695,34672,6023,36994,32171,5712,2337,23603,519,8524,28733,5683,1912,20935,203,5939,3438,29,425,2668,316,2585
134112,Florida Technical College,2012,"1,000 - 4,999",3790,3790,0,3790,3790,1012,0,2778,0,0,3790,1012,0,2778,0,0,0,0,0,0,0,0
134121,University of Southernmost Florida,2012,"Under 1,000",111,111,0,111,111,1,12,98,0,0,111,1,12,98,0,0,0,0,0,0,0,0
134130,University of Florida,2012,"20,000 and above",49913,42865,7048,45520,32776,6290,1841,23892,753,17137,30241,6273,1634,22077,257,12624,2535,17,207,1815,496,4513
134149,Everest University-Pompano Beach,2012,"1,000 - 4,999",2452,1276,1176,1735,2061,222,260,1579,0,391,1151,161,198,792,0,125,910,61,62,787,0,266
134228,Fort Pierce Beauty Academy,2012,"Under 1,000",30,28,2,29,30,28,0,2,0,0,28,27,0,1,0,0,2,1,0,1,0,0
134237,Full Sail University,2012,"20,000 and above",23497,23497,0,23497,21371,3225,0,18146,0,2126,21371,3225,0,18146,0,2126,0,0,0,0,0,0
134291,George Stone Technical Center,2012,"Under 1,000",598,486,112,524,598,342,0,256,0,0,486,256,0,230,0,0,112,86,0,26,0,0
134307,George T Baker Aviation School,2012,"Under 1,000",725,330,395,463,725,216,0,509,0,0,330,121,0,209,0,0,395,95,0,300,0,0
134343,Gulf Coast State College,2012,"5,000 - 9,999",6030,2321,3709,3818,6030,600,260,2551,2619,0,2321,415,134,902,870,0,3709,185,126,1649,1749,0
134422,Key College,2012,"Under 1,000",78,78,0,78,78,27,0,40,11,0,78,27,0,40,11,0,0,0,0,0,0,0
134495,Hillsborough Community College,2012,"20,000 and above",27754,12098,15656,17354,27754,5194,1786,18321,2453,0,12098,3450,897,7525,226,0,15656,1744,889,10796,2227,0
134510,Hobe Sound Bible College,2012,"Under 1,000",75,52,23,61,75,18,3,43,11,0,52,16,3,33,0,0,23,2,0,10,11,0
134529,Hollywood Institute of Beauty Careers,2012,"Under 1,000",221,221,0,221,221,89,0,132,0,0,221,89,0,132,0,0,0,0,0,0,0,0
134574,Cortiva Institute-Florida,2012,"Under 1,000",189,111,78,142,189,49,0,140,0,0,111,32,0,79,0,0,78,17,0,61,0,0
134608,Indian River State College,2012,"10,000 - 19,999",17816,6091,11725,10823,17816,2567,449,11322,3478,0,6091,1532,193,3762,604,0,11725,1035,256,7560,2874,0
134680,International Academy of Design and Technology-Tampa,2012,"Under 1,000",605,477,128,527,605,53,40,512,0,0,477,37,35,405,0,0,128,16,5,107,0,0
134714,International Academy,2012,"Under 1,000",267,123,144,180,267,93,0,174,0,0,123,61,0,62,0,0,144,32,0,112,0,0
134811,AI Miami International University of Art and Design,2012,"1,000 - 4,999",3517,2562,955,2937,3427,493,452,2481,1,90,2481,404,342,1735,0,81,946,89,110,746,1,9
134909,ITT Technical Institute-Tampa,2012,"Under 1,000",623,456,167,522,623,39,18,566,0,0,456,33,11,412,0,0,167,6,7,154,0,0
134945,Jacksonville University,2012,"1,000 - 4,999",3936,2546,1390,3090,3319,504,580,2173,62,617,2153,500,265,1388,0,393,1166,4,315,785,62,224
135063,Jones College-Jacksonville,2012,"Under 1,000",504,64,440,237,504,12,42,435,15,0,64,2,5,57,0,0,440,10,37,378,15,0
135081,Keiser University-Ft Lauderdale,2012,"10,000 - 19,999",16713,11244,5469,13385,15842,3658,260,11567,357,871,11075,2759,94,8025,197,169,4767,899,166,3542,160,702
135124,Heritage Institute-Ft Myers,2012,"Under 1,000",668,668,0,668,668,144,21,503,0,0,668,144,21,503,0,0,0,0,0,0,0,0
135142,La Belle Beauty School,2012,"Under 1,000",306,56,250,155,306,71,0,235,0,0,56,14,0,42,0,0,250,57,0,193,0,0
135160,Florida Gateway College,2012,"1,000 - 4,999",3073,1040,2033,1860,3073,467,147,1540,919,0,1040,287,63,521,169,0,2033,180,84,1019,750,0
135179,Lake Technical Center,2012,"Under 1,000",576,491,85,520,576,83,0,493,0,0,491,77,0,414,0,0,85,6,0,79,0,0
135188,Lake-Sumter State College,2012,"1,000 - 4,999",4682,1407,3275,2729,4682,886,156,2665,975,0,1407,497,50,775,85,0,3275,389,106,1890,890,0
135267,Fort Myers Institute of Technology,2012,"Under 1,000",808,666,142,714,808,499,0,108,201,0,666,499,0,108,59,0,142,0,0,0,142,0
135276,Lively Technical Center,2012,"1,000 - 4,999",1149,599,550,784,1149,594,0,555,0,0,599,332,0,267,0,0,550,262,0,288,0,0
135294,Lindsey Hopkins Technical Education Center,2012,"Under 1,000",809,526,283,621,809,412,0,397,0,0,526,223,0,303,0,0,283,189,0,94,0,0
135337,Loraines Academy Inc,2012,"Under 1,000",177,125,52,146,177,12,0,165,0,0,125,9,0,116,0,0,52,3,0,49,0,0
135364,Luther Rice University & Seminary,2012,"1,000 - 4,999",1308,386,922,742,512,14,366,130,2,796,151,3,118,30,0,235,361,11,248,100,2,561
135391,State College of Florida-Manatee-Sarasota,2012,"10,000 - 19,999",10765,4600,6165,7088,10765,1847,545,7327,1046,0,4600,1180,226,2861,333,0,6165,667,319,4466,713,0
135407,Manatee Technical Institute,2012,"1,000 - 4,999",1361,1071,290,1168,1361,865,0,496,0,0,1071,745,0,326,0,0,290,120,0,170,0,0
135416,Manhattan Hairstyling Academy,2012,"Under 1,000",565,565,0,565,565,175,0,390,0,0,565,175,0,390,0,0,0,0,0,0,0,0
135522,Traviss Career Center,2012,"Under 1,000",412,370,42,384,412,358,0,54,0,0,370,332,0,38,0,0,42,26,0,16,0,0
135559,Merryfield School of Pet Grooming,2012,,,,,,,,,,,,,,,,,,,,,,,
135610,Trinity International University-Florida,2012,"Under 1,000",367,111,256,211,278,0,146,132,0,89,97,0,52,45,0,14,181,0,94,87,0,75
135647,Miami Lakes Educational Center,2012,"1,000 - 4,999",1426,1051,375,1177,1426,1253,0,173,0,0,1051,938,0,113,0,0,375,315,0,60,0,0
135717,Miami Dade College,2012,"20,000 and above",66701,26211,40490,42550,66701,12224,1679,48147,4651,0,26211,8365,713,16672,461,0,40490,3859,966,31475,4190,0
135726,University of Miami,2012,"10,000 - 19,999",16172,14987,1185,15446,10590,2012,563,7662,353,5582,9979,1987,538,7234,220,5008,611,25,25,428,133,574
135735,Mid Florida Tech,2012,"1,000 - 4,999",1910,1088,822,1364,1910,312,0,1153,445,0,1088,176,0,846,66,0,822,136,0,307,379,0
135771,Beauty Schools of America-Miami,2012,"Under 1,000",570,570,0,570,570,137,0,433,0,0,570,137,0,433,0,0,0,0,0,0,0,0
135939,Remington College-Tampa Campus,2012,"Under 1,000",214,214,0,214,214,41,1,172,0,0,214,41,1,172,0,0,0,0,0,0,0,0
135957,Everest Institute-North Miami,2012,"Under 1,000",592,461,131,513,592,46,60,486,0,0,461,43,56,362,0,0,131,3,4,124,0,0
136048,Academy of Healing Arts Massage & Facial Skin Care,2012,"Under 1,000",102,53,49,72,102,9,0,93,0,0,53,5,0,48,0,0,49,4,0,45,0,0
136066,Lincoln College of Technology-West Palm Beach,2012,"Under 1,000",853,689,164,753,853,113,1,739,0,0,689,108,0,581,0,0,164,5,1,158,0,0
136109,Paul Mitchell the School-Jacksonville,2012,"Under 1,000",149,88,61,112,149,47,0,102,0,0,88,28,0,60,0,0,61,19,0,42,0,0
136145,North Florida Community College,2012,"1,000 - 4,999",1269,523,746,773,1269,216,48,718,287,0,523,159,23,292,49,0,746,57,25,426,238,0
136172,University of North Florida,2012,"10,000 - 19,999",16201,11031,5170,13072,14398,1608,2135,10381,274,1803,10308,1578,1384,7238,108,723,4090,30,751,3143,166,1080
136206,Northwood University-Florida,2012,"Under 1,000",626,539,87,573,586,106,137,337,6,40,511,106,132,267,6,28,75,0,5,70,0,12
136215,Nova Southeastern University,2012,"20,000 and above",26808,13699,13109,18731,5739,724,771,4185,59,21069,3592,610,488,2486,8,10107,2147,114,283,1699,51,10962
136233,Northwest Florida State College,2012,"5,000 - 9,999",6938,2758,4180,4445,6938,955,455,4402,1126,0,2758,632,213,1780,133,0,4180,323,242,2622,993,0
136288,Everest University-North Orlando,2012,"Under 1,000",978,561,417,725,940,57,89,794,0,38,549,45,79,425,0,12,391,12,10,369,0,26
136303,Orlando Tech,2012,"Under 1,000",802,362,440,510,802,314,0,322,166,0,362,174,0,188,0,0,440,140,0,134,166,0
136330,Palm Beach Atlantic University,2012,"1,000 - 4,999",3579,2791,788,3098,2751,439,337,1559,416,828,2188,439,312,1432,5,603,563,0,25,127,411,225
136358,Palm Beach State College,2012,"20,000 and above",29974,10177,19797,18166,29974,5165,1482,19873,3454,0,10177,2704,555,6557,361,0,19797,2461,927,13316,3093,0
136400,Pasco-Hernando Community College,2012,"10,000 - 19,999",10376,3894,6482,6070,10376,2115,348,5845,2068,0,3894,1311,154,2270,159,0,6482,804,194,3575,1909,0
136473,Pensacola State College,2012,"10,000 - 19,999",11862,4865,6997,7689,11862,1843,705,6954,2360,0,4865,1265,336,2766,498,0,6997,578,369,4188,1862,0
136491,Pinellas Technical Education Center-Clearwater,2012,"1,000 - 4,999",1221,1183,38,1196,1221,209,0,1012,0,0,1183,207,0,976,0,0,38,2,0,36,0,0
136516,Polk State College,2012,"10,000 - 19,999",11862,3849,8013,7083,11862,1849,455,7109,2449,0,3849,1042,181,2318,308,0,8013,807,274,4791,2141,0
136659,Radford M Locklin Technical Center,2012,"Under 1,000",671,166,505,336,671,573,0,98,0,0,166,85,0,81,0,0,505,488,0,17,0,0
136701,Saint Vincent de Paul Regional Seminary,2012,"Under 1,000",119,94,25,104,0,0,0,0,0,119,0,0,0,0,0,94,0,0,0,0,0,25
136765,Ridge Career Center,2012,"Under 1,000",738,543,195,608,738,569,0,169,0,0,543,424,0,119,0,0,195,145,0,50,0,0
136774,Ringling College of Art and Design,2012,"1,000 - 4,999",1364,1313,51,1333,1364,312,89,963,0,0,1313,312,88,913,0,0,51,0,1,50,0,0
136783,Toni & Guy Hairdressing Academy-Jacksonville,2012,"Under 1,000",4,4,0,4,4,0,0,4,0,0,4,0,0,4,0,0,0,0,0,0,0,0
136826,Robert Morgan Educational Center,2012,"1,000 - 4,999",661,261,400,395,661,186,0,475,0,0,261,83,0,178,0,0,400,103,0,297,0,0
136950,Rollins College,2012,"1,000 - 4,999",3237,2715,522,2917,2662,518,62,2082,0,575,2416,518,62,1836,0,299,246,0,0,246,0,276
137023,First Coast Technical College,2012,"Under 1,000",400,349,51,366,400,165,0,235,0,0,349,131,0,218,0,0,51,34,0,17,0,0
137032,Saint Leo University,2012,"10,000 - 19,999",15986,11868,4118,13485,12770,634,1517,9825,794,3216,8702,634,1126,6671,271,3166,4068,0,391,3154,523,50
137078,St Petersburg College,2012,"20,000 and above",32612,9528,23084,18843,32612,4236,1691,21647,5038,0,9528,2063,533,6020,912,0,23084,2173,1158,15627,4126,0
137087,Pinellas Technical Education Center-St Petersburg,2012,"Under 1,000",990,988,2,989,990,345,0,645,0,0,988,344,0,644,0,0,2,1,0,1,0,0
137096,Santa Fe College,2012,"10,000 - 19,999",15362,6174,9188,9882,15362,2925,1506,9662,1269,0,6174,1291,699,3622,562,0,9188,1634,807,6040,707,0
137120,Sarasota County Technical Institute,2012,"Under 1,000",568,424,144,472,568,492,0,76,0,0,424,368,0,56,0,0,144,124,0,20,0,0
137148,Argosy University-Sarasota,2012,"1,000 - 4,999",1041,59,982,435,129,20,29,74,6,912,14,1,3,10,0,45,115,19,26,64,6,867
137209,Seminole State College of Florida,2012,"10,000 - 19,999",19450,7559,11891,12358,19450,3243,1495,13072,1640,0,7559,2118,592,4804,45,0,11891,1125,903,8268,1595,0
137245,Sheridan Technical Center,2012,"1,000 - 4,999",1115,1115,0,1115,1115,577,0,538,0,0,1115,577,0,538,0,0,0,0,0,0,0,0
137272,Saint John Vianney College Seminary,2012,"Under 1,000",95,95,0,95,71,11,13,47,0,24,71,11,13,47,0,24,0,0,0,0,0,0
137281,Saint Johns River State College,2012,"5,000 - 9,999",6624,2300,4324,4045,6624,1113,351,3783,1377,0,2300,739,151,1271,139,0,4324,374,200,2512,1238,0
137315,South Florida State College,2012,"1,000 - 4,999",2800,1042,1758,1751,2800,525,27,1521,727,0,1042,337,15,612,78,0,1758,188,12,909,649,0
137351,University of South Florida-Main Campus,2012,"20,000 and above",41116,29212,11904,33825,31125,3750,3505,23213,657,9991,23773,3715,2490,17328,240,5439,7352,35,1015,5885,417,4552
137476,St Thomas University,2012,"1,000 - 4,999",2484,1978,506,2173,1137,210,137,745,45,1347,1022,208,131,683,0,956,115,2,6,62,45,391
137537,Stenotype Institute of Jacksonville Inc-Jacksonville,2012,"Under 1,000",227,90,137,144,227,12,46,169,0,0,90,5,7,78,0,0,137,7,39,91,0,0
137546,Stetson University,2012,"1,000 - 4,999",3961,3712,249,3808,2516,818,93,1597,8,1445,2477,817,93,1559,8,1235,39,1,0,38,0,210
137564,Southeastern University,2012,"1,000 - 4,999",2703,2213,490,2404,2448,592,257,1417,182,255,2106,562,241,1302,1,107,342,30,16,115,181,148
137591,Benes International School of Beauty,2012,"Under 1,000",285,285,0,285,285,53,0,232,0,0,285,53,0,232,0,0,0,0,0,0,0,0
137713,Suwannee-Hamilton Technical Center,2012,"Under 1,000",126,91,35,103,126,102,0,24,0,0,91,81,0,10,0,0,35,21,0,14,0,0
137759,Tallahassee Community College,2012,"10,000 - 19,999",14237,6840,7397,9323,14237,2887,1202,8863,1285,0,6840,2098,684,3914,144,0,7397,789,518,4949,1141,0
137777,Talmudic College of Florida,2012,"Under 1,000",46,46,0,46,37,11,8,18,0,9,37,11,8,18,0,9,0,0,0,0,0,0
137801,Everest University-Tampa,2012,"Under 1,000",873,559,314,682,841,88,94,659,0,32,540,80,89,371,0,19,301,8,5,288,0,13
137810,Everest University-Largo,2012,"Under 1,000",513,328,185,400,490,59,54,377,0,23,322,52,46,224,0,6,168,7,8,153,0,17
137847,The University of Tampa,2012,"5,000 - 9,999",6912,6077,835,6400,6143,1518,453,4152,20,769,5799,1516,404,3879,0,278,344,2,49,273,20,491
137856,Taylor Technical Institute,2012,"Under 1,000",170,119,51,136,170,51,0,119,0,0,119,37,0,82,0,0,51,14,0,37,0,0
137865,Tom P Haney Technical Center,2012,"Under 1,000",441,353,88,383,441,176,0,265,0,0,353,160,0,193,0,0,88,16,0,72,0,0
137953,Trinity Baptist College,2012,"Under 1,000",293,236,57,258,279,62,53,152,12,14,236,59,47,129,1,0,43,3,6,23,11,14
137962,Trinity College of Florida,2012,"Under 1,000",218,188,30,200,218,36,73,102,7,0,188,32,71,85,0,0,30,4,2,17,7,0
138132,Fashion Focus Hair Academy,2012,"Under 1,000",77,58,19,66,77,26,0,51,0,0,58,22,0,36,0,0,19,4,0,15,0,0
138187,Valencia College,2012,"20,000 and above",42915,16998,25917,27457,42915,8055,3812,23861,7187,0,16998,5405,1726,8618,1249,0,25917,2650,2086,15243,5938,0
138275,Warner University,2012,"1,000 - 4,999",1108,932,176,1001,1008,200,175,601,32,100,862,196,158,504,4,70,146,4,17,97,28,30
138284,Washington-Holmes Technical Center,2012,"Under 1,000",383,317,66,339,383,248,0,135,0,0,317,185,0,132,0,0,66,63,0,3,0,0
138293,Webber International University,2012,"Under 1,000",717,681,36,695,655,183,84,387,1,62,628,183,84,361,0,53,27,0,0,26,1,9
138309,Rasmussen College-Florida,2012,"5,000 - 9,999",5748,2486,3262,3767,5748,451,968,4310,19,0,2486,140,438,1907,1,0,3262,311,530,2403,18,0
138354,The University of West Florida,2012,"10,000 - 19,999",12652,8115,4537,9872,10333,1795,1243,7028,267,2319,7558,1625,929,4917,87,557,2775,170,314,2111,180,1762
138372,Westside Tech,2012,"Under 1,000",740,269,471,427,740,306,0,263,171,0,269,138,0,131,0,0,471,168,0,132,171,0
138479,William T McFatter Technical Center,2012,"Under 1,000",786,786,0,786,786,576,0,210,0,0,786,576,0,210,0,0,0,0,0,0,0,0
138488,Winter Park Tech,2012,"Under 1,000",489,270,219,344,489,176,0,259,54,0,270,91,0,169,10,0,219,85,0,90,44,0
138497,Withlacoochee Technical Institute,2012,"Under 1,000",336,336,0,336,336,185,0,151,0,0,336,185,0,151,0,0,0,0,0,0,0,0
138558,Abraham Baldwin Agricultural College,2012,"1,000 - 4,999",3233,2193,1040,2613,3233,911,232,1875,215,0,2193,860,125,1179,29,0,1040,51,107,696,186,0
138600,Agnes Scott College,2012,"Under 1,000",885,869,16,875,885,232,26,573,54,0,869,232,26,569,42,0,16,0,0,4,12,0
138655,Interactive College of Technology-Chamblee,2012,"Under 1,000",254,250,4,252,254,103,0,151,0,0,250,100,0,150,0,0,4,3,0,1,0,0
138664,Interactive College of Technology-Morrow,2012,"Under 1,000",13,13,0,13,13,9,0,4,0,0,13,9,0,4,0,0,0,0,0,0,0,0
138682,Albany Technical College,2012,"1,000 - 4,999",3935,2198,1737,2781,3935,658,438,2731,108,0,2198,379,259,1558,2,0,1737,279,179,1173,106,0
138691,Darton State College,2012,"5,000 - 9,999",6396,3137,3259,4231,6396,1251,963,4012,170,0,3137,1023,440,1647,27,0,3259,228,523,2365,143,0
138716,Albany State University,2012,"1,000 - 4,999",4275,3426,849,3757,3803,502,293,2960,48,472,3238,495,213,2528,2,188,565,7,80,432,46,284
138761,Andrew College,2012,"Under 1,000",292,291,1,291,292,174,14,102,2,0,291,174,14,101,2,0,1,0,0,1,0,0
138789,Armstrong Atlantic State University,2012,"5,000 - 9,999",7439,5105,2334,6028,6731,1065,723,4762,181,708,4839,971,493,3348,27,266,1892,94,230,1414,154,442
138813,The Art Institute of Atlanta,2012,"1,000 - 4,999",3367,2725,642,2977,3367,773,412,2026,156,0,2725,681,310,1683,51,0,642,92,102,343,105,0
138822,Georgia Career Institute,2012,"Under 1,000",639,639,0,639,639,84,0,555,0,0,639,84,0,555,0,0,0,0,0,0,0,0
138840,Atlanta Technical College,2012,"1,000 - 4,999",4874,1779,3095,2818,4874,980,0,3597,297,0,1779,403,0,1336,40,0,3095,577,0,2261,257,0
138868,Point University,2012,"1,000 - 4,999",1511,1434,77,1464,1511,447,229,835,0,0,1434,412,224,798,0,0,77,35,5,37,0,0
138901,Atlanta Metropolitan State College,2012,"1,000 - 4,999",2871,1636,1235,2134,2871,554,609,1641,67,0,1636,389,372,865,10,0,1235,165,237,776,57,0
138929,Atlanta's John Marshall Law School,2012,"Under 1,000",669,452,217,535,0,0,0,0,0,669,0,0,0,0,0,452,0,0,0,0,0,217
138938,Atlanta School of Massage,2012,"Under 1,000",140,83,57,106,140,46,0,94,0,0,83,46,0,37,0,0,57,0,0,57,0,0
138947,Clark Atlanta University,2012,"1,000 - 4,999",3419,2946,473,3128,2632,637,126,1869,0,787,2484,624,119,1741,0,462,148,13,7,128,0,325
138956,Augusta Technical College,2012,"1,000 - 4,999",4339,1504,2835,2456,4339,766,514,2978,81,0,1504,321,181,994,8,0,2835,445,333,1984,73,0
139010,Bainbridge State College,2012,"1,000 - 4,999",2942,1514,1428,1993,2942,564,176,2108,94,0,1514,345,95,1072,2,0,1428,219,81,1036,92,0
139074,Bauder College,2012,"Under 1,000",753,495,258,596,753,49,127,577,0,0,495,39,63,393,0,0,258,10,64,184,0,0
139092,Beauty College of America,2012,"Under 1,000",60,60,0,60,60,10,0,50,0,0,60,10,0,50,0,0,0,0,0,0,0,0
139144,Berry College,2012,"1,000 - 4,999",2166,2011,155,2071,2041,618,39,1361,23,125,2007,618,39,1346,4,4,34,0,0,15,19,121
139153,Beulah Heights University,2012,"Under 1,000",833,375,458,554,616,58,22,536,0,217,284,30,5,249,0,91,332,28,17,287,0,126
139199,Brenau University,2012,"1,000 - 4,999",2777,1428,1349,1951,1723,181,343,1188,11,1054,1045,171,182,689,3,383,678,10,161,499,8,671
139205,Brewton-Parker College,2012,"Under 1,000",680,466,214,550,680,137,218,164,161,0,466,136,175,151,4,0,214,1,43,13,157,0
139214,Brown College of Court Reporting,2012,"Under 1,000",241,84,157,146,241,13,8,220,0,0,84,4,3,77,0,0,157,9,5,143,0,0
139250,College of Coastal Georgia,2012,"1,000 - 4,999",3156,1792,1364,2342,3156,619,246,2130,161,0,1792,531,148,1090,23,0,1364,88,98,1040,138,0
139278,West Georgia Technical College,2012,"5,000 - 9,999",6645,2037,4608,3584,6645,1254,491,4346,554,0,2037,502,187,1187,161,0,4608,752,304,3159,393,0
139287,Carver Bible College,2012,"Under 1,000",174,121,53,142,174,42,9,123,0,0,121,32,7,82,0,0,53,10,2,41,0,0
139311,Clayton  State University,2012,"5,000 - 9,999",7140,4045,3095,5285,6808,661,1007,4840,300,332,3926,535,580,2717,94,119,2882,126,427,2123,206,213
139348,Columbia Theological Seminary,2012,"Under 1,000",248,156,92,191,0,0,0,0,0,248,0,0,0,0,0,156,0,0,0,0,0,92
139357,Columbus Technical College,2012,"1,000 - 4,999",4267,1430,2837,2382,4267,758,491,2887,131,0,1430,347,189,892,2,0,2837,411,302,1995,129,0
139366,Columbus State University,2012,"5,000 - 9,999",8239,5370,2869,6495,7025,1229,665,5021,110,1214,4947,1108,418,3408,13,423,2078,121,247,1613,97,791
139384,Georgia Northwestern Technical College,2012,"5,000 - 9,999",6036,2284,3752,3544,6036,1104,1135,3264,533,0,2284,495,509,1233,47,0,3752,609,626,2031,486,0
139393,Covenant College,2012,"1,000 - 4,999",1135,1069,66,1095,1065,268,41,718,38,70,1011,268,41,702,0,58,54,0,0,16,38,12
139463,Dalton State College,2012,"5,000 - 9,999",5047,2976,2071,3812,5047,926,242,3766,113,0,2976,758,167,2018,33,0,2071,168,75,1748,80,0
139506,Pro Way Hair School,2012,"Under 1,000",41,41,0,41,41,19,0,22,0,0,41,19,0,22,0,0,0,0,0,0,0,0
139579,South University-Savannah,2012,"1,000 - 4,999",1435,1118,317,1241,807,95,168,544,0,628,614,75,126,413,0,504,193,20,42,131,0,124
139621,East Georgia State College,2012,"1,000 - 4,999",2944,2276,668,2546,2944,1319,11,1574,40,0,2276,1171,5,1094,6,0,668,148,6,480,34,0
139630,Emmanuel College,2012,"Under 1,000",808,713,95,750,808,194,58,473,83,0,713,192,58,451,12,0,95,2,0,22,71,0
139658,Emory University,2012,"10,000 - 19,999",14236,13061,1175,13511,7656,1824,237,5476,119,6580,7567,1823,236,5424,84,5494,89,1,1,52,35,1086
139700,Georgia Highlands College,2012,"5,000 - 9,999",5533,2758,2775,3690,5533,1189,634,3519,191,0,2758,917,314,1502,25,0,2775,272,320,2017,166,0
139719,Fort Valley State University,2012,"1,000 - 4,999",3568,3067,501,3261,3250,658,176,2398,18,318,2940,635,138,2160,7,127,310,23,38,238,11,191
139746,Grady Health System Professional Schools,2012,"Under 1,000",82,82,0,82,82,0,0,82,0,0,82,0,0,82,0,0,0,0,0,0,0,0
139755,Georgia Institute of Technology-Main Campus,2012,"20,000 and above",21557,18848,2709,19880,14527,3044,595,10315,573,7030,13272,3039,568,9583,82,5576,1255,5,27,732,491,1454
139764,Georgia Southwestern State University,2012,"1,000 - 4,999",2973,2149,824,2479,2749,400,415,1879,55,224,1982,374,271,1331,6,167,767,26,144,548,49,57
139861,Georgia College and State University,2012,"5,000 - 9,999",6444,5490,954,5853,5568,1311,345,3831,81,876,5131,1304,291,3512,24,359,437,7,54,319,57,517
139931,Georgia Southern University,2012,"20,000 and above",20574,16739,3835,18217,17993,3604,1157,12378,854,2581,15818,3576,1042,11131,69,921,2175,28,115,1247,785,1660
139940,Georgia State University,2012,"20,000 and above",32087,23175,8912,26675,24656,3254,3113,17590,699,7431,18059,3157,2239,12512,151,5116,6597,97,874,5078,548,2315
139959,University of Georgia,2012,"20,000 and above",34519,31099,3420,32410,26259,4935,1332,19793,199,8260,24496,4922,1226,18250,98,6603,1763,13,106,1543,101,1657
139968,Gordon State College,2012,"1,000 - 4,999",4171,2771,1400,3336,4171,1004,298,2779,90,0,2771,942,193,1614,22,0,1400,62,105,1165,68,0
139986,Southern Crescent Technical College,2012,"5,000 - 9,999",5543,2228,3315,3341,5543,988,1247,3094,214,0,2228,446,549,1227,6,0,3315,542,698,1867,208,0
139995,Gupton Jones College of Funeral Service,2012,"Under 1,000",212,212,0,212,212,107,0,105,0,0,212,107,0,105,0,0,0,0,0,0,0,0
140003,Gwinnett College-Lilburn,2012,"Under 1,000",347,175,172,243,347,98,18,231,0,0,175,60,11,104,0,0,172,38,7,127,0,0
140012,Gwinnett Technical College,2012,"5,000 - 9,999",6682,2244,4438,3734,6682,791,843,4844,204,0,2244,391,304,1528,21,0,4438,400,539,3316,183,0
140146,Interdenominational Theological Center,2012,"Under 1,000",827,235,592,461,0,0,0,0,0,827,0,0,0,0,0,235,0,0,0,0,0,592
140164,Kennesaw State University,2012,"20,000 and above",24604,17782,6822,20489,22684,3194,2568,16626,296,1920,16954,3091,1945,11799,119,828,5730,103,623,4827,177,1092
140234,LaGrange College,2012,"Under 1,000",902,830,72,858,834,198,80,555,1,68,771,198,77,496,0,59,63,0,3,59,1,9
140243,Lanier Technical College,2012,"1,000 - 4,999",3389,922,2467,1750,3389,537,281,2333,238,0,922,195,71,651,5,0,2467,342,210,1682,233,0
140252,Life University,2012,"1,000 - 4,999",2647,2234,413,2394,836,39,60,737,0,1811,597,39,35,523,0,1637,239,0,25,214,0,174
140331,Chattahoochee Technical College,2012,"10,000 - 19,999",11679,3731,7948,6399,11679,2505,1904,6799,471,0,3731,1136,667,1826,102,0,7948,1369,1237,4973,369,0
140340,Herzing University-Atlanta,2012,"Under 1,000",436,291,145,348,436,41,35,360,0,0,291,36,29,226,0,0,145,5,6,134,0,0
140447,Mercer University,2012,"5,000 - 9,999",8329,6341,1988,7109,4423,691,533,3063,136,3906,3677,645,394,2572,66,2664,746,46,139,491,70,1242
140553,Morehouse College,2012,"1,000 - 4,999",2374,2220,154,2280,2374,570,66,1736,2,0,2220,567,63,1590,0,0,154,3,3,146,2,0
140562,Morehouse School of Medicine,2012,"Under 1,000",360,349,11,353,0,0,0,0,0,360,0,0,0,0,0,349,0,0,0,0,0,11
140599,Moultrie Technical College,2012,"1,000 - 4,999",1999,809,1190,1209,1999,249,2,1281,467,0,809,142,1,659,7,0,1190,107,1,622,460,0
140678,North Georgia Technical College,2012,"1,000 - 4,999",2369,1072,1297,1507,2369,549,244,1498,78,0,1072,344,148,576,4,0,1297,205,96,922,74,0
140696,Oglethorpe University,2012,"1,000 - 4,999",1079,981,98,1019,1053,277,42,677,57,26,971,277,40,624,30,10,82,0,2,53,27,16
140720,Paine College,2012,"Under 1,000",837,765,72,793,837,176,60,590,11,0,765,173,55,536,1,0,72,3,5,54,10,0
140818,Piedmont College,2012,"1,000 - 4,999",2464,1510,954,1877,1294,210,125,959,0,1170,1105,208,125,772,0,405,189,2,0,187,0,765
140827,Portfolio Center,2012,"Under 1,000",90,90,0,90,90,7,0,83,0,0,90,7,0,83,0,0,0,0,0,0,0,0
140872,Reinhardt University,2012,"1,000 - 4,999",1318,1241,77,1271,1224,371,139,679,35,94,1149,366,133,638,12,92,75,5,6,41,23,2
140942,Savannah Technical College,2012,"1,000 - 4,999",4747,1771,2976,2770,4747,913,704,2930,200,0,1771,384,299,1039,49,0,2976,529,405,1891,151,0
140951,Savannah College of Art and Design,2012,"10,000 - 19,999",11064,8968,2096,9784,8845,1707,627,6412,99,2219,7448,1668,563,5185,32,1520,1397,39,64,1227,67,699
140960,Savannah State University,2012,"1,000 - 4,999",4582,3938,644,4195,4413,1055,226,2972,160,169,3837,1025,195,2580,37,101,576,30,31,392,123,68
140988,Shorter University,2012,"1,000 - 4,999",1525,1378,147,1435,1440,277,118,1025,20,85,1323,277,109,937,0,55,117,0,9,88,20,30
141006,South Georgia Technical College,2012,"1,000 - 4,999",1901,892,1009,1231,1901,428,32,1284,157,0,892,280,15,595,2,0,1009,148,17,689,155,0
141015,The Creative Circus,2012,"Under 1,000",204,179,25,189,204,6,0,198,0,0,179,6,0,173,0,0,25,0,0,25,0,0
141060,Spelman College,2012,"1,000 - 4,999",2145,2074,71,2102,2145,523,28,1594,0,0,2074,520,27,1527,0,0,71,3,1,67,0,0
141097,Southern Polytechnic State University,2012,"5,000 - 9,999",6202,4087,2115,4916,5402,790,809,3725,78,800,3863,768,575,2476,44,224,1539,22,234,1249,34,576
141158,Southwest Georgia Technical College,2012,"1,000 - 4,999",1632,442,1190,842,1632,210,488,683,251,0,442,85,134,211,12,0,1190,125,354,472,239,0
141167,Thomas University,2012,"1,000 - 4,999",1124,613,511,812,882,142,198,479,63,242,519,111,130,254,24,94,363,31,68,225,39,148
141185,Toccoa Falls College,2012,"Under 1,000",804,749,55,771,804,178,88,518,20,0,749,173,82,493,1,0,55,5,6,25,19,0
141237,Truett-McConnell College,2012,"1,000 - 4,999",1339,618,721,901,1339,192,57,388,702,0,618,189,43,362,24,0,721,3,14,26,678,0
141255,Wiregrass Georgia Technical College,2012,"1,000 - 4,999",4143,1532,2611,2409,4143,798,254,2784,307,0,1532,335,95,1093,9,0,2611,463,159,1691,298,0
141264,Valdosta State University,2012,"10,000 - 19,999",12515,9623,2892,10729,10290,1972,798,7433,87,2225,8859,1935,647,6255,22,764,1431,37,151,1178,65,1461
141325,Wesleyan College,2012,"Under 1,000",715,477,238,570,654,122,39,372,121,61,443,122,29,274,18,34,211,0,10,98,103,27
141334,University of West Georgia,2012,"10,000 - 19,999",11769,8814,2955,9958,9963,2058,778,6950,177,1806,8178,2012,575,5474,117,636,1785,46,203,1476,60,1170
141361,Young Harris College,2012,"1,000 - 4,999",1030,997,33,1010,1030,387,36,581,26,0,997,387,35,571,4,0,33,0,1,10,22,0
141468,Heald College-Honolulu,2012,"1,000 - 4,999",1711,977,734,1268,1711,253,107,1351,0,0,977,157,57,763,0,0,734,96,50,588,0,0
141486,Chaminade University of Honolulu,2012,"1,000 - 4,999",2912,2146,766,2444,2140,280,188,1508,164,772,1630,233,148,1164,85,516,510,47,40,344,79,256
141565,University of Hawaii at Hilo,2012,"1,000 - 4,999",4157,3273,884,3624,3568,461,631,2312,164,589,2818,446,508,1853,11,455,750,15,123,459,153,134
141574,University of Hawaii at Manoa,2012,"20,000 and above",20426,14927,5499,17028,14655,1981,1955,10343,376,5771,11975,1912,1414,8395,254,2952,2680,69,541,1948,122,2819
141608,Hawaii Institute of Hair Design,2012,"Under 1,000",80,80,0,80,80,9,0,71,0,0,80,9,0,71,0,0,0,0,0,0,0,0
141644,Hawaii Pacific University,2012,"5,000 - 9,999",7463,4595,2868,5715,6168,492,768,4735,173,1295,3944,464,412,3057,11,651,2224,28,356,1678,162,644
141680,Honolulu Community College,2012,"1,000 - 4,999",4582,1633,2949,2623,4582,634,520,2358,1070,0,1633,375,218,969,71,0,2949,259,302,1389,999,0
141796,Kapiolani Community College,2012,"5,000 - 9,999",8892,3150,5742,5078,8892,1368,838,4100,2586,0,3150,842,351,1781,176,0,5742,526,487,2319,2410,0
141802,Kauai Community College,2012,"1,000 - 4,999",1495,571,924,881,1495,343,100,805,247,0,571,209,45,309,8,0,924,134,55,496,239,0
141811,Leeward Community College,2012,"5,000 - 9,999",7960,3233,4727,4820,7960,1382,720,3895,1963,0,3233,932,293,1863,145,0,4727,450,427,2032,1818,0
141839,University of Hawaii Maui College,2012,"1,000 - 4,999",4382,1644,2738,2749,4382,780,337,2745,520,0,1644,463,124,1025,32,0,2738,317,213,1720,488,0
141848,Med-Assist School of Hawaii Inc,2012,"Under 1,000",99,93,6,95,99,45,0,54,0,0,93,42,0,51,0,0,6,3,0,3,0,0
141936,World Medicine Institute,2012,"Under 1,000",53,51,2,52,0,0,0,0,0,53,0,0,0,0,0,51,0,0,0,0,0,2
141945,Travel Institute of the Pacific,2012,"Under 1,000",190,190,0,190,190,55,0,135,0,0,190,55,0,135,0,0,0,0,0,0,0,0
141981,University of Hawaii-West Oahu,2012,"1,000 - 4,999",1997,830,1167,1301,1997,301,494,1155,47,0,830,162,203,456,9,0,1167,139,291,699,38,0
141990,Windward Community College,2012,"1,000 - 4,999",2741,914,1827,1527,2741,425,265,1245,806,0,914,276,103,460,75,0,1827,149,162,785,731,0
142054,Carrington College-Boise,2012,"Under 1,000",508,508,0,508,508,37,110,361,0,0,508,37,110,361,0,0,0,0,0,0,0,0
142090,Boise Bible College,2012,"Under 1,000",197,176,21,184,197,54,12,128,3,0,176,50,11,115,0,0,21,4,1,13,3,0
142115,Boise State University,2012,"20,000 and above",22344,13485,8859,16971,19477,2373,1393,13143,2568,2867,12738,2230,1006,9482,20,747,6739,143,387,3661,2548,2120
142179,Eastern Idaho Technical College,2012,"Under 1,000",702,278,424,420,702,66,158,218,260,0,278,37,89,130,22,0,424,29,69,88,238,0
142276,Idaho State University,2012,"10,000 - 19,999",13852,8701,5151,10751,11905,1720,512,7754,1919,1947,7441,1471,356,5551,63,1260,4464,249,156,2203,1856,687
142285,University of Idaho,2012,"10,000 - 19,999",12420,9488,2932,10623,9929,1617,665,6503,1144,2491,8138,1580,565,5952,41,1350,1791,37,100,551,1103,1141
142294,The College of Idaho,2012,"1,000 - 4,999",1059,1017,42,1033,1042,292,38,700,12,17,1003,287,34,681,1,14,39,5,4,19,11,3
142328,Lewis-Clark State College,2012,"1,000 - 4,999",4525,2549,1976,3346,4525,515,421,2402,1187,0,2549,469,269,1799,12,0,1976,46,152,603,1175,0
142337,ITT Technical Institute-Boise,2012,"Under 1,000",342,244,98,282,342,33,11,298,0,0,244,30,7,207,0,0,98,3,4,91,0,0
142407,Joseph Charles Institute of Cosmetology,2012,"Under 1,000",54,54,0,54,54,30,0,24,0,0,54,30,0,24,0,0,0,0,0,0,0,0
142416,Mr Leon's School of Hair Design-Moscow,2012,"Under 1,000",34,34,0,34,34,24,0,10,0,0,34,24,0,10,0,0,0,0,0,0,0,0
142443,North Idaho College,2012,"5,000 - 9,999",6565,3548,3017,4561,6565,1131,323,4195,916,0,3548,832,208,2363,145,0,3017,299,115,1832,771,0
142461,Northwest Nazarene University,2012,"1,000 - 4,999",2232,1705,527,1910,1477,243,113,907,214,755,1154,242,107,796,9,551,323,1,6,111,205,204
142489,The School of Hairstyling,2012,"Under 1,000",62,62,0,62,62,18,0,44,0,0,62,18,0,44,0,0,0,0,0,0,0,0
142522,Brigham Young University-Idaho,2012,"20,000 and above",23261,15235,8026,18388,23261,2653,1758,14976,3874,0,15235,2397,1677,11154,7,0,8026,256,81,3822,3867,0
142559,College of Southern Idaho,2012,"5,000 - 9,999",9266,3209,6057,5243,9266,1454,395,3869,3548,0,3209,1020,248,1804,137,0,6057,434,147,2065,3411,0
142832,Adler School of Professional Psychology,2012,"Under 1,000",978,762,216,845,0,0,0,0,0,978,0,0,0,0,0,762,0,0,0,0,0,216
142869,Alvareitas College of Cosmetology-Edwardsville,2012,"Under 1,000",66,46,20,54,66,50,0,16,0,0,46,37,0,9,0,0,20,13,0,7,0,0
142878,Alvareitas College of Cosmetology-Godfrey,2012,"Under 1,000",53,53,0,53,53,40,0,13,0,0,53,40,0,13,0,0,0,0,0,0,0,0
142887,American Academy of Art,2012,"Under 1,000",432,316,116,362,432,114,9,309,0,0,316,81,8,227,0,0,116,33,1,82,0,0
143048,School of the Art Institute of Chicago,2012,"1,000 - 4,999",3303,3031,272,3137,2622,563,232,1753,74,681,2384,561,219,1603,1,647,238,2,13,150,73,34
143084,Augustana College,2012,"1,000 - 4,999",2551,2532,19,2539,2551,656,52,1823,20,0,2532,656,52,1809,15,0,19,0,0,14,5,0
143118,Aurora University,2012,"1,000 - 4,999",4681,3048,1633,3676,2994,523,466,1992,13,1687,2608,523,383,1702,0,440,386,0,83,290,13,1247
143181,Concept College of Cosmetology,2012,"Under 1,000",34,34,0,34,34,9,0,25,0,0,34,9,0,25,0,0,0,0,0,0,0,0
143215,Southwestern Illinois College,2012,"10,000 - 19,999",11938,4930,7008,7283,11938,1576,671,8155,1536,0,4930,1140,387,3322,81,0,7008,436,284,4833,1455,0
143233,Bethany Theological Seminary,2012,"Under 1,000",63,32,31,44,0,0,0,0,0,63,0,0,0,0,0,32,0,0,0,0,0,31
143279,Black Hawk College,2012,"5,000 - 9,999",6360,2631,3729,3883,6360,599,351,3769,1641,0,2631,496,197,1831,107,0,3729,103,154,1938,1534,0
143288,Blackburn College,2012,"Under 1,000",546,531,15,537,546,138,60,343,5,0,531,135,60,334,2,0,15,3,0,9,3,0
143297,Blessing Rieman College of Nursing,2012,"Under 1,000",275,185,90,220,258,0,29,229,0,17,185,0,28,157,0,0,73,0,1,72,0,17
143303,Blessing Hospital School of Radiologic Technology,2012,"Under 1,000",21,21,0,21,21,0,0,21,0,0,21,0,0,21,0,0,0,0,0,0,0,0
143358,Bradley University,2012,"5,000 - 9,999",5458,4867,591,5095,4879,1016,286,3571,6,579,4632,1015,262,3355,0,235,247,1,24,216,6,344
143376,Paul Mitchell the School-Bradley,2012,"Under 1,000",400,296,104,337,400,346,0,54,0,0,296,259,0,37,0,0,104,87,0,17,0,0
143464,Cameo Beauty Academy,2012,"Under 1,000",100,55,45,73,100,5,0,95,0,0,55,3,0,52,0,0,45,2,0,43,0,0
143473,Cannella School of Hair Design-Villa Park,2012,"Under 1,000",91,27,64,52,91,73,0,18,0,0,27,19,0,8,0,0,64,54,0,10,0,0
143482,Cannella School of Hair Design-Chicago,2012,"Under 1,000",76,11,65,37,76,42,0,34,0,0,11,5,0,6,0,0,65,37,0,28,0,0
143491,Cannella School of Hair Design-Chicago,2012,"Under 1,000",126,15,111,59,126,72,0,54,0,0,15,6,0,9,0,0,111,66,0,45,0,0
143516,Cannella School of Hair Design-Elgin,2012,"Under 1,000",79,15,64,40,79,56,0,23,0,0,15,12,0,3,0,0,64,44,0,20,0,0
143543,Empire Beauty School-Hanover Park,2012,"Under 1,000",88,63,25,73,88,26,0,62,0,0,63,21,0,42,0,0,25,5,0,20,0,0
143552,Capri Beauty College,2012,"Under 1,000",104,75,29,87,104,6,0,98,0,0,75,5,0,70,0,0,29,1,0,28,0,0
143613,Carl Sandburg College,2012,"1,000 - 4,999",2460,1090,1370,1550,2460,496,343,1031,590,0,1090,358,218,484,30,0,1370,138,125,547,560,0
143659,Catholic Theological Union at Chicago,2012,"Under 1,000",428,131,297,244,0,0,0,0,0,428,0,0,0,0,0,131,0,0,0,0,0,297
143695,La James International College-East Moline,2012,"Under 1,000",25,25,0,25,25,7,0,18,0,0,25,7,0,18,0,0,0,0,0,0,0,0
143853,Midwestern University-Downers Grove,2012,"1,000 - 4,999",2547,2473,74,2501,0,0,0,0,0,2547,0,0,0,0,0,2473,0,0,0,0,0,74
143978,The Chicago School of Professional Psychology at Chicago,2012,"1,000 - 4,999",2874,1447,1427,1992,0,0,0,0,0,2874,0,0,0,0,0,1447,0,0,0,0,0,1427
144005,Chicago State University,2012,"5,000 - 9,999",6107,3796,2311,4699,4618,323,556,3714,25,1489,3012,263,415,2329,5,784,1606,60,141,1385,20,705
144014,Chicago Theological Seminary,2012,"Under 1,000",216,129,87,162,0,0,0,0,0,216,0,0,0,0,0,129,0,0,0,0,0,87
144050,University of Chicago,2012,"10,000 - 19,999",15245,12720,2525,13685,5618,1527,16,4069,6,9627,5559,1527,15,4012,5,7161,59,0,1,57,1,2466
144157,City Colleges of Chicago-Kennedy-King College,2012,"5,000 - 9,999",6234,3446,2788,4382,6234,977,135,3399,1723,0,3446,778,100,2178,390,0,2788,199,35,1221,1333,0
144166,City Colleges of Chicago-Malcolm X College,2012,"5,000 - 9,999",6523,2778,3745,4035,6523,881,325,3634,1683,0,2778,607,158,2003,10,0,3745,274,167,1631,1673,0
144175,City Colleges of Chicago-Olive-Harvey College,2012,"5,000 - 9,999",5001,2499,2502,3339,5001,457,192,2954,1398,0,2499,348,126,1423,602,0,2502,109,66,1531,796,0
144184,City Colleges of Chicago-Harry S Truman College,2012,"10,000 - 19,999",11925,3165,8760,6106,11925,921,560,4947,5497,0,3165,618,245,2091,211,0,8760,303,315,2856,5286,0
144193,City Colleges of Chicago-Richard J Daley College,2012,"5,000 - 9,999",9410,3564,5846,5527,9410,868,299,3705,4538,0,3564,533,137,1659,1235,0,5846,335,162,2046,3303,0
144209,City Colleges of Chicago-Harold Washington College,2012,"5,000 - 9,999",8947,5527,3420,6675,8947,1586,902,6042,417,0,5527,1244,516,3695,72,0,3420,342,386,2347,345,0
144218,City Colleges of Chicago-Wilbur Wright College,2012,"10,000 - 19,999",12468,4371,8097,7089,12468,1661,475,7002,3330,0,4371,1077,221,2806,267,0,8097,584,254,4196,3063,0
144281,Columbia College-Chicago,2012,"10,000 - 19,999",10783,9590,1193,10058,10310,2091,903,7214,102,473,9224,2024,820,6354,26,366,1086,67,83,860,76,107
144351,Concordia University-Chicago,2012,"5,000 - 9,999",5453,1784,3669,3187,1514,318,172,970,54,3939,1407,318,166,922,1,377,107,0,6,48,53,3562
144467,Le Cordon Bleu College of Culinary Arts-Chicago,2012,"1,000 - 4,999",1349,1349,0,1349,1349,159,117,1073,0,0,1349,159,117,1073,0,0,0,0,0,0,0,0
144485,Coyne College,2012,"Under 1,000",717,717,0,717,717,238,0,479,0,0,717,238,0,479,0,0,0,0,0,0,0,0
144564,Danville Area Community College,2012,"1,000 - 4,999",4227,1207,3020,2221,4227,625,133,1405,2064,0,1207,395,69,658,85,0,3020,230,64,747,1979,0
144573,Concept College of Cosmetology,2012,"Under 1,000",54,54,0,54,54,11,0,43,0,0,54,11,0,43,0,0,0,0,0,0,0,0
144740,DePaul University,2012,"20,000 and above",24966,19002,5964,21311,16498,2593,1738,11822,345,8468,13657,2591,1469,9567,30,5345,2841,2,269,2255,315,3123
144795,Cosmetology & Spa Academy,2012,"Under 1,000",137,119,18,126,137,46,0,91,0,0,119,44,0,75,0,0,18,2,0,16,0,0
144865,College of DuPage,2012,"20,000 and above",26156,9628,16528,15177,26156,4073,1002,14321,6760,0,9628,2820,448,5143,1217,0,16528,1253,554,9178,5543,0
144883,East-West University,2012,"Under 1,000",776,761,15,767,776,214,59,503,0,0,761,210,58,493,0,0,15,4,1,10,0,0
144892,Eastern Illinois University,2012,"10,000 - 19,999",10417,8525,1892,9254,8975,1295,966,6600,114,1442,7906,1295,810,5790,11,619,1069,0,156,810,103,823
144944,Elgin Community College,2012,"10,000 - 19,999",11554,3910,7644,6476,11554,1296,502,6823,2933,0,3910,906,240,2500,264,0,7644,390,262,4323,2669,0
144962,Elmhurst College,2012,"1,000 - 4,999",3298,2882,416,3043,3052,560,319,2076,97,246,2864,560,310,1963,31,18,188,0,9,113,66,228
144971,Eureka College,2012,"Under 1,000",754,692,62,716,754,156,71,498,29,0,692,156,66,467,3,0,62,0,5,31,26,0
145099,First Institute Inc,2012,"Under 1,000",251,251,0,251,251,68,0,183,0,0,251,68,0,183,0,0,0,0,0,0,0,0
145239,Fox College,2012,"Under 1,000",400,400,0,400,400,74,75,251,0,0,400,74,75,251,0,0,0,0,0,0,0,0
145275,Garrett-Evangelical Theological Seminary,2012,"Under 1,000",390,238,152,296,0,0,0,0,0,390,0,0,0,0,0,238,0,0,0,0,0,152
145309,Gem City College,2012,"Under 1,000",64,64,0,64,64,22,0,42,0,0,64,22,0,42,0,0,0,0,0,0,0,0
145336,Governors State University,2012,"5,000 - 9,999",5530,1902,3628,3292,3137,0,998,2103,36,2393,1282,0,502,778,2,620,1855,0,496,1325,34,1773
145354,Graham Hospital School of Nursing,2012,"Under 1,000",75,27,48,46,75,1,0,74,0,0,27,1,0,26,0,0,48,0,0,48,0,0
145372,Greenville College,2012,"1,000 - 4,999",1463,1213,250,1309,1224,262,140,755,67,239,1155,262,139,723,31,58,69,0,1,32,36,181
145406,Hair Professionals Academy of Cosmetology,2012,"Under 1,000",259,100,159,163,259,43,0,216,0,0,100,19,0,81,0,0,159,24,0,135,0,0
145424,Hair Professionals Career College,2012,"Under 1,000",65,20,45,38,65,10,0,55,0,0,20,3,0,17,0,0,45,7,0,38,0,0
145433,Hair Professionals School of Cosmetology,2012,"Under 1,000",101,41,60,65,101,21,0,80,0,0,41,7,0,34,0,0,60,14,0,46,0,0
145460,Harrington College of Design,2012,"Under 1,000",635,267,368,411,509,20,52,417,20,126,201,9,26,163,3,66,308,11,26,254,17,60
145497,Hebrew Theological College,2012,"Under 1,000",584,464,120,511,579,366,8,108,97,5,459,366,8,84,1,5,120,0,0,24,96,0
145521,Highland Community College,2012,"1,000 - 4,999",2064,1062,1002,1398,2064,463,83,1187,331,0,1062,363,56,594,49,0,1002,100,27,593,282,0
145558,Rosalind Franklin University of Medicine and Science,2012,"1,000 - 4,999",2084,2006,78,2036,0,0,0,0,0,2084,0,0,0,0,0,2006,0,0,0,0,0,78
145600,University of Illinois at Chicago,2012,"20,000 and above",27875,23071,4804,24863,16678,3123,1452,12018,85,11197,15381,3101,1299,10936,45,7690,1297,22,153,1082,40,3507
145619,Benedictine University,2012,"5,000 - 9,999",6516,3520,2996,4673,3724,610,473,2576,65,2792,2916,606,379,1918,13,604,808,4,94,658,52,2188
145628,Illinois College of Optometry,2012,"Under 1,000",626,626,0,626,0,0,0,0,0,626,0,0,0,0,0,626,0,0,0,0,0,0
145637,University of Illinois at Urbana-Champaign,2012,"20,000 and above",44520,40704,3816,42133,32281,6921,1350,22989,1021,12239,31118,6914,1336,22480,388,9586,1163,7,14,509,633,2653
145646,Illinois Wesleyan University,2012,"1,000 - 4,999",2013,2008,5,2010,2013,490,32,1485,6,0,2008,490,32,1480,6,0,5,0,0,5,0,0
145682,Illinois Central College,2012,"10,000 - 19,999",11125,4123,7002,6474,11125,1652,184,6623,2666,0,4123,1074,95,2593,361,0,7002,578,89,4030,2305,0
145691,Illinois College,2012,"Under 1,000",987,961,26,971,970,285,42,631,12,17,961,285,42,626,8,0,9,0,0,5,4,17
145707,Olney Central College,2012,"1,000 - 4,999",1477,692,785,956,1477,283,7,629,558,0,692,257,5,414,16,0,785,26,2,215,542,0
145725,Illinois Institute of Technology,2012,"5,000 - 9,999",7684,6292,1392,6826,2801,406,277,2046,72,4883,2610,406,253,1948,3,3682,191,0,24,98,69,1201
145770,Argosy University-Chicago,2012,"1,000 - 4,999",1206,344,862,675,311,61,50,198,2,895,146,33,28,85,0,198,165,28,22,113,2,697
145813,Illinois State University,2012,"20,000 and above",20706,18309,2397,19223,18257,3088,1908,13183,78,2449,17140,3076,1777,12230,57,1169,1117,12,131,953,21,1280
145831,Illinois Valley Community College,2012,"1,000 - 4,999",3944,1676,2268,2437,3944,345,107,2766,726,0,1676,215,61,1340,60,0,2268,130,46,1426,666,0
145886,Institute for Clinical Social Work,2012,"Under 1,000",94,82,12,87,0,0,0,0,0,94,0,0,0,0,0,82,0,0,0,0,0,12
146010,International Academy of Design and Technology-Chicago,2012,"Under 1,000",491,374,117,420,491,38,37,411,5,0,374,25,21,328,0,0,117,13,16,83,5,0
146205,John A Logan College,2012,"5,000 - 9,999",7437,2171,5266,3939,7437,788,866,4018,1765,0,2171,512,416,1185,58,0,5266,276,450,2833,1707,0
146241,The John Marshall Law School,2012,"1,000 - 4,999",1614,1217,397,1369,0,0,0,0,0,1614,0,0,0,0,0,1217,0,0,0,0,0,397
146278,John Wood Community College,2012,"1,000 - 4,999",2172,1040,1132,1420,2172,503,175,1208,286,0,1040,379,108,547,6,0,1132,124,67,661,280,0
146296,Joliet Junior College,2012,"10,000 - 19,999",15589,6013,9576,9228,15589,1751,413,10994,2431,0,6013,968,214,4567,264,0,9576,783,199,6427,2167,0
146339,Judson University,2012,"1,000 - 4,999",1127,794,333,924,1018,163,176,632,47,109,747,155,73,517,2,47,271,8,103,115,45,62
146348,Kankakee Community College,2012,"1,000 - 4,999",3913,1613,2300,2385,3913,366,116,2809,622,0,1613,263,56,1190,104,0,2300,103,60,1619,518,0
146366,Kaskaskia College,2012,"5,000 - 9,999",5104,2006,3098,3046,5104,452,116,2755,1781,0,2006,284,80,1579,63,0,3098,168,36,1176,1718,0
146393,Kendall College,2012,"1,000 - 4,999",1812,1068,744,1360,1812,97,271,1376,68,0,1068,91,208,761,8,0,744,6,63,615,60,0
146418,Kishwaukee College,2012,"1,000 - 4,999",4921,2426,2495,3264,4921,552,296,2910,1163,0,2426,430,228,1698,70,0,2495,122,68,1212,1093,0
146427,Knox College,2012,"1,000 - 4,999",1430,1392,38,1407,1430,390,50,954,36,0,1392,390,50,948,4,0,38,0,0,6,32,0
146454,Educators of Beauty College of Cosmetology-La Salle,2012,"Under 1,000",30,30,0,30,30,2,0,28,0,0,30,2,0,28,0,0,0,0,0,0,0,0
146472,College of Lake County,2012,"10,000 - 19,999",17577,4945,12632,9186,17577,1860,650,10290,4777,0,4945,1073,317,2832,723,0,12632,787,333,7458,4054,0
146481,Lake Forest College,2012,"1,000 - 4,999",1570,1538,32,1550,1552,416,69,1049,18,18,1534,416,69,1042,7,4,18,0,0,7,11,14
146490,Lake Forest Graduate School of Management,2012,"Under 1,000",650,0,650,248,0,0,0,0,0,650,0,0,0,0,0,0,0,0,0,0,0,650
146506,Lake Land College,2012,"5,000 - 9,999",6818,2970,3848,4262,6818,1140,232,2863,2583,0,2970,976,169,1731,94,0,3848,164,63,1132,2489,0
146533,Lakeview College of Nursing,2012,"Under 1,000",339,234,105,275,339,0,264,46,29,0,234,0,234,0,0,0,105,0,30,46,29,0
146603,Lewis and Clark Community College,2012,"5,000 - 9,999",8483,2416,6067,4453,8483,790,150,3910,3633,0,2416,612,87,1616,101,0,6067,178,63,2294,3532,0
146612,Lewis University,2012,"5,000 - 9,999",6539,4042,2497,5006,4579,673,579,3200,127,1960,3611,673,410,2526,2,431,968,0,169,674,125,1529
146667,Lincoln Christian University,2012,"1,000 - 4,999",1066,797,269,901,673,88,72,494,19,393,574,85,68,409,12,223,99,3,4,85,7,170
146676,Lincoln College,2012,"1,000 - 4,999",1232,803,429,972,1232,369,156,645,62,0,803,358,88,356,1,0,429,11,68,289,61,0
146685,Lincoln Land Community College,2012,"5,000 - 9,999",7193,3047,4146,4439,7193,1359,91,4268,1475,0,3047,931,54,1654,408,0,4146,428,37,2614,1067,0
146700,Lincoln College of Technology-Melrose Park,2012,"1,000 - 4,999",1065,1065,0,1065,1065,213,0,852,0,0,1065,213,0,852,0,0,0,0,0,0,0,0
146719,Loyola University Chicago,2012,"10,000 - 19,999",15720,13299,2421,14232,9723,2003,636,6826,258,5997,8952,2001,573,6219,159,4347,771,2,63,607,99,1650
146728,Lutheran School of Theology at Chicago,2012,"Under 1,000",257,163,94,199,0,0,0,0,0,257,0,0,0,0,0,163,0,0,0,0,0,94
146755,Trinity College of Nursing & Health Sciences,2012,"Under 1,000",232,119,113,163,232,0,59,126,47,0,119,0,32,87,0,0,113,0,27,39,47,0
146791,CET-Chicago,2012,"Under 1,000",342,342,0,342,342,137,0,205,0,0,342,137,0,205,0,0,0,0,0,0,0,0
146807,Mac Daniels Beauty School,2012,"Under 1,000",64,28,36,42,64,6,0,58,0,0,28,5,0,23,0,0,36,1,0,35,0,0
146816,MacCormac College,2012,"Under 1,000",194,96,98,135,194,36,99,58,1,0,96,31,40,25,0,0,98,5,59,33,1,0
146825,MacMurray College,2012,"Under 1,000",625,565,60,589,625,146,93,356,30,0,565,146,86,333,0,0,60,0,7,23,30,0
146977,McCormick Theological Seminary,2012,"Under 1,000",207,50,157,110,0,0,0,0,0,207,0,0,0,0,0,50,0,0,0,0,0,157
147004,McHenry County College,2012,"5,000 - 9,999",6976,2611,4365,4076,6976,762,0,3471,2743,0,2611,408,0,1488,715,0,4365,354,0,1983,2028,0
147013,McKendree University,2012,"1,000 - 4,999",3036,1842,1194,2305,2240,297,335,1559,49,796,1637,297,186,1150,4,205,603,0,149,409,45,591
147031,Meadville Lombard Theological School,2012,"Under 1,000",128,44,84,76,0,0,0,0,0,128,0,0,0,0,0,44,0,0,0,0,0,84
147129,Methodist College,2012,"Under 1,000",528,421,107,463,528,31,128,368,1,0,421,29,98,294,0,0,107,2,30,74,1,0
147165,Midstate College,2012,"Under 1,000",592,190,402,348,592,16,67,501,8,0,190,6,22,162,0,0,402,10,45,339,8,0
147244,Millikin University,2012,"1,000 - 4,999",2347,2229,118,2275,2264,533,174,1514,43,83,2161,530,156,1457,18,68,103,3,18,57,25,15
147341,Monmouth College,2012,"1,000 - 4,999",1242,1230,12,1235,1242,340,47,843,12,0,1230,340,47,836,7,0,12,0,0,7,5,0
147369,Moody Bible Institute,2012,"1,000 - 4,999",3670,2547,1123,2984,3087,483,438,2061,105,583,2377,431,363,1563,20,170,710,52,75,498,85,413
147378,Moraine Valley Community College,2012,"10,000 - 19,999",16650,6983,9667,10229,16650,2139,429,8334,5748,0,6983,1623,203,3573,1584,0,9667,516,226,4761,4164,0
147396,Morrison Institute of Technology,2012,"Under 1,000",82,82,0,82,82,44,4,34,0,0,82,44,4,34,0,0,0,0,0,0,0,0
147411,Morton College,2012,"5,000 - 9,999",5088,1387,3701,2630,5088,584,51,2283,2170,0,1387,281,17,725,364,0,3701,303,34,1558,1806,0
147439,Mr John's School of Cosmetology Esthetics & Nails-Decatur,2012,"Under 1,000",89,77,12,82,89,16,0,73,0,0,77,15,0,62,0,0,12,1,0,11,0,0
147536,National Louis University,2012,"5,000 - 9,999",5081,949,4132,2535,1341,30,331,928,52,3740,686,21,171,494,0,263,655,9,160,434,52,3477
147590,National University of Health Sciences,2012,"Under 1,000",844,732,112,775,125,0,40,45,40,719,60,0,24,20,16,672,65,0,16,25,24,47
147642,Niles School of Cosmetology,2012,"Under 1,000",78,23,55,45,78,20,0,58,0,0,23,4,0,19,0,0,55,16,0,39,0,0
147660,North Central College,2012,"1,000 - 4,999",3042,2656,386,2806,2755,552,289,1821,93,287,2560,552,274,1718,16,96,195,0,15,103,77,191
147679,North Park University,2012,"1,000 - 4,999",3141,1924,1217,2393,2203,346,254,1571,32,938,1834,346,183,1301,4,90,369,0,71,270,28,848
147697,Northern Baptist Theological Seminary,2012,"Under 1,000",202,122,80,153,0,0,0,0,0,202,0,0,0,0,0,122,0,0,0,0,0,80
147703,Northern Illinois University,2012,"20,000 and above",21869,16714,5155,18665,16552,2664,1913,11945,30,5317,14494,2630,1641,10216,7,2220,2058,34,272,1729,23,3097
147749,Northwestern College-Chicago Campus,2012,"Under 1,000",623,290,333,422,623,171,12,403,37,0,290,96,0,191,3,0,333,75,12,212,34,0
147767,Northwestern University,2012,"20,000 and above",21215,17188,4027,18736,9376,2037,108,6791,440,11839,8542,2037,108,6357,40,8646,834,0,0,434,400,3193
147776,Northeastern Illinois University,2012,"10,000 - 19,999",11149,5846,5303,7918,9140,1040,1327,6664,109,2009,5464,1000,793,3622,49,382,3676,40,534,3042,60,1627
147800,Oakton Community College,2012,"10,000 - 19,999",11402,3153,8249,5922,11402,1367,1146,7993,896,0,3153,738,301,2112,2,0,8249,629,845,5881,894,0
147819,Oehrlein School of Cosmetology,2012,"Under 1,000",75,75,0,75,75,49,0,26,0,0,75,49,0,26,0,0,0,0,0,0,0,0
147828,Olivet Nazarene University,2012,"1,000 - 4,999",4512,2989,1523,3576,3196,672,218,2290,16,1316,2694,667,134,1893,0,295,502,5,84,397,16,1021
147916,Parkland College,2012,"5,000 - 9,999",8679,3740,4939,5398,8679,1224,369,6067,1019,0,3740,817,235,2493,195,0,4939,407,134,3574,824,0
147970,Pivot Point Academy-Evanston,2012,"Under 1,000",216,216,0,216,216,67,0,149,0,0,216,67,0,149,0,0,0,0,0,0,0,0
148007,Prairie State College,2012,"5,000 - 9,999",5416,2078,3338,3199,5416,565,404,4086,361,0,2078,363,205,1481,29,0,3338,202,199,2605,332,0
148016,Principia College,2012,"Under 1,000",489,476,13,481,489,116,28,342,3,0,476,112,27,334,3,0,13,4,1,8,0,0
148098,Professional's Choice Hair Design Academy,2012,"Under 1,000",59,45,14,51,59,9,0,50,0,0,45,9,0,36,0,0,14,0,0,14,0,0
148131,Quincy University,2012,"1,000 - 4,999",1632,1247,385,1395,1226,262,101,823,40,406,1102,262,94,746,0,145,124,0,7,77,40,261
148140,Vatterott College-Quincy,2012,"Under 1,000",193,193,0,193,193,23,14,156,0,0,193,23,14,156,0,0,0,0,0,0,0,0
148177,The Illinois Institute of Art-Chicago,2012,"1,000 - 4,999",2558,1792,766,2093,2558,532,368,1658,0,0,1792,401,276,1115,0,0,766,131,92,543,0,0
148256,Rend Lake College,2012,"1,000 - 4,999",3815,1681,2134,2397,3815,1134,10,1137,1534,0,1681,879,6,716,80,0,2134,255,4,421,1454,0
148292,Richland Community College,2012,"1,000 - 4,999",3272,982,2290,1751,3272,565,6,2055,646,0,982,258,0,671,53,0,2290,307,6,1384,593,0
148335,Robert Morris University Illinois,2012,"1,000 - 4,999",3802,3106,696,3374,3230,756,891,1549,34,572,3065,756,866,1443,0,41,165,0,25,106,34,531
148380,Rock Valley College,2012,"5,000 - 9,999",8312,3567,4745,5160,8312,1442,271,5736,863,0,3567,883,147,2252,285,0,4745,559,124,3484,578,0
148399,Madison Media Institute - Rockford Career College,2012,"Under 1,000",537,215,322,343,537,108,0,429,0,0,215,52,0,163,0,0,322,56,0,266,0,0
148405,Rockford University,2012,"1,000 - 4,999",1305,910,395,1062,992,105,204,680,3,313,867,105,176,583,3,43,125,0,28,97,0,270
148487,Roosevelt University,2012,"5,000 - 9,999",6343,3877,2466,4830,3795,553,703,2474,65,2548,2779,535,556,1678,10,1098,1016,18,147,796,55,1450
148496,Dominican University,2012,"1,000 - 4,999",3589,2375,1214,2841,1995,406,105,1409,75,1594,1794,405,96,1267,26,581,201,1,9,142,49,1013
148511,Rush University,2012,"1,000 - 4,999",2172,1401,771,1696,108,0,40,66,2,2064,76,0,36,39,1,1325,32,0,4,27,1,739
148575,Saint Francis Medical Center College of Nursing,2012,"Under 1,000",638,311,327,437,402,0,90,312,0,236,294,0,64,230,0,17,108,0,26,82,0,219
148584,University of St Francis,2012,"1,000 - 4,999",3512,1539,1973,2298,1856,220,268,1353,15,1656,1411,220,190,1000,1,128,445,0,78,353,14,1528
148593,St John's College of Nursing,2012,"Under 1,000",119,112,7,115,119,0,57,62,0,0,112,0,57,55,0,0,7,0,0,7,0,0
148627,Saint Xavier University,2012,"1,000 - 4,999",4384,2623,1761,3301,2843,475,348,1997,23,1541,2382,473,276,1626,7,241,461,2,72,371,16,1300
148654,University of Illinois at Springfield,2012,"5,000 - 9,999",5048,2469,2579,3448,3054,270,637,2069,78,1994,1948,269,403,1262,14,521,1106,1,234,807,64,1473
148672,Sauk Valley Community College,2012,"1,000 - 4,999",2230,1060,1170,1453,2230,485,80,1401,264,0,1060,373,43,627,17,0,1170,112,37,774,247,0
148724,Seabury-Western Theological Seminary,2012,Not reported,,,,,,,,,,,,,,,,,,,,,,
148821,Shawnee Community College,2012,"1,000 - 4,999",2085,646,1439,1129,2085,122,23,1449,491,0,646,31,10,522,83,0,1439,91,13,927,408,0
148849,Shimer College,2012,"Under 1,000",112,95,17,102,112,7,16,89,0,0,95,7,13,75,0,0,17,0,3,14,0,0
148876,Saint Augustine College,2012,"1,000 - 4,999",1612,1237,375,1384,1612,271,87,1238,16,0,1237,242,67,923,5,0,375,29,20,315,11,0
148885,University of Saint Mary of the Lake,2012,"Under 1,000",215,215,0,215,0,0,0,0,0,215,0,0,0,0,0,215,0,0,0,0,0,0
148937,Southeastern Illinois College,2012,"1,000 - 4,999",2087,832,1255,1253,2087,260,24,805,998,0,832,165,15,483,169,0,1255,95,9,322,829,0
148955,National Latino Education Institute,2012,"Under 1,000",73,73,0,73,73,13,0,60,0,0,73,13,0,60,0,0,0,0,0,0,0,0
148982,Spertus College,2012,"Under 1,000",307,14,293,126,0,0,0,0,0,307,0,0,0,0,0,14,0,0,0,0,0,293
148991,Spoon River College,2012,"1,000 - 4,999",1883,785,1098,1154,1883,390,246,722,525,0,785,287,150,332,16,0,1098,103,96,390,509,0
149028,Saint Anthony College of Nursing,2012,"Under 1,000",311,181,130,232,254,0,35,216,3,57,176,0,30,146,0,5,78,0,5,70,3,52
149204,Educators of Beauty College of Cosmetology-Sterling,2012,"Under 1,000",49,49,0,49,49,6,0,43,0,0,49,6,0,43,0,0,0,0,0,0,0,0
149222,Southern Illinois University-Carbondale,2012,"10,000 - 19,999",18847,15061,3786,16503,14130,2368,2061,9648,53,4717,12387,2313,1838,8204,32,2674,1743,55,223,1444,21,2043
149231,Southern Illinois University-Edwardsville,2012,"10,000 - 19,999",14055,10768,3287,12028,11341,2075,1221,7994,51,2714,9648,2039,961,6632,16,1120,1693,36,260,1362,35,1594
149310,Taylor Business Institute,2012,"Under 1,000",245,245,0,245,245,25,3,81,136,0,245,25,3,81,136,0,0,0,0,0,0,0
149329,Telshe Yeshiva-Chicago,2012,"Under 1,000",81,81,0,81,68,18,0,50,0,13,68,18,0,50,0,13,0,0,0,0,0,0
149365,South Suburban College,2012,"5,000 - 9,999",6043,2316,3727,3567,6043,1293,508,3670,572,0,2316,727,207,1249,133,0,3727,566,301,2421,439,0
149499,Tri-County Beauty Academy,2012,"Under 1,000",20,20,0,20,20,2,0,18,0,0,20,2,0,18,0,0,0,0,0,0,0,0
149505,Trinity Christian College,2012,"1,000 - 4,999",1369,1085,284,1196,1346,187,145,883,131,23,1075,187,98,733,57,10,271,0,47,150,74,13
149514,Trinity International University-Illinois,2012,"1,000 - 4,999",2284,1209,1075,1622,947,158,103,676,10,1337,781,157,82,541,1,428,166,1,21,135,9,909
149532,Triton College,2012,"10,000 - 19,999",13938,4071,9867,7384,13938,2635,28,7596,3679,0,4071,1386,2,2556,127,0,9867,1249,26,5040,3552,0
149550,University of Spa & Cosmetology Arts,2012,"Under 1,000",223,155,68,182,223,51,0,172,0,0,155,41,0,114,0,0,68,10,0,58,0,0
149639,VanderCook College of Music,2012,"Under 1,000",227,122,105,162,139,27,0,83,29,88,108,27,0,81,0,14,31,0,0,2,29,74
149727,Waubonsee Community College,2012,"10,000 - 19,999",11146,3666,7480,6177,11146,1391,498,6514,2743,0,3666,911,230,2449,76,0,7480,480,268,4065,2667,0
149763,Resurrection University,2012,"Under 1,000",473,358,115,403,354,0,110,244,0,119,249,0,83,166,0,109,105,0,27,78,0,10
149772,Western Illinois University,2012,"10,000 - 19,999",12205,10001,2204,10844,10263,1754,1328,7181,0,1942,9161,1732,1117,6312,0,840,1102,22,211,869,0,1102
149781,Wheaton College,2012,"1,000 - 4,999",3034,2704,330,2831,2508,598,63,1816,31,526,2435,598,63,1772,2,269,73,0,0,44,29,257
149842,Harper College,2012,"10,000 - 19,999",14706,5556,9150,8628,14706,2239,1665,7009,3793,0,5556,1463,518,2525,1050,0,9150,776,1147,4484,2743,0
150048,Ancilla College,2012,"Under 1,000",439,294,145,352,439,121,44,250,24,0,294,112,28,154,0,0,145,9,16,96,24,0
150066,Anderson University,2012,"1,000 - 4,999",2516,1950,566,2168,2034,519,111,1389,15,482,1868,515,86,1266,1,82,166,4,25,123,14,400
150075,Apex Academy of Hair Design Inc,2012,"Under 1,000",10,10,0,10,10,2,0,8,0,0,10,2,0,8,0,0,0,0,0,0,0,0
150136,Ball State University,2012,"20,000 and above",21053,17317,3736,18712,16652,3556,774,11993,329,4401,15597,3543,713,11144,197,1720,1055,13,61,849,132,2681
150145,Bethel College-Indiana,2012,"1,000 - 4,999",1963,1438,525,1643,1801,233,237,1263,68,162,1414,226,175,1012,1,24,387,7,62,251,67,138
150163,Butler University,2012,"1,000 - 4,999",4712,4234,478,4417,3961,1101,297,2513,50,751,3885,1101,284,2479,21,349,76,0,13,34,29,402
150172,Calumet College of Saint Joseph,2012,"1,000 - 4,999",1030,463,567,684,867,134,122,611,0,163,438,120,48,270,0,25,429,14,74,341,0,138
150215,Christian Theological Seminary,2012,"Under 1,000",206,143,63,167,0,0,0,0,0,206,0,0,0,0,0,143,0,0,0,0,0,63
150251,College of Court Reporting Inc,2012,"Under 1,000",256,80,176,150,256,58,0,173,25,0,80,33,0,47,0,0,176,25,0,126,25,0
150288,Concordia Theological Seminary,2012,"Under 1,000",294,227,67,253,0,0,0,0,0,294,0,0,0,0,0,227,0,0,0,0,0,67
150303,Tricoci University of Beauty Culture-Highland,2012,"Under 1,000",161,111,50,131,161,26,0,135,0,0,111,18,0,93,0,0,50,8,0,42,0,0
150400,DePauw University,2012,"1,000 - 4,999",2336,2307,29,2318,2336,578,21,1700,37,0,2307,578,21,1693,15,0,29,0,0,7,22,0
150428,Don Roberts School of Hair Design,2012,"Under 1,000",54,43,11,47,54,49,0,5,0,0,43,39,0,4,0,0,11,10,0,1,0,0
150437,Don Roberts Beauty School,2012,"Under 1,000",63,25,38,40,63,16,0,47,0,0,25,16,0,9,0,0,38,0,0,38,0,0
150455,Earlham College,2012,"1,000 - 4,999",1196,1146,50,1165,1087,286,14,720,67,109,1071,286,14,712,59,75,16,0,0,8,8,34
150534,University of Evansville,2012,"1,000 - 4,999",2757,2554,203,2634,2612,518,77,1903,114,145,2418,518,71,1829,0,136,194,0,6,74,114,9
150604,Franklin College,2012,"1,000 - 4,999",1053,1006,47,1024,1053,289,0,731,33,0,1006,289,0,717,0,0,47,0,0,14,33,0
150668,Goshen College,2012,"Under 1,000",922,808,114,852,878,168,62,629,19,44,806,168,62,571,5,2,72,0,0,58,14,42
150677,Grace College and Theological Seminary,2012,"1,000 - 4,999",1821,1381,440,1552,1530,344,58,793,335,291,1222,344,56,761,61,159,308,0,2,32,274,132
150695,Hair Fashions By Kaye Beauty College-Noblesville,2012,"Under 1,000",70,70,0,70,70,34,0,36,0,0,70,34,0,36,0,0,0,0,0,0,0,0
150710,Hair Fashions By Kaye Beauty College-Indianapolis,2012,"Under 1,000",125,125,0,125,125,21,0,104,0,0,125,21,0,104,0,0,0,0,0,0,0,0
150756,Hanover College,2012,"1,000 - 4,999",1123,1116,7,1119,1123,372,10,739,2,0,1116,372,10,734,0,0,7,0,0,5,2,0
150765,J Michael Harrold Beauty Academy,2012,"Under 1,000",83,83,0,83,83,12,0,71,0,0,83,12,0,71,0,0,0,0,0,0,0,0
150774,Holy Cross College,2012,"Under 1,000",450,429,21,437,450,117,37,281,15,0,429,117,37,273,2,0,21,0,0,8,13,0
150853,PJ's College of Cosmetology-Clarksville,2012,"Under 1,000",133,126,7,129,133,2,0,131,0,0,126,1,0,125,0,0,7,1,0,6,0,0
150941,Huntington University,2012,"1,000 - 4,999",1204,1069,135,1122,1130,240,48,817,25,74,1043,238,45,760,0,26,87,2,3,57,25,48
150987,Ivy Tech Community College,2012,"20,000 and above",100272,37662,62610,58682,100272,18718,5891,66503,9160,0,37662,9953,2838,24181,690,0,62610,8765,3053,42322,8470,0
151102,Indiana University-Purdue University-Fort Wayne,2012,"10,000 - 19,999",13771,8008,5763,10312,13117,1629,673,8299,2516,654,7870,1534,500,5779,57,138,5247,95,173,2520,2459,516
151111,Indiana University-Purdue University-Indianapolis,2012,"20,000 and above",30451,20223,10228,24180,22271,3359,1796,16224,892,8180,16127,3049,1319,11607,152,4096,6144,310,477,4617,740,4084
151166,Harrison College-Indianapolis,2012,"1,000 - 4,999",4547,2584,1963,3355,4547,260,525,3761,1,0,2584,172,317,2094,1,0,1963,88,208,1667,0,0
151263,University of Indianapolis,2012,"5,000 - 9,999",5484,3547,1937,4300,4259,860,316,3018,65,1225,3104,832,194,2072,6,443,1155,28,122,946,59,782
151290,Indiana Institute of Technology,2012,"5,000 - 9,999",5796,3872,1924,4627,5230,724,837,3649,20,566,3411,468,423,2510,10,461,1819,256,414,1139,10,105
151306,University of Southern Indiana,2012,"10,000 - 19,999",10467,8058,2409,8996,9498,1876,651,6795,176,969,7902,1852,452,5553,45,156,1596,24,199,1242,131,813
151324,Indiana State University,2012,"10,000 - 19,999",12114,9499,2615,10503,10076,2664,748,6404,260,2038,8675,2658,545,5466,6,824,1401,6,203,938,254,1214
151333,Indiana University-Kokomo,2012,"1,000 - 4,999",3719,1906,1813,2633,3581,450,293,1911,927,138,1869,404,201,1257,7,37,1712,46,92,654,920,101
151342,Indiana University-South Bend,2012,"5,000 - 9,999",8490,4237,4253,5931,7860,955,417,4573,1915,630,4134,796,277,3009,52,103,3726,159,140,1564,1863,527
151351,Indiana University-Bloomington,2012,"20,000 and above",42133,37263,4870,39084,32371,7613,943,23371,444,9762,30949,7579,902,22364,104,6314,1422,34,41,1007,340,3448
151360,Indiana University-Northwest,2012,"5,000 - 9,999",6184,3383,2801,4496,5636,750,338,3729,819,548,3260,639,224,2369,28,123,2376,111,114,1360,791,425
151379,Indiana University-Southeast,2012,"5,000 - 9,999",6904,3777,3127,5011,6203,934,475,4337,457,701,3751,833,292,2607,19,26,2452,101,183,1730,438,675
151388,Indiana University-East,2012,"1,000 - 4,999",4186,2043,2143,2904,4052,393,407,2186,1066,134,1988,366,273,1330,19,55,2064,27,134,856,1047,79
151458,International Business College-Fort Wayne,2012,"Under 1,000",438,438,0,438,438,168,30,240,0,0,438,168,30,240,0,0,0,0,0,0,0,0
151467,International Business College-Indianapolis,2012,"Under 1,000",403,403,0,403,403,176,105,122,0,0,403,176,105,122,0,0,0,0,0,0,0,0
151494,ITT Technical Institute-Nashville,2012,"Under 1,000",549,402,147,460,549,63,27,459,0,0,402,55,14,333,0,0,147,8,13,126,0,0
151500,ITT Technical Institute-Fort Wayne,2012,"Under 1,000",387,240,147,298,387,32,5,350,0,0,240,26,1,213,0,0,147,6,4,137,0,0
151519,ITT Technical Institute-Indianapolis,2012,"5,000 - 9,999",5597,2681,2916,3825,5462,792,102,4568,0,135,2680,345,62,2273,0,1,2782,447,40,2295,0,134
151537,J Everett Light Career Center,2012,"Under 1,000",40,40,0,40,40,39,0,1,0,0,40,39,0,1,0,0,0,0,0,0,0,0
151564,Knox Beauty College,2012,"Under 1,000",48,20,28,31,48,37,0,11,0,0,20,12,0,8,0,0,28,25,0,3,0,0
151607,Lafayette Beauty Academy,2012,"Under 1,000",63,45,18,52,63,6,0,57,0,0,45,6,0,39,0,0,18,0,0,18,0,0
151616,Brown Mackie College-Merrillville,2012,"Under 1,000",677,677,0,677,677,92,101,483,1,0,677,92,101,483,1,0,0,0,0,0,0,0
151625,Brown Mackie College-Michigan City,2012,"Under 1,000",389,389,0,389,389,59,41,289,0,0,389,59,41,289,0,0,0,0,0,0,0,0
151652,Empire Beauty School-Indianapolis,2012,"Under 1,000",186,133,53,154,186,62,0,124,0,0,133,47,0,86,0,0,53,15,0,38,0,0
151661,Lincoln College of Technology-Indianapolis,2012,"1,000 - 4,999",1328,1328,0,1328,1328,431,10,887,0,0,1328,431,10,887,0,0,0,0,0,0,0,0
151777,Manchester University,2012,"1,000 - 4,999",1345,1317,28,1328,1257,372,31,838,16,88,1232,372,31,825,4,85,25,0,0,13,12,3
151786,Marian University,2012,"1,000 - 4,999",2580,1693,887,2038,2241,300,300,1490,151,339,1672,298,180,1189,5,21,569,2,120,301,146,318
151801,Indiana Wesleyan University,2012,"10,000 - 19,999",15580,13934,1646,14576,11103,1543,1787,7555,218,4477,9887,1506,1701,6678,2,4047,1216,37,86,877,216,430
151810,Martin University,2012,"Under 1,000",718,287,431,456,655,64,48,539,4,63,262,28,20,214,0,25,393,36,28,325,4,38
151829,Masters of Cosmetology College,2012,"Under 1,000",117,117,0,117,117,7,0,110,0,0,117,7,0,110,0,0,0,0,0,0,0,0
151865,Anabaptist Mennonite Biblical Seminary,2012,"Under 1,000",98,47,51,66,0,0,0,0,0,98,0,0,0,0,0,47,0,0,0,0,0,51
151874,Merrillville Beauty College,2012,"Under 1,000",85,67,18,74,85,29,0,56,0,0,67,27,0,40,0,0,18,2,0,16,0,0
151944,Brown Mackie College-South Bend,2012,"Under 1,000",652,652,0,652,652,87,65,500,0,0,652,87,65,500,0,0,0,0,0,0,0,0
151962,Mid-America College of Funeral Service,2012,"Under 1,000",62,62,0,62,62,26,1,35,0,0,62,26,1,35,0,0,0,0,0,0,0,0
152044,West Michigan College of Barbering and Beauty,2012,"Under 1,000",117,39,78,70,117,39,0,78,0,0,39,8,0,31,0,0,78,31,0,47,0,0
152080,University of Notre Dame,2012,"10,000 - 19,999",12126,11940,186,12011,8475,2014,137,6315,9,3651,8462,2014,137,6302,9,3478,13,0,0,13,0,173
152099,Oakland City University,2012,"1,000 - 4,999",2517,515,2002,1299,2292,109,35,424,1724,225,476,101,28,347,0,39,1816,8,7,77,1724,186
152150,PJ's College of Cosmetology-Richmond,2012,"Under 1,000",18,13,5,15,18,2,0,16,0,0,13,1,0,12,0,0,5,1,0,4,0,0
152248,Purdue University-Calumet Campus,2012,"10,000 - 19,999",10054,5510,4544,7311,8912,956,686,6375,895,1142,5140,890,286,3814,150,370,3772,66,400,2561,745,772
152266,Purdue University-North Central Campus,2012,"5,000 - 9,999",6048,2701,3347,4049,5982,655,305,2532,2490,66,2701,611,224,1741,125,0,3281,44,81,791,2365,66
152275,Ravenscroft Beauty College,2012,"Under 1,000",135,91,44,108,135,23,0,112,0,0,91,16,0,75,0,0,44,7,0,37,0,0
152309,Rogers Academy of Hair Design,2012,"Under 1,000",60,58,2,59,60,53,0,7,0,0,58,52,0,6,0,0,2,1,0,1,0,0
152318,Rose-Hulman Institute of Technology,2012,"1,000 - 4,999",2214,2179,35,2192,2121,621,44,1432,24,93,2114,621,44,1428,21,65,7,0,0,4,3,28
152327,Rudae's School of Beauty Culture-Kokomo,2012,"Under 1,000",43,43,0,43,43,7,0,36,0,0,43,7,0,36,0,0,0,0,0,0,0,0
152336,University of Saint Francis-Fort Wayne,2012,"1,000 - 4,999",2329,1730,599,1963,1978,367,170,1344,97,351,1587,365,118,1104,0,143,391,2,52,240,97,208
152363,Saint Josephs College,2012,"1,000 - 4,999",1074,986,88,1020,1064,261,90,682,31,10,985,260,85,640,0,1,79,1,5,42,31,9
152381,Saint Mary-of-the-Woods College,2012,"1,000 - 4,999",1030,588,442,761,864,73,92,603,96,166,442,70,57,306,9,146,422,3,35,297,87,20
152390,Saint Mary's College,2012,"1,000 - 4,999",1469,1456,13,1461,1469,417,25,1012,15,0,1456,417,25,1005,9,0,13,0,0,7,6,0
152415,Kaplan College-Hammond,2012,"Under 1,000",397,397,0,397,397,49,62,286,0,0,397,49,62,286,0,0,0,0,0,0,0,0
152451,Saint Meinrad School of Theology,2012,"Under 1,000",243,163,80,194,0,0,0,0,0,243,0,0,0,0,0,163,0,0,0,0,0,80
152497,Saint Elizabeth School of Nursing,2012,"Under 1,000",253,216,37,231,253,20,0,233,0,0,216,20,0,196,0,0,37,0,0,37,0,0
152530,Taylor University,2012,"1,000 - 4,999",2360,1927,433,2097,2239,498,40,1351,350,121,1846,498,39,1291,18,81,393,0,1,60,332,40
152567,Trine University,2012,"1,000 - 4,999",1948,1503,445,1678,1943,468,34,1001,440,5,1498,468,34,960,36,5,445,0,0,41,404,0
152600,Valparaiso University,2012,"1,000 - 4,999",4078,3661,417,3822,2980,772,192,1966,50,1098,2855,771,175,1884,25,806,125,1,17,82,25,292
152628,Vincennes Beauty College,2012,"Under 1,000",92,49,43,66,92,16,0,76,0,0,49,14,0,35,0,0,43,2,0,41,0,0
152637,Vincennes University,2012,"10,000 - 19,999",17530,6199,11331,10772,17530,2644,431,5123,9332,0,6199,1986,306,3386,521,0,11331,658,125,1737,8811,0
152673,Wabash College,2012,"Under 1,000",906,904,2,905,906,252,7,642,5,0,904,252,7,641,4,0,2,0,0,1,1,0
152798,Allen College,2012,"Under 1,000",543,279,264,381,385,1,149,235,0,158,247,0,81,166,0,32,138,1,68,69,0,126
152822,AIB College of Business,2012,"Under 1,000",905,610,295,726,905,163,133,592,17,0,610,149,97,362,2,0,295,14,36,230,15,0
152992,Briar Cliff University,2012,"1,000 - 4,999",1150,861,289,973,1030,233,157,593,47,120,850,233,112,505,0,11,180,0,45,88,47,109
153001,Buena Vista University,2012,"1,000 - 4,999",2416,2003,413,2164,2330,228,342,1578,182,86,2003,228,320,1364,91,0,327,0,22,214,91,86
153074,Capri College-Dubuque,2012,"Under 1,000",139,139,0,139,139,17,0,122,0,0,139,17,0,122,0,0,0,0,0,0,0,0
153083,Capri College-Cedar Rapids,2012,"Under 1,000",225,225,0,225,225,16,0,209,0,0,225,16,0,209,0,0,0,0,0,0,0,0
153092,American College of Hairstyling-Cedar Rapids,2012,"Under 1,000",11,11,0,11,11,2,0,9,0,0,11,2,0,9,0,0,0,0,0,0,0,0
153108,Central College,2012,"1,000 - 4,999",1486,1461,25,1471,1486,320,43,1054,69,0,1461,320,43,1039,59,0,25,0,0,15,10,0
153126,Clarke University,2012,"1,000 - 4,999",1191,971,220,1057,967,155,121,682,9,224,829,155,108,565,1,142,138,0,13,117,8,82
153144,Coe College,2012,"1,000 - 4,999",1367,1304,63,1329,1364,364,30,925,45,3,1304,364,28,901,11,0,60,0,2,24,34,3
153162,Cornell College,2012,"1,000 - 4,999",1180,1171,9,1175,1180,302,37,835,6,0,1171,302,37,826,6,0,9,0,0,9,0,0
153171,Iowa School of Beauty-Marshalltown,2012,"Under 1,000",26,26,0,26,26,6,0,20,0,0,26,6,0,20,0,0,0,0,0,0,0,0
153214,Des Moines Area Community College,2012,"20,000 and above",23685,8433,15252,13554,23685,3717,1023,11044,7901,0,8433,2501,639,5027,266,0,15252,1216,384,6017,7635,0
153241,Divine Word College,2012,"Under 1,000",106,102,4,104,106,11,1,89,5,0,102,11,1,89,1,0,4,0,0,0,4,0
153250,Dordt College,2012,"1,000 - 4,999",1394,1339,55,1360,1373,345,51,945,32,21,1339,344,50,943,2,0,34,1,1,2,30,21
153269,Drake University,2012,"5,000 - 9,999",5270,4205,1065,4614,3365,848,132,2330,55,1905,3189,848,125,2214,2,1016,176,0,7,116,53,889
153278,University of Dubuque,2012,"1,000 - 4,999",2011,1677,334,1806,1675,448,127,1084,16,336,1518,446,110,962,0,159,157,2,17,122,16,177
153296,Ellsworth Community College,2012,"1,000 - 4,999",1100,762,338,875,1100,378,117,396,209,0,762,353,101,296,12,0,338,25,16,100,197,0
153302,Emmaus Bible College,2012,"Under 1,000",204,188,16,194,204,44,26,134,0,0,188,41,25,122,0,0,16,3,1,12,0,0
153311,Eastern Iowa Community College District,2012,"5,000 - 9,999",8474,3287,5187,5028,8474,1328,122,4830,2194,0,3287,859,66,1859,503,0,5187,469,56,2971,1691,0
153320,Faith Baptist Bible College and Theological Seminary,2012,"Under 1,000",300,246,54,267,261,70,11,172,8,39,234,68,10,155,1,12,27,2,1,17,7,27
153339,Faust Institute of Cosmetology-Storm Lake,2012,"Under 1,000",28,28,0,28,28,11,0,17,0,0,28,11,0,17,0,0,0,0,0,0,0,0
153366,Graceland University-Lamoni,2012,"1,000 - 4,999",2222,1568,654,1821,1495,232,189,926,148,727,1187,231,161,792,3,381,308,1,28,134,145,346
153375,Grand View University,2012,"1,000 - 4,999",2234,1787,447,1962,2197,294,345,1523,35,37,1787,293,283,1209,2,0,410,1,62,314,33,37
153384,Grinnell College,2012,"1,000 - 4,999",1674,1615,59,1638,1674,444,14,1153,63,0,1615,444,14,1151,6,0,59,0,0,2,57,0
153409,Kaplan University-Mason City Campus,2012,"Under 1,000",272,138,134,190,241,17,42,182,0,31,135,2,19,114,0,3,106,15,23,68,0,28
153418,Kaplan University-Cedar Rapids Campus,2012,"Under 1,000",584,360,224,448,556,20,81,455,0,28,355,8,31,316,0,5,201,12,50,139,0,23
153427,Hamilton Technical College,2012,"Under 1,000",218,218,0,218,218,99,0,119,0,0,218,99,0,119,0,0,0,0,0,0,0,0
153445,Hawkeye Community College,2012,"5,000 - 9,999",5942,3297,2645,4185,5942,1305,1075,2166,1396,0,3297,1065,741,1459,32,0,2645,240,334,707,1364,0
153463,American Hair Academy,2012,"Under 1,000",33,33,0,33,33,6,0,27,0,0,33,6,0,27,0,0,0,0,0,0,0,0
153472,Indian Hills Community College,2012,"1,000 - 4,999",4885,2954,1931,3602,4885,975,829,1344,1737,0,2954,914,594,979,467,0,1931,61,235,365,1270,0
153524,Iowa Central Community College,2012,"5,000 - 9,999",6216,3395,2821,4342,6216,1285,188,2431,2312,0,3395,1212,126,1603,454,0,2821,73,62,828,1858,0
153533,Iowa Lakes Community College,2012,"1,000 - 4,999",2954,1548,1406,2020,2954,459,318,1283,894,0,1548,425,169,922,32,0,1406,34,149,361,862,0
153542,UnityPoint Health-Des Moines School of Radiologic Technology,2012,"Under 1,000",20,20,0,20,20,10,0,10,0,0,20,10,0,10,0,0,0,0,0,0,0,0
153588,American College of Hairstyling-Des Moines,2012,"Under 1,000",29,29,0,29,29,7,0,22,0,0,29,7,0,22,0,0,0,0,0,0,0,0
153597,Iowa School of Beauty-Des Moines,2012,"Under 1,000",149,149,0,149,149,49,0,100,0,0,149,49,0,100,0,0,0,0,0,0,0,0
153603,Iowa State University,2012,"20,000 and above",30748,27296,3452,28601,25553,5366,1841,17851,495,5195,24209,5354,1750,16916,189,3087,1344,12,91,935,306,2108
153621,Iowa Wesleyan College,2012,"Under 1,000",651,531,120,578,651,113,99,422,17,0,531,112,96,322,1,0,120,1,3,100,16,0
153630,Iowa Western Community College,2012,"5,000 - 9,999",7367,3981,3386,5118,7367,1499,695,3299,1874,0,3981,1316,517,2054,94,0,3386,183,178,1245,1780,0
153658,University of Iowa,2012,"20,000 and above",30129,24572,5557,26681,21999,4470,1258,15592,679,8130,19639,4293,1034,14122,190,4933,2360,177,224,1470,489,3197
153737,Kirkwood Community College,2012,"10,000 - 19,999",16659,8046,8613,10938,16659,2993,3078,6547,4041,0,8046,2472,1640,3642,292,0,8613,521,1438,2905,3749,0
153746,La James International College-Cedar Falls,2012,"Under 1,000",106,106,0,106,106,31,0,75,0,0,106,31,0,75,0,0,0,0,0,0,0,0
153764,La James International College-Johnston,2012,"Under 1,000",133,133,0,133,133,44,0,89,0,0,133,44,0,89,0,0,0,0,0,0,0,0
153773,La James College of Hairstyling and Cosmetology,2012,"Under 1,000",97,97,0,97,97,65,0,32,0,0,97,65,0,32,0,0,0,0,0,0,0,0
153782,La James International College-Ft Dodge,2012,"Under 1,000",90,90,0,90,90,36,0,54,0,0,90,36,0,54,0,0,0,0,0,0,0,0
153825,Loras College,2012,"1,000 - 4,999",1537,1466,71,1494,1497,374,48,1068,7,40,1456,374,47,1035,0,10,41,0,1,33,7,30
153834,Luther College,2012,"1,000 - 4,999",2473,2421,52,2441,2473,645,35,1722,71,0,2421,644,35,1709,33,0,52,1,0,13,38,0
153861,Maharishi University of Management,2012,"1,000 - 4,999",1133,826,307,943,356,36,69,247,4,777,337,35,67,235,0,489,19,1,2,12,4,288
153922,Marshalltown Community College,2012,"1,000 - 4,999",2005,1051,954,1371,2005,450,95,865,595,0,1051,358,77,594,22,0,954,92,18,271,573,0
153977,Mercy College of Health Sciences,2012,"Under 1,000",846,390,456,569,846,43,262,526,15,0,390,34,168,188,0,0,456,9,94,338,15,0
154004,Morningside College,2012,"1,000 - 4,999",2221,1202,1019,1592,1239,273,79,860,27,982,1199,273,77,834,15,3,40,0,2,26,12,979
154013,Mount Mercy University,2012,"1,000 - 4,999",1810,1023,787,1330,1513,158,284,1054,17,297,915,158,160,597,0,108,598,0,124,457,17,189
154022,Ashford University,2012,"20,000 and above",77734,77690,44,77707,69380,2581,13225,53068,506,8354,69336,2581,13225,53060,470,8354,44,0,0,8,36,0
154059,North Iowa Area Community College,2012,"1,000 - 4,999",3279,1684,1595,2220,3279,678,187,2326,88,0,1684,617,139,921,7,0,1595,61,48,1405,81,0
154095,University of Northern Iowa,2012,"10,000 - 19,999",12273,10361,1912,11093,10655,1704,985,7824,142,1618,9679,1678,891,7066,44,682,976,26,94,758,98,936
154101,Northwestern College,2012,"1,000 - 4,999",1232,1169,63,1194,1232,302,52,835,43,0,1169,302,50,810,7,0,63,0,2,25,36,0
154110,Northeast Iowa Community College-Calmar,2012,"5,000 - 9,999",5018,2066,2952,3057,5018,756,269,2143,1850,0,2066,597,165,1231,73,0,2952,159,104,912,1777,0
154129,Northwest Iowa Community College,2012,"1,000 - 4,999",1621,692,929,1004,1621,288,197,407,729,0,692,250,150,273,19,0,929,38,47,134,710,0
154156,Des Moines University-Osteopathic Medical Center,2012,"1,000 - 4,999",1801,1423,378,1567,0,0,0,0,0,1801,0,0,0,0,0,1423,0,0,0,0,0,378
154165,Iowa School of Beauty-Ottumwa,2012,"Under 1,000",72,72,0,72,72,14,0,58,0,0,72,14,0,58,0,0,0,0,0,0,0,0
154174,Palmer College of Chiropractic-Davenport,2012,"1,000 - 4,999",2168,2144,24,2153,48,5,9,34,0,2120,44,4,7,33,0,2100,4,1,2,1,0,20
154208,PCI Academy-Ames,2012,"Under 1,000",143,143,0,143,143,22,0,121,0,0,143,22,0,121,0,0,0,0,0,0,0,0
154235,Saint Ambrose University,2012,"1,000 - 4,999",3671,2807,864,3141,2794,582,241,1911,60,877,2419,581,187,1641,10,388,375,1,54,270,50,489
154262,St Luke's College,2012,"Under 1,000",203,154,49,173,203,4,27,166,6,0,154,3,20,125,6,0,49,1,7,41,0,0
154332,La James International College-Davenport,2012,"Under 1,000",45,45,0,45,45,12,0,33,0,0,45,12,0,33,0,0,0,0,0,0,0,0
154341,La James International College-Iowa City,2012,"Under 1,000",81,81,0,81,81,32,0,49,0,0,81,32,0,49,0,0,0,0,0,0,0,0
154350,Simpson College,2012,"1,000 - 4,999",1897,1426,471,1610,1844,418,85,1338,3,53,1423,408,65,950,0,3,421,10,20,388,3,50
154378,Southeastern Community College,2012,"1,000 - 4,999",3112,1621,1491,2122,3112,358,150,1605,999,0,1621,289,116,1057,159,0,1491,69,34,548,840,0
154396,Southwestern Community College,2012,"1,000 - 4,999",1666,807,859,1095,1666,292,96,627,651,0,807,270,67,449,21,0,859,22,29,178,630,0
154448,Capri College-Davenport,2012,"Under 1,000",190,190,0,190,190,36,0,154,0,0,190,36,0,154,0,0,0,0,0,0,0,0
154457,Iowa School of Beauty-Sioux City,2012,"Under 1,000",61,61,0,61,61,20,0,41,0,0,61,20,0,41,0,0,0,0,0,0,0,0
154466,E Q School of Hair Design,2012,"Under 1,000",64,64,0,64,64,20,0,44,0,0,64,20,0,44,0,0,0,0,0,0,0,0
154493,Upper Iowa University,2012,"5,000 - 9,999",5178,3528,1650,4176,4645,246,319,4020,60,533,3008,241,226,2529,12,520,1637,5,93,1491,48,13
154518,Waldorf College,2012,"1,000 - 4,999",1106,926,180,997,1106,155,194,709,48,0,926,154,147,624,1,0,180,1,47,85,47,0
154527,Wartburg College,2012,"1,000 - 4,999",1747,1673,74,1702,1747,484,26,1191,46,0,1673,483,26,1164,0,0,74,1,0,27,46,0
154536,Wartburg Theological Seminary,2012,"Under 1,000",135,129,6,131,0,0,0,0,0,135,0,0,0,0,0,129,0,0,0,0,0,6
154545,College of Hair Design,2012,"Under 1,000",48,48,0,48,48,8,0,40,0,0,48,8,0,40,0,0,0,0,0,0,0,0
154572,Western Iowa Tech Community College,2012,"5,000 - 9,999",6425,2685,3740,3941,6425,716,293,2736,2680,0,2685,582,192,1625,286,0,3740,134,101,1111,2394,0
154590,William Penn University,2012,"1,000 - 4,999",1865,1657,208,1739,1697,256,157,1108,176,168,1506,256,157,1082,11,151,191,0,0,26,165,17
154642,Allen County Community College,2012,"1,000 - 4,999",2952,1385,1567,1911,2952,602,235,2115,0,0,1385,406,162,817,0,0,1567,196,73,1298,0,0
154688,Baker University,2012,"1,000 - 4,999",3211,1336,1875,2062,1936,202,141,1481,112,1275,1073,202,100,765,6,263,863,0,41,716,106,1012
154697,Barton County Community College,2012,"5,000 - 9,999",5005,1357,3648,2582,5005,1679,292,1356,1678,0,1357,523,149,583,102,0,3648,1156,143,773,1576,0
154712,Benedictine College,2012,"1,000 - 4,999",2149,1767,382,1917,2086,488,58,1183,357,63,1735,488,58,1170,19,32,351,0,0,13,338,31
154721,Bethany College,2012,"Under 1,000",614,552,62,576,614,131,54,366,63,0,552,131,53,365,3,0,62,0,1,1,60,0
154749,Bethel College-North Newton,2012,"Under 1,000",472,451,21,459,472,101,60,311,0,0,451,101,56,294,0,0,21,0,4,17,0,0
154767,Brown Mackie College-Kansas City,2012,"Under 1,000",561,561,0,561,561,176,4,379,2,0,561,176,4,379,2,0,0,0,0,0,0,0
154776,Brown Mackie College-Salina,2012,"Under 1,000",557,557,0,557,557,203,12,341,1,0,557,203,12,341,1,0,0,0,0,0,0,0
154794,Bryan University,2012,"Under 1,000",136,136,0,136,136,43,0,93,0,0,136,43,0,93,0,0,0,0,0,0,0,0
154800,Butler Community College,2012,"5,000 - 9,999",9683,4248,5435,6073,9683,1792,699,4884,2308,0,4248,1286,294,2081,587,0,5435,506,405,2803,1721,0
154837,Central Baptist Theological Seminary,2012,"Under 1,000",287,171,116,215,32,5,15,12,0,255,27,3,15,9,0,144,5,2,0,3,0,111
154855,Central Christian College of Kansas,2012,"Under 1,000",819,527,292,642,819,207,122,205,285,0,527,207,120,200,0,0,292,0,2,5,285,0
154907,Cloud County Community College,2012,"1,000 - 4,999",2593,977,1616,1520,2593,316,120,668,1489,0,977,276,88,441,172,0,1616,40,32,227,1317,0
154925,Coffeyville Community College,2012,"1,000 - 4,999",1792,1014,778,1275,1792,468,50,693,581,0,1014,440,45,529,0,0,778,28,5,164,581,0
154934,Colby Community College,2012,"1,000 - 4,999",1444,723,721,965,1444,321,114,372,637,0,723,298,80,276,69,0,721,23,34,96,568,0
154952,Cowley County Community College,2012,"1,000 - 4,999",4345,2442,1903,3081,4345,1128,285,2267,665,0,2442,863,198,1381,0,0,1903,265,87,886,665,0
154970,Marinello Schools of Beauty-Manhattan,2012,"Under 1,000",108,104,4,106,108,25,0,83,0,0,104,21,0,83,0,0,4,4,0,0,0,0
154998,Dodge City Community College,2012,"1,000 - 4,999",1864,987,877,1281,1864,461,93,590,720,0,987,411,71,404,101,0,877,50,22,186,619,0
155007,Donnelly College,2012,"Under 1,000",441,254,187,327,441,113,56,272,0,0,254,78,20,156,0,0,187,35,36,116,0,0
155025,Emporia State University,2012,"5,000 - 9,999",5867,3681,2186,4490,3773,623,453,2578,119,2094,3343,601,379,2324,39,338,430,22,74,254,80,1756
155052,Flint Hills Technical College,2012,"Under 1,000",751,443,308,546,751,226,114,294,117,0,443,136,89,210,8,0,308,90,25,84,109,0
155061,Fort Hays State University,2012,"10,000 - 19,999",13310,5887,7423,8827,11457,1019,2308,7748,382,1853,5363,949,731,3552,131,524,6094,70,1577,4196,251,1329
155070,Barclay College,2012,"Under 1,000",263,240,23,249,239,40,28,168,3,24,216,40,23,153,0,24,23,0,5,15,3,0
155089,Friends University,2012,"1,000 - 4,999",2502,1570,932,1930,1769,196,229,1312,32,733,1428,193,182,1053,0,142,341,3,47,259,32,591
155098,Fort Scott Community College,2012,"1,000 - 4,999",1903,959,944,1276,1903,568,311,606,418,0,959,399,158,374,28,0,944,169,153,232,390,0
155104,Garden City Community College,2012,"1,000 - 4,999",2059,1038,1021,1381,2059,539,103,759,658,0,1038,451,66,476,45,0,1021,88,37,283,613,0
155140,Haskell Indian Nations University,2012,"Under 1,000",846,802,44,820,846,236,48,555,7,0,802,228,44,529,1,0,44,8,4,26,6,0
155159,Hays Academy of Hair Design,2012,"Under 1,000",84,84,0,84,84,11,0,73,0,0,84,11,0,73,0,0,0,0,0,0,0,0
155177,Hesston College,2012,"Under 1,000",443,381,62,406,443,168,49,219,7,0,381,168,24,189,0,0,62,0,25,30,7,0
155186,Highland Community College,2012,"1,000 - 4,999",2997,1160,1837,1777,2997,624,264,1107,1002,0,1160,487,117,454,102,0,1837,137,147,653,900,0
155195,Hutchinson Community College,2012,"5,000 - 9,999",6112,2586,3526,3770,6112,1187,374,2829,1722,0,2586,965,182,1373,66,0,3526,222,192,1456,1656,0
155201,Independence Community College,2012,"1,000 - 4,999",1166,611,555,797,1166,221,71,389,485,0,611,199,49,251,112,0,555,22,22,138,373,0
155210,Johnson County Community College,2012,"20,000 and above",20421,6728,13693,11325,20421,2039,1117,10067,7198,0,6728,1330,515,3867,1016,0,13693,709,602,6200,6182,0
155283,Concorde Career Colleges,2012,"Under 1,000",753,753,0,753,753,217,0,536,0,0,753,217,0,536,0,0,0,0,0,0,0,0
155292,Kansas City Kansas Community College,2012,"5,000 - 9,999",7479,2651,4828,4272,7479,1191,117,4758,1413,0,2651,606,52,1797,196,0,4828,585,65,2961,1217,0
155308,KANSAS CITY COLLEGE AND BIBLE SCHOOL,2012,,,,,,,,,,,,,,,,,,,,,,,
155317,University of Kansas,2012,"20,000 and above",27135,23059,4076,24619,19169,3771,1509,13532,357,7966,17130,3653,1281,11983,213,5929,2039,118,228,1549,144,2037
155335,Newman University,2012,"1,000 - 4,999",3108,1264,1844,1982,2384,192,225,900,1067,724,1149,190,196,757,6,115,1235,2,29,143,1061,609
155353,Old Town Barber College-Wichita,2012,"Under 1,000",39,39,0,39,39,39,0,0,0,0,39,39,0,0,0,0,0,0,0,0,0,0
155399,Kansas State University,2012,"20,000 and above",24378,20275,4103,21845,19853,3874,1550,13952,477,4525,17798,3786,1360,12488,164,2477,2055,88,190,1464,313,2048
155414,Kansas Wesleyan University,2012,"Under 1,000",745,637,108,679,711,139,92,452,28,34,637,139,84,412,2,0,74,0,8,40,26,34
155423,Washburn Institute of Technology,2012,"Under 1,000",987,237,750,489,987,219,0,748,20,0,237,61,0,176,0,0,750,158,0,572,20,0
155441,La Baron Hairdressing Academy-Overland Park,2012,"Under 1,000",52,30,22,39,52,12,0,40,0,0,30,7,0,23,0,0,22,5,0,17,0,0
155450,Labette Community College,2012,"1,000 - 4,999",1937,813,1124,1190,1937,241,96,1022,578,0,813,203,71,471,68,0,1124,38,25,551,510,0
155487,Manhattan Area Technical College,2012,"Under 1,000",755,439,316,545,755,189,94,472,0,0,439,89,63,287,0,0,316,100,31,185,0,0
155496,Manhattan Christian College,2012,"Under 1,000",357,254,103,294,357,73,23,221,40,0,254,73,22,159,0,0,103,0,1,62,40,0
155511,McPherson College,2012,"Under 1,000",644,599,45,617,632,177,74,376,5,12,599,175,68,356,0,0,33,2,6,20,5,12
155520,MidAmerica Nazarene University,2012,"1,000 - 4,999",1993,1568,425,1734,1495,212,414,869,0,498,1187,209,299,679,0,381,308,3,115,190,0,117
155566,Neosho County Community College,2012,"1,000 - 4,999",2602,938,1664,1497,2602,431,224,938,1009,0,938,339,111,462,26,0,1664,92,113,476,983,0
155593,North Central Kansas Technical College,2012,"Under 1,000",815,505,310,609,815,189,70,221,335,0,505,188,69,203,45,0,310,1,1,18,290,0
155618,Northwest Kansas Technical College,2012,"Under 1,000",562,393,169,450,562,220,17,147,178,0,393,216,17,143,17,0,169,4,0,4,161,0
155627,Ottawa University-Ottawa,2012,"Under 1,000",583,542,41,558,571,154,38,372,7,12,542,154,38,347,3,0,29,0,0,25,4,12
155636,Ottawa University-Kansas City,2012,"Under 1,000",314,4,310,125,229,2,44,131,52,85,4,0,0,4,0,0,225,2,44,127,52,85
155681,Pittsburg State University,2012,"5,000 - 9,999",7289,6150,1139,6580,6166,1091,618,4270,187,1123,5734,1081,582,3983,88,416,432,10,36,287,99,707
155715,Pratt Community College,2012,"1,000 - 4,999",1527,684,843,967,1527,236,139,447,705,0,684,231,127,288,38,0,843,5,12,159,667,0
155812,University of Saint Mary,2012,"1,000 - 4,999",1187,657,530,862,854,117,106,540,91,333,583,116,84,383,0,74,271,1,22,157,91,259
155830,Salina Area Technical College,2012,"Under 1,000",432,268,164,323,432,232,0,77,123,0,268,204,0,64,0,0,164,28,0,13,123,0
155858,Seward County Community College and Area Technical School,2012,"1,000 - 4,999",1973,857,1116,1232,1973,398,120,1108,347,0,857,356,62,434,5,0,1116,42,58,674,342,0
155867,Sidneys Hair Dressing College,2012,"Under 1,000",54,54,0,54,54,11,0,43,0,0,54,11,0,43,0,0,0,0,0,0,0,0
155900,Southwestern College,2012,"1,000 - 4,999",1637,544,1093,970,1304,148,145,972,39,333,523,148,49,325,1,21,781,0,96,647,38,312
155937,Sterling College,2012,"Under 1,000",653,578,75,607,653,139,62,412,40,0,578,139,62,376,1,0,75,0,0,36,39,0
155973,Tabor College,2012,"Under 1,000",768,581,187,654,760,142,111,490,17,8,580,140,68,372,0,1,180,2,43,118,17,7
156082,Washburn University,2012,"5,000 - 9,999",7204,4741,2463,5723,6389,876,597,4153,763,815,4213,803,440,2864,106,528,2176,73,157,1289,657,287
156107,Wichita Area Technical College,2012,"1,000 - 4,999",2677,1138,1539,1655,2677,434,233,1241,769,0,1138,245,118,568,207,0,1539,189,115,673,562,0
156125,Wichita State University,2012,"10,000 - 19,999",14716,9933,4783,11805,12066,1359,1354,8430,923,2650,8670,1280,1027,6123,240,1263,3396,79,327,2307,683,1387
156134,Wichita Technical Institute,2012,"1,000 - 4,999",1166,1166,0,1166,1166,249,0,917,0,0,1166,249,0,917,0,0,0,0,0,0,0,0
156189,Alice Lloyd College,2012,"Under 1,000",608,581,27,592,608,200,39,355,14,0,581,199,39,343,0,0,27,1,0,12,14,0
156213,Asbury University,2012,"1,000 - 4,999",1780,1421,359,1560,1545,322,96,967,160,235,1363,322,90,921,30,58,182,0,6,46,130,177
156222,Asbury Theological Seminary,2012,"1,000 - 4,999",1512,717,795,1021,0,0,0,0,0,1512,0,0,0,0,0,717,0,0,0,0,0,795
156231,Ashland Community and Technical College,2012,"1,000 - 4,999",3925,1884,2041,2569,3925,539,135,1906,1345,0,1884,454,91,1301,38,0,2041,85,44,605,1307,0
156277,Barrett and Company School of Hair Design,2012,"Under 1,000",75,75,0,75,75,31,0,44,0,0,75,31,0,44,0,0,0,0,0,0,0,0
156286,Bellarmine University,2012,"1,000 - 4,999",3602,2656,946,3022,2730,607,77,1756,290,872,2344,606,59,1642,37,312,386,1,18,114,253,560
156295,Berea College,2012,"1,000 - 4,999",1658,1601,57,1623,1658,391,47,1166,54,0,1601,391,47,1158,5,0,57,0,0,8,49,0
156310,PJ's College of Cosmetology-Bowling Green,2012,"Under 1,000",369,303,66,329,369,2,0,367,0,0,303,1,0,302,0,0,66,1,0,65,0,0
156338,Southcentral Kentucky Community and Technical College,2012,"5,000 - 9,999",5179,1578,3601,2787,5179,610,211,2203,2155,0,1578,359,106,1107,6,0,3601,251,105,1096,2149,0
156356,Brescia University,2012,"Under 1,000",872,643,229,733,851,165,166,467,53,21,642,163,100,379,0,1,209,2,66,88,53,20
156365,Campbellsville University,2012,"1,000 - 4,999",3667,2030,1637,2668,3122,579,242,1413,888,545,1952,570,168,1214,0,78,1170,9,74,199,888,467
156392,Bluegrass Community and Technical College,2012,"10,000 - 19,999",13218,6054,7164,8459,13218,2708,778,8110,1622,0,6054,1722,370,3949,13,0,7164,986,408,4161,1609,0
156408,Centre College,2012,"1,000 - 4,999",1344,1343,1,1343,1344,351,9,977,7,0,1343,351,9,977,6,0,1,0,0,0,1,0
156417,Clear Creek Baptist Bible College,2012,"Under 1,000",174,112,62,136,174,11,22,130,11,0,112,10,19,83,0,0,62,1,3,47,11,0
156426,Paul Mitchell the School-Lexington,2012,"Under 1,000",271,184,87,219,271,37,0,234,0,0,184,27,0,157,0,0,87,10,0,77,0,0
156444,Collins School of Cosmetology,2012,"Under 1,000",22,22,0,22,22,12,0,10,0,0,22,12,0,10,0,0,0,0,0,0,0,0
156471,Galen College of Nursing-Louisville,2012,"Under 1,000",829,548,281,660,829,132,108,589,0,0,548,130,44,374,0,0,281,2,64,215,0,0
156541,University of the Cumberlands,2012,"1,000 - 4,999",4297,2164,2133,2983,1864,459,87,1059,259,2433,1481,459,81,940,1,683,383,0,6,119,258,1750
156620,Eastern Kentucky University,2012,"10,000 - 19,999",15968,11919,4049,13496,13947,2306,1234,9899,508,2021,11259,2274,945,8013,27,660,2688,32,289,1886,481,1361
156648,Elizabethtown Community and Technical College,2012,"5,000 - 9,999",7586,3221,4365,4686,7586,1418,344,4462,1362,0,3221,924,162,2067,68,0,4365,494,182,2395,1294,0
156727,Frontier Nursing University,2012,"1,000 - 4,999",1398,778,620,1015,0,0,0,0,0,1398,0,0,0,0,0,778,0,0,0,0,0,620
156745,Georgetown College,2012,"1,000 - 4,999",1543,1103,440,1271,1116,237,37,829,13,427,1088,237,36,814,1,15,28,0,1,15,12,412
156754,PJ's College of Cosmetology-Glasgow,2012,"Under 1,000",57,57,0,57,57,21,0,36,0,0,57,21,0,36,0,0,0,0,0,0,0,0
156790,Hazard Community and Technical College,2012,"1,000 - 4,999",3803,1761,2042,2447,3803,580,95,1897,1231,0,1761,494,54,1208,5,0,2042,86,41,689,1226,0
156842,Paul Mitchell the School-Louisville,2012,"Under 1,000",216,209,7,212,216,5,0,211,0,0,209,4,0,205,0,0,7,1,0,6,0,0
156851,Henderson Community College,2012,"1,000 - 4,999",1963,539,1424,1017,1963,240,85,1078,560,0,539,145,33,354,7,0,1424,95,52,724,553,0
156860,Hopkinsville Community College,2012,"1,000 - 4,999",3827,1688,2139,2406,3827,776,259,2428,364,0,1688,446,92,1148,2,0,2139,330,167,1280,362,0
156903,Daymar College-Paducah Main,2012,"Under 1,000",150,100,50,120,150,12,0,138,0,0,100,6,0,94,0,0,50,6,0,44,0,0
156921,Jefferson Community and Technical College,2012,"10,000 - 19,999",14346,4956,9390,8109,14346,2225,792,9340,1989,0,4956,1106,350,3410,90,0,9390,1119,442,5930,1899,0
156949,Jenny Lea Academy of Cosmetology,2012,"Under 1,000",29,20,9,24,29,18,0,11,0,0,20,13,0,7,0,0,9,5,0,4,0,0
156967,The Salon Professional Academy-Lexington,2012,"Under 1,000",60,60,0,60,60,14,0,46,0,0,60,14,0,46,0,0,0,0,0,0,0,0
157021,National College-Lexington,2012,"1,000 - 4,999",1351,846,505,1044,1351,93,202,1050,6,0,846,71,146,629,0,0,505,22,56,421,6,0
157030,Kentucky Mountain Bible College,2012,"Under 1,000",84,66,18,73,84,19,6,50,9,0,66,19,6,41,0,0,18,0,0,9,9,0
157058,Kentucky State University,2012,"1,000 - 4,999",2524,1893,631,2143,2296,397,179,1508,212,228,1782,390,137,1242,13,111,514,7,42,266,199,117
157076,Kentucky Wesleyan College,2012,"Under 1,000",678,641,37,656,678,157,57,456,8,0,641,157,55,429,0,0,37,0,2,27,8,0
157085,University of Kentucky,2012,"20,000 and above",28034,25076,2958,26215,20827,4647,1118,14671,391,7207,19178,4588,964,13557,69,5898,1649,59,154,1114,322,1309
157100,Kentucky Christian University,2012,"Under 1,000",613,548,65,573,572,199,61,311,1,41,546,199,42,305,0,2,26,0,19,6,1,39
157207,Lexington Theological Seminary,2012,"Under 1,000",66,14,52,34,0,0,0,0,0,66,0,0,0,0,0,14,0,0,0,0,0,52
157216,Lindsey Wilson College,2012,"1,000 - 4,999",2677,2529,148,2587,2217,526,324,1326,41,460,2107,523,304,1272,8,422,110,3,20,54,33,38
157270,Sullivan College of Technology and Design,2012,"Under 1,000",457,316,141,371,457,85,42,329,1,0,316,80,35,201,0,0,141,5,7,128,1,0
157289,University of Louisville,2012,"20,000 and above",21239,16137,5102,18130,15724,2705,1172,10977,870,5515,12192,2647,889,8522,134,3945,3532,58,283,2455,736,1570
157298,Louisville Presbyterian Theological Seminary,2012,"Under 1,000",219,132,87,165,0,0,0,0,0,219,0,0,0,0,0,132,0,0,0,0,0,87
157304,Madisonville Community College,2012,"1,000 - 4,999",4551,1501,3050,2525,4551,475,105,2204,1767,0,1501,347,31,1109,14,0,3050,128,74,1095,1753,0
157331,Maysville Community and Technical College,2012,"1,000 - 4,999",3642,1569,2073,2265,3642,591,114,1993,944,0,1569,410,65,1076,18,0,2073,181,49,917,926,0
157377,Midway College,2012,"1,000 - 4,999",1575,1048,527,1254,1434,123,40,1271,0,141,991,99,27,865,0,57,443,24,13,406,0,84
157386,Morehead State University,2012,"10,000 - 19,999",11169,6203,4966,8159,9722,1664,529,4959,2570,1447,5897,1640,342,3864,51,306,3825,24,187,1095,2519,1141
157401,Murray State University,2012,"10,000 - 19,999",10832,7804,3028,8975,8891,1626,674,5549,1042,1941,7090,1603,511,4861,115,714,1801,23,163,688,927,1227
157438,Gateway Community and Technical College,2012,"1,000 - 4,999",4648,1451,3197,2524,4648,629,193,2974,852,0,1451,244,78,1129,0,0,3197,385,115,1845,852,0
157447,Northern Kentucky University,2012,"10,000 - 19,999",15634,10718,4916,12626,13012,2125,886,9214,787,2622,9901,2055,664,7135,47,817,3111,70,222,2079,740,1805
157456,Nutek Academy of Beauty Inc,2012,"Under 1,000",33,33,0,33,33,9,0,24,0,0,33,9,0,24,0,0,0,0,0,0,0,0
157465,Daymar College-Owensboro,2012,"Under 1,000",244,162,82,194,244,4,32,208,0,0,162,3,26,133,0,0,82,1,6,75,0,0
157483,West Kentucky Community and Technical College,2012,"5,000 - 9,999",6988,2487,4501,3998,6988,998,243,3403,2344,0,2487,711,122,1534,120,0,4501,287,121,1869,2224,0
157508,Pat Wilson's Beauty College,2012,"Under 1,000",57,38,19,46,57,13,0,44,0,0,38,7,0,31,0,0,19,6,0,13,0,0
157535,University of Pikeville,2012,"1,000 - 4,999",2032,1630,402,1788,1621,368,152,725,376,411,1219,368,145,705,1,411,402,0,7,20,375,0
157553,Big Sandy Community and Technical College,2012,"5,000 - 9,999",5151,2281,2870,3245,5151,454,82,2655,1960,0,2281,384,46,1815,36,0,2870,70,36,840,1924,0
157599,Brown Mackie College-Louisville,2012,"1,000 - 4,999",1999,1999,0,1999,1999,287,297,1415,0,0,1999,287,297,1415,0,0,0,0,0,0,0,0
157614,Empire Beauty School-Chenoweth,2012,"Under 1,000",83,68,15,74,83,17,0,66,0,0,68,14,0,54,0,0,15,3,0,12,0,0
157632,Saint Catharine College,2012,"Under 1,000",874,634,240,728,855,161,84,410,200,19,628,152,69,369,38,6,227,9,15,41,162,13
157650,Empire Beauty School-Elizabethtown,2012,"Under 1,000",184,140,44,157,184,48,0,136,0,0,140,36,0,104,0,0,44,12,0,32,0,0
157669,Empire Beauty School-Dixie,2012,"Under 1,000",126,99,27,110,126,29,0,97,0,0,99,24,0,75,0,0,27,5,0,22,0,0
157678,Empire Beauty School-Florence,2012,"Under 1,000",174,124,50,144,174,70,0,104,0,0,124,47,0,77,0,0,50,23,0,27,0,0
157696,Brown Mackie College-Northern Kentucky,2012,"Under 1,000",644,644,0,644,644,39,98,507,0,0,644,39,98,507,0,0,0,0,0,0,0,0
157711,Somerset Community College,2012,"5,000 - 9,999",7878,3722,4156,5117,7878,1317,261,4747,1553,0,3722,928,156,2628,10,0,4156,389,105,2119,1543,0
157739,Southeast Kentucky Community and Technical College,2012,"5,000 - 9,999",5123,1977,3146,3033,5123,419,64,2134,2506,0,1977,361,50,1537,29,0,3146,58,14,597,2477,0
157748,The Southern Baptist Theological Seminary,2012,"1,000 - 4,999",3088,1858,1230,2330,519,94,50,322,53,2569,322,70,34,216,2,1536,197,24,16,106,51,1033
157757,Spalding University,2012,"1,000 - 4,999",2515,1808,707,2083,1429,200,173,944,112,1086,985,171,112,702,0,823,444,29,61,242,112,263
157766,Spencerian College-Louisville,2012,"Under 1,000",695,424,271,532,695,153,0,532,10,0,424,120,0,304,0,0,271,33,0,228,10,0
157793,Sullivan University,2012,"5,000 - 9,999",5478,3178,2300,4076,3999,310,0,3554,135,1479,2218,227,0,1974,17,960,1781,83,0,1580,118,519
157809,Thomas More College,2012,"1,000 - 4,999",1758,1349,409,1509,1649,266,55,998,330,109,1258,263,53,940,2,91,391,3,2,58,328,18
157818,Transylvania University,2012,"1,000 - 4,999",1074,1060,14,1065,1074,333,17,720,4,0,1060,333,17,709,1,0,14,0,0,11,3,0
157827,Trend Setters' Academy of Beauty Culture-Louisville,2012,"Under 1,000",130,73,57,96,130,51,0,79,0,0,73,31,0,42,0,0,57,20,0,37,0,0
157863,Union College,2012,"1,000 - 4,999",1211,831,380,977,782,214,72,486,10,429,720,212,65,443,0,111,62,2,7,43,10,318
157951,Western Kentucky University,2012,"20,000 and above",21110,14753,6357,17229,18101,3375,1006,11970,1750,3009,13868,3296,736,9662,174,885,4233,79,270,2308,1576,2124
158088,Central Louisiana Technical Community College,2012,"1,000 - 4,999",1691,759,932,1072,1691,550,123,386,632,0,759,384,85,216,74,0,932,166,38,170,558,0
158158,American School of Business,2012,"Under 1,000",100,71,29,83,100,79,0,21,0,0,71,56,0,15,0,0,29,23,0,6,0,0
158246,Ayers Career College,2012,"Under 1,000",219,219,0,219,219,63,0,156,0,0,219,63,0,156,0,0,0,0,0,0,0,0
158325,Baton Rouge General Medical Center-School of Nursing,2012,"Under 1,000",56,56,0,56,56,0,0,56,0,0,56,0,0,56,0,0,0,0,0,0,0,0
158334,Baton Rouge General Medical Center-Radiologic Technology,2012,"Under 1,000",15,15,0,15,15,0,0,15,0,0,15,0,0,15,0,0,0,0,0,0,0,0
158343,Baton Rouge School of Computers,2012,"Under 1,000",80,56,24,66,80,41,0,31,8,0,56,28,0,22,6,0,24,13,0,9,2,0
158352,Capital Area Technical College,2012,"1,000 - 4,999",3762,774,2988,1777,3762,579,154,848,2181,0,774,275,98,360,41,0,2988,304,56,488,2140,0
158431,Bossier Parish Community College,2012,"5,000 - 9,999",7917,4736,3181,5804,7917,1626,691,4318,1282,0,4736,1272,411,2453,600,0,3181,354,280,1865,682,0
158440,Cameron College,2012,"Under 1,000",175,175,0,175,175,44,0,131,0,0,175,44,0,131,0,0,0,0,0,0,0,0
158477,Centenary College of Louisiana,2012,"Under 1,000",776,679,97,716,698,158,26,505,9,78,673,158,25,489,1,6,25,0,1,16,8,72
158538,Cloyd's Beauty School 1 Inc,2012,"Under 1,000",51,51,0,51,51,17,0,34,0,0,51,17,0,34,0,0,0,0,0,0,0,0
158617,Crescent City Bartending School,2012,"Under 1,000",451,451,0,451,451,219,0,232,0,0,451,219,0,232,0,0,0,0,0,0,0,0
158644,D'Jay's School of Beauty Arts and Sciences,2012,"Under 1,000",84,61,23,70,84,27,0,57,0,0,61,13,0,48,0,0,23,14,0,9,0,0
158662,Delgado Community College,2012,"10,000 - 19,999",18096,8007,10089,11394,18096,2885,2246,12126,839,0,8007,1961,1021,4738,287,0,10089,924,1225,7388,552,0
158723,Delta School of Business and Technology,2012,"Under 1,000",235,235,0,235,235,127,0,108,0,0,235,127,0,108,0,0,0,0,0,0,0,0
158778,Demmons School of Beauty,2012,"Under 1,000",46,46,0,46,46,17,0,29,0,0,46,17,0,29,0,0,0,0,0,0,0,0
158787,Denham Springs Beauty School,2012,"Under 1,000",80,80,0,80,80,46,0,34,0,0,80,46,0,34,0,0,0,0,0,0,0,0
158802,Dillard University,2012,"1,000 - 4,999",1307,1222,85,1255,1307,351,91,865,0,0,1222,343,81,798,0,0,85,8,10,67,0,0
158884,Nunez Community College,2012,"1,000 - 4,999",2294,809,1485,1308,2294,241,565,722,766,0,809,134,283,383,9,0,1485,107,282,339,757,0
159009,Grambling State University,2012,"5,000 - 9,999",5277,4567,710,4838,4435,756,290,3303,86,842,4087,746,274,3062,5,480,348,10,16,241,81,362
159027,Guy's Shreveport Academy of Cosmetology Inc,2012,"Under 1,000",60,60,0,60,60,17,0,43,0,0,60,17,0,43,0,0,0,0,0,0,0,0
159197,ITI Technical College,2012,"Under 1,000",585,585,0,585,585,154,20,411,0,0,585,154,20,411,0,0,0,0,0,0,0,0
159319,John Jay Beauty College,2012,"Under 1,000",29,29,0,29,29,16,0,13,0,0,29,16,0,13,0,0,0,0,0,0,0,0
159328,John Jay Beauty College,2012,"Under 1,000",76,76,0,76,76,30,0,46,0,0,76,30,0,46,0,0,0,0,0,0,0,0
159373,Louisiana State University Health Sciences Center-New Orleans,2012,"1,000 - 4,999",2788,2244,544,2455,902,0,250,652,0,1886,552,0,100,452,0,1692,350,0,150,200,0,194
159382,Louisiana State University-Alexandria,2012,"1,000 - 4,999",2407,1196,1211,1685,2407,371,166,1503,367,0,1196,317,103,774,2,0,1211,54,63,729,365,0
159391,Louisiana State University and Agricultural & Mechanical College,2012,"20,000 and above",30225,27170,3055,28356,24626,5725,902,17245,754,5599,22681,5717,844,16006,114,4489,1945,8,58,1239,640,1110
159407,Louisiana State University-Eunice,2012,"1,000 - 4,999",3075,1394,1681,1958,3075,776,220,1669,410,0,1394,568,91,732,3,0,1681,208,129,937,407,0
159416,Louisiana State University-Shreveport,2012,"1,000 - 4,999",4535,2430,2105,3267,4124,370,354,2225,1175,411,2306,364,268,1618,56,124,1818,6,86,607,1119,287
159513,Aveda Institute-Baton Rouge,2012,"Under 1,000",229,229,0,229,229,146,0,83,0,0,229,146,0,83,0,0,0,0,0,0,0,0
159522,Aveda Institute-Lafayette,2012,"Under 1,000",102,102,0,102,102,53,0,49,0,0,102,53,0,49,0,0,0,0,0,0,0,0
159531,Louisiana Academy of Beauty,2012,"Under 1,000",46,46,0,46,46,33,0,13,0,0,46,33,0,13,0,0,0,0,0,0,0,0
159568,Louisiana College,2012,"1,000 - 4,999",1498,1129,369,1271,1163,293,70,777,23,335,1088,292,67,717,12,41,75,1,3,60,11,294
159601,Opelousas School of Cosmetology Inc,2012,"Under 1,000",11,11,0,11,11,8,0,3,0,0,11,8,0,3,0,0,0,0,0,0,0,0
159647,Louisiana Tech University,2012,"10,000 - 19,999",11304,7578,3726,9029,8958,1306,330,5354,1968,2346,6478,1269,322,4667,220,1100,2480,37,8,687,1748,1246
159656,Loyola University New Orleans,2012,"1,000 - 4,999",4934,3876,1058,4283,3200,872,144,2124,60,1734,2986,867,118,1964,37,890,214,5,26,160,23,844
159717,McNeese State University,2012,"5,000 - 9,999",8584,6422,2162,7277,7845,1313,290,5463,779,739,6112,1297,253,4538,24,310,1733,16,37,925,755,429
159939,University of New Orleans,2012,"10,000 - 19,999",10071,7085,2986,8243,7689,882,655,5827,325,2382,5828,858,531,4344,95,1257,1861,24,124,1483,230,1125
159948,New Orleans Baptist Theological Seminary,2012,"1,000 - 4,999",2659,994,1665,1638,1088,257,22,805,4,1571,382,49,13,320,0,612,706,208,9,485,4,959
159966,Nicholls State University,2012,"5,000 - 9,999",6602,4962,1640,5606,6008,1253,271,4261,223,594,4782,1035,219,3512,16,180,1226,218,52,749,207,414
159993,University of Louisiana at Monroe,2012,"5,000 - 9,999",8548,5911,2637,6956,7298,1302,365,4262,1369,1250,5116,1288,278,3506,44,795,2182,14,87,756,1325,455
160010,Northwest Louisiana Technical College,2012,"1,000 - 4,999",2633,952,1681,1516,2633,579,129,591,1334,0,952,400,87,423,42,0,1681,179,42,168,1292,0
160029,Notre Dame Seminary Graduate School of Theology,2012,"Under 1,000",154,93,61,116,0,0,0,0,0,154,0,0,0,0,0,93,0,0,0,0,0,61
160038,Northwestern State University of Louisiana,2012,"5,000 - 9,999",9447,5523,3924,7069,8312,1369,601,5613,729,1135,5294,1287,323,3669,15,229,3018,82,278,1944,714,906
160065,Our Lady of Holy Cross College,2012,"1,000 - 4,999",1172,638,534,846,960,62,125,708,65,212,583,59,95,429,0,55,377,3,30,279,65,157
160074,Our Lady of the Lake College,2012,"1,000 - 4,999",1748,811,937,1179,1585,116,261,1208,0,163,670,100,143,427,0,141,915,16,118,781,0,22
160117,Pat Goins Benton Road Beauty School,2012,"Under 1,000",28,28,0,28,28,11,0,17,0,0,28,11,0,17,0,0,0,0,0,0,0,0
160126,Pat Goins Monroe Beauty School,2012,"Under 1,000",36,36,0,36,36,17,0,19,0,0,36,17,0,19,0,0,0,0,0,0,0,0
160135,Pat Goins Ruston Beauty School,2012,"Under 1,000",34,34,0,34,34,32,0,2,0,0,34,32,0,2,0,0,0,0,0,0,0,0
160199,Pineville Beauty School,2012,"Under 1,000",82,82,0,82,82,27,0,55,0,0,82,27,0,55,0,0,0,0,0,0,0,0
160320,Aveda Institute-Covington,2012,"1,000 - 4,999",1547,1547,0,1547,1547,737,0,810,0,0,1547,737,0,810,0,0,0,0,0,0,0,0
160409,Saint Joseph Seminary College,2012,"Under 1,000",102,99,3,100,102,12,36,54,0,0,99,12,36,51,0,0,3,0,0,3,0,0
160445,Vanguard College of Cosmetology-Slidell,2012,"Under 1,000",110,110,0,110,110,12,0,98,0,0,110,12,0,98,0,0,0,0,0,0,0,0
160472,South Louisiana Beauty College,2012,"Under 1,000",41,41,0,41,41,27,0,14,0,0,41,27,0,14,0,0,0,0,0,0,0,0
160481,L E Fletcher Technical Community College,2012,"1,000 - 4,999",2502,1139,1363,1597,2502,446,397,791,868,0,1139,368,216,502,53,0,1363,78,181,289,815,0
160524,Remington College-Lafayette Campus,2012,"Under 1,000",367,367,0,367,367,120,2,245,0,0,367,120,2,245,0,0,0,0,0,0,0,0
160579,SOWELA Technical Community College,2012,"1,000 - 4,999",2767,1746,1021,2089,2767,729,250,1340,448,0,1746,580,198,923,45,0,1021,149,52,417,403,0
160597,Stevensons Academy of Hair Design,2012,"Under 1,000",104,70,34,83,104,14,0,90,0,0,70,12,0,58,0,0,34,2,0,32,0,0
160612,Southeastern Louisiana University,2012,"10,000 - 19,999",15591,10920,4671,12767,14231,2470,648,9170,1943,1360,10474,2288,517,7652,17,446,3757,182,131,1518,1926,914
160621,Southern University and A & M College,2012,"5,000 - 9,999",6397,5066,1331,5577,5228,781,257,4133,57,1169,4517,743,207,3566,1,549,711,38,50,567,56,620
160630,Southern University at New Orleans,2012,"1,000 - 4,999",2820,1821,999,2224,2349,263,242,1619,225,471,1359,172,154,1033,0,462,990,91,88,586,225,9
160649,Southern University at Shreveport,2012,"1,000 - 4,999",2937,1920,1017,2261,2937,379,210,2062,286,0,1920,349,158,1413,0,0,1017,30,52,649,286,0
160658,University of Louisiana at Lafayette,2012,"10,000 - 19,999",16688,13421,3267,14712,15144,2728,619,11043,754,1544,12543,2704,477,9346,16,878,2601,24,142,1697,738,666
160667,Northshore Technical Community College,2012,"1,000 - 4,999",3111,1037,2074,1733,3111,573,90,1122,1326,0,1037,350,57,610,20,0,2074,223,33,512,1306,0
160755,Tulane University of Louisiana,2012,"10,000 - 19,999",12958,10373,2585,11381,8357,1641,72,6644,0,4601,6443,1641,72,4730,0,3930,1914,0,0,1914,0,671
160904,Xavier University of Louisiana,2012,"1,000 - 4,999",3178,2979,199,3056,2525,661,118,1717,29,653,2399,659,110,1627,3,580,126,2,8,90,26,73
160913,South Central Louisiana Technical College-Young Memorial Campus,2012,"1,000 - 4,999",2918,660,2258,1418,2918,376,101,603,1838,0,660,212,48,303,97,0,2258,164,53,300,1741,0
160940,Kaplan University-Maine Campus,2012,"Under 1,000",962,416,546,630,952,82,112,743,15,10,415,39,55,321,0,1,537,43,57,422,15,9
160959,College of the Atlantic,2012,"Under 1,000",340,319,21,327,330,72,29,219,10,10,309,72,28,206,3,10,21,0,1,13,7,0
160977,Bates College,2012,"1,000 - 4,999",1753,1753,0,1753,1753,503,16,1234,0,0,1753,503,16,1234,0,0,0,0,0,0,0,0
160995,Beal College,2012,"Under 1,000",457,314,143,371,457,92,35,326,4,0,314,86,31,196,1,0,143,6,4,130,3,0
161004,Bowdoin College,2012,"1,000 - 4,999",1839,1831,8,1834,1839,492,1,1338,8,0,1831,492,1,1337,1,0,8,0,0,1,7,0
161022,Central Maine Medical Center College of Nursing and Health Professions,2012,"Under 1,000",217,66,151,126,217,3,0,214,0,0,66,2,0,64,0,0,151,1,0,150,0,0
161077,Central Maine Community College,2012,"1,000 - 4,999",2995,1388,1607,1928,2995,602,386,1497,510,0,1388,430,185,771,2,0,1607,172,201,726,508,0
161086,Colby College,2012,"1,000 - 4,999",1863,1863,0,1863,1863,493,5,1365,0,0,1863,493,5,1365,0,0,0,0,0,0,0,0
161138,Eastern Maine Community College,2012,"1,000 - 4,999",2472,1377,1095,1745,2472,475,223,1354,420,0,1377,382,139,828,28,0,1095,93,84,526,392,0
161165,Husson University,2012,"1,000 - 4,999",3133,2401,732,2686,2393,393,164,1743,93,740,1898,380,124,1392,2,503,495,13,40,351,91,237
161192,Kennebec Valley Community College,2012,"1,000 - 4,999",2470,714,1756,1304,2470,309,180,1281,700,0,714,189,83,440,2,0,1756,120,97,841,698,0
161208,The Landing School,2012,"Under 1,000",68,68,0,68,68,11,38,19,0,0,68,11,38,19,0,0,0,0,0,0,0,0
161217,University of Maine at Augusta,2012,"1,000 - 4,999",4990,1899,3091,3146,4990,493,609,3421,467,0,1899,312,313,1258,16,0,3091,181,296,2163,451,0
161226,University of Maine at Farmington,2012,"1,000 - 4,999",2179,1886,293,1998,2028,424,116,1432,56,151,1886,422,102,1343,19,0,142,2,14,89,37,151
161235,University of Maine at Fort Kent,2012,"1,000 - 4,999",1169,610,559,836,1169,181,147,507,334,0,610,175,89,344,2,0,559,6,58,163,332,0
161244,University of Maine at Machias,2012,"Under 1,000",925,473,452,655,925,135,61,431,298,0,473,126,46,300,1,0,452,9,15,131,297,0
161253,University of Maine,2012,"10,000 - 19,999",10901,8338,2563,9318,8778,1997,490,5741,550,2123,7520,1949,432,5096,43,818,1258,48,58,645,507,1305
161299,Maine Maritime Academy,2012,"Under 1,000",993,970,23,979,979,268,133,567,11,14,958,268,133,557,0,12,21,0,0,10,11,2
161341,University of Maine at Presque Isle,2012,"1,000 - 4,999",1463,810,653,1074,1463,183,303,536,441,0,810,172,266,364,8,0,653,11,37,172,433,0
161457,University of New England,2012,"5,000 - 9,999",5666,4695,971,5071,2637,633,87,1453,464,3029,2148,632,87,1428,1,2547,489,1,0,25,463,482
161484,Northern Maine Community College,2012,"1,000 - 4,999",1040,580,460,734,1040,156,81,567,236,0,580,129,61,386,4,0,460,27,20,181,232,0
161493,Empire Beauty School-Maine,2012,"Under 1,000",325,272,53,293,325,142,0,183,0,0,272,119,0,153,0,0,53,23,0,30,0,0
161509,Maine College of Art,2012,"Under 1,000",403,387,16,393,369,82,36,249,2,34,353,82,33,238,0,34,16,0,3,11,2,0
161518,Saint Joseph's College of Maine,2012,"1,000 - 4,999",3371,1215,2156,2050,1959,1220,116,551,72,1412,920,269,114,536,1,295,1039,951,2,15,71,1117
161527,Spa Tech Institute-Westbrook,2012,"Under 1,000",233,178,55,200,233,38,0,195,0,0,178,31,0,147,0,0,55,7,0,48,0,0
161545,Southern Maine Community College,2012,"5,000 - 9,999",7574,3086,4488,4593,7574,1384,538,4150,1502,0,3086,1007,271,1766,42,0,4488,377,267,2384,1460,0
161554,University of Southern Maine,2012,"5,000 - 9,999",9382,5377,4005,6945,7407,865,944,4673,925,1975,4551,823,670,3020,38,826,2856,42,274,1653,887,1149
161563,Thomas College,2012,"1,000 - 4,999",1334,776,558,994,1201,248,42,518,393,133,727,244,37,446,0,49,474,4,5,72,393,84
161572,Unity College,2012,"Under 1,000",540,533,7,536,540,120,34,383,3,0,533,120,34,379,0,0,7,0,0,4,3,0
161581,Washington County Community College,2012,"Under 1,000",478,297,181,358,478,113,4,252,109,0,297,111,3,176,7,0,181,2,1,76,102,0
161615,Aaron's Academy of Beauty,2012,"Under 1,000",52,48,4,50,52,22,0,30,0,0,48,19,0,29,0,0,4,3,0,1,0,0
161651,Aesthetics Institute of Cosmetology,2012,"Under 1,000",56,26,30,38,56,9,0,47,0,0,26,2,0,24,0,0,30,7,0,23,0,0
161688,Allegany College of Maryland,2012,"1,000 - 4,999",3659,1958,1701,2529,3659,644,232,2124,659,0,1958,503,158,1293,4,0,1701,141,74,831,655,0
161767,Anne Arundel Community College,2012,"10,000 - 19,999",17650,5098,12552,9312,17650,2968,967,11212,2503,0,5098,1701,366,3003,28,0,12552,1267,601,8209,2475,0
161776,TESST College of Technology-Towson,2012,"Under 1,000",322,322,0,322,322,63,18,241,0,0,322,63,18,241,0,0,0,0,0,0,0,0
161800,Award Beauty School,2012,"Under 1,000",177,125,52,146,177,31,0,146,0,0,125,23,0,102,0,0,52,8,0,44,0,0
161855,Baltimore Studio of Hair Design,2012,"Under 1,000",78,53,25,63,78,22,0,56,0,0,53,17,0,36,0,0,25,5,0,20,0,0
161864,Baltimore City Community College,2012,"5,000 - 9,999",5474,1803,3671,3035,5474,1103,268,3535,568,0,1803,449,96,1172,86,0,3671,654,172,2363,482,0
161873,University of Baltimore,2012,"5,000 - 9,999",6558,3458,3100,4638,3426,222,590,2587,27,3132,2012,215,393,1404,0,1446,1414,7,197,1183,27,1686
162007,Bowie State University,2012,"5,000 - 9,999",5421,3889,1532,4476,4283,484,494,3269,36,1138,3493,477,375,2636,5,396,790,7,119,633,31,742
162061,Capitol College,2012,"Under 1,000",905,490,415,650,441,65,42,322,12,464,327,65,32,229,1,163,114,0,10,93,11,301
162104,Cecil College,2012,"1,000 - 4,999",2639,886,1753,1475,2639,550,161,1830,98,0,886,290,59,531,6,0,1753,260,102,1299,92,0
162122,College of Southern Maryland,2012,"5,000 - 9,999",9210,3405,5805,5354,9210,2152,687,5750,621,0,3405,1250,283,1759,113,0,5805,902,404,3991,508,0
162168,Chesapeake College,2012,"1,000 - 4,999",2660,920,1740,1504,2660,591,134,1613,322,0,920,348,59,496,17,0,1740,243,75,1117,305,0
162210,Washington Adventist University,2012,"1,000 - 4,999",1403,1013,390,1165,1218,133,86,892,107,185,944,133,80,730,1,69,274,0,6,162,106,116
162283,Coppin State University,2012,"1,000 - 4,999",3612,2584,1028,2984,3127,442,311,2302,72,485,2442,425,247,1759,11,142,685,17,64,543,61,343
162335,Delmarva Beauty Academy,2012,"Under 1,000",88,88,0,88,88,10,0,78,0,0,88,10,0,78,0,0,0,0,0,0,0,0
162371,North American Trade Schools,2012,"Under 1,000",545,545,0,545,545,235,0,310,0,0,545,235,0,310,0,0,0,0,0,0,0,0
162557,Frederick Community College,2012,"5,000 - 9,999",6159,2179,3980,3515,6159,1408,262,3813,676,0,2179,860,114,1166,39,0,3980,548,148,2647,637,0
162584,Frostburg State University,2012,"5,000 - 9,999",5421,4517,904,4860,4631,814,431,3277,109,790,4253,813,341,3039,60,264,378,1,90,238,49,526
162609,Garrett College,2012,"Under 1,000",873,687,186,749,873,228,54,388,203,0,687,219,42,302,124,0,186,9,12,86,79,0
162654,Goucher College,2012,"1,000 - 4,999",2251,1631,620,1868,1484,410,43,1016,15,767,1446,410,43,988,5,185,38,0,0,28,10,582
162681,Kaplan University-Hagerstown Campus,2012,"Under 1,000",824,246,578,473,802,71,116,615,0,22,242,1,10,231,0,4,560,70,106,384,0,18
162690,Hagerstown Community College,2012,"5,000 - 9,999",5005,1382,3623,2598,5005,916,327,2968,794,0,1382,445,108,781,48,0,3623,471,219,2187,746,0
162706,Harford Community College,2012,"5,000 - 9,999",7226,2830,4396,4306,7226,1454,401,4284,1087,0,2830,1001,156,1443,230,0,4396,453,245,2841,857,0
162760,Hood College,2012,"1,000 - 4,999",2422,1394,1028,1788,1434,271,135,977,51,988,1281,270,114,886,11,113,153,1,21,91,40,875
162779,Howard Community College,2012,"10,000 - 19,999",10152,3705,6447,5869,10152,1507,758,6977,910,0,3705,985,243,2316,161,0,6447,522,515,4661,749,0
162830,The Colorlab Academy of Hair,2012,"Under 1,000",58,58,0,58,58,32,0,26,0,0,58,32,0,26,0,0,0,0,0,0,0,0
162928,Johns Hopkins University,2012,"20,000 and above",20871,13133,7738,16091,6023,1391,248,4293,91,14848,5866,1391,244,4216,15,7267,157,0,4,77,76,7581
162982,L'Academie de Cuisine,2012,"Under 1,000",35,35,0,35,35,8,0,27,0,0,35,8,0,27,0,0,0,0,0,0,0,0
163028,Lincoln College of Technology-Columbia,2012,"Under 1,000",800,666,134,719,800,177,1,622,0,0,666,168,1,497,0,0,134,9,0,125,0,0
163046,Loyola University Maryland,2012,"5,000 - 9,999",5978,4551,1427,5097,3917,1072,63,2763,19,2061,3875,1072,61,2738,4,676,42,0,2,25,15,1385
163107,Maryland Beauty Academy of Reisterstown,2012,"Under 1,000",28,9,19,17,28,6,0,22,0,0,9,3,0,6,0,0,19,3,0,16,0,0
163204,University of Maryland-University College,2012,"20,000 and above",42268,6421,35847,20313,28273,1406,5259,20797,811,13995,6144,166,1168,4784,26,277,22129,1240,4091,16013,785,13718
163259,University of Maryland-Baltimore,2012,"5,000 - 9,999",6368,5103,1265,5568,728,0,212,510,6,5640,559,0,186,371,2,4544,169,0,26,139,4,1096
163268,University of Maryland-Baltimore County,2012,"10,000 - 19,999",13637,10505,3132,11704,10953,1560,1357,7921,115,2684,9371,1547,1134,6676,14,1134,1582,13,223,1245,101,1550
163286,University of Maryland-College Park,2012,"20,000 and above",37248,32274,4974,34159,26538,3903,1854,20074,707,10710,24486,3893,1702,18769,122,7788,2052,10,152,1305,585,2922
163295,Maryland Institute College of Art,2012,"1,000 - 4,999",2282,2033,249,2130,1941,414,85,1436,6,341,1809,413,84,1312,0,224,132,1,1,124,6,117
163338,University of Maryland Eastern Shore,2012,"1,000 - 4,999",4454,3890,564,4107,3758,886,212,2583,77,696,3449,882,175,2390,2,441,309,4,37,193,75,255
163347,Fortis Institute-Towson,2012,"Under 1,000",889,889,0,889,889,126,0,763,0,0,889,126,0,763,0,0,0,0,0,0,0,0
163408,Montgomery Beauty School,2012,"Under 1,000",127,76,51,96,127,26,0,101,0,0,76,13,0,63,0,0,51,13,0,38,0,0
163426,Montgomery College,2012,"20,000 and above",27453,9888,17565,15785,27453,3414,1402,14881,7756,0,9888,2068,665,5402,1753,0,17565,1346,737,9479,6003,0
163453,Morgan State University,2012,"5,000 - 9,999",7952,6501,1451,7059,6591,1037,482,5048,24,1361,5794,1017,405,4364,8,707,797,20,77,684,16,654
163462,Mount St Mary's University,2012,"1,000 - 4,999",2350,2010,340,2141,1842,447,64,1320,11,508,1755,447,52,1256,0,255,87,0,12,64,11,253
163532,Ner Israel Rabbinical College,2012,"Under 1,000",547,526,21,534,344,34,51,259,0,203,344,34,51,259,0,182,0,0,0,0,0,21
163541,Hair Academy Inc-New Carrollton,2012,"Under 1,000",413,333,80,365,413,59,0,354,0,0,333,47,0,286,0,0,80,12,0,68,0,0
163578,Notre Dame of Maryland University,2012,"1,000 - 4,999",2864,838,2026,1620,1227,128,186,892,21,1637,530,128,56,346,0,308,697,0,130,546,21,1329
163657,Prince George's Community College,2012,"10,000 - 19,999",13824,4059,9765,7337,13824,2404,1414,9057,949,0,4059,1017,520,2442,80,0,9765,1387,894,6615,869,0
163736,TESST College of Technology-Baltimore,2012,"Under 1,000",698,698,0,698,698,148,64,486,0,0,698,148,64,486,0,0,0,0,0,0,0,0
163754,Robert Paul Academy of Cosmetology Arts & Sciences,2012,"Under 1,000",33,25,8,28,33,16,0,17,0,0,25,13,0,12,0,0,8,3,0,5,0,0
163815,Maryland Beauty Academy of Essex,2012,"Under 1,000",93,30,63,55,93,21,0,72,0,0,30,11,0,19,0,0,63,10,0,53,0,0
163851,Salisbury University,2012,"5,000 - 9,999",8657,7611,1046,8016,7969,1232,918,5564,255,688,7323,1230,848,5234,11,288,646,2,70,330,244,400
163912,St Mary's College of Maryland,2012,"1,000 - 4,999",1933,1867,66,1894,1901,419,82,1362,38,32,1837,419,78,1327,13,30,64,0,4,35,25,2
163921,Sojourner-Douglass College,2012,"1,000 - 4,999",1293,854,439,1026,1237,105,89,1043,0,56,835,92,63,680,0,19,402,13,26,363,0,37
163976,St John's College,2012,"Under 1,000",509,504,5,506,449,118,0,331,0,60,447,118,0,329,0,57,2,0,0,2,0,3
164058,TESST College of Technology-Beltsville,2012,"Under 1,000",413,413,0,413,413,88,46,279,0,0,413,88,46,279,0,0,0,0,0,0,0,0
164076,Towson University,2012,"20,000 and above",21960,17052,4908,18917,17988,2464,2108,13113,303,3972,15852,2463,1911,11396,82,1200,2136,1,197,1717,221,2772
164085,Maryland University of Integrative Health,2012,"Under 1,000",511,256,255,353,0,0,0,0,0,511,0,0,0,0,0,256,0,0,0,0,0,255
164100,International Beauty School,2012,"Under 1,000",240,240,0,240,240,226,0,14,0,0,240,226,0,14,0,0,0,0,0,0,0,0
164155,United States Naval Academy,2012,"1,000 - 4,999",4536,4536,0,4536,4536,1186,0,3350,0,0,4536,1186,0,3350,0,0,0,0,0,0,0,0
164173,Stevenson University,2012,"1,000 - 4,999",4418,3326,1092,3751,3904,861,485,2509,49,514,3227,860,382,1985,0,99,677,1,103,524,49,415
164216,Washington College,2012,"1,000 - 4,999",1514,1433,81,1464,1470,397,29,996,48,44,1433,397,27,984,25,0,37,0,2,12,23,44
164270,McDaniel College,2012,"1,000 - 4,999",3276,1790,1486,2358,1632,437,49,1116,30,1644,1596,437,48,1099,12,194,36,0,1,17,18,1450
164313,Wor-Wic Community College,2012,"1,000 - 4,999",3739,1190,2549,2046,3739,747,250,2421,321,0,1190,427,80,643,40,0,2549,320,170,1778,281,0
164368,Hult International Business School,2012,"1,000 - 4,999",589,589,0,589,0,0,0,0,0,589,0,0,0,0,0,589,0,0,0,0,0,0
164438,New England College of Business and Finance,2012,"1,000 - 4,999",1211,362,849,694,993,20,76,880,17,218,279,5,30,241,3,83,714,15,46,639,14,135
164447,American International College,2012,"1,000 - 4,999",3607,1737,1870,2453,1492,308,181,1003,0,2115,1352,307,170,875,0,385,140,1,11,128,0,1730
164465,Amherst College,2012,"1,000 - 4,999",1817,1817,0,1817,1817,463,13,1341,0,0,1817,463,13,1341,0,0,0,0,0,0,0,0
164474,Andover Newton Theological School,2012,"Under 1,000",273,50,223,135,0,0,0,0,0,273,0,0,0,0,0,50,0,0,0,0,0,223
164492,Anna Maria College,2012,"1,000 - 4,999",1455,873,582,1098,1037,247,47,736,7,418,808,246,45,517,0,65,229,1,2,219,7,353
164535,Assabet Valley Regional Technical School,2012,"Under 1,000",45,45,0,45,45,13,0,32,0,0,45,13,0,32,0,0,0,0,0,0,0,0
164562,Assumption College,2012,"1,000 - 4,999",2813,2221,592,2450,2281,559,41,1617,64,532,2059,559,41,1448,11,162,222,0,0,169,53,370
164580,Babson College,2012,"1,000 - 4,999",3250,2432,818,2745,2015,470,43,1502,0,1235,2015,470,43,1502,0,417,0,0,0,0,0,818
164599,Bancroft School of Massage Therapy,2012,"Under 1,000",61,0,61,24,61,15,0,46,0,0,0,0,0,0,0,0,61,15,0,46,0,0
164614,Boston Baptist College,2012,"Under 1,000",89,73,16,79,89,26,11,52,0,0,73,20,11,42,0,0,16,6,0,10,0,0
164632,Bay Path College,2012,"1,000 - 4,999",2370,1624,746,1912,1558,155,283,1118,2,812,1259,155,208,894,2,365,299,0,75,224,0,447
164641,Bay State College,2012,"1,000 - 4,999",1721,1143,578,1370,1721,324,460,932,5,0,1143,237,271,632,3,0,578,87,189,300,2,0
164678,Bay State School of Technology,2012,"Under 1,000",208,151,57,174,208,71,0,137,0,0,151,50,0,101,0,0,57,21,0,36,0,0
164720,Becker College,2012,"1,000 - 4,999",1826,1403,423,1569,1826,381,207,1199,39,0,1403,381,168,851,3,0,423,0,39,348,36,0
164739,Bentley University,2012,"5,000 - 9,999",5647,4785,862,5116,4241,976,151,3053,61,1406,4111,976,140,2944,51,674,130,0,11,109,10,732
164748,Berklee College of Music,2012,"1,000 - 4,999",4522,4124,398,4280,4447,980,178,3289,0,75,4049,978,177,2894,0,75,398,2,1,395,0,0
164775,Berkshire Community College,2012,"1,000 - 4,999",2503,922,1581,1453,2503,496,157,1467,383,0,922,289,72,547,14,0,1581,207,85,920,369,0
164845,Empire Beauty School-Boston,2012,"Under 1,000",254,187,67,214,254,113,0,141,0,0,187,93,0,94,0,0,67,20,0,47,0,0
164872,Boston Architectural College,2012,"Under 1,000",941,890,51,910,487,20,40,406,21,454,459,20,40,395,4,431,28,0,0,11,17,23
164915,Boston Graduate School of Psychoanalysis Inc,2012,"Under 1,000",165,56,109,98,0,0,0,0,0,165,0,0,0,0,0,56,0,0,0,0,0,109
164924,Boston College,2012,"10,000 - 19,999",14605,13115,1490,13688,9837,2300,71,7113,353,4768,9533,2289,71,7023,150,3582,304,11,0,90,203,1186
164933,The Boston Conservatory,2012,"Under 1,000",749,733,16,739,526,137,18,371,0,223,526,137,18,371,0,207,0,0,0,0,0,16
164988,Boston University,2012,"20,000 and above",32603,26059,6544,28577,18306,3877,333,12256,1840,14297,16634,3877,331,11821,605,9425,1672,0,2,435,1235,4872
165015,Brandeis University,2012,"5,000 - 9,999",5808,5339,469,5518,3588,820,58,2692,18,2220,3563,820,58,2682,3,1776,25,0,0,10,15,444
165024,Bridgewater State University,2012,"10,000 - 19,999",11417,8431,2986,9580,9684,1454,1043,7054,133,1733,8032,1425,872,5699,36,399,1652,29,171,1355,97,1334
165033,Bristol Community College,2012,"5,000 - 9,999",9022,4303,4719,5887,9022,1895,599,5424,1104,0,4303,1359,296,2418,230,0,4719,536,303,3006,874,0
165060,Signature Healthcare Brockton Hospital School of Nursing,2012,"Under 1,000",328,190,138,245,328,6,0,322,0,0,190,5,0,185,0,0,138,1,0,137,0,0
165112,Bunker Hill Community College,2012,"10,000 - 19,999",13504,4577,8927,7574,13504,2478,777,8634,1615,0,4577,1224,358,2872,123,0,8927,1254,419,5762,1492,0
165167,Cambridge College,2012,"1,000 - 4,999",3378,1313,2065,2111,1090,68,78,726,218,2288,271,24,30,216,1,1042,819,44,48,510,217,1246
165194,Cape Cod Community College,2012,"1,000 - 4,999",4201,1356,2845,2311,4201,840,318,2444,599,0,1356,486,127,711,32,0,2845,354,191,1733,567,0
165255,Catherine Hinds Institute of Esthetics,2012,"Under 1,000",186,104,82,137,186,71,0,115,0,0,104,42,0,62,0,0,82,29,0,53,0,0
165264,Laboure College,2012,"Under 1,000",727,73,654,330,727,12,157,551,7,0,73,1,21,51,0,0,654,11,136,500,7,0
165334,Clark University,2012,"1,000 - 4,999",3503,3125,378,3270,2352,594,41,1641,76,1151,2253,587,38,1608,20,872,99,7,3,33,56,279
165495,Conway School of Landscape Design,2012,"Under 1,000",18,18,0,18,0,0,0,0,0,18,0,0,0,0,0,18,0,0,0,0,0,0
165529,Curry College,2012,"1,000 - 4,999",3040,2041,999,2431,2769,604,160,1952,53,271,1995,584,71,1339,1,46,774,20,89,613,52,225
165556,Lincoln Technical Institute-Somerville,2012,"Under 1,000",342,223,119,270,342,84,0,258,0,0,223,63,0,160,0,0,119,21,0,98,0,0
165574,Dean College,2012,"1,000 - 4,999",1322,1041,281,1151,1322,482,49,689,102,0,1041,474,45,522,0,0,281,8,4,167,102,0
165608,Diman Regional Technical Institute,2012,"Under 1,000",74,47,27,56,74,15,0,59,0,0,47,11,0,36,0,0,27,4,0,23,0,0
165635,National Aviation Academy of New England,2012,"Under 1,000",274,274,0,274,274,42,0,232,0,0,274,42,0,232,0,0,0,0,0,0,0,0
165644,Eastern Nazarene College,2012,"1,000 - 4,999",1459,1402,57,1424,1323,183,195,935,10,136,1302,182,195,925,0,100,21,1,0,10,10,36
165662,Emerson College,2012,"1,000 - 4,999",4531,4320,211,4402,3702,866,179,2615,42,829,3587,866,179,2541,1,733,115,0,0,74,41,96
165671,Emmanuel College,2012,"1,000 - 4,999",2489,1847,642,2096,2199,553,76,1428,142,290,1829,553,39,1236,1,18,370,0,37,192,141,272
165699,Endicott College,2012,"1,000 - 4,999",4408,2748,1660,3385,2622,646,60,1803,113,1786,2390,642,58,1679,11,358,232,4,2,124,102,1428
165705,Episcopal Divinity School,2012,"Under 1,000",80,41,39,56,0,0,0,0,0,80,0,0,0,0,0,41,0,0,0,0,0,39
165750,Rob Roy Academy-Fall River,2012,"Under 1,000",100,100,0,100,100,41,0,59,0,0,100,41,0,59,0,0,0,0,0,0,0,0
165802,Fisher College,2012,"1,000 - 4,999",2037,1301,736,1590,2037,388,186,1204,259,0,1301,355,126,758,62,0,736,33,60,446,197,0
165820,Fitchburg State University,2012,"5,000 - 9,999",6889,3479,3410,4747,4163,759,352,2954,98,2726,3329,739,252,2321,17,150,834,20,100,633,81,2576
165866,Framingham State University,2012,"5,000 - 9,999",6506,3884,2622,4861,4489,826,475,2846,342,2017,3804,821,415,2517,51,80,685,5,60,329,291,1937
165884,Benjamin Franklin Institute of Technology,2012,"Under 1,000",475,399,76,429,475,185,45,215,30,0,399,183,40,176,0,0,76,2,5,39,30,0
165936,Gordon College,2012,"1,000 - 4,999",1906,1652,254,1749,1577,465,61,1037,14,329,1548,465,60,1013,10,104,29,0,1,24,4,225
165945,Gordon-Conwell Theological Seminary,2012,"1,000 - 4,999",2033,685,1348,1200,0,0,0,0,0,2033,0,0,0,0,0,685,0,0,0,0,0,1348
165981,Greenfield Community College,2012,"1,000 - 4,999",2437,920,1517,1429,2437,432,153,1690,162,0,920,211,78,603,28,0,1517,221,75,1087,134,0
166009,Hallmark Institute of Photography,2012,"Under 1,000",72,72,0,72,72,37,0,35,0,0,72,37,0,35,0,0,0,0,0,0,0,0
166018,Hampshire College,2012,"1,000 - 4,999",1461,1461,0,1461,1461,357,52,1028,24,0,1461,357,52,1028,24,0,0,0,0,0,0,0
166027,Harvard University,2012,"20,000 and above",28006,20258,7748,23253,10478,1665,12,5530,3271,17528,7213,1665,12,5173,363,13045,3265,0,0,357,2908,4483
166045,Hebrew College,2012,"Under 1,000",231,75,156,135,7,0,0,7,0,224,1,0,0,1,0,74,6,0,0,6,0,150
166054,Hellenic College-Holy Cross Greek Orthodox School of Theology,2012,"Under 1,000",209,206,3,207,88,13,7,68,0,121,88,13,7,68,0,118,0,0,0,0,0,3
166063,Henris School of Hair Design,2012,"Under 1,000",47,47,0,47,47,24,0,23,0,0,47,24,0,23,0,0,0,0,0,0,0,0
166124,College of the Holy Cross,2012,"1,000 - 4,999",2926,2891,35,2905,2926,763,12,2116,35,0,2891,763,12,2116,0,0,35,0,0,0,35,0
166133,Holyoke Community College,2012,"5,000 - 9,999",7164,3488,3676,4722,7164,1645,541,4623,355,0,3488,1162,290,1992,44,0,3676,483,251,2631,311,0
166294,Kay Harvey Academy of Hair Design,2012,"Under 1,000",50,39,11,43,50,32,0,18,0,0,39,26,0,13,0,0,11,6,0,5,0,0
166319,La Baron Hairdressing Academy-Brockton,2012,"Under 1,000",56,39,17,46,56,39,0,17,0,0,39,26,0,13,0,0,17,13,0,4,0,0
166328,La Baron Hairdressing Academy-New Bedford,2012,"Under 1,000",30,21,9,25,30,15,0,15,0,0,21,14,0,7,0,0,9,1,0,8,0,0
166391,Lasell College,2012,"1,000 - 4,999",1980,1722,258,1821,1655,558,68,1019,10,325,1627,556,64,1007,0,95,28,2,4,12,10,230
166407,Lawrence Memorial Hospital School of Nursing,2012,"Under 1,000",319,272,47,291,319,1,0,318,0,0,272,0,0,272,0,0,47,1,0,46,0,0
166452,Lesley University,2012,"5,000 - 9,999",5944,2708,3236,3949,1984,335,170,1458,21,3960,1543,334,122,1087,0,1165,441,1,48,371,21,2795
166489,Longy School of Music of Bard College,2012,"Under 1,000",224,209,15,215,60,13,13,34,0,164,55,13,13,29,0,154,5,0,0,5,0,10
166498,Lowell Academy Hairstyling Institute,2012,"Under 1,000",126,89,37,104,126,109,0,17,0,0,89,78,0,11,0,0,37,31,0,6,0,0
166513,University of Massachusetts-Lowell,2012,"10,000 - 19,999",16294,9850,6444,12330,12287,1520,1408,8542,817,4007,8724,1484,1031,6106,103,1126,3563,36,377,2436,714,2881
166586,Mansfield Beauty Schools-Springfield,2012,"Under 1,000",29,26,3,27,29,5,0,24,0,0,26,4,0,22,0,0,3,1,0,2,0,0
166595,Mansfield Beauty Schools-Quincy,2012,"Under 1,000",61,40,21,48,61,9,0,52,0,0,40,8,0,32,0,0,21,1,0,20,0,0
166601,Marian Court College,2012,"Under 1,000",174,126,48,145,174,38,12,89,35,0,126,34,12,80,0,0,48,4,0,9,35,0
166629,University of Massachusetts-Amherst,2012,"20,000 and above",28236,22634,5602,24728,21928,4679,1380,15389,480,6308,20306,4671,1111,14395,129,2328,1622,8,269,994,351,3980
166638,University of Massachusetts-Boston,2012,"10,000 - 19,999",15874,9668,6206,12067,12124,1267,1828,8362,667,3750,8426,1172,1299,5810,145,1242,3698,95,529,2552,522,2508
166647,Massachusetts Bay Community College,2012,"5,000 - 9,999",5427,2058,3369,3189,5427,1244,266,3113,804,0,2058,708,109,1142,99,0,3369,536,157,1971,705,0
166656,MCPHS University,2012,"5,000 - 9,999",6010,5569,441,5740,3627,911,169,2507,40,2383,3439,911,123,2405,0,2130,188,0,46,102,40,253
166674,Massachusetts College of Art and Design,2012,"1,000 - 4,999",2326,1756,570,1985,2179,353,127,1344,355,147,1637,352,123,1160,2,119,542,1,4,184,353,28
166683,Massachusetts Institute of Technology,2012,"10,000 - 19,999",11189,11017,172,11083,4503,1135,22,3320,26,6686,4480,1135,22,3299,24,6537,23,0,0,21,2,149
166692,Massachusetts Maritime Academy,2012,"1,000 - 4,999",1415,1269,146,1324,1312,302,45,956,9,103,1269,302,44,921,2,0,43,0,1,35,7,103
166708,University of Massachusetts Medical School Worcester,2012,"1,000 - 4,999",1160,1056,104,1094,0,0,0,0,0,1160,0,0,0,0,0,1056,0,0,0,0,0,104
166717,Massachusetts School of Professional Psychology,2012,"Under 1,000",650,493,157,553,0,0,0,0,0,650,0,0,0,0,0,493,0,0,0,0,0,157
166805,Massachusetts School of Barbering,2012,"Under 1,000",94,19,75,49,94,60,0,34,0,0,19,9,0,10,0,0,75,51,0,24,0,0
166823,Massasoit Community College,2012,"5,000 - 9,999",8209,3633,4576,5169,8209,1713,460,4469,1567,0,3633,1213,227,1975,218,0,4576,500,233,2494,1349,0
166850,Merrimack College,2012,"1,000 - 4,999",2694,2455,239,2548,2453,699,81,1626,47,241,2309,698,79,1531,1,146,144,1,2,95,46,95
166869,MGH Institute of Health Professions,2012,"1,000 - 4,999",1036,766,270,869,171,0,0,171,0,865,171,0,0,171,0,595,0,0,0,0,0,270
166887,Middlesex Community College,2012,"5,000 - 9,999",9664,3782,5882,5757,9664,2000,784,6065,815,0,3782,1174,328,2222,58,0,5882,826,456,3843,757,0
166911,Montserrat College of Art,2012,"Under 1,000",396,384,12,389,396,97,20,267,12,0,384,97,20,265,2,0,12,0,0,2,10,0
166939,Mount Holyoke College,2012,"1,000 - 4,999",2347,2310,37,2325,2325,496,54,1744,31,22,2290,496,49,1732,13,20,35,0,5,12,18,2
166948,Mount Ida College,2012,"1,000 - 4,999",1389,1250,139,1304,1368,320,136,903,9,21,1246,316,107,823,0,4,122,4,29,80,9,17
166957,Mount Wachusett Community College,2012,"1,000 - 4,999",4731,2029,2702,2936,4731,969,335,2979,448,0,2029,637,151,1124,117,0,2702,332,184,1855,331,0
166975,Cortiva Institute-Boston,2012,"Under 1,000",224,158,66,184,224,68,0,156,0,0,158,50,0,108,0,0,66,18,0,48,0,0
166984,School of the Museum of Fine Arts-Boston,2012,"Under 1,000",701,584,117,630,520,94,37,295,94,181,422,94,36,271,21,162,98,0,1,24,73,19
167020,Everest Institute-Brighton,2012,"Under 1,000",357,357,0,357,357,77,0,280,0,0,357,77,0,280,0,0,0,0,0,0,0,0
167039,Rob Roy Academy-New Bedford,2012,"Under 1,000",27,27,0,27,27,10,0,17,0,0,27,10,0,17,0,0,0,0,0,0,0,0
167057,The New England Conservatory of Music,2012,"Under 1,000",812,757,55,778,436,102,22,295,17,376,406,99,22,285,0,351,30,3,0,10,17,25
167093,New England College of Optometry,2012,"Under 1,000",472,471,1,471,0,0,0,0,0,472,0,0,0,0,0,471,0,0,0,0,0,1
167181,New England School of Acupuncture,2012,"Under 1,000",172,132,40,147,0,0,0,0,0,172,0,0,0,0,0,132,0,0,0,0,0,40
167215,New England School of Law,2012,"1,000 - 4,999",1167,835,332,962,0,0,0,0,0,1167,0,0,0,0,0,835,0,0,0,0,0,332
167224,New England School of Photography,2012,"Under 1,000",78,78,0,78,78,24,0,54,0,0,78,24,0,54,0,0,0,0,0,0,0,0
167251,Newbury College,2012,"1,000 - 4,999",1003,883,120,930,1003,283,45,673,2,0,883,278,35,570,0,0,120,5,10,103,2,0
167260,Nichols College,2012,"1,000 - 4,999",1413,1067,346,1201,1202,331,54,790,27,211,1021,330,43,648,0,46,181,1,11,142,27,165
167288,Massachusetts College of Liberal Arts,2012,"1,000 - 4,999",1799,1463,336,1593,1600,313,143,1097,47,199,1408,308,117,972,11,55,192,5,26,125,36,144
167297,North Bennet Street School,2012,"Under 1,000",154,154,0,154,154,16,0,138,0,0,154,16,0,138,0,0,0,0,0,0,0,0
167312,North Shore Community College,2012,"5,000 - 9,999",7912,3063,4849,4691,7912,1522,649,5062,679,0,3063,950,291,1771,51,0,4849,572,358,3291,628,0
167321,The New England Institute of Art,2012,"1,000 - 4,999",1052,825,227,914,1052,198,138,716,0,0,825,178,109,538,0,0,227,20,29,178,0,0
167358,Northeastern University,2012,"20,000 and above",27694,19030,8664,22367,16640,2664,683,11892,1401,11054,14135,2664,683,9760,1028,4895,2505,0,0,2132,373,6159
167376,Northern Essex Community College,2012,"5,000 - 9,999",7312,2596,4716,4179,7312,1441,369,4970,532,0,2596,835,139,1606,16,0,4716,606,230,3364,516,0
167394,College of Our Lady of the Elms,2012,"1,000 - 4,999",1576,951,625,1193,1268,200,169,825,74,308,934,194,129,611,0,17,334,6,40,214,74,291
167455,Pine Manor College,2012,"Under 1,000",345,334,11,338,317,105,26,186,0,28,306,104,23,179,0,28,11,1,3,7,0,0
167464,Blessed John XXIII National Seminary,2012,"Under 1,000",66,66,0,66,0,0,0,0,0,66,0,0,0,0,0,66,0,0,0,0,0,0
167525,Quincy College,2012,"1,000 - 4,999",4495,1830,2665,2725,4495,600,1805,1446,644,0,1830,387,699,690,54,0,2665,213,1106,756,590,0
167534,Quinsigamond Community College,2012,"5,000 - 9,999",8991,3943,5048,5638,8991,1858,594,5429,1110,0,3943,1185,290,2177,291,0,5048,673,304,3252,819,0
167598,Regis College,2012,"1,000 - 4,999",1991,1140,851,1468,1149,278,22,849,0,842,901,277,22,602,0,239,248,1,0,247,0,603
167631,Roxbury Community College,2012,"1,000 - 4,999",2711,941,1770,1535,2711,532,927,1052,200,0,941,275,317,340,9,0,1770,257,610,712,191,0
167677,Saint John's Seminary,2012,"Under 1,000",197,105,92,140,39,0,23,12,4,158,37,0,23,12,2,68,2,0,0,0,2,90
167729,Salem State University,2012,"5,000 - 9,999",9456,6176,3280,7441,7741,1095,860,5188,598,1715,5862,1086,656,4035,85,314,1879,9,204,1153,513,1401
167738,Salter College-West Boylston,2012,"Under 1,000",822,625,197,703,822,267,0,552,3,0,625,216,0,406,3,0,197,51,0,146,0,0
167783,Simmons College,2012,"1,000 - 4,999",4830,2449,2381,3360,1792,401,193,1179,19,3038,1647,401,180,1063,3,802,145,0,13,116,16,2236
167792,Bard College at Simon's Rock,2012,"Under 1,000",354,341,13,346,354,145,1,198,10,0,341,145,1,195,0,0,13,0,0,3,10,0
167835,Smith College,2012,"1,000 - 4,999",3212,3125,87,3158,2664,651,81,1932,0,548,2643,651,76,1916,0,482,21,0,5,16,0,66
167871,Southeastern Technical Institute,2012,"Under 1,000",129,94,35,106,129,30,0,99,0,0,94,17,0,77,0,0,35,13,0,22,0,0
167899,Springfield College,2012,"1,000 - 4,999",3284,3023,261,3123,2267,541,76,1605,45,1017,2208,541,72,1571,24,815,59,0,4,34,21,202
167905,Springfield Technical Community College,2012,"5,000 - 9,999",7011,3104,3907,4416,7011,1332,622,4583,474,0,3104,855,267,1955,27,0,3907,477,355,2628,447,0
167987,University of Massachusetts-Dartmouth,2012,"5,000 - 9,999",9210,7226,1984,7985,7562,1589,554,5183,236,1648,6580,1563,445,4512,60,646,982,26,109,671,176,1002
167996,Stonehill College,2012,"1,000 - 4,999",2602,2590,12,2595,2602,814,18,1767,3,0,2590,814,18,1758,0,0,12,0,0,9,3,0
168005,Suffolk University,2012,"5,000 - 9,999",9018,6987,2031,7767,5770,1240,477,3929,124,3248,5364,1239,446,3676,3,1623,406,1,31,253,121,1625
168032,Rob Roy Academy-Taunton,2012,"Under 1,000",57,57,0,57,57,20,0,37,0,0,57,20,0,37,0,0,0,0,0,0,0,0
168148,Tufts University,2012,"10,000 - 19,999",10837,9983,854,10310,5255,1307,90,3807,51,5582,5167,1306,89,3771,1,4816,88,1,1,36,50,766
168218,Wellesley College,2012,"1,000 - 4,999",2482,2368,114,2413,2482,585,27,1753,117,0,2368,585,26,1744,13,0,114,0,1,9,104,0
168227,Wentworth Institute of Technology,2012,"1,000 - 4,999",4152,3677,475,3863,4000,1068,145,2759,28,152,3592,1026,121,2443,2,85,408,42,24,316,26,67
168254,Western New England University,2012,"1,000 - 4,999",3802,2932,870,3266,2695,798,114,1759,24,1107,2520,794,106,1620,0,412,175,4,8,139,24,695
168263,Westfield State University,2012,"5,000 - 9,999",6081,4924,1157,5370,5370,997,380,3814,179,711,4712,994,318,3370,30,212,658,3,62,444,149,499
168281,Wheaton College,2012,"1,000 - 4,999",1616,1613,3,1614,1616,466,11,1139,0,0,1613,466,11,1136,0,0,3,0,0,3,0,0
168290,Wheelock College,2012,"1,000 - 4,999",1324,1076,248,1172,903,199,52,615,37,421,822,198,49,575,0,254,81,1,3,40,37,167
168342,Williams College,2012,"1,000 - 4,999",2124,2085,39,2100,2070,547,6,1464,53,54,2031,547,6,1464,14,54,39,0,0,0,39,0
168421,Worcester Polytechnic Institute,2012,"5,000 - 9,999",5957,4442,1515,5023,3952,951,55,2835,111,2005,3787,948,53,2729,57,655,165,3,2,106,54,1350
168430,Worcester State University,2012,"5,000 - 9,999",6221,4162,2059,4963,5307,784,534,3490,499,914,3973,781,425,2748,19,189,1334,3,109,742,480,725
168528,Adrian College,2012,"1,000 - 4,999",1807,1761,46,1779,1804,593,66,1107,38,3,1758,592,63,1089,14,3,46,1,3,18,24,0
168546,Albion College,2012,"1,000 - 4,999",1382,1353,29,1364,1382,360,36,959,27,0,1353,360,36,952,5,0,29,0,0,7,22,0
168555,Hillsdale Beauty College,2012,"Under 1,000",48,38,10,42,48,9,0,39,0,0,38,9,0,29,0,0,10,0,0,10,0,0
168573,Northwestern Technological Institute,2012,"Under 1,000",440,440,0,440,440,149,0,291,0,0,440,149,0,291,0,0,0,0,0,0,0,0
168591,Alma College,2012,"1,000 - 4,999",1461,1415,46,1433,1461,435,50,949,27,0,1415,435,50,930,0,0,46,0,0,19,27,0
168607,Alpena Community College,2012,"1,000 - 4,999",1963,1027,936,1341,1963,508,61,1044,350,0,1027,367,38,606,16,0,936,141,23,438,334,0
168740,Andrews University,2012,"1,000 - 4,999",3551,2428,1123,2859,1917,388,142,1285,102,1634,1704,385,129,1183,7,724,213,3,13,102,95,910
168786,Aquinas College,2012,"1,000 - 4,999",2093,1709,384,1858,1922,452,92,1378,0,171,1696,452,77,1167,0,13,226,0,15,211,0,158
168838,Baker College of Owosso,2012,"1,000 - 4,999",2972,1820,1152,2272,2962,653,180,2002,127,10,1818,549,125,1129,15,2,1144,104,55,873,112,8
168847,Baker College of Flint,2012,"5,000 - 9,999",5534,3151,2383,4087,5504,845,587,4041,31,30,3141,686,358,2096,1,10,2363,159,229,1945,30,20
168883,Bay de Noc Community College,2012,"1,000 - 4,999",2445,1346,1099,1715,2445,497,439,1316,193,0,1346,413,216,715,2,0,1099,84,223,601,191,0
168892,Bayshire Academy of Beauty Craft Inc,2012,"Under 1,000",56,30,26,40,56,23,0,33,0,0,30,11,0,19,0,0,26,12,0,14,0,0
169071,Cadillac Institute of Cosmetology,2012,,,,,,,,,,,,,,,,,,,,,,,
169080,Calvin College,2012,"1,000 - 4,999",4008,3792,216,3876,3930,977,108,2753,92,78,3763,977,107,2664,15,29,167,0,1,89,77,49
169099,Calvin Theological Seminary,2012,"Under 1,000",295,214,81,245,0,0,0,0,0,295,0,0,0,0,0,214,0,0,0,0,0,81
169187,Carnegie Institute,2012,"Under 1,000",279,133,146,191,279,42,0,237,0,0,133,31,0,102,0,0,146,11,0,135,0,0
169220,Michigan School of Professional Psychology,2012,"Under 1,000",165,96,69,122,0,0,0,0,0,165,0,0,0,0,0,96,0,0,0,0,0,69
169248,Central Michigan University,2012,"20,000 and above",27626,20271,7355,23047,21332,3416,1510,15922,484,6294,18564,3353,1257,13673,281,1707,2768,63,253,2249,203,4587
169275,Mott Community College,2012,"5,000 - 9,999",9968,3140,6828,5432,9968,572,177,7514,1705,0,3140,279,72,2370,419,0,6828,293,105,5144,1286,0
169284,Empire Beauty School-Michigan,2012,"Under 1,000",356,264,92,301,356,85,0,271,0,0,264,70,0,194,0,0,92,15,0,77,0,0
169327,Cleary University,2012,"Under 1,000",704,337,367,481,618,35,92,343,148,86,268,30,67,169,2,69,350,5,25,174,146,17
169363,Concordia University-Ann Arbor,2012,"Under 1,000",667,575,92,610,498,153,39,296,10,169,473,152,39,282,0,102,25,1,0,14,10,67
169424,Cranbrook Academy of Art,2012,"Under 1,000",154,154,0,154,0,0,0,0,0,154,0,0,0,0,0,154,0,0,0,0,0,0
169442,College for Creative Studies,2012,"1,000 - 4,999",1411,1159,252,1258,1356,275,150,924,7,55,1109,248,120,738,3,50,247,27,30,186,4,5
169479,Davenport University,2012,"10,000 - 19,999",10697,2775,7922,5863,8373,635,1027,6198,513,2324,2682,419,425,1831,7,93,5691,216,602,4367,506,2231
169503,David Pressley School of Cosmetology,2012,"Under 1,000",248,248,0,248,248,31,0,217,0,0,248,31,0,217,0,0,0,0,0,0,0,0
169521,Delta College,2012,"10,000 - 19,999",10763,4174,6589,6386,10763,1453,329,7127,1854,0,4174,893,158,2622,501,0,6589,560,171,4505,1353,0
169576,Detroit Business Institute-Downriver,2012,"Under 1,000",86,70,16,76,86,22,0,64,0,0,70,14,0,56,0,0,16,8,0,8,0,0
169628,Michigan State University-College of Law,2012,"1,000 - 4,999",1024,828,196,903,0,0,0,0,0,1024,0,0,0,0,0,828,0,0,0,0,0,196
169655,MIAT College of Technology,2012,"Under 1,000",764,731,33,744,764,214,0,550,0,0,731,197,0,534,0,0,33,17,0,16,0,0
169716,University of Detroit Mercy,2012,"5,000 - 9,999",5231,3839,1392,4377,2868,481,238,2089,60,2363,2251,479,111,1649,12,1588,617,2,127,440,48,775
169734,Dorsey Business Schools-Madison Heights,2012,"Under 1,000",234,234,0,234,234,13,0,221,0,0,234,13,0,221,0,0,0,0,0,0,0,0
169761,Dorsey Business Schools-Southgate,2012,"Under 1,000",220,220,0,220,220,28,0,192,0,0,220,28,0,192,0,0,0,0,0,0,0,0
169798,Eastern Michigan University,2012,"20,000 and above",23518,14265,9253,17849,18927,2636,2079,13668,544,4591,13256,2612,1454,9026,164,1009,5671,24,625,4642,380,3582
169910,Ferris State University,2012,"10,000 - 19,999",14533,10156,4377,11903,13271,2147,1514,9039,571,1262,9366,2094,908,6264,100,790,3905,53,606,2775,471,472
169947,Flint Institute of Barbering Inc,2012,"Under 1,000",57,57,0,57,57,16,0,41,0,0,57,16,0,41,0,0,0,0,0,0,0,0
169974,Glen Oaks Community College,2012,"1,000 - 4,999",1270,649,621,857,1270,210,54,546,460,0,649,172,47,335,95,0,621,38,7,211,365,0
169983,Kettering University,2012,"1,000 - 4,999",2048,1643,405,1799,1724,372,39,1247,66,324,1628,372,39,1177,40,15,96,0,0,70,26,309
169992,Gogebic Community College,2012,"1,000 - 4,999",1049,659,390,790,1049,236,63,661,89,0,659,215,44,400,0,0,390,21,19,261,89,0
170000,Grace Bible College,2012,"Under 1,000",429,384,45,402,429,104,65,255,5,0,384,102,62,220,0,0,45,2,3,35,5,0
170037,Cornerstone University,2012,"1,000 - 4,999",2858,2050,808,2365,2238,352,915,904,67,620,1701,335,576,783,7,349,537,17,339,121,60,271
170046,Everest Institute-Grand Rapids,2012,"Under 1,000",615,615,0,615,615,76,0,539,0,0,615,76,0,539,0,0,0,0,0,0,0,0
170055,Grand Rapids Community College,2012,"10,000 - 19,999",17448,6264,11184,10019,17448,3601,1511,11567,769,0,6264,1971,596,3656,41,0,11184,1630,915,7911,728,0
170082,Grand Valley State University,2012,"20,000 and above",24654,19767,4887,21646,21317,3966,1732,15529,90,3337,18663,3940,1521,13198,4,1104,2654,26,211,2331,86,2233
170091,Great Lakes Christian College,2012,"Under 1,000",183,139,44,156,183,33,26,124,0,0,139,31,17,91,0,0,44,2,9,33,0,0
170240,Henry Ford Community College,2012,"10,000 - 19,999",17338,6779,10559,10324,17338,4080,1219,10691,1348,0,6779,2275,574,3803,127,0,10559,1805,645,6888,1221,0
170301,Hope College,2012,"1,000 - 4,999",3343,3205,138,3259,3343,903,47,2301,92,0,3205,903,47,2241,14,0,138,0,0,60,78,0
170417,ITT Technical Institute-Wyoming,2012,"Under 1,000",411,280,131,331,411,44,9,358,0,0,280,36,7,237,0,0,131,8,2,121,0,0
170444,Jackson College,2012,"5,000 - 9,999",6328,2589,3739,3844,6328,1227,416,4162,523,0,2589,770,220,1568,31,0,3739,457,196,2594,492,0
170514,Wright Beauty Academy,2012,"Under 1,000",106,7,99,46,106,28,0,78,0,0,7,1,0,6,0,0,99,27,0,72,0,0
170532,Kalamazoo College,2012,"1,000 - 4,999",1379,1366,13,1371,1379,334,10,1005,30,0,1366,334,10,994,28,0,13,0,0,11,2,0
170541,Kalamazoo Valley Community College,2012,"10,000 - 19,999",11052,4325,6727,6584,11052,2117,1035,7166,734,0,4325,1117,466,2653,89,0,6727,1000,569,4513,645,0
170550,Kellogg Community College,2012,"5,000 - 9,999",6002,1978,4024,3329,6002,561,304,4159,978,0,1978,317,110,1382,169,0,4024,244,194,2777,809,0
170587,Kirtland Community College,2012,"1,000 - 4,999",1807,690,1117,1065,1807,288,126,1233,160,0,690,146,58,483,3,0,1117,142,68,750,157,0
170611,Michigan College of Beauty-Monroe,2012,"Under 1,000",115,87,28,98,115,97,0,18,0,0,87,74,0,13,0,0,28,23,0,5,0,0
170620,Lake Michigan College,2012,"1,000 - 4,999",4548,1508,3040,2529,4548,806,268,2475,999,0,1508,459,133,823,93,0,3040,347,135,1652,906,0
170639,Lake Superior State University,2012,"1,000 - 4,999",2590,2093,497,2293,2582,439,236,1749,158,8,2093,424,172,1495,2,0,489,15,64,254,156,8
170657,Lansing Community College,2012,"10,000 - 19,999",19082,7179,11903,11175,19082,5018,1648,12068,348,0,7179,2255,470,4431,23,0,11903,2763,1178,7637,325,0
170675,Lawrence Technological University,2012,"1,000 - 4,999",4154,1414,2740,2479,3065,341,1057,1667,0,1089,1382,324,644,414,0,32,1683,17,413,1253,0,1057
170736,M J Murphy Beauty College of Mount Pleasant,2012,"Under 1,000",98,81,17,88,98,24,0,74,0,0,81,24,0,57,0,0,17,0,0,17,0,0
170790,Macomb Community College,2012,"20,000 and above",23729,7624,16105,13031,23729,1529,388,12139,9673,0,7624,708,180,3707,3029,0,16105,821,208,8432,6644,0
170806,Madonna University,2012,"1,000 - 4,999",4382,1680,2702,2730,3185,161,659,2221,144,1197,1585,148,287,1134,16,95,1600,13,372,1087,128,1102
170842,Marygrove College,2012,"1,000 - 4,999",1963,746,1217,1214,954,136,173,641,4,1009,704,130,132,442,0,42,250,6,41,199,4,967
170967,Rochester College,2012,"1,000 - 4,999",1183,714,469,898,1164,155,199,633,177,19,696,138,146,412,0,18,468,17,53,221,177,1
170976,University of Michigan-Ann Arbor,2012,"20,000 and above",43426,40966,2460,41895,27979,6171,905,20721,182,15447,27046,6124,879,19951,92,13920,933,47,26,770,90,1527
171012,Michigan Barber School Inc,2012,"Under 1,000",200,200,0,200,200,32,0,168,0,0,200,32,0,168,0,0,0,0,0,0,0,0
171100,Michigan State University,2012,"20,000 and above",48783,42565,6218,44946,37354,8354,1397,27225,378,11429,34196,8218,1310,24374,294,8369,3158,136,87,2851,84,3060
171128,Michigan Technological University,2012,"5,000 - 9,999",6933,6101,832,6419,5611,1153,257,4122,79,1322,5196,1151,252,3792,1,905,415,2,5,330,78,417
171137,University of Michigan-Dearborn,2012,"5,000 - 9,999",8790,5128,3662,6555,7328,871,798,5314,345,1462,4869,840,479,3437,113,259,2459,31,319,1877,232,1203
171146,University of Michigan-Flint,2012,"5,000 - 9,999",8289,4744,3545,6135,6984,626,857,5194,307,1305,4379,587,444,3319,29,365,2605,39,413,1875,278,940
171155,Mid Michigan Community College,2012,"1,000 - 4,999",4694,1755,2939,2742,4694,848,1516,945,1385,0,1755,484,533,467,271,0,2939,364,983,478,1114,0
171225,Monroe County Community College,2012,"1,000 - 4,999",4071,1445,2626,2327,4071,588,129,1789,1565,0,1445,272,63,593,517,0,2626,316,66,1196,1048,0
171234,Montcalm Community College,2012,"1,000 - 4,999",2011,680,1331,1127,2011,244,374,1051,342,0,680,126,138,407,9,0,1331,118,236,644,333,0
171261,Mr Bela's School of Cosmetology Inc,2012,"Under 1,000",113,73,40,89,113,27,0,86,0,0,73,16,0,57,0,0,40,11,0,29,0,0
171298,Baker College of Muskegon,2012,"1,000 - 4,999",4473,2952,1521,3549,4464,811,474,3164,15,9,2949,710,358,1881,0,3,1515,101,116,1283,15,6
171304,Muskegon Community College,2012,"5,000 - 9,999",5067,1836,3231,2921,5067,739,546,1815,1967,0,1836,364,140,683,649,0,3231,375,406,1132,1318,0
171313,Everest College-Skokie,2012,"Under 1,000",479,479,0,479,479,98,0,381,0,0,479,98,0,381,0,0,0,0,0,0,0,0
171322,Everest Institute-Southfield,2012,"Under 1,000",853,853,0,853,853,81,0,772,0,0,853,81,0,772,0,0,0,0,0,0,0,0
171395,North Central Michigan College,2012,"1,000 - 4,999",2757,904,1853,1526,2757,621,90,1668,378,0,904,247,49,605,3,0,1853,374,41,1063,375,0
171456,Northern Michigan University,2012,"5,000 - 9,999",9159,7719,1440,8279,8474,1638,545,6016,275,685,7547,1612,526,5376,33,172,927,26,19,640,242,513
171465,Paul Mitchell the School-Escanaba,2012,"Under 1,000",44,44,0,44,44,2,0,42,0,0,44,2,0,42,0,0,0,0,0,0,0,0
171483,Northwestern Michigan College,2012,"1,000 - 4,999",4846,2056,2790,2993,4846,914,239,3245,448,0,2056,630,137,1224,65,0,2790,284,102,2021,383,0
171492,Northwood University-Michigan,2012,"1,000 - 4,999",3278,2005,1273,2503,3027,326,469,2199,33,251,1969,324,262,1376,7,36,1058,2,207,823,26,215
171535,Oakland Community College,2012,"20,000 and above",27296,8662,18634,14918,27296,2489,1096,12169,11542,0,8662,1294,461,3302,3605,0,18634,1195,635,8867,7937,0
171571,Oakland University,2012,"10,000 - 19,999",19740,13319,6421,15822,16190,2464,1989,11274,463,3550,11880,2361,1436,8037,46,1439,4310,103,553,3237,417,2111
171599,Olivet College,2012,"1,000 - 4,999",1154,998,156,1059,1123,301,78,667,77,31,997,298,72,622,5,1,126,3,6,45,72,30
171775,Port Huron Cosmetology College,2012,"Under 1,000",73,42,31,54,73,21,0,52,0,0,42,16,0,26,0,0,31,5,0,26,0,0
171881,Kuyper College,2012,"Under 1,000",320,274,46,292,316,68,32,209,7,4,272,67,30,175,0,2,44,1,2,34,7,2
171988,Ross Medical Education Center-Lansing,2012,"Under 1,000",113,113,0,113,113,53,0,60,0,0,113,53,0,60,0,0,0,0,0,0,0,0
171997,Ross Medical Education Center-Madison Heights,2012,"Under 1,000",222,222,0,222,222,196,0,26,0,0,222,196,0,26,0,0,0,0,0,0,0,0
172015,Ross Medical Education Center-Flint,2012,"Under 1,000",284,284,0,284,284,75,0,209,0,0,284,75,0,209,0,0,0,0,0,0,0,0
172033,Sacred Heart Major Seminary,2012,"Under 1,000",429,132,297,248,264,3,44,104,113,165,56,2,21,31,2,76,208,1,23,73,111,89
172051,Saginaw Valley State University,2012,"10,000 - 19,999",10552,8125,2427,9064,9310,1653,626,6546,485,1242,7848,1635,492,5512,209,277,1462,18,134,1034,276,965
172200,Schoolcraft College,2012,"10,000 - 19,999",12522,4654,7868,7296,12522,1766,3017,5019,2720,0,4654,976,934,1839,905,0,7868,790,2083,3180,1815,0
172264,Siena Heights University,2012,"1,000 - 4,999",2629,1185,1444,1749,2322,277,488,1500,57,307,1173,274,182,717,0,12,1149,3,306,783,57,295
172291,St Clair County Community College,2012,"1,000 - 4,999",4547,1853,2694,2757,4547,841,247,2791,668,0,1853,585,110,1122,36,0,2694,256,137,1669,632,0
172307,Southwestern Michigan College,2012,"1,000 - 4,999",2639,1312,1327,1758,2639,629,167,1512,331,0,1312,511,82,703,16,0,1327,118,85,809,315,0
172325,Specs Howard School of Media Arts,2012,"Under 1,000",555,167,388,321,555,438,0,117,0,0,167,158,0,9,0,0,388,280,0,108,0,0
172334,Spring Arbor University,2012,"1,000 - 4,999",4125,2677,1448,3240,3058,314,476,2175,93,1067,2138,313,133,1692,0,539,920,1,343,483,93,528
172422,Michigan Career and Technical Institute,2012,"Under 1,000",242,242,0,242,242,103,0,139,0,0,242,103,0,139,0,0,0,0,0,0,0,0
172440,Finlandia University,2012,"Under 1,000",571,502,69,529,571,125,58,356,32,0,502,121,52,328,1,0,69,4,6,28,31,0
172477,Thomas M Cooley Law School,2012,"1,000 - 4,999",3220,647,2573,1630,0,0,0,0,0,3220,0,0,0,0,0,647,0,0,0,0,0,2573
172495,Twin City Beauty College,2012,"Under 1,000",126,4,122,52,126,35,0,91,0,0,4,2,0,2,0,0,122,33,0,89,0,0
172608,Walsh College of Accountancy and Business Administration,2012,"1,000 - 4,999",3001,209,2792,1286,1019,0,246,741,32,1982,109,0,41,68,0,100,910,0,205,673,32,1882
172617,Washtenaw Community College,2012,"10,000 - 19,999",12476,3944,8532,6809,12476,1772,809,8130,1765,0,3944,783,361,2480,320,0,8532,989,448,5650,1445,0
172635,Wayne County Community College District,2012,"10,000 - 19,999",18176,3903,14273,8695,18176,3821,5328,5538,3489,0,3903,1236,1444,1149,74,0,14273,2585,3884,4389,3415,0
172644,Wayne State University,2012,"20,000 and above",28938,18314,10624,22444,19342,2336,2166,14029,811,9596,12471,2172,1365,8783,151,5843,6871,164,801,5246,660,3753
172671,West Shore Community College,2012,"1,000 - 4,999",1470,537,933,850,1470,257,44,846,323,0,537,162,21,308,46,0,933,95,23,538,277,0
172680,EXCEL ACADEMIES OF COSMETOLOGY,2012,,,,,,,,,,,,,,,,,,,,,,,
172699,Western Michigan University,2012,"20,000 and above",24598,17466,7132,20179,19478,3026,1806,14212,434,5120,16303,2989,1473,11766,75,1163,3175,37,333,2446,359,3957
172705,Western Theological Seminary,2012,"Under 1,000",255,181,74,209,0,0,0,0,0,255,0,0,0,0,0,181,0,0,0,0,0,74
172802,Wright Beauty Academy,2012,"Under 1,000",62,17,45,35,62,15,0,47,0,0,17,4,0,13,0,0,45,11,0,34,0,0
172866,Academy College,2012,"Under 1,000",152,85,67,111,152,8,25,115,4,0,85,4,10,67,4,0,67,4,15,48,0,0
172918,Alexandria Technical & Community College,2012,"1,000 - 4,999",2992,1534,1458,2024,2992,613,213,1053,1113,0,1534,570,148,710,106,0,1458,43,65,343,1007,0
172927,American Indian OIC Inc,2012,"Under 1,000",199,141,58,164,199,34,0,165,0,0,141,16,0,125,0,0,58,18,0,40,0,0
172954,Anoka Technical College,2012,"1,000 - 4,999",2184,1064,1120,1440,2184,269,416,1379,120,0,1064,208,237,604,15,0,1120,61,179,775,105,0
172963,Anoka-Ramsey Community College,2012,"5,000 - 9,999",9497,3398,6099,5446,9497,1349,1080,4672,2396,0,3398,880,473,1381,664,0,6099,469,607,3291,1732,0
173045,Augsburg College,2012,"1,000 - 4,999",3645,2854,791,3161,2830,382,311,2053,84,815,2361,381,270,1683,27,493,469,1,41,370,57,322
173063,Riverland Community College,2012,"1,000 - 4,999",3527,1460,2067,2154,3527,582,221,1972,752,0,1460,436,132,751,141,0,2067,146,89,1221,611,0
173115,Northwest Technical College,2012,"1,000 - 4,999",1181,425,756,679,1181,125,185,583,288,0,425,81,88,245,11,0,756,44,97,338,277,0
173124,Bemidji State University,2012,"5,000 - 9,999",5027,3574,1453,4151,4754,763,574,3040,377,273,3522,747,366,2386,23,52,1232,16,208,654,354,221
173142,Bethany Lutheran College,2012,"Under 1,000",598,568,30,580,598,136,34,401,27,0,568,136,31,390,11,0,30,0,3,11,16,0
173160,Bethel University,2012,"1,000 - 4,999",4343,2920,1423,3471,3462,636,324,2397,105,881,2742,616,139,1901,86,178,720,20,185,496,19,703
173179,Bethel Seminary-St Paul,2012,"Under 1,000",581,277,304,393,0,0,0,0,0,581,0,0,0,0,0,277,0,0,0,0,0,304
173203,Central Lakes College-Brainerd,2012,"1,000 - 4,999",4481,2191,2290,2960,4481,709,285,1747,1740,0,2191,545,218,1037,391,0,2290,164,67,710,1349,0
173258,Carleton College,2012,"1,000 - 4,999",2055,2037,18,2044,2055,528,7,1500,20,0,2037,528,7,1500,2,0,18,0,0,0,18,0
173300,Concordia College at Moorhead,2012,"1,000 - 4,999",2626,2554,72,2582,2598,633,70,1818,77,28,2554,632,70,1798,54,0,44,1,0,20,23,28
173328,Concordia University-Saint Paul,2012,"1,000 - 4,999",3018,2082,936,2448,1786,181,331,965,309,1232,976,181,106,616,73,1106,810,0,225,349,236,126
173416,Dakota County Technical College,2012,"1,000 - 4,999",3711,1663,2048,2351,3711,493,568,1745,905,0,1663,365,346,932,20,0,2048,128,222,813,885,0
173452,Martin Luther College,2012,"Under 1,000",799,699,100,738,742,179,27,514,22,57,694,179,27,488,0,5,48,0,0,26,22,52
173461,Lake Superior College,2012,"5,000 - 9,999",5422,2155,3267,3252,5422,710,581,2687,1444,0,2155,410,331,1295,119,0,3267,300,250,1392,1325,0
173470,Cosmetology Careers Unlimited College of Hair Skin and Nails,2012,"Under 1,000",36,36,0,36,36,1,0,35,0,0,36,1,0,35,0,0,0,0,0,0,0,0
173489,Duluth Business University,2012,"Under 1,000",247,128,119,175,247,22,42,183,0,0,128,11,24,93,0,0,119,11,18,90,0,0
173559,Minnesota State Community and Technical College,2012,"5,000 - 9,999",6786,3294,3492,4466,6786,1001,782,3440,1563,0,3294,759,527,1833,175,0,3492,242,255,1607,1388,0
173629,Globe University-Woodbury,2012,"1,000 - 4,999",1133,443,690,714,1081,103,151,729,98,52,417,63,68,271,15,26,664,40,83,458,83,26
173638,Minnesota West Community and Technical College,2012,"1,000 - 4,999",3467,1316,2151,2038,3467,425,273,1612,1157,0,1316,325,174,747,70,0,2151,100,99,865,1087,0
173647,Gustavus Adolphus College,2012,"1,000 - 4,999",2526,2484,42,2500,2526,678,109,1728,11,0,2484,678,109,1695,2,0,42,0,0,33,9,0
173665,Hamline University,2012,"1,000 - 4,999",4683,2794,1889,3517,2064,541,159,1307,57,2619,1966,541,157,1259,9,828,98,0,2,48,48,1791
173683,Hazelden Graduate School of Addiction Studies,2012,"Under 1,000",102,61,41,77,1,0,0,1,0,101,1,0,0,1,0,60,0,0,0,0,0,41
173708,Hennepin Technical College,2012,"5,000 - 9,999",6587,2350,4237,3773,6587,769,1093,4211,514,0,2350,382,474,1431,63,0,4237,387,619,2780,451,0
173726,Cosmetology Careers Unlimited College of Hair Skin and Nails,2012,"Under 1,000",30,30,0,30,30,3,0,27,0,0,30,3,0,27,0,0,0,0,0,0,0,0
173735,Hibbing Community College,2012,"1,000 - 4,999",1318,874,444,1023,1318,241,223,754,100,0,874,218,168,463,25,0,444,23,55,291,75,0
173744,Aveda Institute-Minneapolis,2012,"Under 1,000",616,616,0,616,616,340,0,276,0,0,616,340,0,276,0,0,0,0,0,0,0,0
173799,Inver Hills Community College,2012,"5,000 - 9,999",6114,2149,3965,3480,6114,821,830,3472,991,0,2149,461,347,1163,178,0,3965,360,483,2309,813,0
173805,Itasca Community College,2012,"1,000 - 4,999",1262,906,356,1026,1262,319,171,600,172,0,906,282,139,420,65,0,356,37,32,180,107,0
173887,The Art Institutes International-Minnesota,2012,"1,000 - 4,999",1437,1096,341,1230,1437,265,194,978,0,0,1096,229,138,729,0,0,341,36,56,249,0,0
173896,Luther Seminary,2012,"Under 1,000",767,445,322,568,0,0,0,0,0,767,0,0,0,0,0,445,0,0,0,0,0,322
173902,Macalester College,2012,"1,000 - 4,999",2070,2035,35,2049,2070,534,13,1500,23,0,2035,534,13,1484,4,0,35,0,0,16,19,0
173911,South Central College,2012,"1,000 - 4,999",3904,1765,2139,2483,3904,528,405,2518,453,0,1765,424,256,1050,35,0,2139,104,149,1468,418,0
173920,Minnesota State University-Mankato,2012,"10,000 - 19,999",15441,12125,3316,13409,13504,2309,1153,9084,958,1937,11494,2298,994,8037,165,631,2010,11,159,1047,793,1306
173939,Regency Beauty Institute-Blaine,2012,"Under 1,000",148,114,34,127,148,49,0,99,0,0,114,43,0,71,0,0,34,6,0,28,0,0
173957,Mayo Medical School,2012,"Under 1,000",194,194,0,194,0,0,0,0,0,194,0,0,0,0,0,194,0,0,0,0,0,0
173966,Mayo School of Health Sciences,2012,"Under 1,000",321,321,0,321,125,0,0,125,0,196,125,0,0,125,0,196,0,0,0,0,0,0
173984,Argosy University-Twin Cities,2012,"1,000 - 4,999",1808,458,1350,983,1196,89,203,904,0,612,350,33,60,257,0,108,846,56,143,647,0,504
173993,Mesabi Range Community and Technical College,2012,"1,000 - 4,999",1478,876,602,1078,1478,264,140,594,480,0,876,244,124,444,64,0,602,20,16,150,416,0
174020,Metropolitan State University,2012,"5,000 - 9,999",8527,2977,5550,5187,7631,93,1860,5328,350,896,2791,67,775,1912,37,186,4840,26,1085,3416,313,710
174066,University of Minnesota-Twin Cities,2012,"20,000 and above",51853,38921,12932,43822,34469,5514,2337,22524,4094,17384,29125,5501,2205,20357,1062,9796,5344,13,132,2167,3032,7588
174075,University of Minnesota-Crookston,2012,"1,000 - 4,999",2764,1393,1371,1946,2764,241,270,1291,962,0,1393,233,173,922,65,0,1371,8,97,369,897,0
174118,Minneapolis Business College,2012,"Under 1,000",267,267,0,267,267,206,0,61,0,0,267,206,0,61,0,0,0,0,0,0,0,0
174127,Minneapolis College of Art and Design,2012,"Under 1,000",725,645,80,676,616,120,72,421,3,109,595,120,72,403,0,50,21,0,0,18,3,59
174136,Minneapolis Community and Technical College,2012,"10,000 - 19,999",10091,3628,6463,5798,10091,1473,1456,6492,670,0,3628,749,677,2125,77,0,6463,724,779,4367,593,0
174154,Herzing University-Minneapolis,2012,"Under 1,000",346,206,140,261,346,50,38,258,0,0,206,30,10,166,0,0,140,20,28,92,0,0
174190,Minnesota School of Cosmetology-Woodbury Campus,2012,"Under 1,000",194,194,0,194,194,19,0,175,0,0,194,19,0,175,0,0,0,0,0,0,0,0
174206,Crossroads College,2012,"Under 1,000",154,134,20,142,154,27,24,90,13,0,134,25,24,77,8,0,20,2,0,13,5,0
174233,University of Minnesota-Duluth,2012,"10,000 - 19,999",11491,9861,1630,10500,10346,1881,557,7014,894,1145,9176,1876,531,6628,141,685,1170,5,26,386,753,460
174251,University of Minnesota-Morris,2012,"1,000 - 4,999",1896,1766,130,1818,1896,413,116,1259,108,0,1766,411,116,1207,32,0,130,2,0,52,76,0
174279,Minnesota School of Business-Richfield,2012,"1,000 - 4,999",1252,474,778,779,1173,52,161,857,103,79,433,27,80,311,15,41,740,25,81,546,88,38
174321,Model College of Hair Design,2012,"Under 1,000",131,131,0,131,131,42,0,89,0,0,131,42,0,89,0,0,0,0,0,0,0,0
174358,Minnesota State University-Moorhead,2012,"5,000 - 9,999",6903,5421,1482,6005,6421,1095,699,4276,351,482,5273,1052,521,3627,73,148,1148,43,178,649,278,334
174376,North Hennepin Community College,2012,"5,000 - 9,999",7752,2264,5488,4107,7752,925,1167,4772,888,0,2264,423,404,1198,239,0,5488,502,763,3574,649,0
174385,National American University-Roseville,2012,"Under 1,000",530,56,474,242,530,36,93,400,1,0,56,4,17,34,1,0,474,32,76,366,0,0
174394,Brown College-Mendota Heights,2012,"Under 1,000",427,286,141,341,427,24,26,377,0,0,286,21,17,248,0,0,141,3,9,129,0,0
174428,Normandale Community College,2012,"5,000 - 9,999",9854,4262,5592,6139,9854,1469,1300,5555,1530,0,4262,899,670,2097,596,0,5592,570,630,3458,934,0
174437,North Central University,2012,"1,000 - 4,999",1295,1086,209,1168,1295,269,94,761,171,0,1086,269,91,705,21,0,209,0,3,56,150,0
174473,Northland Community and Technical College,2012,"1,000 - 4,999",4080,1814,2266,2575,4080,602,423,2056,999,0,1814,467,258,955,134,0,2266,135,165,1101,865,0
174491,University of Northwestern-St Paul,2012,"1,000 - 4,999",3267,2039,1228,2520,3086,471,166,1527,922,181,2012,453,121,1265,173,27,1074,18,45,262,749,154
174507,Northwestern Health Sciences University,2012,"Under 1,000",870,748,122,795,113,9,43,60,1,757,45,7,24,14,0,703,68,2,19,46,1,54
174525,Oak Hills Christian College,2012,"Under 1,000",143,123,20,131,143,28,28,72,15,0,123,28,28,61,6,0,20,0,0,11,9,0
174534,Regency Beauty Institute-Burnsville,2012,"Under 1,000",125,95,30,107,125,41,0,84,0,0,95,36,0,59,0,0,30,5,0,25,0,0
174570,Pine Technical College,2012,"1,000 - 4,999",1031,330,701,565,1031,145,141,504,241,0,330,61,43,212,14,0,701,84,98,292,227,0
174604,Rainy River Community College,2012,"Under 1,000",381,286,95,318,381,88,34,131,128,0,286,82,25,104,75,0,95,6,9,27,53,0
174738,Rochester Community and Technical College,2012,"5,000 - 9,999",6275,2944,3331,4062,6275,1070,649,3744,812,0,2944,777,380,1540,247,0,3331,293,269,2204,565,0
174747,College of Saint Benedict,2012,"1,000 - 4,999",2070,2037,33,2050,2070,495,37,1538,0,0,2037,490,37,1510,0,0,33,5,0,28,0,0
174756,St Cloud Technical and Community College,2012,"1,000 - 4,999",4751,2230,2521,3076,4751,910,726,2690,425,0,2230,497,413,1275,45,0,2521,413,313,1415,380,0
174765,Regency Beauty Institute-St Cloud,2012,"Under 1,000",93,93,0,93,93,39,0,54,0,0,93,39,0,54,0,0,0,0,0,0,0,0
174783,Saint Cloud State University,2012,"10,000 - 19,999",16922,11071,5851,13387,15233,1907,1118,9251,2957,1689,10468,1842,895,7434,297,603,4765,65,223,1817,2660,1086
174792,Saint Johns University,2012,"1,000 - 4,999",1983,1883,100,1922,1854,451,29,1374,0,129,1823,449,28,1346,0,60,31,2,1,28,0,69
174817,Saint Mary's University of Minnesota,2012,"5,000 - 9,999",5574,3289,2285,4169,1985,343,162,1430,50,3589,1332,328,59,936,9,1957,653,15,103,494,41,1632
174844,St Olaf College,2012,"1,000 - 4,999",3176,3128,48,3147,3176,864,19,2245,48,0,3128,864,19,2232,13,0,48,0,0,13,35,0
174862,Crown College,2012,"1,000 - 4,999",1269,1028,241,1122,1088,185,57,818,28,181,885,172,57,645,11,143,203,13,0,173,17,38
174899,The College of Saint Scholastica,2012,"1,000 - 4,999",4100,3323,777,3624,2849,477,434,1904,34,1251,2464,477,326,1654,7,859,385,0,108,250,27,392
174914,University of St Thomas,2012,"10,000 - 19,999",10289,7269,3020,8426,6309,1447,275,4489,98,3980,6046,1447,272,4318,9,1223,263,0,3,171,89,2757
174978,Empire Beauty School-Bloomington,2012,"Under 1,000",126,89,37,104,126,37,0,89,0,0,89,31,0,58,0,0,37,6,0,31,0,0
175005,St Catherine University,2012,"5,000 - 9,999",5075,3400,1675,4054,3663,464,598,2505,96,1412,2403,446,257,1690,10,997,1260,18,341,815,86,415
175014,Rasmussen College-Minnesota,2012,"5,000 - 9,999",5755,1873,3882,3398,5755,277,647,4175,656,0,1873,90,300,1479,4,0,3882,187,347,2696,652,0
175041,Saint Paul College,2012,"5,000 - 9,999",6746,2640,4106,4019,6746,1347,989,3823,587,0,2640,677,442,1476,45,0,4106,670,547,2347,542,0
175078,Southwest Minnesota State University,2012,"5,000 - 9,999",6999,2517,4482,4318,6560,485,276,1755,4044,439,2253,478,166,1461,148,264,4307,7,110,294,3896,175
175120,Summit Academy Opportunities Industrialization Center,2012,"Under 1,000",297,289,8,292,297,47,0,250,0,0,289,47,0,242,0,0,8,0,0,8,0,0
175139,United Theological Seminary of the Twin Cities,2012,"Under 1,000",132,54,78,84,0,0,0,0,0,132,0,0,0,0,0,54,0,0,0,0,0,78
175157,Vermilion Community College,2012,"Under 1,000",772,543,229,620,772,183,109,280,200,0,543,178,101,247,17,0,229,5,8,33,183,0
175227,Dunwoody College of Technology,2012,"1,000 - 4,999",1131,881,250,979,1131,237,182,709,3,0,881,219,152,510,0,0,250,18,30,199,3,0
175236,Ridgewater College,2012,"1,000 - 4,999",4068,2386,1682,2951,4068,718,444,2394,512,0,2386,626,329,1302,129,0,1682,92,115,1092,383,0
175263,Minnesota State College-Southeast Technical,2012,"1,000 - 4,999",2301,1218,1083,1582,2301,367,378,1316,240,0,1218,270,241,688,19,0,1083,97,137,628,221,0
175272,Winona State University,2012,"5,000 - 9,999",8919,7687,1232,8167,8396,1773,562,5880,181,523,7577,1765,408,5308,96,110,819,8,154,572,85,413
175281,William Mitchell College of Law,2012,"Under 1,000",924,624,300,739,0,0,0,0,0,924,0,0,0,0,0,624,0,0,0,0,0,300
175315,Century College,2012,"10,000 - 19,999",10476,4482,5994,6494,10476,1530,1420,7002,524,0,4482,981,713,2620,168,0,5994,549,707,4382,356,0
175342,Alcorn State University,2012,"1,000 - 4,999",3950,3079,871,3410,3208,581,173,2454,0,742,2831,563,151,2117,0,248,377,18,22,337,0,494
175421,Belhaven University,2012,"1,000 - 4,999",3536,1341,2195,2194,2561,268,410,1823,60,975,1221,211,197,802,11,120,1340,57,213,1021,49,855
175430,Blue Mountain College,2012,"Under 1,000",513,469,44,486,502,71,73,350,8,11,460,70,66,324,0,9,42,1,7,26,8,2
175494,Chris Beauty College,2012,"Under 1,000",96,96,0,96,96,52,0,44,0,0,96,52,0,44,0,0,0,0,0,0,0,0
175519,Coahoma Community College,2012,"1,000 - 4,999",2305,1910,395,2043,2305,515,0,1690,100,0,1910,476,0,1434,0,0,395,39,0,256,100,0
175528,Antonelli College-Jackson,2012,"Under 1,000",523,434,89,469,523,44,42,437,0,0,434,38,37,359,0,0,89,6,5,78,0,0
175573,Copiah-Lincoln Community College,2012,"1,000 - 4,999",3436,2754,682,2983,3436,804,216,2126,290,0,2754,760,185,1808,1,0,682,44,31,318,289,0
175591,Creations College of Cosmetology,2012,"Under 1,000",41,41,0,41,41,8,0,33,0,0,41,8,0,33,0,0,0,0,0,0,0,0
175607,Delta Beauty College,2012,"Under 1,000",72,72,0,72,72,7,0,65,0,0,72,7,0,65,0,0,0,0,0,0,0,0
175616,Delta State University,2012,"1,000 - 4,999",4763,3704,1059,4108,2756,384,418,1877,77,2007,2253,381,392,1480,0,1451,503,3,26,397,77,556
175643,East Central Community College,2012,"1,000 - 4,999",2494,1967,527,2144,2494,799,435,1106,154,0,1967,732,318,912,5,0,527,67,117,194,149,0
175652,East Mississippi Community College,2012,"1,000 - 4,999",4698,2698,2000,3369,4698,1173,1125,2400,0,0,2698,748,582,1368,0,0,2000,425,543,1032,0,0
175698,Fosters Cosmetology College,2012,"Under 1,000",21,12,9,16,21,3,0,18,0,0,12,2,0,10,0,0,9,1,0,8,0,0
175722,Academy of Hair Design-Grenada,2012,"Under 1,000",42,42,0,42,42,3,0,39,0,0,42,3,0,39,0,0,0,0,0,0,0,0
175786,Hinds Community College,2012,"10,000 - 19,999",11667,8017,3650,9242,11667,2530,593,7709,835,0,8017,2236,397,5308,76,0,3650,294,196,2401,759,0
175810,Holmes Community College,2012,"5,000 - 9,999",6316,4415,1901,5053,6316,1675,841,3800,0,0,4415,1277,543,2595,0,0,1901,398,298,1205,0,0
175829,Itawamba Community College,2012,"5,000 - 9,999",6002,4495,1507,5001,6002,1551,331,4120,0,0,4495,1402,175,2918,0,0,1507,149,156,1202,0,0
175856,Jackson State University,2012,"5,000 - 9,999",8819,6303,2516,7262,6675,873,642,5160,0,2144,5506,862,454,4190,0,797,1169,11,188,970,0,1347
175883,Jones County Junior College,2012,"1,000 - 4,999",4259,3449,810,3721,4259,1411,341,2507,0,0,3449,1141,272,2036,0,0,810,270,69,471,0,0
175935,Meridian Community College,2012,"1,000 - 4,999",4138,3087,1051,3440,4138,1033,245,2860,0,0,3087,800,171,2116,0,0,1051,233,74,744,0,0
175980,Millsaps College,2012,"Under 1,000",909,872,37,886,843,210,31,590,12,66,828,210,30,585,3,44,15,0,1,5,9,22
176008,Mississippi Delta Community College,2012,"1,000 - 4,999",3119,2550,569,2741,3119,765,235,1786,333,0,2550,744,175,1570,61,0,569,21,60,216,272,0
176017,University of Mississippi,2012,"10,000 - 19,999",18794,16949,1845,17663,16060,3373,1257,11161,269,2734,14933,3351,1162,10178,242,2016,1127,22,95,983,27,718
176035,Mississippi University for Women,2012,"1,000 - 4,999",2650,2093,557,2315,2503,193,547,1579,184,147,2009,189,507,1310,3,84,494,4,40,269,181,63
176044,Mississippi Valley State University,2012,"1,000 - 4,999",2479,1936,543,2147,2168,392,221,1403,152,311,1826,389,202,1234,1,110,342,3,19,169,151,201
176053,Mississippi College,2012,"5,000 - 9,999",5026,3814,1212,4282,3042,482,317,2230,13,1984,2623,465,278,1875,5,1191,419,17,39,355,8,793
176062,Mississippi College of Beauty Culture,2012,"Under 1,000",75,75,0,75,75,13,0,62,0,0,75,13,0,62,0,0,0,0,0,0,0,0
176071,Mississippi Gulf Coast Community College,2012,"10,000 - 19,999",10106,6885,3221,7966,10106,2543,684,6865,14,0,6885,1961,433,4489,2,0,3221,582,251,2376,12,0
176080,Mississippi State University,2012,"20,000 and above",20365,17010,3355,18282,16390,2894,1617,11879,0,3975,15004,2887,1489,10628,0,2006,1386,7,128,1251,0,1969
176169,Northeast Mississippi Community College,2012,"1,000 - 4,999",3407,2866,541,3048,3407,1126,141,2038,102,0,2866,1053,101,1712,0,0,541,73,40,326,102,0
176178,Northwest Mississippi Community College,2012,"5,000 - 9,999",8224,6410,1814,7019,8224,2148,800,5272,4,0,6410,1819,587,4004,0,0,1814,329,213,1268,4,0
176239,Pearl River Community College,2012,"5,000 - 9,999",5306,3675,1631,4223,5306,2547,429,2330,0,0,3675,1833,260,1582,0,0,1631,714,169,748,0,0
176318,Rust College,2012,"Under 1,000",934,860,74,889,934,271,55,608,0,0,860,271,49,540,0,0,74,0,6,68,0,0
176336,Southeastern Baptist College,2012,"Under 1,000",52,37,15,43,52,7,6,39,0,0,37,4,4,29,0,0,15,3,2,10,0,0
176354,Southwest Mississippi Community College,2012,"1,000 - 4,999",2083,1796,287,1892,2083,672,114,1197,100,0,1796,655,98,1041,2,0,287,17,16,156,98,0
176372,University of Southern Mississippi,2012,"10,000 - 19,999",16468,12804,3664,14224,13658,1945,1787,9399,527,2810,11393,1916,1587,7872,18,1411,2265,29,200,1527,509,1399
176390,Magnolia College of Cosmetology,2012,"Under 1,000",149,149,0,149,149,47,0,102,0,0,149,47,0,102,0,0,0,0,0,0,0,0
176406,Tougaloo College,2012,"Under 1,000",972,934,38,949,972,243,68,651,10,0,934,243,68,619,4,0,38,0,0,32,6,0
176451,Wesley Biblical Seminary,2012,"Under 1,000",108,35,73,63,0,0,0,0,0,108,0,0,0,0,0,35,0,0,0,0,0,73
176479,William Carey University,2012,"1,000 - 4,999",4008,2914,1094,3337,2327,202,402,1626,97,1681,1894,196,358,1340,0,1020,433,6,44,286,97,661
176600,Aquinas Institute of Theology,2012,"Under 1,000",180,65,115,109,0,0,0,0,0,180,0,0,0,0,0,65,0,0,0,0,0,115
176619,Assemblies of God Theological Seminary,2012,"Under 1,000",428,126,302,241,0,0,0,0,0,428,0,0,0,0,0,126,0,0,0,0,0,302
176628,Avila University,2012,"1,000 - 4,999",1908,1518,390,1670,1325,210,177,881,57,583,1093,210,167,667,49,425,232,0,10,214,8,158
176637,ITT Technical Institute-Earth City,2012,"Under 1,000",659,471,188,545,659,77,19,563,0,0,471,65,11,395,0,0,188,12,8,168,0,0
176664,Baptist Bible College,2012,"Under 1,000",390,284,106,325,321,53,14,254,0,69,275,51,12,212,0,9,46,2,2,42,0,60
176716,House of Heavilin Beauty College-Blue Springs,2012,"Under 1,000",99,99,0,99,99,12,0,87,0,0,99,12,0,87,0,0,0,0,0,0,0,0
176770,Cox College,2012,"Under 1,000",849,360,489,551,787,239,2,546,0,62,359,119,2,238,0,1,428,120,0,308,0,61
176789,Calvary Bible College and Theological Seminary,2012,"Under 1,000",309,172,137,225,252,35,29,182,6,57,163,32,15,115,1,9,89,3,14,67,5,48
176798,Cape Girardeau Career and Technology Center,2012,"Under 1,000",266,144,122,185,266,44,0,222,0,0,144,10,0,134,0,0,122,34,0,88,0,0
176910,Central Christian College of the Bible,2012,"Under 1,000",333,265,68,292,333,61,34,228,10,0,265,56,28,181,0,0,68,5,6,47,10,0
176947,Central Methodist University-College of Liberal Arts and Sciences,2012,"1,000 - 4,999",1173,1126,47,1144,1173,302,105,751,15,0,1126,302,102,721,1,0,47,0,3,30,14,0
176965,University of Central Missouri,2012,"10,000 - 19,999",11878,8773,3105,9959,9683,1787,987,6271,638,2195,8170,1762,842,5481,85,603,1513,25,145,790,553,1592
176983,Grand River Technical School,2012,"Under 1,000",97,97,0,97,97,69,0,28,0,0,97,69,0,28,0,0,0,0,0,0,0,0
176992,Chillicothe Beauty Academy Inc,2012,"Under 1,000",20,19,1,19,20,11,0,9,0,0,19,10,0,9,0,0,1,1,0,0,0,0
177038,Cleveland University-Kansas City,2012,"Under 1,000",523,512,11,516,79,1,33,45,0,444,74,1,33,40,0,438,5,0,0,5,0,6
177056,Columbia Area Career Center,2012,"Under 1,000",71,62,9,65,71,2,0,69,0,0,62,2,0,60,0,0,9,0,0,9,0,0
177065,Columbia College,2012,"10,000 - 19,999",17830,10359,7471,13286,16940,1103,1731,13577,529,890,10223,762,1199,8136,126,136,6717,341,532,5441,403,754
177083,Conception Seminary College,2012,"Under 1,000",110,102,8,105,110,14,16,72,8,0,102,14,16,72,0,0,8,0,0,0,8,0
177092,Concordia Seminary,2012,"Under 1,000",382,230,152,288,0,0,0,0,0,382,0,0,0,0,0,230,0,0,0,0,0,152
177117,Cottey College,2012,"Under 1,000",292,288,4,290,292,127,7,156,2,0,288,127,7,154,0,0,4,0,0,2,2,0
177126,Covenant Theological Seminary,2012,"Under 1,000",668,321,347,454,0,0,0,0,0,668,0,0,0,0,0,321,0,0,0,0,0,347
177135,Crowder College,2012,"5,000 - 9,999",5576,2516,3060,3543,5576,1089,292,2852,1343,0,2516,837,161,1482,36,0,3060,252,131,1370,1307,0
177144,Culver-Stockton College,2012,"Under 1,000",769,710,59,733,769,217,76,456,20,0,710,216,75,419,0,0,59,1,1,37,20,0
177214,Drury University,2012,"5,000 - 9,999",5228,3580,1648,4226,4775,627,392,3289,467,453,3255,530,259,2373,93,325,1520,97,133,916,374,128
177250,East Central College,2012,"1,000 - 4,999",4043,1972,2071,2667,4043,827,258,2080,878,0,1972,631,160,1098,83,0,2071,196,98,982,795,0
177278,Eden Theological Seminary,2012,"Under 1,000",162,95,67,121,0,0,0,0,0,162,0,0,0,0,0,95,0,0,0,0,0,67
177287,Elaine Steven Beauty College,2012,"Under 1,000",219,169,50,189,219,19,0,200,0,0,169,18,0,151,0,0,50,1,0,49,0,0
177302,Pinnacle Career Institute-South Kansas City,2012,"Under 1,000",708,708,0,708,708,332,0,376,0,0,708,332,0,376,0,0,0,0,0,0,0,0
177339,Evangel University,2012,"1,000 - 4,999",2079,1799,280,1908,1879,384,151,1327,17,200,1704,381,150,1173,0,95,175,3,1,154,17,105
177418,Fontbonne University,2012,"1,000 - 4,999",2075,1230,845,1557,1342,141,202,939,60,733,987,136,150,680,21,243,355,5,52,259,39,490
177427,Forest Institute of Professional Psychology,2012,"Under 1,000",281,205,76,234,0,0,0,0,0,281,0,0,0,0,0,205,0,0,0,0,0,76
177436,Four Rivers Career Center,2012,"Under 1,000",40,34,6,36,40,38,0,2,0,0,34,33,0,1,0,0,6,5,0,1,0,0
177472,Ozarks Technical Community College,2012,"10,000 - 19,999",15123,7374,7749,9976,15123,3103,1040,9353,1627,0,7374,2273,665,4352,84,0,7749,830,375,5001,1543,0
177542,Hannibal-LaGrange University,2012,"1,000 - 4,999",1241,951,290,1065,1208,195,173,575,265,33,928,191,152,531,54,23,280,4,21,44,211,10
177551,Harris-Stowe State University,2012,"1,000 - 4,999",1484,1096,388,1253,1484,320,166,968,30,0,1096,290,129,672,5,0,388,30,37,296,25,0
177579,Hickey College,2012,"Under 1,000",396,332,64,357,396,91,0,305,0,0,332,91,0,241,0,0,64,0,0,64,0,0
177588,House of Heavilin Beauty College-Kansas City,2012,"Under 1,000",38,38,0,38,38,4,0,34,0,0,38,4,0,34,0,0,0,0,0,0,0,0
177603,Independence College of Cosmetology,2012,"Under 1,000",80,64,16,70,80,16,0,64,0,0,64,12,0,52,0,0,16,4,0,12,0,0
177676,Jefferson College,2012,"5,000 - 9,999",5494,2944,2550,3800,5494,1160,305,3788,241,0,2944,950,195,1743,56,0,2550,210,110,2045,185,0
177685,Cosmetology Concepts Institute,2012,"Under 1,000",38,38,0,38,38,7,0,31,0,0,38,7,0,31,0,0,0,0,0,0,0,0
177719,Barnes-Jewish College Goldfarb School of Nursing,2012,"Under 1,000",833,724,109,766,631,0,182,449,0,202,628,0,182,446,0,96,3,0,0,3,0,106
177746,Kansas City Art Institute,2012,"Under 1,000",822,810,12,815,822,175,46,596,5,0,810,175,46,589,0,0,12,0,0,7,5,0
177816,Kenrick Glennon Seminary,2012,"Under 1,000",105,105,0,105,40,8,11,21,0,65,40,8,11,21,0,65,0,0,0,0,0,0
177834,A T Still University of Health Sciences,2012,"1,000 - 4,999",3141,1928,1213,2391,0,0,0,0,0,3141,0,0,0,0,0,1928,0,0,0,0,0,1213
177870,Lake Career and Technical Center,2012,"Under 1,000",15,15,0,15,15,14,0,1,0,0,15,14,0,1,0,0,0,0,0,0,0,0
177931,Lex La-Ray Technical Center,2012,"Under 1,000",35,33,2,34,35,25,0,10,0,0,33,25,0,8,0,0,2,0,0,2,0,0
177940,Lincoln University,2012,"1,000 - 4,999",3205,1996,1209,2479,3013,449,208,1737,619,192,1927,424,152,1305,46,69,1086,25,56,432,573,123
177968,Lindenwood University,2012,"10,000 - 19,999",11904,9000,2904,10119,8296,1351,802,5680,463,3608,7399,1338,764,5297,0,1601,897,13,38,383,463,2007
177977,Linn State Technical College,2012,"1,000 - 4,999",1212,1052,160,1106,1212,490,118,545,59,0,1052,483,108,459,2,0,160,7,10,86,57,0
177986,Logan University,2012,"1,000 - 4,999",1015,855,160,917,96,0,73,20,3,919,46,0,38,8,0,809,50,0,35,12,3,110
177995,Metropolitan Community College-Kansas City,2012,"20,000 and above",20141,7736,12405,11901,20141,4468,2577,10945,2151,0,7736,2548,1000,3942,246,0,12405,1920,1577,7003,1905,0
178004,Lutheran School of Nursing,2012,"Under 1,000",178,97,81,129,178,1,0,177,0,0,97,0,0,97,0,0,81,1,0,80,0,0
178059,Maryville University of Saint Louis,2012,"1,000 - 4,999",4203,1910,2293,2800,2980,368,377,2166,69,1223,1725,348,162,1215,0,185,1255,20,215,951,69,1038
178077,Merrell University of Beauty Arts and Science,2012,"Under 1,000",156,156,0,156,156,20,0,136,0,0,156,20,0,136,0,0,0,0,0,0,0,0
178110,Metro Business College-Cape Girardeau,2012,"Under 1,000",133,121,12,126,133,23,34,76,0,0,121,23,32,66,0,0,12,0,2,10,0,0
178183,Midwest Institute,2012,"Under 1,000",183,183,0,183,183,30,41,112,0,0,183,30,41,112,0,0,0,0,0,0,0,0
178208,Midwestern Baptist Theological Seminary,2012,"1,000 - 4,999",1099,740,359,878,249,31,21,190,7,850,167,25,17,124,1,573,82,6,4,66,6,277
178217,Mineral Area College,2012,"1,000 - 4,999",3784,2342,1442,2826,3784,920,164,2196,504,0,2342,819,112,1371,40,0,1442,101,52,825,464,0
178226,Westwood College-O'Hare Airport,2012,"Under 1,000",477,351,126,400,477,30,28,419,0,0,351,30,24,297,0,0,126,0,4,122,0,0
178244,Missouri Baptist University,2012,"5,000 - 9,999",5212,1754,3458,3101,3850,242,365,1101,2142,1362,1440,239,254,898,49,314,2410,3,111,203,2093,1048
178262,National Academy of Beauty Arts-Farmington,2012,"Under 1,000",103,103,0,103,103,92,0,11,0,0,103,92,0,11,0,0,0,0,0,0,0,0
178305,Missouri College,2012,"Under 1,000",502,432,70,459,502,62,77,363,0,0,432,62,77,293,0,0,70,0,0,70,0,0
178314,Missouri School of Barbering & Hairstyling,2012,"Under 1,000",25,25,0,25,25,5,0,20,0,0,25,5,0,20,0,0,0,0,0,0,0,0
178341,Missouri Southern State University,2012,"5,000 - 9,999",5417,4024,1393,4583,5351,802,581,3593,375,66,4022,743,478,2747,54,2,1329,59,103,846,321,64
178350,Missouri Tech,2012,"Under 1,000",117,17,100,56,117,7,29,81,0,0,17,1,8,8,0,0,100,6,21,73,0,0
178369,Missouri Valley College,2012,"1,000 - 4,999",1680,1343,337,1475,1671,369,140,869,293,9,1340,367,135,830,8,3,331,2,5,39,285,6
178387,Missouri Western State University,2012,"5,000 - 9,999",6056,4120,1936,4896,5885,1074,374,3707,730,171,4077,885,307,2857,28,43,1808,189,67,850,702,128
178396,University of Missouri-Columbia,2012,"20,000 and above",34704,30304,4400,31970,26960,6501,1310,18778,371,7744,25178,6378,1120,17548,132,5126,1782,123,190,1230,239,2618
178402,University of Missouri-Kansas City,2012,"10,000 - 19,999",15990,9809,6181,12200,10614,1125,1471,5851,2167,5376,6894,1101,1083,4608,102,2915,3720,24,388,1243,2065,2461
178411,Missouri University of Science and Technology,2012,"5,000 - 9,999",7645,6299,1346,6810,5841,1124,373,4255,89,1804,5260,1119,327,3782,32,1039,581,5,46,473,57,765
178420,University of Missouri-St Louis,2012,"10,000 - 19,999",16705,7071,9634,10860,13335,546,1805,6630,4354,3370,6069,533,1271,4081,184,1002,7266,13,534,2549,4170,2368
178448,Moberly Area Community College,2012,"5,000 - 9,999",5776,2901,2875,3866,5776,1341,0,3371,1064,0,2901,1029,0,1806,66,0,2875,312,0,1565,998,0
178466,Hillyard Technical Center,2012,"Under 1,000",158,148,10,151,158,45,0,113,0,0,148,40,0,108,0,0,10,5,0,5,0,0
178484,National Academy of Beauty Arts-St Louis,2012,"Under 1,000",186,186,0,186,186,183,0,3,0,0,186,183,0,3,0,0,0,0,0,0,0,0
178518,Nazarene Theological Seminary,2012,"Under 1,000",258,92,166,155,0,0,0,0,0,258,0,0,0,0,0,92,0,0,0,0,0,166
178527,Neosho Beauty College,2012,"Under 1,000",46,34,12,39,46,13,0,33,0,0,34,13,0,21,0,0,12,0,0,12,0,0
178615,Truman State University,2012,"5,000 - 9,999",6237,5630,607,5871,5872,1271,184,3997,420,365,5357,1254,175,3872,56,273,515,17,9,125,364,92
178624,Northwest Missouri State University,2012,"5,000 - 9,999",6831,5569,1262,6054,6014,1357,282,4009,366,817,5335,1349,262,3695,29,234,679,8,20,314,337,583
178679,Ozark Christian College,2012,"Under 1,000",723,627,96,665,723,183,44,481,15,0,627,181,40,404,2,0,96,2,4,77,13,0
178697,College of the Ozarks,2012,"1,000 - 4,999",1372,1357,15,1363,1372,244,45,1083,0,0,1357,243,42,1072,0,0,15,1,3,11,0,0
178721,Park University,2012,"10,000 - 19,999",11765,1247,10518,5371,10981,212,1766,8262,741,784,1230,202,210,808,10,17,9751,10,1556,7454,731,767
178767,Stevens Institute of Business & Arts,2012,"Under 1,000",171,118,53,139,171,7,33,131,0,0,118,6,23,89,0,0,53,1,10,42,0,0
178828,Poplar Bluff Technical Career Center,2012,"Under 1,000",58,58,0,58,58,56,0,2,0,0,58,56,0,2,0,0,0,0,0,0,0,0
178891,Ranken Technical College,2012,"1,000 - 4,999",2061,1217,844,1549,2061,745,0,1316,0,0,1217,474,0,743,0,0,844,271,0,573,0,0
178989,Research College of Nursing,2012,"Under 1,000",441,304,137,356,306,0,0,306,0,135,300,0,0,300,0,4,6,0,0,6,0,131
179043,Rockhurst University,2012,"1,000 - 4,999",2808,1895,913,2251,2160,447,83,1101,529,648,1486,446,74,965,1,409,674,1,9,136,528,239
179052,Rolla Technical Institute,2012,"Under 1,000",166,166,0,166,166,51,0,115,0,0,166,51,0,115,0,0,0,0,0,0,0,0
179070,Everest College-Springfield,2012,"Under 1,000",314,186,128,236,314,23,35,256,0,0,186,15,21,150,0,0,128,8,14,106,0,0
179159,Saint Louis University,2012,"10,000 - 19,999",17640,10750,6890,13438,12513,1671,654,5816,4372,5127,7354,1670,460,5198,26,3396,5159,1,194,618,4346,1731
179195,Salem College of Hairstyling,2012,"Under 1,000",50,50,0,50,50,7,0,43,0,0,50,7,0,43,0,0,0,0,0,0,0,0
179201,Sanford-Brown College-Fenton,2012,"Under 1,000",791,612,179,682,791,59,40,692,0,0,612,59,40,513,0,0,179,0,0,179,0,0
179229,American College of Hair Design Inc,2012,"Under 1,000",23,23,0,23,23,15,0,8,0,0,23,15,0,8,0,0,0,0,0,0,0,0
179238,Sikeston Career and Technology Center,2012,"Under 1,000",48,48,0,48,48,13,0,35,0,0,48,13,0,35,0,0,0,0,0,0,0,0
179256,Saint Louis Christian College,2012,"Under 1,000",246,192,54,213,246,26,29,174,17,0,192,23,21,148,0,0,54,3,8,26,17,0
179265,St Louis College of Pharmacy,2012,"1,000 - 4,999",1299,1283,16,1289,714,247,44,423,0,585,707,247,44,416,0,576,7,0,0,7,0,9
179308,Saint Louis Community College,2012,"20,000 and above",26603,10796,15807,16103,26603,4263,2359,17252,2729,0,10796,2905,1074,6253,564,0,15807,1358,1285,10999,2165,0
179317,Saint Paul School of Theology,2012,"Under 1,000",196,144,52,164,0,0,0,0,0,196,0,0,0,0,0,144,0,0,0,0,0,52
179326,Southwest Baptist University,2012,"1,000 - 4,999",3864,2345,1519,2936,3009,560,277,1758,414,855,2065,519,183,1315,48,280,944,41,94,443,366,575
179344,Missouri State University-West Plains,2012,"1,000 - 4,999",2102,1260,842,1543,2102,561,93,979,469,0,1260,497,65,668,30,0,842,64,28,311,439,0
179450,Saint Luke's College of Health Sciences,2012,"Under 1,000",276,232,44,249,262,0,97,165,0,14,227,0,94,133,0,5,35,0,3,32,0,9
179511,St Louis College of Health Careers-St Louis,2012,"Under 1,000",362,362,0,362,362,355,0,7,0,0,362,355,0,7,0,0,0,0,0,0,0,0
179539,State Fair Community College,2012,"5,000 - 9,999",5115,2698,2417,3509,5115,1140,244,3089,642,0,2698,873,127,1682,16,0,2417,267,117,1407,626,0
179548,Stephens College,2012,"Under 1,000",882,707,175,775,673,140,60,472,1,209,553,138,41,373,1,154,120,2,19,99,0,55
179557,Southeast Missouri State University,2012,"10,000 - 19,999",11601,8443,3158,9682,10413,1883,660,6956,914,1188,8097,1732,550,5732,83,346,2316,151,110,1224,831,842
179566,Missouri State University-Springfield,2012,"20,000 and above",20629,15165,5464,17307,17434,2566,1575,11202,2091,3195,13465,2525,1341,9516,83,1700,3969,41,234,1686,2008,1495
179645,Three Rivers Community College,2012,"1,000 - 4,999",4651,2726,1925,3372,4651,1017,138,2218,1278,0,2726,747,97,1452,430,0,1925,270,41,766,848,0
179715,North Central Missouri College,2012,"1,000 - 4,999",1786,918,868,1209,1786,364,67,797,558,0,918,322,46,537,13,0,868,42,21,260,545,0
179742,Truman Medical Center School of Nurse Anesthesia,2012,"Under 1,000",44,44,0,44,0,0,0,0,0,44,0,0,0,0,0,44,0,0,0,0,0,0
179812,Kansas City University of Medicine and Biosciences,2012,"1,000 - 4,999",1012,1007,5,1009,0,0,0,0,0,1012,0,0,0,0,0,1007,0,0,0,0,0,5
179867,Washington University in St Louis,2012,"10,000 - 19,999",13952,11965,1987,12733,7259,1637,111,4954,557,6693,6455,1622,81,4680,72,5510,804,15,30,274,485,1183
179894,Webster University,2012,"10,000 - 19,999",18456,5841,12615,10672,3502,414,438,2522,128,14954,2496,411,285,1794,6,3345,1006,3,153,728,122,11609
179919,Wentworth Military Academy & Junior College,2012,"Under 1,000",860,334,526,543,860,137,46,201,476,0,334,124,35,153,22,0,526,13,11,48,454,0
179946,Westminster College,2012,"1,000 - 4,999",1092,1082,10,1086,1092,260,51,777,4,0,1082,260,51,769,2,0,10,0,0,8,2,0
179955,William Jewell College,2012,"1,000 - 4,999",1052,1011,41,1027,1052,305,33,714,0,0,1011,305,31,675,0,0,41,0,2,39,0,0
179964,William Woods University,2012,"1,000 - 4,999",2184,1366,818,1680,1023,218,83,698,24,1161,852,195,73,584,0,514,171,23,10,114,24,647
179991,Academy of Cosmetology,2012,"Under 1,000",48,48,0,48,48,38,0,10,0,0,48,38,0,10,0,0,0,0,0,0,0,0
180054,Blackfeet Community College,2012,"Under 1,000",407,363,44,380,407,98,32,273,4,0,363,94,29,240,0,0,44,4,3,33,4,0
180063,Butte Academy of Beauty Culture,2012,"Under 1,000",46,46,0,46,46,17,0,29,0,0,46,17,0,29,0,0,0,0,0,0,0,0
180081,Highlands College of Montana Tech,2012,"Under 1,000",786,502,284,597,786,166,47,379,194,0,502,152,37,313,0,0,284,14,10,66,194,0
180090,Crevier's School of Cosmetology,2012,"Under 1,000",101,101,0,101,101,54,0,47,0,0,101,54,0,47,0,0,0,0,0,0,0,0
180106,Carroll College,2012,"1,000 - 4,999",1463,1364,99,1403,1463,383,48,974,58,0,1364,383,45,932,4,0,99,0,3,42,54,0
180151,Dawson Community College,2012,"Under 1,000",312,204,108,240,312,115,42,109,46,0,204,107,21,75,1,0,108,8,21,34,45,0
180160,Chief Dull Knife College,2012,"Under 1,000",361,136,225,212,361,27,3,139,192,0,136,24,3,109,0,0,225,3,0,30,192,0
180179,Montana State University-Billings,2012,"5,000 - 9,999",5081,3472,1609,4107,4537,788,462,3104,183,544,3262,686,357,2195,24,210,1275,102,105,909,159,334
180197,Flathead Valley Community College,2012,"1,000 - 4,999",2395,1170,1225,1581,2395,409,173,1387,426,0,1170,304,102,741,23,0,1225,105,71,646,403,0
180203,Aaniiih Nakoda College,2012,"Under 1,000",221,172,49,188,221,62,5,117,37,0,172,59,5,108,0,0,49,3,0,9,37,0
180212,Fort Peck Community College,2012,"Under 1,000",438,248,190,312,438,66,13,293,66,0,248,63,11,174,0,0,190,3,2,119,66,0
180249,Great Falls College Montana State University,2012,"1,000 - 4,999",1835,909,926,1220,1835,363,149,1133,190,0,909,225,83,597,4,0,926,138,66,536,186,0
180258,University of Great Falls,2012,"1,000 - 4,999",1058,708,350,845,974,141,124,701,8,84,665,135,85,445,0,43,309,6,39,256,8,41
180276,Helena College University of Montana,2012,"1,000 - 4,999",1627,789,838,1070,1627,264,230,755,378,0,789,200,126,463,0,0,838,64,104,292,378,0
180328,Little Big Horn College,2012,"Under 1,000",325,218,107,254,325,67,16,232,10,0,218,47,12,153,6,0,107,20,4,79,4,0
180373,Miles Community College,2012,"Under 1,000",441,280,161,334,441,111,48,255,27,0,280,102,29,149,0,0,161,9,19,106,27,0
180391,Modern Beauty School Inc,2012,"Under 1,000",35,35,0,35,35,13,0,22,0,0,35,13,0,22,0,0,0,0,0,0,0,0
180416,Montana Tech of the University of Montana,2012,"1,000 - 4,999",2030,1747,283,1857,1860,260,140,1435,25,170,1684,257,132,1294,1,63,176,3,8,141,24,107
180461,Montana State University,2012,"10,000 - 19,999",14269,11167,3102,12376,12679,2705,1057,8771,146,1590,10598,2199,723,7542,134,569,2081,506,334,1229,12,1021
180489,The University of Montana,2012,"10,000 - 19,999",14946,11145,3801,12633,12657,2022,791,9324,520,2289,9941,1816,624,7417,84,1204,2716,206,167,1907,436,1085
180522,Montana State University-Northern,2012,"1,000 - 4,999",1282,910,372,1057,1209,198,149,845,17,73,905,179,109,616,1,5,304,19,40,229,16,68
180595,Rocky Mountain College,2012,"1,000 - 4,999",1087,1046,41,1062,1007,262,83,639,23,80,969,262,80,625,2,77,38,0,3,14,21,3
180647,Salish Kootenai College,2012,"Under 1,000",906,802,104,843,906,93,66,723,24,0,802,78,52,667,5,0,104,15,14,56,19,0
180692,The University of Montana-Western,2012,"1,000 - 4,999",1483,1233,250,1334,1483,287,166,1014,16,0,1233,279,125,828,1,0,250,8,41,186,15,0
180771,La'James International College,2012,"Under 1,000",39,39,0,39,39,13,0,26,0,0,39,13,0,26,0,0,0,0,0,0,0,0
180814,Bellevue University,2012,"5,000 - 9,999",9942,5772,4170,7386,6266,155,2862,3123,126,3676,4318,2,2054,2256,6,1454,1948,153,808,867,120,2222
180832,Clarkson College,2012,"1,000 - 4,999",1204,462,742,750,813,47,151,606,9,391,437,43,82,311,1,25,376,4,69,295,8,366
180878,Bryan College of Health Sciences,2012,"Under 1,000",714,358,356,497,610,42,113,442,13,104,313,35,54,224,0,45,297,7,59,218,13,59
180902,Central Community College,2012,"5,000 - 9,999",7283,2430,4853,4059,7283,939,307,3367,2670,0,2430,740,227,1437,26,0,4853,199,80,1930,2644,0
180948,Chadron State College,2012,"1,000 - 4,999",2994,1889,1105,2315,2359,410,178,1524,247,635,1740,399,125,1207,9,149,619,11,53,317,238,486
180957,College of Hair Design-Downtown,2012,"Under 1,000",138,138,0,138,138,18,0,120,0,0,138,18,0,120,0,0,0,0,0,0,0,0
180984,Concordia University-Nebraska,2012,"1,000 - 4,999",2091,1671,420,1835,1481,296,54,843,288,610,1159,296,50,813,0,512,322,0,4,30,288,98
181002,Creighton University,2012,"5,000 - 9,999",7736,6681,1055,7086,4032,945,157,2882,48,3704,3813,943,139,2728,3,2868,219,2,18,154,45,836
181020,Doane College-Crete,2012,"1,000 - 4,999",1149,1138,11,1142,1149,337,62,749,1,0,1138,337,62,738,1,0,11,0,0,11,0,0
181093,Grace University,2012,"Under 1,000",439,310,129,360,371,72,33,266,0,68,283,71,31,181,0,27,88,1,2,85,0,41
181127,Hastings College,2012,"1,000 - 4,999",1112,1073,39,1088,1077,236,38,765,38,35,1044,236,38,754,16,29,33,0,0,11,22,6
181136,Fullen School of Hair Design,2012,"Under 1,000",32,32,0,32,32,19,0,13,0,0,32,19,0,13,0,0,0,0,0,0,0,0
181145,Alegent Creighton Health School of Radiologic Technology,2012,"Under 1,000",17,17,0,17,17,0,12,5,0,0,17,0,12,5,0,0,0,0,0,0,0,0
181190,Joseph's College,2012,"Under 1,000",308,308,0,308,308,46,0,262,0,0,308,46,0,262,0,0,0,0,0,0,0,0
181215,University of Nebraska at Kearney,2012,"5,000 - 9,999",7199,5187,2012,5943,5648,1136,359,3889,264,1551,4964,1123,306,3460,75,223,684,13,53,429,189,1328
181242,Kaplan University-Lincoln Campus,2012,"Under 1,000",462,295,167,360,444,18,98,327,1,18,292,9,49,234,0,3,152,9,49,93,1,15
181297,Nebraska Methodist College of Nursing & Allied Health,2012,"Under 1,000",878,583,295,698,715,29,145,541,0,163,459,29,101,329,0,124,256,0,44,212,0,39
181303,Metropolitan Community College Area,2012,"10,000 - 19,999",17376,6617,10759,10229,17376,1998,0,6190,9188,0,6617,1237,0,2377,3003,0,10759,761,0,3813,6185,0
181312,Mid-Plains Community College,2012,"1,000 - 4,999",2591,980,1611,1521,2591,534,63,879,1115,0,980,425,54,475,26,0,1611,109,9,404,1089,0
181330,Midland University,2012,"1,000 - 4,999",1126,1054,72,1082,1097,364,120,613,0,29,1054,363,101,590,0,0,43,1,19,23,0,29
181376,Nebraska Christian College,2012,"Under 1,000",139,109,30,121,139,45,13,66,15,0,109,44,13,52,0,0,30,1,0,14,15,0
181394,University of Nebraska at Omaha,2012,"10,000 - 19,999",14786,9929,4857,11811,12136,1761,1330,8780,265,2650,9147,1648,990,6432,77,782,2989,113,340,2348,188,1868
181400,Kaplan University-Omaha Campus,2012,"Under 1,000",615,393,222,480,574,47,92,432,3,41,379,18,53,308,0,14,195,29,39,124,3,27
181419,Nebraska Indian Community College,2012,"Under 1,000",150,70,80,97,150,42,11,97,0,0,70,22,6,42,0,0,80,20,5,55,0,0
181428,University of Nebraska Medical Center,2012,"1,000 - 4,999",3655,3125,530,3323,853,0,411,411,31,2802,708,0,361,347,0,2417,145,0,50,64,31,385
181446,Nebraska Wesleyan University,2012,"1,000 - 4,999",2065,1565,500,1759,1808,356,69,1345,38,257,1544,356,69,1092,27,21,264,0,0,253,11,236
181464,University of Nebraska-Lincoln,2012,"20,000 and above",24207,20580,3627,21948,19103,3937,1030,14136,0,5104,17766,3918,946,12902,0,2814,1337,19,84,1234,0,2290
181491,Northeast Community College,2012,"5,000 - 9,999",5251,2256,2995,3262,5251,884,288,1758,2321,0,2256,801,213,1214,28,0,2995,83,75,544,2293,0
181534,Peru State College,2012,"1,000 - 4,999",2390,1213,1177,1679,2131,208,193,1109,621,259,1163,194,115,838,16,50,968,14,78,271,605,209
181543,Summit Christian College,2012,"Under 1,000",39,27,12,32,39,14,3,22,0,0,27,13,2,12,0,0,12,1,1,10,0,0
181604,College of Saint Mary,2012,"1,000 - 4,999",1037,808,229,897,782,91,137,469,85,255,632,91,127,412,2,176,150,0,10,57,83,79
181640,Southeast Community College Area,2012,"10,000 - 19,999",10168,5391,4777,6995,10168,1520,345,6112,2191,0,5391,1203,254,3450,484,0,4777,317,91,2662,1707,0
181738,Union College,2012,"Under 1,000",881,759,122,807,796,152,48,525,71,85,674,151,45,467,11,85,122,1,3,58,60,0
181756,Vatterott College-Spring Valley,2012,"Under 1,000",383,383,0,383,383,26,30,327,0,0,383,26,30,327,0,0,0,0,0,0,0,0
181765,Nebraska College of Technical Agriculture,2012,"Under 1,000",331,238,93,269,331,96,30,121,84,0,238,96,30,112,0,0,93,0,0,9,84,0
181783,Wayne State College,2012,"1,000 - 4,999",3555,2886,669,3138,3020,695,219,2053,53,535,2779,693,195,1888,3,107,241,2,24,165,50,428
181792,Regional West Medical Center School of Radiologic Technology,2012,"Under 1,000",9,9,0,9,9,0,0,9,0,0,9,0,0,9,0,0,0,0,0,0,0,0
181817,Western Nebraska Community College,2012,"1,000 - 4,999",2230,1017,1213,1424,2230,479,54,1181,516,0,1017,383,31,594,9,0,1213,96,23,587,507,0
181853,York College,2012,"Under 1,000",472,442,30,454,472,90,46,330,6,0,442,90,45,307,0,0,30,0,1,23,6,0
181880,Academy of Hair Design-Las Vegas,2012,"Under 1,000",36,36,0,36,36,33,0,3,0,0,36,33,0,3,0,0,0,0,0,0,0,0
181941,Career College of Northern Nevada,2012,"Under 1,000",522,522,0,522,522,153,34,335,0,0,522,153,34,335,0,0,0,0,0,0,0,0
182005,College of Southern Nevada,2012,"20,000 and above",35678,9690,25988,20177,35678,5065,2610,23112,4891,0,9690,1983,825,6388,494,0,25988,3082,1785,16724,4397,0
182111,The Art Institute of Las Vegas,2012,"1,000 - 4,999",1085,716,369,861,1085,267,123,695,0,0,716,179,82,455,0,0,369,88,41,240,0,0
182148,Everest College-Henderson,2012,"Under 1,000",934,707,227,797,934,97,55,782,0,0,707,76,48,583,0,0,227,21,7,199,0,0
182209,Marinello Schools of Beauty-Las Vegas,2012,"Under 1,000",389,193,196,271,389,107,0,282,0,0,193,48,0,145,0,0,196,59,0,137,0,0
182281,University of Nevada-Las Vegas,2012,"20,000 and above",27389,18175,9214,21782,22429,3294,2343,16398,394,4960,15885,2996,1385,11443,61,2290,6544,298,958,4955,333,2670
182290,University of Nevada-Reno,2012,"10,000 - 19,999",18227,13733,4494,15470,15082,2885,1119,10671,407,3145,12411,2840,816,8739,16,1322,2671,45,303,1932,391,1823
182306,Great Basin College,2012,"1,000 - 4,999",3165,911,2254,1820,3138,459,47,1975,657,27,909,229,20,647,13,2,2229,230,27,1328,644,25
182397,Marinello Schools of Beauty-Reno,2012,"Under 1,000",316,142,174,211,316,81,0,235,0,0,142,44,0,98,0,0,174,37,0,137,0,0
182458,Sierra Nevada College,2012,"Under 1,000",987,742,245,837,598,70,79,379,70,389,514,70,77,367,0,228,84,0,2,12,70,161
182500,Truckee Meadows Community College,2012,"10,000 - 19,999",11603,2856,8747,5793,11603,1578,690,7619,1716,0,2856,548,223,1935,150,0,8747,1030,467,5684,1566,0
182564,Western Nevada College,2012,"1,000 - 4,999",4168,1308,2860,2462,4168,786,534,2243,605,0,1308,365,176,733,34,0,2860,421,358,1510,571,0
182634,Colby-Sawyer College,2012,"1,000 - 4,999",1414,1376,38,1391,1414,508,0,891,15,0,1376,508,0,868,0,0,38,0,0,23,15,0
182652,Continental Academie of Hair Design-Hudson,2012,"Under 1,000",59,59,0,59,59,43,0,16,0,0,59,43,0,16,0,0,0,0,0,0,0,0
182661,Daniel Webster College,2012,"Under 1,000",738,681,57,703,621,145,72,399,5,117,564,143,69,352,0,117,57,2,3,47,5,0
182670,Dartmouth College,2012,"5,000 - 9,999",6277,6130,147,6187,4193,1095,3,3000,95,2084,4139,1095,3,3000,41,1991,54,0,0,0,54,93
182704,Empire Beauty School-Laconia,2012,"Under 1,000",97,66,31,78,97,12,0,85,0,0,66,11,0,55,0,0,31,1,0,30,0,0
182722,Empire Beauty School-Somersworth,2012,"Under 1,000",143,124,19,132,143,20,0,123,0,0,124,17,0,107,0,0,19,3,0,16,0,0
182795,Franklin Pierce University,2012,"1,000 - 4,999",2258,1837,421,2000,1737,547,52,1098,40,521,1497,544,52,894,7,340,240,3,0,204,33,181
182829,University of New Hampshire-School of Law,2012,"Under 1,000",346,336,10,340,0,0,0,0,0,346,0,0,0,0,0,336,0,0,0,0,0,10
182865,Mount Washington College,2012,"1,000 - 4,999",2970,1875,1095,2305,2970,282,410,2259,19,0,1875,232,293,1347,3,0,1095,50,117,912,16,0
182892,Keene Beauty Academy,2012,"Under 1,000",53,43,10,47,53,42,0,11,0,0,43,36,0,7,0,0,10,6,0,4,0,0
182917,College of St Mary Magdalen,2012,Not reported,,,,,,,,,,,,,,,,,,,,,,
182953,Michaels School of Hair Design and Esthetics-Paul Mitchell Partner School,2012,"Under 1,000",131,111,20,119,131,40,0,91,0,0,111,38,0,73,0,0,20,2,0,18,0,0
182980,New England College,2012,"1,000 - 4,999",2011,1837,174,1904,1118,328,145,611,34,893,1036,322,135,577,2,801,82,6,10,34,32,92
182999,New England School of Hair Design Inc,2012,"Under 1,000",65,61,4,63,65,55,0,10,0,0,61,52,0,9,0,0,4,3,0,1,0,0
183026,Southern New Hampshire University,2012,"10,000 - 19,999",17454,8297,9157,11852,11110,1278,1267,7850,715,6344,5910,905,741,4180,84,2387,5200,373,526,3670,631,3957
183035,New Hampshire Institute for Therapeutic Arts,2012,"Under 1,000",25,25,0,25,25,13,0,12,0,0,25,13,0,12,0,0,0,0,0,0,0,0
183044,University of New Hampshire-Main Campus,2012,"10,000 - 19,999",15267,13614,1653,14231,12804,2999,523,9043,239,2463,12342,2999,505,8784,54,1272,462,0,18,259,185,1191
183062,Keene State College,2012,"5,000 - 9,999",5061,4701,360,4843,4926,1186,162,3432,146,135,4653,1185,153,3294,21,48,273,1,9,138,125,87
183071,University of New Hampshire at Manchester,2012,"Under 1,000",880,588,292,704,833,76,113,587,57,47,586,73,94,418,1,2,247,3,19,169,56,45
183080,Plymouth State University,2012,"5,000 - 9,999",5431,4222,1209,4672,4238,933,223,2971,111,1193,3926,932,198,2796,0,296,312,1,25,175,111,897
183099,NHTI-Concord's Community College,2012,"1,000 - 4,999",4350,1985,2365,2779,4350,1124,312,2430,484,0,1985,853,155,954,23,0,2365,271,157,1476,461,0
183105,White Mountains Community College,2012,"Under 1,000",825,287,538,468,825,181,55,471,118,0,287,97,26,164,0,0,538,84,29,307,118,0
183114,River Valley Community College,2012,"1,000 - 4,999",1040,265,775,525,1040,174,129,633,104,0,265,68,31,161,5,0,775,106,98,472,99,0
183123,Lakes Region Community College,2012,"1,000 - 4,999",1177,537,640,752,1177,299,80,619,179,0,537,208,46,271,12,0,640,91,34,348,167,0
183132,Manchester Community College,2012,"1,000 - 4,999",2805,860,1945,1513,2805,587,242,1471,505,0,860,293,83,448,36,0,1945,294,159,1023,469,0
183141,Nashua Community College,2012,"1,000 - 4,999",2278,711,1567,1237,2278,523,215,1269,271,0,711,268,70,365,8,0,1567,255,145,904,263,0
183150,Great Bay Community College,2012,"1,000 - 4,999",2172,590,1582,1121,2172,467,273,1061,371,0,590,216,80,287,7,0,1582,251,193,774,364,0
183202,Paul Mitchell the School-Portsmouth,2012,"Under 1,000",22,22,0,22,22,10,0,12,0,0,22,10,0,12,0,0,0,0,0,0,0,0
183211,Rivier University,2012,"1,000 - 4,999",2316,1046,1270,1538,1559,225,153,1033,148,757,912,218,68,619,7,134,647,7,85,414,141,623
183239,Saint Anselm College,2012,"1,000 - 4,999",1954,1900,54,1921,1954,527,23,1384,20,0,1900,527,17,1353,3,0,54,0,6,31,17,0
183248,St Joseph School of Nursing,2012,"Under 1,000",137,80,57,103,137,1,58,78,0,0,80,1,29,50,0,0,57,0,29,28,0,0
183257,Granite State College,2012,"1,000 - 4,999",2003,991,1012,1393,1724,121,344,1179,80,279,867,67,222,570,8,124,857,54,122,609,72,155
183275,Thomas More College of Liberal Arts,2012,"Under 1,000",95,95,0,95,95,25,13,57,0,0,95,25,13,57,0,0,0,0,0,0,0,0
183488,Eastwick College-Hackensack,2012,"Under 1,000",512,261,251,361,512,189,0,323,0,0,261,91,0,170,0,0,251,98,0,153,0,0
183600,Assumption College for Sisters,2012,"Under 1,000",43,26,17,33,43,17,0,23,3,0,26,11,0,15,0,0,17,6,0,8,3,0
183655,Atlantic Cape Community College,2012,"5,000 - 9,999",7523,3663,3860,4959,7523,1740,493,4673,617,0,3663,1144,252,2070,197,0,3860,596,241,2603,420,0
183725,Fortis Institute-Wayne,2012,"Under 1,000",499,499,0,499,499,93,0,406,0,0,499,93,0,406,0,0,0,0,0,0,0,0
183743,Bergen Community College,2012,"10,000 - 19,999",17015,9696,7319,12153,17015,3423,1045,11167,1380,0,9696,2674,673,6073,276,0,7319,749,372,5094,1104,0
183789,Berkeley College-Woodland Park,2012,"1,000 - 4,999",2878,2387,491,2580,2878,447,119,2293,19,0,2387,432,107,1848,0,0,491,15,12,445,19,0
183804,Beth Medrash Govoha,2012,"5,000 - 9,999",6538,5745,793,6048,2696,0,437,2259,0,3842,2659,0,436,2223,0,3086,37,0,1,36,0,756
183822,Bloomfield College,2012,"1,000 - 4,999",2044,1823,221,1910,2036,383,184,1389,80,8,1820,377,165,1263,15,3,216,6,19,126,65,5
183859,Brookdale Community College,2012,"10,000 - 19,999",14637,7753,6884,10064,14637,3240,291,9304,1802,0,7753,2705,181,4759,108,0,6884,535,110,4545,1694,0
183877,Burlington County College,2012,"10,000 - 19,999",10071,5129,4942,6788,10071,2304,687,6245,835,0,5129,1850,326,2816,137,0,4942,454,361,3429,698,0
183910,Caldwell College,2012,"1,000 - 4,999",2213,1410,803,1720,1591,292,149,1131,19,622,1260,289,89,881,1,150,331,3,60,250,18,472
183938,Camden County College,2012,"10,000 - 19,999",13807,7211,6596,9426,13807,2597,928,8755,1527,0,7211,2028,549,4412,222,0,6596,569,379,4343,1305,0
183974,Centenary College,2012,"1,000 - 4,999",2576,2123,453,2297,1891,292,157,1442,0,685,1781,284,152,1345,0,342,110,8,5,97,0,343
183983,Adult and Continuing Education-BCTS,2012,"Under 1,000",113,113,0,113,113,63,0,50,0,0,113,63,0,50,0,0,0,0,0,0,0,0
184047,Anthem Institute-Parsippany,2012,"Under 1,000",172,172,0,172,172,71,0,101,0,0,172,71,0,101,0,0,0,0,0,0,0,0
184056,Lincoln Technical Institute-Edison,2012,"Under 1,000",843,574,269,681,843,146,0,697,0,0,574,95,0,479,0,0,269,51,0,218,0,0
184092,Fox Institute of Business-Clifton,2012,"Under 1,000",585,585,0,585,585,58,0,527,0,0,585,58,0,527,0,0,0,0,0,0,0,0
184144,Empire Beauty School-Ocean,2012,"Under 1,000",112,84,28,95,112,50,0,62,0,0,84,37,0,47,0,0,28,13,0,15,0,0
184153,Cooper Health System Center for Allied Health Education,2012,"Under 1,000",51,50,1,50,42,0,0,42,0,9,42,0,0,42,0,8,0,0,0,0,0,1
184180,County College of Morris,2012,"5,000 - 9,999",8679,4633,4046,5991,8679,1778,387,5468,1046,0,4633,1455,224,2778,176,0,4046,323,163,2690,870,0
184205,Cumberland County College,2012,"1,000 - 4,999",3944,2238,1706,2811,3944,1030,66,2727,121,0,2238,780,39,1408,11,0,1706,250,27,1319,110,0
184278,Divers Academy International,2012,"Under 1,000",251,251,0,251,251,81,0,170,0,0,251,81,0,170,0,0,0,0,0,0,0,0
184320,Drake College of Business-Elizabeth,2012,"1,000 - 4,999",1343,1343,0,1343,1343,1180,0,163,0,0,1343,1180,0,163,0,0,0,0,0,0,0,0
184348,Drew University,2012,"1,000 - 4,999",2447,1918,529,2121,1636,363,37,1182,54,811,1568,362,36,1164,6,350,68,1,1,18,48,461
184357,duCret School of Arts,2012,"Under 1,000",26,19,7,22,26,13,0,13,0,0,19,9,0,10,0,0,7,4,0,3,0,0
184427,Lincoln Technical Institute-South Plainfield,2012,"Under 1,000",269,269,0,269,269,87,0,182,0,0,269,87,0,182,0,0,0,0,0,0,0,0
184481,Essex County College,2012,"10,000 - 19,999",11979,6569,5410,8385,11979,2568,268,8250,893,0,6569,2143,162,4150,114,0,5410,425,106,4100,779,0
184506,Empire Beauty School-Union,2012,"Under 1,000",127,91,36,105,127,46,0,81,0,0,91,33,0,58,0,0,36,13,0,23,0,0
184603,Fairleigh Dickinson University-Metropolitan Campus,2012,"5,000 - 9,999",9130,3672,5458,5799,6775,756,407,2938,2674,2355,2882,684,231,1927,40,790,3893,72,176,1011,2634,1565
184612,Felician College,2012,"1,000 - 4,999",2109,1545,564,1764,1775,229,83,1457,6,334,1485,228,79,1178,0,60,290,1,4,279,6,274
184694,Fairleigh Dickinson University-College at Florham,2012,"1,000 - 4,999",3067,2535,532,2740,2396,585,129,1642,40,671,2213,577,120,1512,4,322,183,8,9,130,36,349
184746,Hohokus School of Trade and Technical Sciences,2012,"Under 1,000",215,152,63,177,215,125,0,90,0,0,152,92,0,60,0,0,63,33,0,30,0,0
184773,Georgian Court University,2012,"1,000 - 4,999",2313,1458,855,1789,1619,161,213,1059,186,694,1244,160,185,899,0,214,375,1,28,160,186,480
184782,Rowan University,2012,"10,000 - 19,999",12183,9605,2578,10599,10722,1507,1265,7761,189,1461,9254,1497,1108,6642,7,351,1468,10,157,1119,182,1110
184791,Gloucester County College,2012,"5,000 - 9,999",6762,3943,2819,4889,6762,2101,522,3768,371,0,3943,1632,270,2032,9,0,2819,469,252,1736,362,0
184816,Empire Beauty School-Cherry Hill,2012,"Under 1,000",117,79,38,94,117,40,0,77,0,0,79,33,0,46,0,0,38,7,0,31,0,0
184870,Harris School of Business-Cherry Hill Campus,2012,"Under 1,000",358,273,85,307,358,294,0,64,0,0,273,221,0,52,0,0,85,73,0,12,0,0
184959,Eastwick College-Ramsey,2012,"1,000 - 4,999",1119,518,601,757,1119,189,252,605,73,0,518,149,85,284,0,0,601,40,167,321,73,0
184968,Holy Name Medical Center School of Nursing,2012,"Under 1,000",145,78,67,105,145,9,0,136,0,0,78,6,0,72,0,0,67,3,0,64,0,0
184995,Hudson County Community College,2012,"5,000 - 9,999",9397,5901,3496,7075,9397,2581,381,6094,341,0,5901,2114,261,3512,14,0,3496,467,120,2582,327,0
185129,New Jersey City University,2012,"5,000 - 9,999",8493,5247,3246,6494,6587,798,994,4761,34,1906,4834,713,724,3394,3,413,1753,85,270,1367,31,1493
185174,Joe Kubert School of Cartoon and Graphic Art,2012,"Under 1,000",89,89,0,89,89,47,0,42,0,0,89,47,0,42,0,0,0,0,0,0,0,0
185262,Kean University,2012,"10,000 - 19,999",15391,10715,4676,12532,12895,1410,1505,9628,352,2496,9899,1381,1031,7422,65,816,2996,29,474,2206,287,1680
185332,Harris School of Business-Voorhees Campus,2012,"Under 1,000",427,294,133,347,427,408,0,19,0,0,294,279,0,15,0,0,133,129,0,4,0,0
185396,Lincoln Technical Institute-Union,2012,"1,000 - 4,999",1256,957,299,1076,1256,429,0,827,0,0,957,388,0,569,0,0,299,41,0,258,0,0
185466,Rizzieri Aveda School for Beauty and Wellness,2012,"Under 1,000",340,217,123,266,340,245,0,95,0,0,217,160,0,57,0,0,123,85,0,38,0,0
185509,Mercer County Community College,2012,"5,000 - 9,999",8873,3506,5367,5308,8873,2003,324,5794,752,0,3506,1304,150,1975,77,0,5367,699,174,3819,675,0
185536,Middlesex County College,2012,"10,000 - 19,999",12898,6837,6061,8872,12898,2665,463,8494,1276,0,6837,2137,272,4300,128,0,6061,528,191,4194,1148,0
185572,Monmouth University,2012,"5,000 - 9,999",6472,5076,1396,5613,4738,1006,323,3367,42,1734,4437,1006,310,3114,7,639,301,0,13,253,35,1095
185590,Montclair State University,2012,"10,000 - 19,999",18382,13573,4809,15398,14432,2216,1457,10549,210,3950,12380,2202,1254,8803,121,1193,2052,14,203,1746,89,2757
185624,Mountainside School of Nursing,2012,"Under 1,000",84,84,0,84,84,0,0,84,0,0,84,0,0,84,0,0,0,0,0,0,0,0
185651,Muhlenberg Harold B and Dorothy A Snyder Schools-School of Imaging,2012,"Under 1,000",115,17,98,56,115,2,0,113,0,0,17,2,0,15,0,0,98,0,0,98,0,0
185679,Muhlenberg Harold B and Dorothy A Snyder Schools-School of Nursing,2012,"Under 1,000",387,34,353,174,387,6,0,381,0,0,34,2,0,32,0,0,353,4,0,349,0,0
185721,Hohokus School-RETS Nutley,2012,"Under 1,000",623,623,0,623,623,163,0,460,0,0,623,163,0,460,0,0,0,0,0,0,0,0
185730,Empire Beauty School-Jersey City,2012,"Under 1,000",69,69,0,69,69,26,0,43,0,0,69,26,0,43,0,0,0,0,0,0,0,0
185758,New Brunswick Theological Seminary,2012,"Under 1,000",186,42,144,97,0,0,0,0,0,186,0,0,0,0,0,42,0,0,0,0,0,144
185767,Robert Fiance Beauty Schools-West New York,2012,"Under 1,000",214,128,86,162,214,108,0,106,0,0,128,65,0,63,0,0,86,43,0,43,0,0
185828,New Jersey Institute of Technology,2012,"5,000 - 9,999",9944,7075,2869,8179,7111,1020,645,4489,957,2833,5529,939,531,3923,136,1546,1582,81,114,566,821,1287
185873,Ocean County College,2012,"10,000 - 19,999",10048,5232,4816,6849,10048,2305,343,5925,1475,0,5232,1827,178,3113,114,0,4816,478,165,2812,1361,0
185970,P B Cosmetology Education Center,2012,"Under 1,000",190,150,40,166,190,25,0,165,0,0,150,24,0,126,0,0,40,1,0,39,0,0
186016,Parisian Beauty School,2012,"Under 1,000",345,242,103,283,345,58,0,287,0,0,242,41,0,201,0,0,103,17,0,86,0,0
186034,Passaic County Community College,2012,"5,000 - 9,999",9782,3539,6243,5635,9782,1692,220,7470,400,0,3539,867,109,2537,26,0,6243,825,111,4933,374,0
186052,Pennco Tech-Blackwood,2012,"Under 1,000",804,592,212,676,804,736,0,68,0,0,592,545,0,47,0,0,212,191,0,21,0,0
186122,Princeton Theological Seminary,2012,"Under 1,000",514,473,41,489,0,0,0,0,0,514,0,0,0,0,0,473,0,0,0,0,0,41
186131,Princeton University,2012,"5,000 - 9,999",7975,7975,0,7975,5327,1357,0,3898,72,2648,5327,1357,0,3898,72,2648,0,0,0,0,0,0
186186,Rabbinical College of America,2012,"Under 1,000",213,213,0,213,213,25,103,85,0,0,213,25,103,85,0,0,0,0,0,0,0,0
186201,Ramapo College of New Jersey,2012,"5,000 - 9,999",5817,5070,747,5364,5624,871,595,3924,234,193,5052,869,528,3593,62,18,572,2,67,331,172,175
186274,Robert Fiance Beauty Schools-Perth Amboy,2012,"Under 1,000",216,142,74,171,216,39,0,177,0,0,142,30,0,112,0,0,74,9,0,65,0,0
186283,Rider University,2012,"5,000 - 9,999",5485,4261,1224,4736,4578,754,335,3084,405,907,3931,747,285,2655,244,330,647,7,50,429,161,577
186335,Roman Academy of Beauty Culture,2012,"Under 1,000",86,71,15,77,86,27,0,59,0,0,71,23,0,48,0,0,15,4,0,11,0,0
186371,Rutgers University-Camden,2012,"5,000 - 9,999",6343,4799,1544,5394,4708,485,839,3332,52,1635,3833,481,654,2692,6,966,875,4,185,640,46,669
186380,Rutgers University-New Brunswick,2012,"20,000 and above",40434,35331,5103,37242,31593,6170,2089,22967,367,8841,30038,6166,1964,21798,110,5293,1555,4,125,1169,257,3548
186399,Rutgers University-Newark,2012,"10,000 - 19,999",12011,8120,3891,9588,7666,1052,923,5266,425,4345,6220,1051,724,4436,9,1900,1446,1,199,830,416,2445
186405,St Francis Medical Center-School of Radiologic Technology,2012,"Under 1,000",16,16,0,16,16,0,0,16,0,0,16,0,0,16,0,0,0,0,0,0,0,0
186423,Saint Francis Medical Center School of Nursing,2012,"Under 1,000",62,62,0,62,62,1,0,61,0,0,62,1,0,61,0,0,0,0,0,0,0,0
186432,Saint Peter's University,2012,"1,000 - 4,999",3045,2193,852,2523,2317,396,201,1602,118,728,1902,390,143,1362,7,291,415,6,58,240,111,437
186469,Salem Community College,2012,"1,000 - 4,999",1283,702,581,897,1283,301,37,816,129,0,702,205,14,478,5,0,581,96,23,338,124,0
186584,Seton Hall University,2012,"5,000 - 9,999",9830,6968,2862,8067,5497,1461,440,3393,203,4333,5023,1455,407,3147,14,1945,474,6,33,246,189,2388
186593,Atlantic Beauty & Spa Academy LLC,2012,"Under 1,000",124,89,35,103,124,24,0,100,0,0,89,17,0,72,0,0,35,7,0,28,0,0
186618,College of Saint Elizabeth,2012,"1,000 - 4,999",1687,721,966,1095,1079,146,127,761,45,608,583,146,39,395,3,138,496,0,88,366,42,470
186645,Raritan Valley Community College,2012,"5,000 - 9,999",8398,3712,4686,5285,8398,1499,486,5158,1255,0,3712,1203,256,2185,68,0,4686,296,230,2973,1187,0
186867,Stevens Institute of Technology,2012,"5,000 - 9,999",5649,3932,1717,4588,2575,614,49,1879,33,3074,2541,614,49,1870,8,1391,34,0,0,9,25,1683
186876,The Richard Stockton College of New Jersey,2012,"5,000 - 9,999",8400,7103,1297,7601,7516,1003,1062,5271,180,884,6820,1001,1006,4810,3,283,696,2,56,461,177,601
186900,Talmudical Academy-New Jersey,2012,"Under 1,000",67,67,0,67,67,12,21,34,0,0,67,12,21,34,0,0,0,0,0,0,0,0
187000,Teterboro School of Aeronautics,2012,"Under 1,000",122,122,0,122,122,54,0,68,0,0,122,54,0,68,0,0,0,0,0,0,0,0
187046,Thomas Edison State College,2012,"20,000 and above",20606,150,20456,8355,19406,0,7840,11566,0,1200,150,0,103,47,0,0,19256,0,7737,11519,0,1200
187134,The College of New Jersey,2012,"5,000 - 9,999",7270,6549,721,6818,6545,1363,249,4769,164,725,6340,1363,245,4632,100,209,205,0,4,137,64,516
187161,Sanford-Brown Institute-Iselin,2012,"Under 1,000",884,871,13,876,884,123,0,761,0,0,871,123,0,748,0,0,13,0,0,13,0,0
187198,Union County College,2012,"10,000 - 19,999",12146,5886,6260,7988,12146,2444,631,8179,892,0,5886,1876,206,3518,286,0,6260,568,425,4661,606,0
187444,William Paterson University of New Jersey,2012,"10,000 - 19,999",11423,8686,2737,9747,10089,1240,1445,7288,116,1334,8381,1230,1167,5963,21,305,1708,10,278,1325,95,1029
187505,Olympian University of Cosmetology,2012,"1,000 - 4,999",1128,1128,0,1128,1128,317,0,811,0,0,1128,317,0,811,0,0,0,0,0,0,0,0
187532,Central New Mexico Community College,2012,"20,000 and above",28323,9324,18999,15703,28323,3796,1435,19963,3129,0,9324,2301,525,6359,139,0,18999,1495,910,13604,2990,0
187596,Navajo Technical University,2012,"1,000 - 4,999",1777,1131,646,1392,1777,507,193,883,194,0,1131,293,148,676,14,0,646,214,45,207,180,0
187602,De Wolff College Hair Styling and Cosmetology,2012,"Under 1,000",103,103,0,103,103,28,0,75,0,0,103,28,0,75,0,0,0,0,0,0,0,0
187620,New Mexico State University-Dona Ana,2012,"5,000 - 9,999",9270,4412,4858,6043,9270,1528,313,5184,2245,0,4412,1231,188,2954,39,0,4858,297,125,2230,2206,0
187639,Clovis Community College,2012,"1,000 - 4,999",3672,912,2760,1839,3672,238,224,1600,1610,0,912,156,87,638,31,0,2760,82,137,962,1579,0
187648,Eastern New Mexico University-Main Campus,2012,"5,000 - 9,999",5804,3131,2673,4171,4583,709,474,2735,665,1221,2845,702,303,1828,12,286,1738,7,171,907,653,935
187666,Eastern New Mexico University-Roswell Campus,2012,"1,000 - 4,999",4193,1503,2690,2406,4193,542,194,1706,1751,0,1503,453,105,870,75,0,2690,89,89,836,1676,0
187745,Institute of American Indian and Alaska Native Culture,2012,"Under 1,000",392,209,183,283,392,35,27,179,151,0,209,33,23,152,1,0,183,2,4,27,150,0
187897,New Mexico Highlands University,2012,"1,000 - 4,999",3729,2285,1444,2836,2407,427,391,1471,118,1322,1715,424,252,1027,12,570,692,3,139,444,106,752
187903,New Mexico Junior College,2012,"1,000 - 4,999",2949,896,2053,1585,2949,356,61,996,1536,0,896,241,37,497,121,0,2053,115,24,499,1415,0
187912,New Mexico Military Institute,2012,"Under 1,000",490,490,0,490,490,302,34,154,0,0,490,302,34,154,0,0,0,0,0,0,0,0
187958,University of New Mexico-Gallup Campus,2012,"1,000 - 4,999",2807,1376,1431,1856,2807,494,83,1820,410,0,1376,342,39,957,38,0,1431,152,44,863,372,0
187967,New Mexico Institute of Mining and Technology,2012,"1,000 - 4,999",2105,1607,498,1796,1565,348,104,973,140,540,1359,346,100,913,0,248,206,2,4,60,140,292
187976,University of New Mexico-Los Alamos Campus,2012,"Under 1,000",683,148,535,328,683,65,48,393,177,0,148,50,10,87,1,0,535,15,38,306,176,0
187985,University of New Mexico-Main Campus,2012,"20,000 and above",29033,20666,8367,23930,22773,3424,1298,16289,1762,6260,17090,3372,858,12558,302,3576,5683,52,440,3731,1460,2684
187994,New Mexico State University-Alamogordo,2012,"1,000 - 4,999",3173,1006,2167,1734,3173,299,121,1161,1592,0,1006,230,67,679,30,0,2167,69,54,482,1562,0
188003,New Mexico State University-Carlsbad,2012,"1,000 - 4,999",2060,573,1487,1072,2060,219,47,583,1211,0,573,189,30,323,31,0,1487,30,17,260,1180,0
188021,New Mexico State University-Grants,2012,"1,000 - 4,999",1141,355,786,619,1141,118,34,395,594,0,355,101,22,219,13,0,786,17,12,176,581,0
188030,New Mexico State University-Main Campus,2012,"10,000 - 19,999",17651,13404,4247,15049,14276,2061,688,10650,877,3375,11673,2034,577,8973,89,1731,2603,27,111,1677,788,1644
188049,University of New Mexico-Valencia County Campus,2012,"1,000 - 4,999",2322,1135,1187,1534,2322,362,82,1486,392,0,1135,295,37,796,7,0,1187,67,45,690,385,0
188058,Northern New Mexico College,2012,"1,000 - 4,999",1633,903,730,1196,1601,223,73,1071,234,32,902,202,40,644,16,1,699,21,33,427,218,31
188100,San Juan College,2012,"5,000 - 9,999",9463,3085,6378,5226,9463,1013,448,4827,3175,0,3085,779,176,2093,37,0,6378,234,272,2734,3138,0
188137,Santa Fe Community College,2012,"1,000 - 4,999",4956,1731,3225,2814,4956,747,530,2619,1060,0,1731,482,187,992,70,0,3225,265,343,1627,990,0
188146,Santa Fe University of Art and Design,2012,"Under 1,000",544,541,3,542,544,166,66,266,46,0,541,166,66,263,46,0,3,0,0,3,0,0
188182,University of the Southwest,2012,"Under 1,000",760,361,399,514,335,58,80,196,1,425,251,52,52,146,1,110,84,6,28,50,0,315
188207,Southwestern College,2012,"Under 1,000",145,67,78,97,0,0,0,0,0,145,0,0,0,0,0,67,0,0,0,0,0,78
188216,Southwestern Indian Polytechnic Institute,2012,"Under 1,000",488,427,61,447,488,125,48,305,10,0,427,121,44,258,4,0,61,4,4,47,6,0
188225,University of New Mexico-Taos Campus,2012,"1,000 - 4,999",1660,616,1044,967,1660,151,43,825,641,0,616,127,23,435,31,0,1044,24,20,390,610,0
188261,Mesalands Community College,2012,"Under 1,000",672,325,347,442,672,168,33,297,174,0,325,117,15,188,5,0,347,51,18,109,169,0
188289,Vogue College of Cosmetology-Santa Fe,2012,"Under 1,000",65,56,9,60,65,23,0,42,0,0,56,17,0,39,0,0,9,6,0,3,0,0
188304,Western New Mexico University,2012,"1,000 - 4,999",3549,1611,1938,2370,2852,431,170,1540,711,697,1469,354,106,1007,2,142,1383,77,64,533,709,555
188340,Vaughn College of Aeronautics and Technology,2012,"1,000 - 4,999",1812,1363,449,1539,1799,321,245,1230,3,13,1362,299,215,847,1,1,437,22,30,383,2,12
188429,Adelphi University,2012,"5,000 - 9,999",7859,6154,1705,6812,5103,999,541,3513,50,2756,4525,996,445,3083,1,1629,578,3,96,430,49,1127
188438,Adirondack Community College,2012,"1,000 - 4,999",3987,2263,1724,2842,3987,831,188,2307,661,0,2263,740,127,1369,27,0,1724,91,61,938,634,0
188465,Globe Institute of Technology,2012,"Under 1,000",740,710,30,722,740,296,72,356,16,0,710,290,72,343,5,0,30,6,0,13,11,0
188517,Bryant & Stratton College-Albany,2012,"Under 1,000",723,436,287,549,723,102,186,416,19,0,436,101,124,210,1,0,287,1,62,206,18,0
188526,Albany College of Pharmacy and Health Sciences,2012,"1,000 - 4,999",1701,1674,27,1684,1072,247,121,701,3,629,1060,247,115,698,0,614,12,0,6,3,3,15
188535,Albany Law School,2012,"Under 1,000",615,569,46,587,0,0,0,0,0,615,0,0,0,0,0,569,0,0,0,0,0,46
188580,Albany Medical College,2012,"Under 1,000",840,840,0,840,0,0,0,0,0,840,0,0,0,0,0,840,0,0,0,0,0,0
188641,Alfred University,2012,"1,000 - 4,999",2362,2070,292,2182,1935,536,80,1287,32,427,1884,536,77,1271,0,186,51,0,3,16,32,241
188650,Allen School-Brooklyn,2012,"Under 1,000",652,524,128,575,652,612,0,40,0,0,524,497,0,27,0,0,128,115,0,13,0,0
188669,The Ailey School,2012,"Under 1,000",98,98,0,98,98,26,0,72,0,0,98,26,0,72,0,0,0,0,0,0,0,0
188678,American Academy of Dramatic Arts-New York,2012,"Under 1,000",221,221,0,221,221,73,43,105,0,0,221,73,43,105,0,0,0,0,0,0,0,0
188687,American Academy McAllister Institute of Funeral Service,2012,"Under 1,000",411,136,275,245,411,47,145,219,0,0,136,27,51,58,0,0,275,20,94,161,0,0
188696,Joffrey Ballet School,2012,"Under 1,000",180,180,0,180,180,129,0,51,0,0,180,129,0,51,0,0,0,0,0,0,0,0
188854,American Musical and Dramatic Academy,2012,"1,000 - 4,999",1429,1429,0,1429,1429,503,0,926,0,0,1429,503,0,926,0,0,0,0,0,0,0,0
188890,Apex Technical School,2012,"1,000 - 4,999",1375,1053,322,1181,1375,1371,0,4,0,0,1053,1050,0,3,0,0,322,321,0,1,0,0
188915,Arnot Ogden Medical Center,2012,"Under 1,000",69,61,8,64,69,4,0,65,0,0,61,4,0,57,0,0,8,0,0,8,0,0
188942,Associated Beth Rivkah Schools,2012,"Under 1,000",133,133,0,133,133,45,0,88,0,0,133,45,0,88,0,0,0,0,0,0,0,0
188988,Austin's School of Spa Technology,2012,"Under 1,000",244,244,0,244,244,87,0,157,0,0,244,87,0,157,0,0,0,0,0,0,0,0
189015,Bank Street College of Education,2012,"Under 1,000",929,359,570,577,0,0,0,0,0,929,0,0,0,0,0,359,0,0,0,0,0,570
189088,Bard College,2012,"1,000 - 4,999",2342,2228,114,2272,2022,528,63,1364,67,320,1936,528,63,1319,26,292,86,0,0,45,41,28
189097,Barnard College,2012,"1,000 - 4,999",2504,2466,38,2481,2504,599,69,1836,0,0,2466,594,68,1804,0,0,38,5,1,32,0,0
189219,Berk Trade and Business School,2012,"Under 1,000",165,165,0,165,165,102,0,63,0,0,165,102,0,63,0,0,0,0,0,0,0,0
189228,Berkeley College-New York,2012,"1,000 - 4,999",4864,4246,618,4489,4864,584,325,3871,84,0,4246,560,299,3331,56,0,618,24,26,540,28,0
189264,Beth Hatalmud Rabbinical College,2012,"Under 1,000",43,43,0,43,43,13,7,23,0,0,43,13,7,23,0,0,0,0,0,0,0,0
189273,Beth Hamedrash Shaarei Yosher Institute,2012,"Under 1,000",47,47,0,47,38,16,9,13,0,9,38,16,9,13,0,9,0,0,0,0,0,0
189282,Phillips Beth Israel School of Nursing,2012,"Under 1,000",287,23,264,128,287,7,140,140,0,0,23,1,16,6,0,0,264,6,124,134,0,0
189404,Hair Design Institute at Fifth Avenue-Brooklyn,2012,"Under 1,000",162,76,86,110,162,15,0,147,0,0,76,4,0,72,0,0,86,11,0,75,0,0
189413,Boricua College,2012,"1,000 - 4,999",1235,1235,0,1235,1176,236,161,779,0,59,1176,236,161,779,0,59,0,0,0,0,0,0
189422,Bramson ORT College,2012,"Under 1,000",651,540,111,584,651,141,48,402,60,0,540,141,48,351,0,0,111,0,0,51,60,0
189459,Briarcliffe College,2012,"1,000 - 4,999",2021,1598,423,1764,2021,332,207,1482,0,0,1598,289,172,1137,0,0,423,43,35,345,0,0
189468,Brittany Beauty School,2012,"Under 1,000",140,100,40,116,140,46,0,94,0,0,100,40,0,60,0,0,40,6,0,34,0,0
189477,American Beauty School,2012,"Under 1,000",208,93,115,139,208,142,0,66,0,0,93,64,0,29,0,0,115,78,0,37,0,0
189501,Brooklyn Law School,2012,"1,000 - 4,999",1260,998,262,1098,0,0,0,0,0,1260,0,0,0,0,0,998,0,0,0,0,0,262
189547,SUNY Broome Community College,2012,"5,000 - 9,999",5952,4113,1839,4730,5952,1476,361,3638,477,0,4113,1357,258,2430,68,0,1839,119,103,1208,409,0
189556,Bryant & Stratton College-Amherst,2012,"Under 1,000",436,258,178,328,436,39,136,240,21,0,258,37,87,134,0,0,178,2,49,106,21,0
189565,Bryant & Stratton College-Syracuse North,2012,"Under 1,000",482,319,163,383,482,85,132,261,4,0,319,80,84,155,0,0,163,5,48,106,4,0
189574,Bryant & Stratton College-Syracuse,2012,"Under 1,000",710,531,179,602,710,128,146,428,8,0,531,121,108,302,0,0,179,7,38,126,8,0
189583,Bryant & Stratton College-Buffalo,2012,"Under 1,000",884,577,307,698,884,137,166,560,21,0,577,120,123,334,0,0,307,17,43,226,21,0
189592,Bryant & Stratton College-Greece,2012,"Under 1,000",423,278,145,336,423,66,98,216,43,0,278,58,73,147,0,0,145,8,25,69,43,0
189653,Business Informatics Center Inc,2012,"Under 1,000",76,31,45,49,76,1,4,71,0,0,31,1,4,26,0,0,45,0,0,45,0,0
189705,Canisius College,2012,"1,000 - 4,999",4908,3690,1218,4159,3280,713,156,2123,288,1628,2954,712,151,2067,24,736,326,1,5,56,264,892
189714,Capri School of Hair Design,2012,"Under 1,000",247,166,81,198,247,21,0,226,0,0,166,16,0,150,0,0,81,5,0,76,0,0
189811,St Paul's School of Nursing-Queens,2012,"Under 1,000",520,230,290,345,520,13,139,368,0,0,230,3,63,164,0,0,290,10,76,204,0,0
189839,Cayuga County Community College,2012,"1,000 - 4,999",4314,2241,2073,2937,4314,730,271,1987,1326,0,2241,651,203,1375,12,0,2073,79,68,612,1314,0
189848,Cazenovia College,2012,"Under 1,000",990,884,106,926,990,268,57,655,10,0,884,268,57,559,0,0,106,0,0,96,10,0
189857,Central Yeshiva Tomchei Tmimim Lubavitz,2012,"Under 1,000",703,703,0,703,643,78,319,246,0,60,643,78,319,246,0,60,0,0,0,0,0,0
189954,Cheryl Fells School of Business,2012,"Under 1,000",37,37,0,37,37,16,0,21,0,0,37,16,0,21,0,0,0,0,0,0,0,0
189981,Christ the King Seminary,2012,"Under 1,000",80,15,65,40,0,0,0,0,0,80,0,0,0,0,0,15,0,0,0,0,0,65
189990,CHRISTINE VALMY INTERNATIONAL SCHOOL,2012,,,,,,,,,,,,,,,,,,,,,,,
190008,Circle in the Square Theater School,2012,"Under 1,000",78,78,0,78,78,13,0,65,0,0,78,13,0,65,0,0,0,0,0,0,0,0
190044,Clarkson University,2012,"1,000 - 4,999",3604,3551,53,3571,3072,778,89,2147,58,532,3050,778,88,2137,47,501,22,0,1,10,11,31
190053,Clinton Community College,2012,"1,000 - 4,999",2249,1267,982,1597,2249,444,137,940,728,0,1267,422,107,653,85,0,982,22,30,287,643,0
190071,Cochran School of Nursing,2012,"Under 1,000",93,20,73,49,93,0,18,75,0,0,20,0,0,20,0,0,73,0,18,55,0,0
190080,Colgate Rochester Crozer Divinity School,2012,"Under 1,000",95,64,31,76,0,0,0,0,0,95,0,0,0,0,0,64,0,0,0,0,0,31
190099,Colgate University,2012,"1,000 - 4,999",2886,2860,26,2870,2871,756,9,2085,21,15,2850,756,9,2085,0,10,21,0,0,0,21,5
190114,Metropolitan College of New York,2012,"1,000 - 4,999",1277,1180,97,1218,910,113,168,629,0,367,851,112,160,579,0,329,59,1,8,50,0,38
190150,Columbia University in the City of New York,2012,"20,000 and above",26471,22097,4374,23774,7814,1460,574,5780,0,18657,7236,1431,492,5313,0,14861,578,29,82,467,0,3796
190169,Columbia-Greene Community College,2012,"1,000 - 4,999",2124,1023,1101,1393,2124,409,148,1039,528,0,1023,348,91,582,2,0,1101,61,57,457,526,0
190239,Empire Beauty School-Queens,2012,"Under 1,000",223,166,57,189,223,64,0,159,0,0,166,52,0,114,0,0,57,12,0,45,0,0
190248,Concordia College-New York,2012,"Under 1,000",867,784,83,817,830,162,45,591,32,37,750,162,45,540,3,34,80,0,0,51,29,3
190293,Continental School of Beauty Culture-Buffalo,2012,"Under 1,000",121,67,54,88,121,11,0,110,0,0,67,6,0,61,0,0,54,5,0,49,0,0
190309,Continental School of Beauty Culture-Batavia,2012,"Under 1,000",45,45,0,45,45,6,0,39,0,0,45,6,0,39,0,0,0,0,0,0,0,0
190318,Continental School of Beauty Culture-Rochester,2012,"Under 1,000",404,238,166,304,404,48,0,356,0,0,238,36,0,202,0,0,166,12,0,154,0,0
190372,Cooper Union for the Advancement of Science and Art,2012,"Under 1,000",939,903,36,917,880,181,21,653,25,59,862,181,21,646,14,41,18,0,0,7,11,18
190415,Cornell University,2012,"20,000 and above",21424,21346,78,21376,14261,3217,543,10426,75,7163,14245,3217,543,10410,75,7101,16,0,0,16,0,62
190424,Weill Cornell Medical College,2012,"1,000 - 4,999",1027,989,38,1004,0,0,0,0,0,1027,0,0,0,0,0,989,0,0,0,0,0,38
190442,Corning Community College,2012,"1,000 - 4,999",4966,2294,2672,3191,4966,915,210,2095,1746,0,2294,789,144,1231,130,0,2672,126,66,864,1616,0
190451,Crouse Hospital College of Nursing,2012,"Under 1,000",334,126,208,209,334,46,1,287,0,0,126,28,1,97,0,0,208,18,0,190,0,0
190503,Culinary Institute of America,2012,"1,000 - 4,999",2827,2827,0,2827,2827,534,217,2076,0,0,2827,534,217,2076,0,0,0,0,0,0,0,0
190512,CUNY Bernard M Baruch College,2012,"10,000 - 19,999",17373,11171,6202,13557,13777,1185,1451,10948,193,3596,10365,1171,1131,8061,2,806,3412,14,320,2887,191,2790
190521,CUNY Borough of Manhattan Community College,2012,"20,000 and above",24537,16151,8386,18966,24537,6056,889,17019,573,0,16151,4966,561,10601,23,0,8386,1090,328,6418,550,0
190530,CUNY Bronx Community College,2012,"10,000 - 19,999",11287,6498,4789,8106,11287,1757,949,7892,689,0,6498,1538,666,4287,7,0,4789,219,283,3605,682,0
190549,CUNY Brooklyn College,2012,"10,000 - 19,999",16524,9766,6758,12372,13099,1148,1679,9298,974,3425,9238,1140,1372,6667,59,528,3861,8,307,2631,915,2897
190558,College of Staten Island CUNY,2012,"10,000 - 19,999",14321,10038,4283,11731,13364,2556,1329,9092,387,957,9917,2402,1020,6474,21,121,3447,154,309,2618,366,836
190567,CUNY City College,2012,"10,000 - 19,999",16023,9998,6025,12322,12983,1397,1398,9377,811,3040,9524,1381,1048,6992,103,474,3459,16,350,2385,708,2566
190576,CUNY Graduate School and University Center,2012,"5,000 - 9,999",6812,4660,2152,5478,1247,0,305,772,170,5565,308,0,101,206,1,4352,939,0,204,566,169,1213
190585,CUNY Hostos Community College,2012,"5,000 - 9,999",6455,3567,2888,4537,6455,927,299,4566,663,0,3567,827,219,2497,24,0,2888,100,80,2069,639,0
190594,CUNY Hunter College,2012,"20,000 and above",23005,13341,9664,17035,16708,1971,1906,11912,919,6297,11956,1924,1396,8590,46,1385,4752,47,510,3322,873,4912
190600,CUNY John Jay College of Criminal Justice,2012,"10,000 - 19,999",14996,10659,4337,12348,13167,1908,1621,9305,333,1829,10286,1891,1315,7063,17,373,2881,17,306,2242,316,1456
190619,CUNY Kingsborough Community College,2012,"10,000 - 19,999",18934,10858,8076,13569,18934,2722,1465,10551,4196,0,10858,2519,1170,7081,88,0,8076,203,295,3470,4108,0
190628,CUNY LaGuardia Community College,2012,"10,000 - 19,999",19287,10016,9271,13129,19287,3348,1484,11717,2738,0,10016,2684,973,6208,151,0,9271,664,511,5509,2587,0
190637,CUNY Lehman College,2012,"10,000 - 19,999",11862,5586,6276,8033,9577,551,1259,7043,724,2285,5344,535,807,3981,21,242,4233,16,452,3062,703,2043
190646,CUNY Medgar Evers College,2012,"5,000 - 9,999",6540,4154,2386,5117,6540,1045,571,4603,321,0,4154,988,353,2799,14,0,2386,57,218,1804,307,0
190655,CUNY New York City College of Technology,2012,"10,000 - 19,999",16207,10018,6189,12516,16207,2861,1245,11197,904,0,10018,2747,699,6499,73,0,6189,114,546,4698,831,0
190664,CUNY Queens College,2012,"20,000 and above",20100,11715,8385,14952,16187,1449,2205,11603,930,3913,11300,1427,1582,8270,21,415,4887,22,623,3333,909,3498
190673,CUNY Queensborough Community College,2012,"10,000 - 19,999",15711,9383,6328,11508,15711,3335,734,10023,1619,0,9383,3050,416,5860,57,0,6328,285,318,4163,1562,0
190682,CUNY School of Law at Queens College,2012,"Under 1,000",431,426,5,428,0,0,0,0,0,431,0,0,0,0,0,426,0,0,0,0,0,5
190691,CUNY York College,2012,"5,000 - 9,999",8420,5395,3025,6616,8381,1111,894,5593,783,39,5357,1089,553,3693,22,38,3024,22,341,1900,761,1
190707,CVPH Medical Center School of Radiologic Technology,2012,"Under 1,000",28,28,0,28,28,8,0,20,0,0,28,8,0,20,0,0,0,0,0,0,0,0
190716,D'Youville College,2012,"1,000 - 4,999",3204,2430,774,2730,2139,274,243,1465,157,1065,1700,273,211,1216,0,730,439,1,32,249,157,335
190725,Daemen College,2012,"1,000 - 4,999",2966,2213,753,2506,2200,439,245,1210,306,766,1665,438,184,1043,0,548,535,1,61,167,306,218
190752,Yeshiva of Far Rockaway Derech Ayson Rabbinical Seminary,2012,,,,,,,,,,,,,,,,,,,,,,,
190761,Dominican College of Blauvelt,2012,"1,000 - 4,999",2051,1472,579,1696,1595,293,99,1203,0,456,1357,293,99,965,0,115,238,0,0,238,0,341
190770,Dowling College,2012,"1,000 - 4,999",3706,2190,1516,2777,2540,388,211,1534,407,1166,1794,374,176,1236,8,396,746,14,35,298,399,770
190840,Dutchess Community College,2012,"10,000 - 19,999",10478,5052,5426,6874,10478,2219,376,4976,2907,0,5052,2043,298,2646,65,0,5426,176,78,2330,2842,0
190956,Belanger School of Nursing,2012,"Under 1,000",132,45,87,80,132,3,0,129,0,0,45,1,0,44,0,0,87,2,0,85,0,0
190974,Elmira Business Institute,2012,"Under 1,000",393,304,89,339,393,46,0,347,0,0,304,42,0,262,0,0,89,4,0,85,0,0
190983,Elmira College,2012,"1,000 - 4,999",1530,1204,326,1331,1386,356,42,936,52,144,1199,356,40,752,51,5,187,0,2,184,1,139
191083,Erie Community College,2012,"10,000 - 19,999",13990,9193,4797,10804,13990,2885,959,7840,2306,0,9193,2566,766,5741,120,0,4797,319,193,2099,2186,0
191126,Fashion Institute of Technology,2012,"10,000 - 19,999",10052,7270,2782,8389,9848,1233,999,5780,1836,204,7154,1210,905,4923,116,116,2694,23,94,857,1720,88
191199,Finger Lakes Community College,2012,"5,000 - 9,999",6539,3610,2929,4593,6539,1430,301,2909,1899,0,3610,1316,238,2035,21,0,2929,114,63,874,1878,0
191205,Five Towns College,2012,"Under 1,000",887,800,87,834,841,219,93,526,3,46,785,198,80,507,0,15,56,21,13,19,3,31
191241,Fordham University,2012,"10,000 - 19,999",15170,11961,3209,13194,8325,1882,311,6004,128,6845,7710,1855,251,5585,19,4251,615,27,60,419,109,2594
191287,The International Culinary Center,2012,"Under 1,000",553,249,304,370,553,255,0,298,0,0,249,107,0,142,0,0,304,148,0,156,0,0
191302,Fulton-Montgomery Community College,2012,"1,000 - 4,999",2683,1719,964,2043,2683,770,51,1419,443,0,1719,691,42,973,13,0,964,79,9,446,430,0
191311,Gemological Institute of America-New York,2012,"Under 1,000",173,173,0,173,173,93,0,80,0,0,173,93,0,80,0,0,0,0,0,0,0,0
191320,The General Theological Seminary,2012,"Under 1,000",97,71,26,81,0,0,0,0,0,97,0,0,0,0,0,71,0,0,0,0,0,26
191339,Genesee Community College,2012,"5,000 - 9,999",6965,3469,3496,4643,6965,1210,392,2719,2644,0,3469,1090,274,1856,249,0,3496,120,118,863,2395,0
191409,GLORIA FRANCIS SCHOOL OF MAKEUP ARTISTRY LIMITED,2012,,,,,,,,,,,,,,,,,,,,,,,
191515,Hamilton College,2012,"1,000 - 4,999",1884,1868,16,1874,1884,469,14,1384,17,0,1868,469,14,1383,2,0,16,0,0,1,15,0
191533,Hartwick College,2012,"1,000 - 4,999",1558,1503,55,1525,1558,456,41,1044,17,0,1503,446,40,1017,0,0,55,10,1,27,17,0
191597,Helene Fuld College of Nursing,2012,"Under 1,000",356,168,188,242,356,5,0,349,2,0,168,0,0,168,0,0,188,5,0,181,2,0
191612,Herkimer County Community College,2012,"1,000 - 4,999",3463,2242,1221,2652,3463,878,211,1559,815,0,2242,836,162,1209,35,0,1221,42,49,350,780,0
191621,Hilbert College,2012,"1,000 - 4,999",1075,917,158,979,1033,184,103,708,38,42,878,182,96,600,0,39,155,2,7,108,38,3
191630,Hobart William Smith Colleges,2012,"1,000 - 4,999",2300,2275,25,2285,2292,600,18,1630,44,8,2267,600,18,1626,23,8,25,0,0,4,21,0
191649,Hofstra University,2012,"10,000 - 19,999",11023,9318,1705,9975,6893,1488,450,4895,60,4130,6374,1484,409,4466,15,2944,519,4,41,429,45,1186
191676,Houghton College,2012,"1,000 - 4,999",1165,1096,69,1123,1147,234,74,805,34,18,1086,234,74,776,2,10,61,0,0,29,32,8
191719,Hudson Valley Community College,2012,"10,000 - 19,999",13114,7175,5939,9169,13114,2636,857,5861,3760,0,7175,2413,686,3797,279,0,5939,223,171,2064,3481,0
191728,Hunter Business School,2012,"Under 1,000",888,606,282,718,888,343,0,545,0,0,606,242,0,364,0,0,282,101,0,181,0,0
191764,Institute of Design and Construction,2012,"Under 1,000",127,56,71,84,127,21,9,83,14,0,56,17,5,34,0,0,71,4,4,49,14,0
191834,Institute of Audio Research,2012,"Under 1,000",663,558,105,600,663,200,0,463,0,0,558,181,0,377,0,0,105,19,0,86,0,0
191931,Iona College,2012,"1,000 - 4,999",4241,3188,1053,3596,3462,722,89,2177,474,779,2927,722,89,2113,3,261,535,0,0,64,471,518
191940,Isabella Graham Hart School of Practical Nursing,2012,"Under 1,000",43,32,11,36,43,0,0,43,0,0,32,0,0,32,0,0,11,0,0,11,0,0
191959,Island Drafting and Technical Institute,2012,"Under 1,000",122,122,0,122,122,50,0,72,0,0,122,50,0,72,0,0,0,0,0,0,0,0
191968,Ithaca College,2012,"5,000 - 9,999",6759,6589,170,6655,6281,1580,124,4529,48,478,6159,1580,122,4445,12,430,122,0,2,84,36,48
191986,Jamestown Community College,2012,"5,000 - 9,999",5057,2772,2285,3539,5057,1079,253,2115,1610,0,2772,991,191,1527,63,0,2285,88,62,588,1547,0
192004,Jamestown Business College,2012,"Under 1,000",294,288,6,290,294,70,28,196,0,0,288,70,28,190,0,0,6,0,0,6,0,0
192022,Jefferson Community College,2012,"1,000 - 4,999",3841,2254,1587,2787,3841,911,281,1932,717,0,2254,762,177,1293,22,0,1587,149,104,639,695,0
192040,Jewish Theological Seminary of America,2012,"Under 1,000",562,349,213,432,357,39,62,254,2,205,200,39,32,128,1,149,157,0,30,126,1,56
192110,The Juilliard School,2012,"Under 1,000",967,831,136,884,622,108,18,382,114,345,507,108,18,381,0,324,115,0,0,1,114,21
192156,SBI Campus-An Affiliate of Sanford-Brown,2012,"Under 1,000",340,306,34,319,340,42,48,250,0,0,306,41,47,218,0,0,34,1,1,32,0,0
192165,Kehilath Yakov Rabbinical Seminary,2012,"Under 1,000",112,112,0,112,112,23,0,89,0,0,112,23,0,89,0,0,0,0,0,0,0,0
192192,Keuka College,2012,"1,000 - 4,999",2283,1954,329,2083,2053,230,552,1271,0,230,1753,229,450,1074,0,201,300,1,102,197,0,29
192271,LIM College,2012,"1,000 - 4,999",1552,1434,118,1480,1477,255,166,1046,10,75,1391,253,160,974,4,43,86,2,6,72,6,32
192323,Le Moyne College,2012,"1,000 - 4,999",3339,2494,845,2821,2749,521,185,1843,200,590,2338,521,156,1657,4,156,411,0,29,186,196,434
192439,LIU Brooklyn,2012,"5,000 - 9,999",8567,6367,2200,7216,5109,917,682,3402,108,3458,4307,905,546,2849,7,2060,802,12,136,553,101,1398
192448,LIU Post,2012,"10,000 - 19,999",11012,5219,5793,7479,8315,980,492,2941,3902,2697,3978,959,424,2550,45,1241,4337,21,68,391,3857,1456
192484,Long Island Beauty School-Hempstead,2012,"Under 1,000",100,63,37,78,100,41,0,59,0,0,63,35,0,28,0,0,37,6,0,31,0,0
192509,Long Island Business Institute,2012,"Under 1,000",515,382,133,435,515,115,26,350,24,0,382,109,16,256,1,0,133,6,10,94,23,0
192554,LIU Hudson at Rockland,2012,"Under 1,000",268,102,166,165,0,0,0,0,0,268,0,0,0,0,0,102,0,0,0,0,0,166
192563,LIU Brentwood,2012,"Under 1,000",340,153,187,225,30,0,7,23,0,310,18,0,6,12,0,135,12,0,1,11,0,175
192624,Machzikei Hadath Rabbinical College,2012,"Under 1,000",146,146,0,146,146,24,13,109,0,0,146,24,13,109,0,0,0,0,0,0,0,0
192688,Mandl School-The College of Allied Health,2012,"Under 1,000",900,889,11,893,900,127,193,580,0,0,889,127,193,569,0,0,11,0,0,11,0,0
192703,Manhattan College,2012,"1,000 - 4,999",3800,3331,469,3512,3351,842,171,2338,0,449,3141,842,143,2156,0,190,210,0,28,182,0,259
192712,Manhattan School of Music,2012,"Under 1,000",933,927,6,929,391,86,16,289,0,542,386,86,16,284,0,541,5,0,0,5,0,1
192749,Manhattanville College,2012,"1,000 - 4,999",2948,1977,971,2349,1750,533,66,1102,49,1198,1652,529,66,1057,0,325,98,4,0,45,49,873
192785,Maria College of Albany,2012,"Under 1,000",903,198,705,475,903,39,254,591,19,0,198,26,62,110,0,0,705,13,192,481,19,0
192800,Marion S Whelan School of Nursing of Geneva General Hospital,2012,"Under 1,000",31,16,15,22,31,0,0,31,0,0,16,0,0,16,0,0,15,0,0,15,0,0
192819,Marist College,2012,"5,000 - 9,999",6377,4970,1407,5516,5560,1098,188,3851,423,817,4768,1098,187,3475,8,202,792,0,1,376,415,615
192828,MarJon School of Beauty ltd-Tonawanda,2012,"Under 1,000",43,28,15,34,43,23,0,20,0,0,28,15,0,13,0,0,15,8,0,7,0,0
192864,Marymount Manhattan College,2012,"1,000 - 4,999",1936,1683,253,1782,1936,485,149,1250,52,0,1683,461,141,1071,10,0,253,24,8,179,42,0
192925,Medaille College,2012,"1,000 - 4,999",2587,2307,280,2416,1803,400,180,1218,5,784,1618,395,169,1054,0,689,185,5,11,164,5,95
192961,Memorial School of Nursing,2012,"Under 1,000",113,14,99,53,113,3,28,82,0,0,14,3,1,10,0,0,99,0,27,72,0,0
192970,Memorial Hospital School of Radiation Therapy Technology,2012,"Under 1,000",13,13,0,13,13,0,0,13,0,0,13,0,0,13,0,0,0,0,0,0,0,0
193016,Mercy College,2012,"10,000 - 19,999",11454,6854,4600,8639,8029,833,1112,5025,1059,3425,5505,807,903,3715,80,1349,2524,26,209,1310,979,2076
193052,Mesivta Torah Vodaath Rabbinical Seminary,2012,"Under 1,000",225,222,3,223,142,14,31,97,0,83,141,14,31,96,0,81,1,0,0,1,0,2
193061,Mesivta of Eastern Parkway-Yeshiva Zichron Meilech,2012,"Under 1,000",38,38,0,38,34,6,6,22,0,4,34,6,6,22,0,4,0,0,0,0,0,0
193070,Mesivtha Tifereth Jerusalem of America,2012,"Under 1,000",93,93,0,93,65,18,0,47,0,28,65,18,0,47,0,28,0,0,0,0,0,0
193122,Southern Westchester BOCES-Practical Nursing Program,2012,"Under 1,000",211,71,140,118,211,13,0,198,0,0,71,7,0,64,0,0,140,6,0,134,0,0
193186,Midway Paris Beauty School,2012,"Under 1,000",94,33,61,57,94,26,0,68,0,0,33,12,0,21,0,0,61,14,0,47,0,0
193201,Mildred Elley School-Albany Campus,2012,"Under 1,000",826,806,20,814,826,149,59,617,1,0,806,149,59,598,0,0,20,0,0,19,1,0
193247,Mirrer Yeshiva Cent Institute,2012,"Under 1,000",245,245,0,245,172,42,9,121,0,73,172,42,9,121,0,73,0,0,0,0,0,0
193265,Modern Welding School,2012,"Under 1,000",99,71,28,82,99,63,0,36,0,0,71,46,0,25,0,0,28,17,0,11,0,0
193283,Mohawk Valley Community College,2012,"5,000 - 9,999",7451,4601,2850,5558,7451,1636,385,3828,1602,0,4601,1521,294,2722,64,0,2850,115,91,1106,1538,0
193292,Molloy College,2012,"1,000 - 4,999",4482,2826,1656,3467,3444,455,389,2527,73,1038,2642,449,283,1897,13,184,802,6,106,630,60,854
193308,Monroe College,2012,"5,000 - 9,999",6997,5547,1450,6114,6621,1351,2325,2794,151,376,5375,1316,1788,2268,3,172,1246,35,537,526,148,204
193326,Monroe Community College,2012,"10,000 - 19,999",17296,10554,6742,12818,17296,4089,979,10732,1496,0,10554,3500,686,6353,15,0,6742,589,293,4379,1481,0
193353,Mount Saint Mary College,2012,"1,000 - 4,999",2581,1919,662,2176,2286,442,194,1625,25,295,1863,441,125,1295,2,56,423,1,69,330,23,239
193399,College of Mount Saint Vincent,2012,"1,000 - 4,999",1951,1481,470,1663,1717,486,54,1119,58,234,1459,486,47,926,0,22,258,0,7,193,58,212
193405,Icahn School of Medicine at Mount Sinai,2012,"1,000 - 4,999",1064,1064,0,1064,0,0,0,0,0,1064,0,0,0,0,0,1064,0,0,0,0,0,0
193478,Nassau Community College,2012,"20,000 and above",23340,14560,8780,17508,23340,4950,1583,14871,1936,0,14560,4217,1124,8698,521,0,8780,733,459,6173,1415,0
193584,Nazareth College,2012,"1,000 - 4,999",2910,2365,545,2575,2095,472,158,1427,38,815,1962,472,156,1321,13,403,133,0,2,106,25,412
193609,Neighborhood Playhouse School of the Theater,2012,"Under 1,000",58,58,0,58,58,31,0,27,0,0,58,31,0,27,0,0,0,0,0,0,0,0
193645,The College of New Rochelle,2012,"1,000 - 4,999",4131,2893,1238,3372,3301,558,325,2403,15,830,2769,543,232,1994,0,124,532,15,93,409,15,706
193654,The New School,2012,"10,000 - 19,999",10575,8368,2207,9223,7010,1096,857,4822,235,3565,5877,1086,740,4051,0,2491,1133,10,117,771,235,1074
193672,New School of Radio and Television,2012,"Under 1,000",108,108,0,108,108,20,0,88,0,0,108,20,0,88,0,0,0,0,0,0,0,0
193751,New York Chiropractic College,2012,"Under 1,000",918,706,212,787,0,0,0,0,0,918,0,0,0,0,0,706,0,0,0,0,0,212
193760,Star Career Academy-New York,2012,"Under 1,000",923,703,220,790,923,239,0,684,0,0,703,179,0,524,0,0,220,60,0,160,0,0
193821,New York Law School,2012,"1,000 - 4,999",1642,1162,480,1345,0,0,0,0,0,1642,0,0,0,0,0,1162,0,0,0,0,0,480
193830,New York Medical College,2012,"1,000 - 4,999",1483,1160,323,1283,0,0,0,0,0,1483,0,0,0,0,0,1160,0,0,0,0,0,323
193858,New York School for Medical and Dental Assistants,2012,"Under 1,000",252,252,0,252,252,148,0,104,0,0,252,148,0,104,0,0,0,0,0,0,0,0
193894,New York Theological Seminary,2012,"Under 1,000",392,223,169,288,0,0,0,0,0,392,0,0,0,0,0,223,0,0,0,0,0,169
193900,New York University,2012,"20,000 and above",44516,34964,9552,38627,22498,5140,806,16134,418,22018,21247,5124,662,15164,297,13717,1251,16,144,970,121,8301
193946,Niagara County Community College,2012,"5,000 - 9,999",6735,4207,2528,5056,6735,1450,440,3445,1400,0,4207,1346,340,2476,45,0,2528,104,100,969,1355,0
193973,Niagara University,2012,"1,000 - 4,999",4045,3354,691,3622,3175,641,218,2279,37,870,2810,641,203,1955,11,544,365,0,15,324,26,326
193991,Empire Beauty School-Peekskill,2012,"Under 1,000",49,49,0,49,49,22,0,27,0,0,49,22,0,27,0,0,0,0,0,0,0,0
194028,North Country Community College,2012,"1,000 - 4,999",2327,1023,1304,1461,2327,331,133,684,1179,0,1023,307,103,525,88,0,1304,24,30,159,1091,0
194073,New York College of Podiatric Medicine,2012,"Under 1,000",373,369,4,371,0,0,0,0,0,373,0,0,0,0,0,369,0,0,0,0,0,4
194091,New York Institute of Technology,2012,"5,000 - 9,999",7883,6228,1655,6869,4796,898,471,3208,219,3087,4017,850,395,2687,85,2211,779,48,76,521,134,876
194116,New York School of Interior Design,2012,"Under 1,000",647,314,333,445,494,23,61,338,72,153,164,16,18,130,0,150,330,7,43,208,72,3
194161,Nyack College,2012,"1,000 - 4,999",3318,2211,1107,2638,2040,297,231,1465,47,1278,1693,287,199,1205,2,518,347,10,32,260,45,760
194189,Ohr Hameir Theological Seminary,2012,"Under 1,000",90,90,0,90,90,4,1,85,0,0,90,4,1,85,0,0,0,0,0,0,0,0
194222,Onondaga Community College,2012,"10,000 - 19,999",13018,6719,6299,8834,13018,2418,580,5886,4134,0,6719,2188,438,3950,143,0,6299,230,142,1936,3991,0
194240,Orange County Community College,2012,"5,000 - 9,999",7257,3462,3795,4736,7257,1477,344,3774,1662,0,3462,1210,203,1950,99,0,3795,267,141,1824,1563,0
194259,Otsego Area BOCES-Practical Nursing Program,2012,"Under 1,000",43,43,0,43,43,25,0,18,0,0,43,25,0,18,0,0,0,0,0,0,0,0
194310,Pace University-New York,2012,"10,000 - 19,999",12772,8766,4006,10310,8336,1848,587,5432,469,4436,7107,1812,491,4766,38,1659,1229,36,96,666,431,2777
194392,Paul Smiths College of Arts and Science,2012,"1,000 - 4,999",1068,1053,15,1059,1068,286,74,705,3,0,1053,286,74,693,0,0,15,0,0,12,3,0
194435,Continental School of Beauty Culture-West Seneca,2012,"Under 1,000",122,68,54,89,122,9,0,113,0,0,68,6,0,62,0,0,54,3,0,51,0,0
194499,Plaza College,2012,"Under 1,000",766,766,0,766,766,238,102,426,0,0,766,238,102,426,0,0,0,0,0,0,0,0
194569,Davis College,2012,"Under 1,000",350,192,158,254,350,51,36,129,134,0,192,41,33,114,4,0,158,10,3,15,130,0
194578,Pratt Institute-Main,2012,"1,000 - 4,999",4881,4545,336,4675,3266,721,175,2311,59,1615,3148,720,174,2198,56,1397,118,1,1,113,3,218
194657,Rabbinical Academy Mesivta Rabbi Chaim Berlin,2012,"Under 1,000",250,250,0,250,143,36,22,85,0,107,143,36,22,85,0,107,0,0,0,0,0,0
194666,Rabbinical College Bobover Yeshiva Bnei Zion,2012,"Under 1,000",318,318,0,318,267,43,17,207,0,51,267,43,17,207,0,51,0,0,0,0,0,0
194675,Rabbinical College of Ch'san Sofer New York,2012,"Under 1,000",46,46,0,46,30,1,0,29,0,16,30,1,0,29,0,16,0,0,0,0,0,0
194693,Rabbinical College Beth Shraga,2012,"Under 1,000",44,44,0,44,44,15,1,28,0,0,44,15,1,28,0,0,0,0,0,0,0,0
194736,Rabbinical College of Long Island,2012,"Under 1,000",93,93,0,93,93,0,3,90,0,0,93,0,3,90,0,0,0,0,0,0,0,0
194763,Rabbinical Seminary of America,2012,"Under 1,000",476,476,0,476,257,91,0,166,0,219,257,91,0,166,0,219,0,0,0,0,0,0
194824,Rensselaer Polytechnic Institute,2012,"5,000 - 9,999",6658,6538,120,6584,5391,1326,139,3835,91,1267,5371,1326,138,3834,73,1167,20,0,1,1,18,100
194879,Ridley-Lowell Business & Technical Institute-Binghamton,2012,"Under 1,000",234,160,74,189,234,33,0,201,0,0,160,25,0,135,0,0,74,8,0,66,0,0
194958,Roberts Wesleyan College,2012,"1,000 - 4,999",1752,1527,225,1615,1323,213,98,964,48,429,1177,210,86,881,0,350,146,3,12,83,48,79
194967,Everest Institute-Rochester,2012,"Under 1,000",724,374,350,513,724,62,37,625,0,0,374,34,17,323,0,0,350,28,20,302,0,0
195003,Rochester Institute of Technology,2012,"10,000 - 19,999",16357,14300,2057,15100,13711,2736,607,9608,760,2646,12393,2723,572,9078,20,1907,1318,13,35,530,740,739
195030,University of Rochester,2012,"10,000 - 19,999",10510,8784,1726,9446,5785,1343,132,4131,179,4725,5512,1343,132,4006,31,3272,273,0,0,125,148,1453
195049,Rockefeller University,2012,"Under 1,000",192,192,0,192,0,0,0,0,0,192,0,0,0,0,0,192,0,0,0,0,0,0
195058,Rockland Community College,2012,"5,000 - 9,999",8076,4700,3376,5833,8076,1574,483,4777,1242,0,4700,1484,346,2852,18,0,3376,90,137,1925,1224,0
195067,Empire Beauty School-Manhattan,2012,"Under 1,000",731,501,230,592,731,234,0,497,0,0,501,171,0,330,0,0,230,63,0,167,0,0
195128,The Sage Colleges,2012,"1,000 - 4,999",2965,1945,1020,2338,1741,285,260,1141,55,1224,1461,282,208,964,7,484,280,3,52,177,48,740
195155,St Bernard's School of Theology and Ministry,2012,"Under 1,000",95,5,90,39,0,0,0,0,0,95,0,0,0,0,0,5,0,0,0,0,0,90
195164,St Bonaventure University,2012,"1,000 - 4,999",2329,2127,202,2205,1908,486,85,1287,50,421,1839,486,84,1257,12,288,69,0,1,30,38,133
195173,St Francis College,2012,"1,000 - 4,999",2900,2578,322,2704,2834,695,208,1888,43,66,2542,691,183,1665,3,36,292,4,25,223,40,30
195191,St Joseph's College of Nursing at St Joseph's Hospital Health Center,2012,"Under 1,000",294,135,159,198,294,7,96,191,0,0,135,7,47,81,0,0,159,0,49,110,0,0
195216,St Lawrence University,2012,"1,000 - 4,999",2488,2390,98,2428,2398,642,18,1714,24,90,2374,642,17,1711,4,16,24,0,1,3,20,74
195234,The College of Saint Rose,2012,"1,000 - 4,999",4698,3471,1227,3942,2881,590,248,1997,46,1817,2721,590,236,1895,0,750,160,0,12,102,46,1067
195243,St Thomas Aquinas College,2012,"1,000 - 4,999",1957,1296,661,1555,1796,270,115,908,503,161,1243,270,104,867,2,53,553,0,11,41,501,108
195289,Samaritan Hospital School of Nursing,2012,"Under 1,000",148,24,124,73,148,3,56,89,0,0,24,3,6,15,0,0,124,0,50,74,0,0
195304,Sarah Lawrence College,2012,"1,000 - 4,999",1736,1632,104,1672,1420,344,56,942,78,316,1374,344,56,918,56,258,46,0,0,24,22,58
195322,Schenectady County Community College,2012,"5,000 - 9,999",6671,2730,3941,4053,6671,982,450,2488,2751,0,2730,840,337,1484,69,0,3941,142,113,1004,2682,0
195438,Sh'or Yoshuv Rabbinical College,2012,"Under 1,000",180,180,0,180,157,10,7,140,0,23,157,10,7,140,0,23,0,0,0,0,0,0
195474,Siena College,2012,"1,000 - 4,999",3255,3098,157,3160,3201,735,150,2263,53,54,3048,735,140,2160,13,50,153,0,10,103,40,4
195526,Skidmore College,2012,"1,000 - 4,999",2689,2621,68,2647,2660,647,26,1958,29,29,2621,647,26,1941,7,0,39,0,0,17,22,29
195544,Saint Joseph's College-New York,2012,"5,000 - 9,999",5616,3898,1718,4565,4821,589,564,3558,110,795,3817,577,420,2799,21,81,1004,12,144,759,89,714
195580,Saint Vladimirs Orthodox Theological Seminary,2012,"Under 1,000",55,46,9,49,0,0,0,0,0,55,0,0,0,0,0,46,0,0,0,0,0,9
195702,Saint Elizabeth Medical Center School of Radiography,2012,"Under 1,000",25,25,0,25,25,0,0,25,0,0,25,0,0,25,0,0,0,0,0,0,0,0
195720,Saint John Fisher College,2012,"1,000 - 4,999",4008,3375,633,3619,2960,578,299,2060,23,1048,2753,578,269,1906,0,622,207,0,30,154,23,426
195784,St Paul's School of Nursing-Staten Island,2012,"Under 1,000",747,577,170,644,747,77,118,552,0,0,577,77,84,416,0,0,170,0,34,136,0,0
195793,St James Mercy Hospital School of Radiologic Science,2012,"Under 1,000",31,31,0,31,31,1,0,30,0,0,31,1,0,30,0,0,0,0,0,0,0,0
195809,St John's University-New York,2012,"20,000 and above",21087,13923,7164,16713,15840,2792,524,7875,4649,5247,10956,2786,506,7552,112,2967,4884,6,18,323,4537,2280
195845,New York Career Institute,2012,"Under 1,000",723,337,386,490,723,47,105,541,30,0,337,36,47,253,1,0,386,11,58,288,29,0
195933,Branford Hall Career Institute-Bohemia Campus,2012,"Under 1,000",892,599,293,715,892,886,0,6,0,0,599,594,0,5,0,0,293,292,0,1,0,0
195988,Sullivan County Community College,2012,"1,000 - 4,999",1615,1040,575,1233,1615,394,87,779,355,0,1040,375,67,556,42,0,575,19,20,223,313,0
196006,SUNY College of Technology at Alfred,2012,"1,000 - 4,999",3528,3212,316,3340,3528,1109,240,2112,67,0,3212,1097,198,1915,2,0,316,12,42,197,65,0
196015,SUNY College of Technology at Canton,2012,"1,000 - 4,999",3780,3087,693,3367,3780,1003,340,2285,152,0,3087,989,272,1826,0,0,693,14,68,459,152,0
196024,SUNY College of Technology at Delhi,2012,"1,000 - 4,999",3151,2605,546,2825,3151,922,306,1888,35,0,2605,919,208,1478,0,0,546,3,98,410,35,0
196033,SUNY College of Agriculture and Technology at Cobleskill,2012,"1,000 - 4,999",2492,2332,160,2397,2492,754,212,1483,43,0,2332,751,189,1385,7,0,160,3,23,98,36,0
196042,Farmingdale State College,2012,"5,000 - 9,999",7889,5787,2102,6635,7889,1190,1102,4965,632,0,5787,1162,846,3649,130,0,2102,28,256,1316,502,0
196051,Morrisville State College,2012,"1,000 - 4,999",3095,2708,387,2864,3095,905,224,1775,191,0,2708,885,203,1620,0,0,387,20,21,155,191,0
196060,SUNY at Albany,2012,"10,000 - 19,999",17312,14243,3069,15387,12878,2568,1383,8684,243,4434,12064,2562,1288,8151,63,2179,814,6,95,533,180,2255
196079,SUNY at Binghamton,2012,"10,000 - 19,999",15308,13586,1722,14228,12356,2664,1158,8474,60,2952,11904,2569,1135,8173,27,1682,452,95,23,301,33,1270
196088,University at Buffalo,2012,"20,000 and above",28952,24033,4919,25885,19514,3647,1917,13530,420,9438,17763,3611,1750,12212,190,6270,1751,36,167,1318,230,3168
196097,Stony Brook University,2012,"20,000 and above",23946,19803,4143,21355,15837,2676,1538,11404,219,8109,14566,2674,1363,10400,129,5237,1271,2,175,1004,90,2872
196103,SUNY College of Environmental Science and Forestry,2012,"1,000 - 4,999",2255,1984,271,2084,1704,324,191,1182,7,551,1661,324,190,1147,0,323,43,0,1,35,7,228
196112,SUNY Institute of Technology at Utica-Rome,2012,"1,000 - 4,999",2377,1443,934,1798,1693,198,299,1058,138,684,1272,198,247,810,17,171,421,0,52,248,121,513
196121,SUNY College at Brockport,2012,"5,000 - 9,999",8271,6811,1460,7368,7133,1085,971,4989,88,1138,6444,1083,900,4461,0,367,689,2,71,528,88,771
196130,Buffalo State SUNY,2012,"10,000 - 19,999",11781,9122,2659,10132,9747,1339,1212,7010,186,2034,8606,1329,1121,6133,23,516,1141,10,91,877,163,1518
196149,SUNY College at Cortland,2012,"5,000 - 9,999",7098,6478,620,6707,6345,1210,601,4517,17,753,6228,1210,596,4418,4,250,117,0,5,99,13,503
196158,SUNY at Fredonia,2012,"5,000 - 9,999",5521,5249,272,5354,5231,1004,438,3729,60,290,5074,1003,428,3638,5,175,157,1,10,91,55,115
196167,SUNY College at Geneseo,2012,"5,000 - 9,999",5557,5348,209,5428,5388,997,380,3962,49,169,5277,995,375,3868,39,71,111,2,5,94,10,98
196176,State University of New York at New Paltz,2012,"5,000 - 9,999",7655,6589,1066,6995,6573,1119,646,4674,134,1082,6091,1119,605,4357,10,498,482,0,41,317,124,584
196185,SUNY Oneonta,2012,"5,000 - 9,999",6041,5825,216,5908,5837,1144,467,4193,33,204,5709,1144,463,4092,10,116,128,0,4,101,23,88
196194,SUNY College at Oswego,2012,"5,000 - 9,999",7921,7146,775,7440,7151,1271,762,5081,37,770,6815,1270,742,4801,2,331,336,1,20,280,35,439
196200,SUNY College at Potsdam,2012,"1,000 - 4,999",4224,3992,232,4080,3868,888,278,2684,18,356,3762,883,272,2607,0,230,106,5,6,77,18,126
196219,SUNY at Purchase College,2012,"1,000 - 4,999",4240,3822,418,3990,4128,694,510,2696,228,112,3721,693,472,2495,61,101,407,1,38,201,167,11
196228,SUNY College of Optometry,2012,"Under 1,000",336,334,2,335,0,0,0,0,0,336,0,0,0,0,0,334,0,0,0,0,0,2
196237,SUNY College at Old Westbury,2012,"1,000 - 4,999",4422,3715,707,3996,4217,396,701,2980,140,205,3609,393,630,2546,40,106,608,3,71,434,100,99
196246,SUNY College at Plattsburgh,2012,"5,000 - 9,999",6167,5614,553,5830,5706,970,668,3985,83,461,5318,967,610,3724,17,296,388,3,58,261,66,165
196255,SUNY Downstate Medical Center,2012,"1,000 - 4,999",1799,1284,515,1476,352,0,201,134,17,1447,213,0,152,61,0,1071,139,0,49,73,17,376
196264,SUNY Empire State College,2012,"10,000 - 19,999",12028,4428,7600,7460,11118,433,1441,8161,1083,910,4341,158,830,3278,75,87,6777,275,611,4883,1008,823
196291,SUNY Maritime College,2012,"1,000 - 4,999",1761,1607,154,1667,1614,329,79,1170,36,147,1519,329,77,1113,0,88,95,0,2,57,36,59
196307,Upstate Medical University,2012,"1,000 - 4,999",1635,1269,366,1405,302,0,126,169,7,1333,211,0,112,99,0,1058,91,0,14,70,7,275
196389,Swedish Institute a College of Health Sciences,2012,"Under 1,000",426,282,144,339,426,105,0,321,0,0,282,68,0,214,0,0,144,37,0,107,0,0
196413,Syracuse University,2012,"20,000 and above",21029,18803,2226,19660,14798,3392,370,10667,369,6231,14169,3382,340,10203,244,4634,629,10,30,464,125,1597
196431,Talmudical Seminary Oholei Torah,2012,"Under 1,000",353,353,0,353,353,71,174,108,0,0,353,71,174,108,0,0,0,0,0,0,0,0
196440,Talmudical Institute of Upstate New York,2012,"Under 1,000",25,24,1,24,17,4,0,13,0,8,17,4,0,13,0,7,0,0,0,0,0,1
196468,Teachers College at Columbia University,2012,"5,000 - 9,999",5236,3201,2035,3978,0,0,0,0,0,5236,0,0,0,0,0,3201,0,0,0,0,0,2035
196477,Technical Career Institutes,2012,"1,000 - 4,999",3603,3152,451,3331,3603,538,287,2776,2,0,3152,533,277,2341,1,0,451,5,10,435,1,0
196565,Tompkins Cortland Community College,2012,"5,000 - 9,999",5450,2686,2764,3614,5450,1006,294,1919,2231,0,2686,952,211,1415,108,0,2764,54,83,504,2123,0
196583,Torah Temimah Talmudical Seminary,2012,"Under 1,000",191,191,0,191,191,52,8,131,0,0,191,52,8,131,0,0,0,0,0,0,0,0
196592,Touro College,2012,"10,000 - 19,999",13909,8269,5640,10440,7216,869,653,5694,0,6693,5730,826,578,4326,0,2539,1486,43,75,1368,0,4154
196653,Trocaire College,2012,"1,000 - 4,999",1523,690,833,1017,1523,154,345,907,117,0,690,125,178,387,0,0,833,29,167,520,117,0
196680,Excelsior College,2012,"20,000 and above",39728,0,39728,15586,37707,0,6593,31114,0,2021,0,0,0,0,0,0,37707,0,6593,31114,0,2021
196699,Ulster County Community College,2012,"1,000 - 4,999",3681,1567,2114,2277,3681,656,146,1430,1449,0,1567,561,94,841,71,0,2114,95,52,589,1378,0
196857,Sanford-Brown Institute-New York,2012,"1,000 - 4,999",1639,1639,0,1639,1639,204,0,1435,0,0,1639,204,0,1435,0,0,0,0,0,0,0,0
196866,Union College,2012,"1,000 - 4,999",2241,2209,32,2222,2241,591,20,1581,49,0,2209,591,20,1572,26,0,32,0,0,9,23,0
196884,Union Theological Seminary in the City of New York,2012,"Under 1,000",250,189,61,212,0,0,0,0,0,250,0,0,0,0,0,189,0,0,0,0,0,61
197018,United Talmudical Seminary,2012,"1,000 - 4,999",1825,1825,0,1825,1589,434,21,1134,0,236,1589,434,21,1134,0,236,0,0,0,0,0,0
197027,United States Merchant Marine Academy,2012,"1,000 - 4,999",1012,987,25,996,987,225,32,730,0,25,987,225,32,730,0,0,0,0,0,0,0,25
197036,United States Military Academy,2012,"1,000 - 4,999",4592,4592,0,4592,4592,1164,0,3428,0,0,4592,1164,0,3428,0,0,0,0,0,0,0,0
197045,Utica College,2012,"1,000 - 4,999",3815,2328,1487,2903,2767,506,313,1869,79,1048,2125,506,185,1421,13,203,642,0,128,448,66,845
197081,Utica School of Commerce,2012,"Under 1,000",355,267,88,302,355,54,57,244,0,0,267,50,57,160,0,0,88,4,0,84,0,0
197133,Vassar College,2012,"1,000 - 4,999",2406,2370,36,2384,2406,658,9,1703,36,0,2370,657,9,1688,16,0,36,1,0,15,20,0
197142,Villa Maria College,2012,"Under 1,000",411,319,92,355,411,75,45,288,3,0,319,70,31,218,0,0,92,5,14,70,3,0
197151,School of Visual Arts,2012,"1,000 - 4,999",4323,3980,343,4114,3672,617,324,2552,179,651,3408,615,320,2418,55,572,264,2,4,134,124,79
197197,Wagner College,2012,"1,000 - 4,999",2221,1959,262,2060,1828,426,96,1301,5,393,1747,426,80,1238,3,212,81,0,16,63,2,181
197221,Webb Institute,2012,"Under 1,000",79,79,0,79,79,22,2,55,0,0,79,22,2,55,0,0,0,0,0,0,0,0
197230,Wells College,2012,"Under 1,000",532,523,9,527,532,197,23,304,8,0,523,197,22,300,4,0,9,0,1,4,4,0
197285,The College of Westchester,2012,"1,000 - 4,999",1127,885,242,980,1127,269,142,625,91,0,885,266,130,488,1,0,242,3,12,137,90,0
197294,SUNY Westchester Community College,2012,"10,000 - 19,999",13997,7618,6379,9760,13997,2715,997,8578,1707,0,7618,2231,629,4548,210,0,6379,484,368,4030,1497,0
197337,Westchester School of Beauty Culture,2012,"Under 1,000",123,73,50,93,123,17,0,106,0,0,73,13,0,60,0,0,50,4,0,46,0,0
197522,Wood Tobe-Coburn School,2012,"Under 1,000",523,523,0,523,523,179,111,233,0,0,523,179,111,233,0,0,0,0,0,0,0,0
197531,Word of Life Bible Institute,2012,"Under 1,000",540,540,0,540,540,401,0,139,0,0,540,401,0,139,0,0,0,0,0,0,0,0
197601,Yeshiva Karlin Stolin,2012,"Under 1,000",112,112,0,112,112,30,2,80,0,0,112,30,2,80,0,0,0,0,0,0,0,0
197610,Yeshivat Mikdash Melech,2012,"Under 1,000",157,157,0,157,144,78,2,64,0,13,144,78,2,64,0,13,0,0,0,0,0,0
197647,Yeshiva Derech Chaim,2012,"Under 1,000",155,142,13,147,94,21,14,59,0,61,94,21,14,59,0,48,0,0,0,0,0,13
197674,Yeshiva of Nitra Rabbinical College,2012,"Under 1,000",253,253,0,253,233,83,3,147,0,20,233,83,3,147,0,20,0,0,0,0,0,0
197692,Yeshiva Shaar Hatorah,2012,"Under 1,000",96,96,0,96,77,29,0,48,0,19,77,29,0,48,0,19,0,0,0,0,0,0
197708,Yeshiva University,2012,"5,000 - 9,999",6740,5675,1065,6083,2862,916,21,1925,0,3878,2759,906,19,1834,0,2916,103,10,2,91,0,962
197735,Yeshivath Viznitz,2012,"Under 1,000",547,547,0,547,427,90,0,337,0,120,427,90,0,337,0,120,0,0,0,0,0,0
197744,Yeshivath Zichron Moshe,2012,"Under 1,000",197,197,0,197,163,17,34,112,0,34,163,17,34,112,0,34,0,0,0,0,0,0
197814,College of the Albemarle,2012,"1,000 - 4,999",2605,1079,1526,1591,2605,497,436,1192,480,0,1079,308,186,545,40,0,1526,189,250,647,440,0
197832,The Art Institute of Charlotte,2012,"1,000 - 4,999",1308,718,590,950,1308,367,200,741,0,0,718,191,99,428,0,0,590,176,101,313,0,0
197850,South Piedmont Community College,2012,"1,000 - 4,999",2591,781,1810,1389,2591,358,131,1676,426,0,781,165,62,519,35,0,1810,193,69,1157,391,0
197869,Appalachian State University,2012,"10,000 - 19,999",17589,15665,1924,16398,15712,3028,1153,11346,185,1877,14837,3026,974,10747,90,828,875,2,179,599,95,1049
197887,Asheville-Buncombe Technical Community College,2012,"5,000 - 9,999",8078,3195,4883,4834,8078,1163,1761,3352,1802,0,3195,624,770,1613,188,0,4883,539,991,1739,1614,0
197911,Barton College,2012,"1,000 - 4,999",1126,956,170,1023,1114,202,107,789,16,12,956,201,93,662,0,0,158,1,14,127,16,12
197966,Beaufort County Community College,2012,"1,000 - 4,999",1964,894,1070,1253,1964,144,367,1191,262,0,894,115,177,553,49,0,1070,29,190,638,213,0
197984,Belmont Abbey College,2012,"1,000 - 4,999",1706,1590,116,1636,1706,303,192,1200,11,0,1590,300,170,1116,4,0,116,3,22,84,7,0
197993,Bennett College,2012,"Under 1,000",707,646,61,670,707,215,18,418,56,0,646,215,18,413,0,0,61,0,0,5,56,0
198011,Bladen Community College,2012,"1,000 - 4,999",1393,674,719,915,1393,213,358,680,142,0,674,142,167,358,7,0,719,71,191,322,135,0
198039,Blue Ridge Community College,2012,"1,000 - 4,999",2412,782,1630,1329,2412,373,118,1516,405,0,782,168,55,515,44,0,1630,205,63,1001,361,0
198066,Brevard College,2012,"Under 1,000",633,621,12,626,633,220,43,365,5,0,621,219,43,358,1,0,12,1,0,7,4,0
198075,Brookstone College-Charlotte,2012,"Under 1,000",123,123,0,123,123,34,0,89,0,0,123,34,0,89,0,0,0,0,0,0,0,0
198084,Brunswick Community College,2012,"1,000 - 4,999",1471,697,774,957,1471,456,282,380,353,0,697,282,122,214,79,0,774,174,160,166,274,0
198109,Cabarrus College of Health Sciences,2012,"Under 1,000",499,193,306,313,499,34,123,335,7,0,193,32,41,120,0,0,306,2,82,215,7,0
198118,Caldwell Community College and Technical Institute,2012,"1,000 - 4,999",4476,1729,2747,2651,4476,833,1068,1905,670,0,1729,457,412,772,88,0,2747,376,656,1133,582,0
198136,Campbell University,2012,"5,000 - 9,999",6189,4634,1555,5241,4589,824,684,3081,0,1600,3374,821,285,2268,0,1260,1215,3,399,813,0,340
198154,Cape Fear Community College,2012,"5,000 - 9,999",9154,4572,4582,6110,9154,1451,801,6489,413,0,4572,1036,490,2945,101,0,4582,415,311,3544,312,0
198190,Carolina School of Broadcasting,2012,"Under 1,000",63,40,23,49,63,24,0,39,0,0,40,18,0,22,0,0,23,6,0,17,0,0
198206,Carteret Community College,2012,"1,000 - 4,999",1681,741,940,1057,1681,299,514,716,152,0,741,201,212,314,14,0,940,98,302,402,138,0
198215,Catawba College,2012,"1,000 - 4,999",1337,1237,100,1276,1323,296,137,864,26,14,1237,296,117,815,9,0,86,0,20,49,17,14
198233,Catawba Valley Community College,2012,"1,000 - 4,999",4786,1721,3065,2750,4786,610,1195,2177,804,0,1721,334,370,879,138,0,3065,276,825,1298,666,0
198242,South College-Asheville,2012,"Under 1,000",249,218,31,230,249,21,56,172,0,0,218,19,46,153,0,0,31,2,10,19,0,0
198251,Central Carolina Community College,2012,"1,000 - 4,999",4900,2138,2762,3065,4900,762,813,2275,1050,0,2138,504,374,1060,200,0,2762,258,439,1215,850,0
198260,Central Piedmont Community College,2012,"10,000 - 19,999",19498,7121,12377,11276,19498,2508,724,14789,1477,0,7121,1157,251,5444,269,0,12377,1351,473,9345,1208,0
198303,Chowan University,2012,"1,000 - 4,999",1316,1239,77,1269,1308,523,76,709,0,8,1239,514,66,659,0,0,69,9,10,50,0,8
198321,Cleveland Community College,2012,"1,000 - 4,999",3398,1736,1662,2294,3398,464,391,2361,182,0,1736,333,180,1216,7,0,1662,131,211,1145,175,0
198330,Coastal Carolina Community College,2012,"1,000 - 4,999",4556,2251,2305,3025,4556,829,688,2797,242,0,2251,479,378,1381,13,0,2305,350,310,1416,229,0
198367,Craven Community College,2012,"1,000 - 4,999",3278,1253,2025,1933,3278,561,199,2335,183,0,1253,238,68,930,17,0,2025,323,131,1405,166,0
198376,Davidson County Community College,2012,"1,000 - 4,999",4100,1973,2127,2687,4100,712,266,2643,479,0,1973,458,152,1269,94,0,2127,254,114,1374,385,0
198385,Davidson College,2012,"1,000 - 4,999",1790,1790,0,1790,1790,490,8,1287,5,0,1790,490,8,1287,5,0,0,0,0,0,0,0
198419,Duke University,2012,"10,000 - 19,999",15386,14924,462,15101,6655,1714,16,4763,162,8731,6631,1714,16,4754,147,8293,24,0,0,9,15,438
198455,Durham Technical Community College,2012,"5,000 - 9,999",5104,1584,3520,2766,5104,1027,1415,2385,277,0,1584,418,391,764,11,0,3520,609,1024,1621,266,0
198464,East Carolina University,2012,"20,000 and above",26947,20834,6113,23170,21298,4015,1426,15005,852,5649,18317,3996,1062,13129,130,2517,2981,19,364,1876,722,3132
198491,Edgecombe Community College,2012,"1,000 - 4,999",3056,1508,1548,2028,3056,454,840,1634,128,0,1508,334,370,799,5,0,1548,120,470,835,123,0
198507,Elizabeth City State University,2012,"1,000 - 4,999",2878,2519,359,2659,2760,527,201,1964,68,118,2509,523,179,1792,15,10,251,4,22,172,53,108
198516,Elon University,2012,"5,000 - 9,999",6029,5747,282,5856,5357,1425,91,3841,0,672,5209,1424,89,3696,0,538,148,1,2,145,0,134
198525,Fayetteville Beauty College,2012,"Under 1,000",57,57,0,57,57,51,0,6,0,0,57,51,0,6,0,0,0,0,0,0,0,0
198534,Fayetteville Technical Community College,2012,"10,000 - 19,999",12584,5187,7397,7670,12584,2032,2658,5685,2209,0,5187,1193,1182,2705,107,0,7397,839,1476,2980,2102,0
198543,Fayetteville State University,2012,"5,000 - 9,999",6060,4237,1823,4954,5287,612,765,3635,275,773,3916,600,522,2732,62,321,1371,12,243,903,213,452
198552,Forsyth Technical Community College,2012,"5,000 - 9,999",9253,3865,5388,5674,9253,2078,2611,4186,378,0,3865,1070,967,1796,32,0,5388,1008,1644,2390,346,0
198561,Gardner-Webb University,2012,"1,000 - 4,999",4868,2383,2485,3338,2677,493,470,1690,24,2191,2194,493,361,1339,1,189,483,0,109,351,23,2002
198570,Gaston College,2012,"5,000 - 9,999",6217,2342,3875,3643,6217,1183,871,3758,405,0,2342,574,280,1443,45,0,3875,609,591,2315,360,0
198598,Greensboro College,2012,"1,000 - 4,999",1119,874,245,970,1075,243,104,722,6,44,868,225,97,546,0,6,207,18,7,176,6,38
198613,Guilford College,2012,"1,000 - 4,999",2462,2056,406,2215,2462,322,256,1752,132,0,2056,305,168,1472,111,0,406,17,88,280,21,0
198622,Guilford Technical Community College,2012,"10,000 - 19,999",14793,7903,6890,10216,14793,2921,1288,10329,255,0,7903,1823,715,5315,50,0,6890,1098,573,5014,205,0
198640,Halifax Community College,2012,"1,000 - 4,999",1510,859,651,1078,1510,342,301,744,123,0,859,264,155,420,20,0,651,78,146,324,103,0
198668,Haywood Community College,2012,"1,000 - 4,999",2285,996,1289,1429,2285,404,532,930,419,0,996,170,223,434,169,0,1289,234,309,496,250,0
198677,Heritage Bible College,2012,"Under 1,000",71,53,18,60,71,5,7,59,0,0,53,4,5,44,0,0,18,1,2,15,0,0
198695,High Point University,2012,"1,000 - 4,999",4257,4045,212,4127,4067,1257,58,2750,2,190,3996,1257,58,2679,2,49,71,0,0,71,0,141
198710,Isothermal Community College,2012,"1,000 - 4,999",2555,1085,1470,1579,2555,828,221,1383,123,0,1085,293,80,704,8,0,1470,535,141,679,115,0
198729,James Sprunt Community College,2012,"1,000 - 4,999",1572,869,703,1105,1572,230,348,727,267,0,869,164,203,465,37,0,703,66,145,262,230,0
198747,Laurel University,2012,"Under 1,000",381,158,223,245,277,42,30,202,3,104,142,13,28,101,0,16,135,29,2,101,3,88
198756,Johnson C Smith University,2012,"1,000 - 4,999",1669,1606,63,1631,1669,386,135,1144,4,0,1606,385,129,1091,1,0,63,1,6,53,3,0
198774,Johnston Community College,2012,"1,000 - 4,999",4216,2075,2141,2794,4216,683,899,2021,613,0,2075,468,446,1094,67,0,2141,215,453,927,546,0
198808,Lees-McRae College,2012,"Under 1,000",837,830,7,833,837,182,171,482,2,0,830,182,171,475,2,0,7,0,0,7,0,0
198817,Lenoir Community College,2012,"1,000 - 4,999",2983,1274,1709,1848,2983,530,570,1513,370,0,1274,390,244,628,12,0,1709,140,326,885,358,0
198835,Lenoir-Rhyne University,2012,"1,000 - 4,999",1862,1580,282,1689,1544,330,163,954,97,318,1397,330,127,933,7,183,147,0,36,21,90,135
198844,Leons Beauty School Inc,2012,"Under 1,000",140,65,75,95,140,50,0,90,0,0,65,24,0,41,0,0,75,26,0,49,0,0
198862,Livingstone College,2012,"1,000 - 4,999",1111,1098,13,1103,1111,355,60,696,0,0,1098,355,60,683,0,0,13,0,0,13,0,0
198871,Louisburg College,2012,"Under 1,000",706,695,11,699,706,354,45,304,3,0,695,350,45,300,0,0,11,4,0,4,3,0
198899,Mars Hill University,2012,"1,000 - 4,999",1370,1274,96,1312,1351,437,98,788,28,19,1255,436,91,716,12,19,96,1,7,72,16,0
198905,Martin Community College,2012,"Under 1,000",778,394,384,523,778,97,182,269,230,0,394,75,122,189,8,0,384,22,60,80,222,0
198914,Mayland Community College,2012,"1,000 - 4,999",1359,471,888,769,1359,272,61,1005,21,0,471,143,32,295,1,0,888,129,29,710,20,0
198923,McDowell Technical Community College,2012,"1,000 - 4,999",1316,548,768,806,1316,175,207,615,319,0,548,118,90,290,50,0,768,57,117,325,269,0
198941,Mercy School of Nursing,2012,"Under 1,000",141,15,126,57,141,0,0,141,0,0,15,0,0,15,0,0,126,0,0,126,0,0
198950,Meredith College,2012,"1,000 - 4,999",1944,1675,269,1779,1662,408,82,1150,22,282,1580,407,78,1089,6,95,82,1,4,61,16,187
198969,Methodist University,2012,"1,000 - 4,999",2359,2006,353,2144,2157,452,244,1408,53,202,1875,435,176,1252,12,131,282,17,68,156,41,71
198978,Miller-Motte College-Wilmington,2012,"1,000 - 4,999",1924,964,960,1341,1924,537,415,972,0,0,964,242,118,604,0,0,960,295,297,368,0,0
198987,Mitchell Community College,2012,"1,000 - 4,999",3439,1542,1897,2179,3439,552,136,2097,654,0,1542,328,77,1024,113,0,1897,224,59,1073,541,0
199005,Mitchells Hairstyling Academy-Wilson,2012,"Under 1,000",15,15,0,15,15,8,0,7,0,0,15,8,0,7,0,0,0,0,0,0,0,0
199014,Regina's College of Beauty-Monroe,2012,"Under 1,000",53,34,19,42,53,35,0,18,0,0,34,23,0,11,0,0,19,12,0,7,0,0
199023,Montgomery Community College,2012,"Under 1,000",837,381,456,534,837,112,233,410,82,0,381,89,138,151,3,0,456,23,95,259,79,0
199032,Montreat College,2012,"Under 1,000",824,537,287,650,701,102,83,451,65,123,421,96,56,268,1,116,280,6,27,183,64,7
199069,Mount Olive College,2012,"1,000 - 4,999",3714,1529,2185,2387,3714,333,713,2531,137,0,1529,237,201,1089,2,0,2185,96,512,1442,135,0
199078,College of Wilmington,2012,"Under 1,000",80,80,0,80,80,27,0,53,0,0,80,27,0,53,0,0,0,0,0,0,0,0
199087,Nash Community College,2012,"1,000 - 4,999",3279,1543,1736,2126,3279,543,533,1485,718,0,1543,395,234,759,155,0,1736,148,299,726,563,0
199102,North Carolina A & T State University,2012,"10,000 - 19,999",10636,8969,1667,9609,8923,1849,410,6367,297,1713,8041,1809,367,5777,88,928,882,40,43,590,209,785
199111,University of North Carolina at Asheville,2012,"1,000 - 4,999",3751,3054,697,3333,3693,553,325,2381,434,58,3054,552,290,2094,118,0,639,1,35,287,316,58
199120,University of North Carolina at Chapel Hill,2012,"20,000 and above",29278,24498,4780,26266,18503,3915,845,13158,585,10775,17562,3914,829,12763,56,6936,941,1,16,395,529,3839
199139,University of North Carolina at Charlotte,2012,"20,000 and above",26232,20014,6218,22394,21179,3541,2568,14976,94,5053,18039,3512,2056,12467,4,1975,3140,29,512,2509,90,3078
199148,University of North Carolina at Greensboro,2012,"10,000 - 19,999",18516,14398,4118,15971,15039,2516,1698,10380,445,3477,13048,2498,1371,9033,146,1350,1991,18,327,1347,299,2127
199157,North Carolina Central University,2012,"5,000 - 9,999",8604,6841,1763,7523,6658,1407,477,4392,382,1946,5602,1387,368,3754,93,1239,1056,20,109,638,289,707
199184,University of North Carolina School of the Arts,2012,"Under 1,000",880,857,23,866,760,172,46,534,8,120,738,172,46,520,0,119,22,0,0,14,8,1
199193,North Carolina State University at Raleigh,2012,"20,000 and above",34340,27108,7232,29850,24833,4398,1209,17684,1542,9507,21821,4389,1120,16156,156,5287,3012,9,89,1528,1386,4220
199209,North Carolina Wesleyan College,2012,"1,000 - 4,999",1522,1154,368,1299,1522,222,41,1259,0,0,1154,221,40,893,0,0,368,1,1,366,0,0
199218,University of North Carolina Wilmington,2012,"10,000 - 19,999",13733,11777,1956,12530,12387,2053,1734,8273,327,1346,11295,2051,1523,7605,116,482,1092,2,211,668,211,864
199263,Pamlico Community College,2012,"Under 1,000",554,237,317,343,554,167,94,143,150,0,237,94,48,87,8,0,317,73,46,56,142,0
199272,William Peace University,2012,"Under 1,000",791,700,91,736,791,233,63,495,0,0,700,232,63,405,0,0,91,1,0,90,0,0
199281,University of North Carolina at Pembroke,2012,"5,000 - 9,999",6269,4602,1667,5250,5504,1020,490,3800,194,765,4432,1012,337,3052,31,170,1072,8,153,748,163,595
199306,Pfeiffer University,2012,"1,000 - 4,999",2044,1088,956,1454,980,221,78,681,0,1064,887,218,64,605,0,201,93,3,14,76,0,863
199315,Piedmont International University,2012,"Under 1,000",398,209,189,282,236,32,21,183,0,162,174,31,17,126,0,35,62,1,4,57,0,127
199324,Piedmont Community College,2012,"1,000 - 4,999",1805,819,986,1150,1805,284,179,1054,288,0,819,212,60,541,6,0,986,72,119,513,282,0
199333,Pitt Community College,2012,"5,000 - 9,999",8422,3470,4952,5133,8422,1798,714,5229,681,0,3470,859,318,2181,112,0,4952,939,396,3048,569,0
199412,Queens University of Charlotte,2012,"1,000 - 4,999",2386,1619,767,1917,1869,359,169,1292,49,517,1450,356,101,985,8,169,419,3,68,307,41,348
199421,Randolph Community College,2012,"1,000 - 4,999",2894,1066,1828,1680,2894,571,117,2037,169,0,1066,235,51,774,6,0,1828,336,66,1263,163,0
199449,Richmond Community College,2012,"1,000 - 4,999",2523,1280,1243,1697,2523,436,144,1483,460,0,1280,281,71,859,69,0,1243,155,73,624,391,0
199458,Mid-Atlantic Christian University,2012,"Under 1,000",165,126,39,141,165,37,25,100,3,0,126,37,21,68,0,0,39,0,4,32,3,0
199467,Roanoke-Chowan Community College,2012,"Under 1,000",898,450,448,600,898,172,131,567,28,0,450,122,80,247,1,0,448,50,51,320,27,0
199476,Robeson Community College,2012,"1,000 - 4,999",2786,1436,1350,1889,2786,574,224,1953,35,0,1436,341,68,1026,1,0,1350,233,156,927,34,0
199485,Rockingham Community College,2012,"1,000 - 4,999",2254,946,1308,1385,2254,440,113,1321,380,0,946,261,54,581,50,0,1308,179,59,740,330,0
199494,Rowan-Cabarrus Community College,2012,"5,000 - 9,999",6764,3218,3546,4409,6764,1569,1139,3811,245,0,3218,824,487,1872,35,0,3546,745,652,1939,210,0
199582,Saint Augustine's University,2012,"1,000 - 4,999",1442,1360,82,1392,1442,412,68,962,0,0,1360,400,62,898,0,0,82,12,6,64,0,0
199607,Salem College,2012,"1,000 - 4,999",1165,801,364,942,945,172,87,677,9,220,772,172,51,549,0,29,173,0,36,128,9,191
199625,Sampson Community College,2012,"1,000 - 4,999",1513,701,812,974,1513,218,155,950,190,0,701,164,60,398,79,0,812,54,95,552,111,0
199634,Sandhills Community College,2012,"1,000 - 4,999",4189,2119,2070,2814,4189,1154,1265,1492,278,0,2119,645,630,826,18,0,2070,509,635,666,260,0
199643,Shaw University,2012,"1,000 - 4,999",2183,1987,196,2064,2031,507,162,1358,4,152,1879,495,145,1237,2,108,152,12,17,121,2,44
199670,Sherrill's University of Barber & Cosmetology,2012,,,,,,,,,,,,,,,,,,,,,,,
199689,Paul Mitchell the School-Fayetteville,2012,"Under 1,000",169,100,69,127,169,20,0,149,0,0,100,2,0,98,0,0,69,18,0,51,0,0
199698,St Andrews University,2012,"Under 1,000",489,448,41,464,475,147,75,243,10,14,438,147,60,228,3,10,37,0,15,15,7,4
199713,Empire Beauty School-Matthews,2012,"Under 1,000",109,97,12,102,109,36,0,73,0,0,97,35,0,62,0,0,12,1,0,11,0,0
199722,Southeastern Community College,2012,"1,000 - 4,999",1728,921,807,1192,1728,273,265,894,296,0,921,209,129,512,71,0,807,64,136,382,225,0
199731,Southwestern Community College,2012,"1,000 - 4,999",2612,825,1787,1425,2612,285,544,1035,748,0,825,202,257,348,18,0,1787,83,287,687,730,0
199740,Stanly Community College,2012,"1,000 - 4,999",2988,1152,1836,1768,2988,515,680,1131,662,0,1152,296,257,511,88,0,1836,219,423,620,574,0
199759,Southeastern Baptist Theological Seminary,2012,,,,,,,,,,,,,,,,,,,,,,,
199768,Surry Community College,2012,"1,000 - 4,999",3476,1704,1772,2299,3476,600,306,1947,623,0,1704,465,127,1043,69,0,1772,135,179,904,554,0
199786,Alamance Community College,2012,"1,000 - 4,999",4706,2014,2692,2918,4706,572,816,2755,563,0,2014,367,288,1331,28,0,2692,205,528,1424,535,0
199795,Tri-County Community College,2012,"1,000 - 4,999",1486,666,820,941,1486,155,192,657,482,0,666,120,94,436,16,0,820,35,98,221,466,0
199838,Vance-Granville Community College,2012,"1,000 - 4,999",4040,1112,2928,2095,4040,807,172,2943,118,0,1112,218,47,843,4,0,2928,589,125,2100,114,0
199847,Wake Forest University,2012,"5,000 - 9,999",7432,7273,159,7334,4815,1234,33,3534,14,2617,4746,1234,32,3475,5,2527,69,0,1,59,9,90
199856,Wake Technical Community College,2012,"20,000 and above",20440,7641,12799,11938,20440,3634,6298,9655,853,0,7641,1892,2023,3640,86,0,12799,1742,4275,6015,767,0
199865,Warren Wilson College,2012,"Under 1,000",924,917,7,920,852,214,60,573,5,72,845,214,60,567,4,72,7,0,0,6,1,0
199883,Watts School of Nursing,2012,"Under 1,000",155,155,0,155,155,0,0,155,0,0,155,0,0,155,0,0,0,0,0,0,0,0
199892,Wayne Community College,2012,"1,000 - 4,999",3822,1858,1964,2517,3822,646,1028,1578,570,0,1858,437,532,843,46,0,1964,209,496,735,524,0
199908,Western Piedmont Community College,2012,"1,000 - 4,999",2598,1297,1301,1734,2598,463,570,1241,324,0,1297,323,273,626,75,0,1301,140,297,615,249,0
199926,Wilkes Community College,2012,"1,000 - 4,999",2660,1494,1166,1885,2660,548,307,1602,203,0,1494,465,170,842,17,0,1166,83,137,760,186,0
199953,Wilson Community College,2012,"1,000 - 4,999",1865,925,940,1241,1865,270,401,833,361,0,925,224,220,427,54,0,940,46,181,406,307,0
199962,Wingate University,2012,"1,000 - 4,999",2648,2172,476,2354,1773,548,75,1144,6,875,1714,548,66,1100,0,458,59,0,9,44,6,417
199971,Carolina Christian College,2012,"Under 1,000",137,59,78,90,116,16,3,48,49,21,38,3,3,32,0,21,78,13,0,16,49,0
199980,Winston Salem Barber School,2012,"Under 1,000",44,44,0,44,44,13,0,31,0,0,44,13,0,31,0,0,0,0,0,0,0,0
199999,Winston-Salem State University,2012,"5,000 - 9,999",5689,4757,932,5126,5245,685,606,3892,62,444,4483,680,338,3461,4,274,762,5,268,431,58,170
200004,Western Carolina University,2012,"5,000 - 9,999",9608,7421,2187,8262,7979,1558,796,5442,183,1629,6794,1550,524,4676,44,627,1185,8,272,766,139,1002
200013,Rasmussen College-North Dakota,2012,"1,000 - 4,999",1000,362,638,613,1000,61,120,801,18,0,362,16,49,297,0,0,638,45,71,504,18,0
200022,Bismarck State College,2012,"1,000 - 4,999",4109,2416,1693,3099,4109,807,308,2160,834,0,2416,746,218,1417,35,0,1693,61,90,743,799,0
200059,Dickinson State University,2012,"1,000 - 4,999",1837,1218,619,1468,1837,223,164,1162,288,0,1218,211,114,892,1,0,619,12,50,270,287,0
200086,Fort Berthold Community College,2012,"Under 1,000",205,147,58,170,205,35,20,139,11,0,147,30,17,100,0,0,58,5,3,39,11,0
200110,Josef's School of Hair Design Inc-Grand Forks,2012,"Under 1,000",48,48,0,48,48,20,0,28,0,0,48,20,0,28,0,0,0,0,0,0,0,0
200129,Headquarters Academy of Hair Design Inc,2012,"Under 1,000",40,40,0,40,40,24,0,16,0,0,40,24,0,16,0,0,0,0,0,0,0,0
200156,University of Jamestown,2012,"Under 1,000",949,881,68,908,943,222,70,594,57,6,876,221,66,581,8,5,67,1,4,13,49,1
200165,Josef's School of Hair Design Inc-Fargo Downtown,2012,"Under 1,000",69,69,0,69,69,21,0,48,0,0,69,21,0,48,0,0,0,0,0,0,0,0
200192,Lake Region State College,2012,"1,000 - 4,999",1974,524,1450,1011,1974,216,79,404,1275,0,524,207,53,251,13,0,1450,9,26,153,1262,0
200208,Cankdeska Cikana Community College,2012,"Under 1,000",247,158,89,188,247,44,8,175,20,0,158,34,6,108,10,0,89,10,2,67,10,0
200217,University of Mary,2012,"1,000 - 4,999",2991,2123,868,2460,2142,402,168,1411,161,849,1669,402,152,1078,37,454,473,0,16,333,124,395
200226,Mayville State University,2012,"1,000 - 4,999",1018,614,404,776,989,157,123,495,214,29,614,155,92,367,0,0,375,2,31,128,214,29
200253,Minot State University,2012,"1,000 - 4,999",3560,2279,1281,2789,3298,398,295,2084,521,262,2178,352,203,1614,9,101,1120,46,92,470,512,161
200262,Moler Barber College,2012,"Under 1,000",6,6,0,6,6,4,0,2,0,0,6,4,0,2,0,0,0,0,0,0,0,0
200280,University of North Dakota,2012,"10,000 - 19,999",15250,11382,3868,12877,11953,2360,937,8175,481,3297,9655,2334,586,6686,49,1727,2298,26,351,1489,432,1570
200305,North Dakota State College of Science,2012,"1,000 - 4,999",3066,1807,1259,2230,3066,875,151,1198,842,0,1807,815,121,870,1,0,1259,60,30,328,841,0
200314,Dakota College at Bottineau,2012,"Under 1,000",773,345,428,489,773,153,64,227,329,0,345,142,48,154,1,0,428,11,16,73,328,0
200332,North Dakota State University-Main Campus,2012,"10,000 - 19,999",14443,11733,2710,12766,11988,2442,734,8508,304,2455,10718,2408,664,7629,17,1015,1270,34,70,879,287,1440
200341,Williston State College,2012,"Under 1,000",808,418,390,549,808,159,61,305,283,0,418,146,42,207,23,0,390,13,19,98,260,0
200387,JZ Trend Academy Paul Mitchell Partner School,2012,"Under 1,000",65,65,0,65,65,17,0,48,0,0,65,17,0,48,0,0,0,0,0,0,0,0
200466,Sitting Bull College,2012,"Under 1,000",277,238,39,254,277,43,15,211,8,0,238,40,15,183,0,0,39,3,0,28,8,0
200484,Trinity Bible College,2012,"Under 1,000",227,202,25,212,227,61,13,149,4,0,202,60,13,128,1,0,25,1,0,21,3,0
200527,Turtle Mountain Community College,2012,"Under 1,000",532,445,87,479,532,113,34,368,17,0,445,107,24,313,1,0,87,6,10,55,16,0
200554,United Tribes Technical College,2012,"Under 1,000",505,447,58,470,505,105,52,348,0,0,447,103,44,300,0,0,58,2,8,48,0,0
200572,Valley City State University,2012,"1,000 - 4,999",1362,799,563,1020,1214,190,104,663,257,148,795,183,55,486,71,4,419,7,49,177,186,144
200590,ETI Technical College,2012,"Under 1,000",161,128,33,141,161,20,25,116,0,0,128,15,14,99,0,0,33,5,11,17,0,0
200624,The Art Institute of Cincinnati,2012,"Under 1,000",27,27,0,27,27,13,3,11,0,0,27,13,3,11,0,0,0,0,0,0,0,0
200633,Miami-Jacobs Career College-Independence,2012,"Under 1,000",247,120,127,170,247,72,20,155,0,0,120,40,11,69,0,0,127,32,9,86,0,0
200697,Air Force Institute of Technology-Graduate School of Engineering & Management,2012,"Under 1,000",801,589,212,666,0,0,0,0,0,801,0,0,0,0,0,589,0,0,0,0,0,212
200785,Akron Institute of Herzing University,2012,"Under 1,000",423,286,137,340,423,69,38,316,0,0,286,57,30,199,0,0,137,12,8,117,0,0
200800,University of Akron Main Campus,2012,"20,000 and above",26581,19517,7064,22285,22123,4178,1044,15502,1399,4458,17045,3927,801,11914,403,2472,5078,251,243,3588,996,1986
200828,Akron School of Practical Nursing,2012,"Under 1,000",46,46,0,46,46,31,0,15,0,0,46,31,0,15,0,0,0,0,0,0,0,0
200846,University of Akron Wayne College,2012,"1,000 - 4,999",2085,1030,1055,1384,2085,433,116,990,546,0,1030,352,74,463,141,0,1055,81,42,527,405,0
200873,Allegheny Wesleyan College,2012,"Under 1,000",46,31,15,37,46,11,1,26,8,0,31,11,1,19,0,0,15,0,0,7,8,0
201016,Antonelli College-Cincinnati,2012,"Under 1,000",266,210,56,232,266,28,23,215,0,0,210,26,21,163,0,0,56,2,2,52,0,0
201034,Apollo Career Center,2012,"Under 1,000",765,232,533,411,765,457,0,65,243,0,232,161,0,65,6,0,533,296,0,0,237,0
201061,Art Academy of Cincinnati,2012,"Under 1,000",202,197,5,199,195,38,10,147,0,7,190,38,10,142,0,7,5,0,0,5,0,0
201098,Ashland County-West Holmes Career Center,2012,"Under 1,000",70,57,13,61,70,61,0,9,0,0,57,50,0,7,0,0,13,11,0,2,0,0
201104,Ashland University,2012,"5,000 - 9,999",5954,3559,2395,4483,3240,566,535,2037,102,2714,2423,565,141,1706,11,1136,817,1,394,331,91,1578
201131,Ashtabula County Technical and Career Campus,2012,"Under 1,000",164,69,95,101,164,139,0,25,0,0,69,54,0,15,0,0,95,85,0,10,0,0
201140,Athenaeum of Ohio,2012,"Under 1,000",213,106,107,148,110,19,0,40,51,103,15,0,0,0,15,91,95,19,0,40,36,12
201159,Auburn Career Center,2012,"Under 1,000",215,106,109,143,215,111,0,104,0,0,106,88,0,18,0,0,109,23,0,86,0,0
201177,Aultman College of Nursing and Health Sciences,2012,"Under 1,000",343,51,292,167,343,4,68,263,8,0,51,3,12,35,1,0,292,1,56,228,7,0
201195,Baldwin Wallace University,2012,"1,000 - 4,999",4169,3441,728,3724,3508,712,221,2495,80,661,3036,712,174,2146,4,405,472,0,47,349,76,256
201283,Belmont College,2012,"1,000 - 4,999",1618,1026,592,1225,1618,268,410,858,82,0,1026,245,54,715,12,0,592,23,356,143,70,0
201371,Bluffton University,2012,"1,000 - 4,999",1198,943,255,1043,1077,239,62,639,137,121,833,239,60,532,2,110,244,0,2,107,135,11
201399,Fortis College-Ravenna,2012,"Under 1,000",413,300,113,345,413,105,15,293,0,0,300,80,14,206,0,0,113,25,1,87,0,0
201432,Bowling Green State University-Firelands,2012,"1,000 - 4,999",2397,1285,1112,1658,2397,392,155,1239,611,0,1285,323,106,753,103,0,1112,69,49,486,508,0
201441,Bowling Green State University-Main Campus,2012,"10,000 - 19,999",17286,15078,2208,15922,14815,3621,689,10204,301,2471,13735,3591,585,9489,70,1343,1080,30,104,715,231,1128
201469,Bryant & Stratton College-Parma,2012,"Under 1,000",729,347,382,497,729,58,273,398,0,0,347,45,158,144,0,0,382,13,115,254,0,0
201478,Buckeye Hills Career Center,2012,"Under 1,000",160,145,15,150,160,160,0,0,0,0,145,145,0,0,0,0,15,15,0,0,0,0
201496,Butler Tech-D Russel Lee Career Center,2012,"Under 1,000",407,407,0,407,407,347,0,60,0,0,407,347,0,60,0,0,0,0,0,0,0,0
201539,Canton City Schools Adult Career and Technical Education,2012,"Under 1,000",120,81,39,94,120,45,0,75,0,0,81,40,0,41,0,0,39,5,0,34,0,0
201548,Capital University,2012,"1,000 - 4,999",3584,2975,609,3211,2720,670,165,1771,114,864,2448,669,132,1597,50,527,272,1,33,174,64,337
201584,Valley Beauty School,2012,"Under 1,000",19,19,0,19,19,4,0,15,0,0,19,4,0,15,0,0,0,0,0,0,0,0
201609,Carousel Beauty College-Middletown,2012,"Under 1,000",27,19,8,22,27,2,0,25,0,0,19,1,0,18,0,0,8,1,0,7,0,0
201618,Carousel Beauty College-Dayton,2012,"Under 1,000",20,20,0,20,20,4,0,16,0,0,20,4,0,16,0,0,0,0,0,0,0,0
201627,Carousel of Miami Valley Beauty College,2012,"Under 1,000",41,23,18,30,41,8,0,33,0,0,23,4,0,19,0,0,18,4,0,14,0,0
201645,Case Western Reserve University,2012,"10,000 - 19,999",10026,8876,1150,9317,4386,1372,57,2849,108,5640,4260,1371,55,2802,32,4616,126,1,2,47,76,1024
201654,Cedarville University,2012,"1,000 - 4,999",3379,3120,259,3221,3219,832,90,2181,116,160,3047,832,87,2126,2,73,172,0,3,55,114,87
201672,Central Ohio Technical College,2012,"1,000 - 4,999",3746,1132,2614,2010,3746,655,388,2467,236,0,1132,254,140,726,12,0,2614,401,248,1741,224,0
201681,Central School of Practical Nursing,2012,"Under 1,000",107,107,0,107,107,98,0,9,0,0,107,98,0,9,0,0,0,0,0,0,0,0
201690,Central State University,2012,"1,000 - 4,999",2152,1878,274,1987,2116,516,129,1461,10,36,1878,503,109,1266,0,0,238,13,20,195,10,36
201751,Chatfield College,2012,"Under 1,000",437,228,209,311,437,106,3,262,66,0,228,57,3,147,21,0,209,49,0,115,45,0
201803,Choffin Career  and Technical Center,2012,"Under 1,000",186,130,56,149,186,155,0,31,0,0,130,105,0,25,0,0,56,50,0,6,0,0
201821,The Christ College of Nursing and Health Sciences,2012,"Under 1,000",357,244,113,289,357,33,91,233,0,0,244,29,67,148,0,0,113,4,24,85,0,0
201858,Cincinnati Christian University,2012,"Under 1,000",923,734,189,807,677,120,57,495,5,246,568,113,36,416,3,166,109,7,21,79,2,80
201867,Cincinnati College of Mortuary Science,2012,"Under 1,000",111,111,0,111,111,0,81,30,0,0,111,0,81,30,0,0,0,0,0,0,0,0
201885,University of Cincinnati-Main Campus,2012,"20,000 and above",33347,25289,8058,28347,23096,4160,1290,17248,398,10251,19667,4106,889,14620,52,5622,3429,54,401,2628,346,4629
201928,Cincinnati State Technical and Community College,2012,"10,000 - 19,999",10614,3959,6655,6193,10614,1320,1048,7085,1161,0,3959,862,608,2389,100,0,6655,458,440,4696,1061,0
201946,University of Cincinnati-Clermont College,2012,"1,000 - 4,999",3652,2110,1542,2732,3635,778,278,2125,454,17,2103,645,192,1126,140,7,1532,133,86,999,314,10
201955,University of Cincinnati-Blue Ash College,2012,"1,000 - 4,999",4971,2861,2110,3712,4949,1099,394,3172,284,22,2861,928,285,1590,58,0,2088,171,109,1582,226,22
201964,Ohio Christian University,2012,"1,000 - 4,999",3148,1723,1425,2282,3086,741,300,1758,287,62,1692,405,175,1100,12,31,1394,336,125,658,275,31
201973,Clark State Community College,2012,"5,000 - 9,999",5640,2802,2838,3755,5640,686,709,3055,1190,0,2802,416,432,1706,248,0,2838,270,277,1349,942,0
201982,Scott College of Cosmetology,2012,"Under 1,000",46,46,0,46,46,29,0,17,0,0,46,29,0,17,0,0,0,0,0,0,0,0
202046,Cleveland Institute of Art,2012,"Under 1,000",556,550,6,552,556,138,29,382,7,0,550,138,29,379,4,0,6,0,0,3,3,0
202055,Cleveland Institute of Dental-Medical Assistants-Cleveland,2012,"Under 1,000",105,105,0,105,105,44,0,61,0,0,105,44,0,61,0,0,0,0,0,0,0,0
202073,Cleveland Institute of Music,2012,"Under 1,000",447,439,8,442,256,60,11,185,0,191,256,60,11,185,0,183,0,0,0,0,0,8
202134,Cleveland State University,2012,"10,000 - 19,999",17278,10458,6820,13060,11808,1589,1646,7927,646,5470,8582,1531,1246,5695,110,1876,3226,58,400,2232,536,3594
202152,Columbiana County Career and Technical Center,2012,"Under 1,000",201,150,51,167,201,155,0,46,0,0,150,123,0,27,0,0,51,32,0,19,0,0
202161,Bradford School,2012,"Under 1,000",541,541,0,541,541,118,79,344,0,0,541,118,79,344,0,0,0,0,0,0,0,0
202170,Columbus College of Art and Design,2012,"1,000 - 4,999",1412,1298,114,1343,1387,263,78,990,56,25,1273,262,78,933,0,25,114,1,0,57,56,0
202222,Columbus State Community College,2012,"20,000 and above",25863,9013,16850,14670,25863,2833,1017,10187,11826,0,9013,1505,484,3159,3865,0,16850,1328,533,7028,7961,0
202356,Cuyahoga Community College District,2012,"20,000 and above",29701,10586,19115,17004,29701,2671,1356,10666,15008,0,10586,1610,611,3590,4775,0,19115,1061,745,7076,10233,0
202435,Davis College,2012,"Under 1,000",284,96,188,171,284,21,77,186,0,0,96,8,27,61,0,0,188,13,50,125,0,0
202453,Dayton Barber College,2012,"Under 1,000",57,51,6,53,57,22,0,35,0,0,51,18,0,33,0,0,6,4,0,2,0,0
202480,University of Dayton,2012,"10,000 - 19,999",11159,9482,1677,10129,8042,2051,148,5594,249,3117,7462,2050,133,5257,22,2020,580,1,15,337,227,1097
202514,Defiance College,2012,"1,000 - 4,999",1006,763,243,858,917,241,48,603,25,89,735,236,25,474,0,28,182,5,23,129,25,61
202523,Denison University,2012,"1,000 - 4,999",2339,2308,31,2320,2339,629,14,1665,31,0,2308,629,14,1661,4,0,31,0,0,4,27,0
202639,Eastern Hills Academy of Hair Design,2012,"Under 1,000",77,40,37,55,77,15,0,62,0,0,40,10,0,30,0,0,37,5,0,32,0,0
202648,Edison State Community College,2012,"1,000 - 4,999",3090,1030,2060,1722,3090,496,157,1705,732,0,1030,278,62,518,172,0,2060,218,95,1187,560,0
202657,EHOVE Career Center,2012,"Under 1,000",357,266,91,297,357,197,0,160,0,0,266,134,0,132,0,0,91,63,0,28,0,0
202684,Bryant & Stratton College-Cleveland,2012,"Under 1,000",739,228,511,429,739,59,133,547,0,0,228,34,59,135,0,0,511,25,74,412,0,0
202736,Regency Beauty Institute-Cleveland,2012,"Under 1,000",92,92,0,92,92,25,0,67,0,0,92,25,0,67,0,0,0,0,0,0,0,0
202763,The University of Findlay,2012,"1,000 - 4,999",4860,2954,1906,3697,3902,575,176,1894,1257,958,2500,574,148,1765,13,454,1402,1,28,129,1244,504
202806,Franklin University,2012,"5,000 - 9,999",6886,2775,4111,4387,5831,193,1065,4519,54,1055,1988,19,250,1712,7,787,3843,174,815,2807,47,268
202888,Gerbers Akron Beauty School,2012,"Under 1,000",61,32,29,44,61,16,0,45,0,0,32,7,0,25,0,0,29,9,0,20,0,0
202903,Gods Bible School and College,2012,"Under 1,000",309,208,101,248,309,57,19,184,49,0,208,51,14,142,1,0,101,6,5,42,48,0
202912,Good Samaritan College of Nursing and Health Science,2012,"Under 1,000",335,119,216,204,335,18,62,255,0,0,119,18,29,72,0,0,216,0,33,183,0,0
202949,Great Oaks Institute of Technology and Career Development,2012,"Under 1,000",310,310,0,310,310,119,0,191,0,0,310,119,0,191,0,0,0,0,0,0,0,0
202985,Hannah E Mullins School of Practical Nursing,2012,"Under 1,000",70,68,2,69,70,22,0,48,0,0,68,22,0,46,0,0,2,0,0,2,0,0
203030,Adult and Community Education-Hudson,2012,"Under 1,000",178,162,16,167,178,80,0,98,0,0,162,78,0,84,0,0,16,2,0,14,0,0
203067,Hebrew Union College-Jewish Institute of Religion,2012,"Under 1,000",372,261,111,303,0,0,0,0,0,372,0,0,0,0,0,261,0,0,0,0,0,111
203085,Heidelberg University,2012,"1,000 - 4,999",1262,1092,170,1158,1110,345,61,697,7,152,1048,345,56,644,3,44,62,0,5,53,4,108
203128,Hiram College,2012,"1,000 - 4,999",1324,1144,180,1214,1293,308,74,894,17,31,1144,304,55,783,2,0,149,4,19,111,15,31
203146,Hobart Institute of Welding Technology,2012,"Under 1,000",287,287,0,287,287,114,0,173,0,0,287,114,0,173,0,0,0,0,0,0,0,0
203155,Hocking College,2012,"1,000 - 4,999",4581,3467,1114,3841,4581,1069,1297,1973,242,0,3467,996,932,1523,16,0,1114,73,365,450,226,0
203225,American School of Technology,2012,"Under 1,000",378,378,0,378,378,114,0,264,0,0,378,114,0,264,0,0,0,0,0,0,0,0
203234,Ross Medical Education Center-Cincinnati,2012,"Under 1,000",102,102,0,102,102,51,0,51,0,0,102,51,0,51,0,0,0,0,0,0,0,0
203289,International College of Broadcasting,2012,"Under 1,000",59,59,0,59,59,12,10,37,0,0,59,12,10,37,0,0,0,0,0,0,0,0
203313,ITT Technical Institute-Dayton,2012,"Under 1,000",387,283,104,324,387,53,13,321,0,0,283,46,5,232,0,0,104,7,8,89,0,0
203331,Eastern Gateway Community College,2012,"1,000 - 4,999",2561,1151,1410,1624,2561,468,185,1368,540,0,1151,354,102,664,31,0,1410,114,83,704,509,0
203368,John Carroll University,2012,"1,000 - 4,999",3560,3083,477,3266,2926,682,100,2109,35,634,2836,681,97,2056,2,247,90,1,3,53,33,387
203386,Hondros College,2012,"1,000 - 4,999",1415,1165,250,1263,1415,49,408,958,0,0,1165,49,344,772,0,0,250,0,64,186,0,0
203438,Casal Aveda Institute,2012,"Under 1,000",135,105,30,117,135,40,0,95,0,0,105,25,0,80,0,0,30,15,0,15,0,0
203447,Kent State University at Ashtabula,2012,"1,000 - 4,999",2516,795,1721,1489,2511,348,173,1871,119,5,795,226,75,481,13,0,1716,122,98,1390,106,5
203456,Kent State University at East Liverpool,2012,"1,000 - 4,999",1505,314,1191,795,1504,130,85,1120,169,1,314,110,36,166,2,0,1190,20,49,954,167,1
203465,Kent State University at Stark,2012,"1,000 - 4,999",4864,2379,2485,3380,4816,682,505,3449,180,48,2376,574,274,1516,12,3,2440,108,231,1933,168,45
203474,Kent State University at Trumbull,2012,"1,000 - 4,999",3107,997,2110,1848,3103,375,235,2389,104,4,997,293,145,546,13,0,2106,82,90,1843,91,4
203483,Kent State University at Tuscarawas,2012,"1,000 - 4,999",2717,1046,1671,1719,2683,348,166,1770,399,34,1046,278,98,596,74,0,1637,70,68,1174,325,34
203492,Kent State University at Salem,2012,"1,000 - 4,999",1879,829,1050,1253,1878,262,118,1319,179,1,829,226,74,474,55,0,1049,36,44,845,124,1
203517,Kent State University at Kent,2012,"20,000 and above",28602,21682,6920,24355,22436,4124,1272,16192,848,6166,18378,4049,1059,12838,432,3304,4058,75,213,3354,416,2862
203526,Kent State University at Geauga,2012,"1,000 - 4,999",2535,581,1954,1369,2533,271,201,1879,182,2,581,221,97,241,22,0,1952,50,104,1638,160,2
203535,Kenyon College,2012,"1,000 - 4,999",1667,1658,9,1662,1667,446,14,1197,10,0,1658,446,14,1197,1,0,9,0,0,0,9,0
203544,Kettering College,2012,"Under 1,000",980,563,417,727,900,90,140,642,28,80,484,81,93,307,3,79,416,9,47,335,25,1
203580,Lake Erie College,2012,"1,000 - 4,999",1201,982,219,1067,1034,276,52,608,98,167,945,276,50,581,38,37,89,0,2,27,60,130
203599,Lakeland Community College,2012,"5,000 - 9,999",9283,3397,5886,5373,9283,1246,476,5249,2312,0,3397,698,212,1636,851,0,5886,548,264,3613,1461,0
203614,O C Collins Career Center,2012,"Under 1,000",393,393,0,393,393,229,0,164,0,0,393,229,0,164,0,0,0,0,0,0,0,0
203678,James A Rhodes State College,2012,"1,000 - 4,999",3883,1548,2335,2332,3883,544,260,2541,538,0,1548,418,141,982,7,0,2335,126,119,1559,531,0
203720,Ohio Business College-Sheffield,2012,"Under 1,000",410,294,116,340,410,49,123,238,0,0,294,44,97,153,0,0,116,5,26,85,0,0
203739,Ohio Business College-Sandusky,2012,"Under 1,000",387,200,187,274,387,27,79,281,0,0,200,22,39,139,0,0,187,5,40,142,0,0
203748,Lorain County Community College,2012,"10,000 - 19,999",12656,3918,8738,6852,12656,2283,861,7952,1560,0,3918,1224,306,2173,215,0,8738,1059,555,5779,1345,0
203757,Lourdes University,2012,"1,000 - 4,999",2452,1565,887,1913,2113,267,252,1528,66,339,1291,254,152,879,6,274,822,13,100,649,60,65
203775,Malone University,2012,"1,000 - 4,999",2341,1717,624,1958,1897,353,156,1307,81,444,1669,352,143,1156,18,48,228,1,13,151,63,396
203845,Marietta College,2012,"1,000 - 4,999",1622,1504,118,1550,1487,393,57,1020,17,135,1418,393,57,968,0,86,69,0,0,52,17,49
203881,Marion Technical College,2012,"1,000 - 4,999",2729,989,1740,1573,2729,808,128,1783,10,0,989,191,50,745,3,0,1740,617,78,1038,7,0
203942,Medina County Career Center,2012,"Under 1,000",87,52,35,64,87,60,0,27,0,0,52,29,0,23,0,0,35,31,0,4,0,0
203960,Mercy College of Ohio,2012,"1,000 - 4,999",1205,446,759,744,1205,54,325,821,5,0,446,43,132,271,0,0,759,11,193,550,5,0
203997,Methodist Theological School in Ohio,2012,"Under 1,000",193,139,54,160,0,0,0,0,0,193,0,0,0,0,0,139,0,0,0,0,0,54
204006,Miami University-Hamilton,2012,"1,000 - 4,999",3615,2557,1058,2984,3615,837,244,2345,189,0,2557,688,156,1686,27,0,1058,149,88,659,162,0
204015,Miami University-Middletown,2012,"1,000 - 4,999",2092,1326,766,1635,2092,447,131,1200,314,0,1326,376,87,824,39,0,766,71,44,376,275,0
204024,Miami University-Oxford,2012,"10,000 - 19,999",17683,15713,1970,16443,15081,3734,224,11026,97,2602,14657,3730,219,10656,52,1056,424,4,5,370,45,1546
204060,Miami-Jacobs Career College-Dayton,2012,"Under 1,000",249,160,89,195,249,42,40,167,0,0,160,33,30,97,0,0,89,9,10,70,0,0
204121,Moler Hollywood Beauty Academy,2012,"Under 1,000",90,43,47,62,90,46,0,44,0,0,43,23,0,20,0,0,47,23,0,24,0,0
204158,Miami Valley Career Technology Center,2012,"Under 1,000",298,298,0,298,298,196,0,102,0,0,298,196,0,102,0,0,0,0,0,0,0,0
204176,Mount Carmel College of Nursing,2012,"1,000 - 4,999",1056,729,327,857,886,85,162,639,0,170,635,82,63,490,0,94,251,3,99,149,0,76
204185,University of Mount Union,2012,"1,000 - 4,999",2253,2210,43,2227,2175,647,57,1437,34,78,2148,647,57,1425,19,62,27,0,0,12,15,16
204194,Mount Vernon Nazarene University,2012,"1,000 - 4,999",2267,1825,442,1997,1756,290,42,1373,51,511,1448,290,42,1104,12,377,308,0,0,269,39,134
204200,College of Mount St Joseph,2012,"1,000 - 4,999",2294,1440,854,1773,1840,282,95,1311,152,454,1227,274,59,891,3,213,613,8,36,420,149,241
204255,Zane State College,2012,"1,000 - 4,999",2930,1414,1516,1923,2930,568,133,1624,605,0,1414,385,83,853,93,0,1516,183,50,771,512,0
204264,Muskingum University,2012,"1,000 - 4,999",2304,1548,756,1840,1738,410,97,1174,57,566,1487,404,62,1004,17,61,251,6,35,170,40,505
204307,Fortis College-Cuyahoga Falls,2012,"Under 1,000",530,375,155,437,530,10,67,453,0,0,375,10,35,330,0,0,155,0,32,123,0,0
204316,Brown Mackie College-North Canton,2012,"Under 1,000",701,701,0,701,701,180,1,520,0,0,701,180,1,520,0,0,0,0,0,0,0,0
204334,National Beauty College,2012,"Under 1,000",76,76,0,76,76,26,0,50,0,0,76,26,0,50,0,0,0,0,0,0,0,0
204422,North Central State College,2012,"1,000 - 4,999",2886,813,2073,1509,2886,424,204,1856,402,0,813,229,89,424,71,0,2073,195,115,1432,331,0
204431,Northern Institute of Cosmetology,2012,"Under 1,000",30,30,0,30,30,15,0,15,0,0,30,15,0,15,0,0,0,0,0,0,0,0
204440,Northwest State Community College,2012,"1,000 - 4,999",3308,898,2410,1707,3308,473,117,2219,499,0,898,223,46,488,141,0,2410,250,71,1731,358,0
204459,Toledo Public Schools Adult and Continuing Education,2012,"Under 1,000",156,156,0,156,156,31,0,125,0,0,156,31,0,125,0,0,0,0,0,0,0,0
204468,Notre Dame College,2012,"1,000 - 4,999",2129,1387,742,1675,1848,386,168,1160,134,281,1387,385,108,889,5,0,461,1,60,271,129,281
204477,Northeast Ohio Medical University,2012,"Under 1,000",791,786,5,788,0,0,0,0,0,791,0,0,0,0,0,786,0,0,0,0,0,5
204486,University of Northwestern Ohio,2012,"1,000 - 4,999",4136,3661,475,3847,4108,1407,210,2482,9,28,3645,1343,173,2129,0,16,463,64,37,353,9,12
204501,Oberlin College,2012,"1,000 - 4,999",2944,2903,41,2919,2930,764,34,2132,0,14,2889,759,34,2096,0,14,41,5,0,36,0,0
204592,Ohio College of Massotherapy Inc,2012,"Under 1,000",106,74,32,87,106,34,43,29,0,0,74,23,31,20,0,0,32,11,12,9,0,0
204608,Ohio Technical College,2012,"1,000 - 4,999",1163,1163,0,1163,1163,316,0,847,0,0,1163,316,0,847,0,0,0,0,0,0,0,0
204617,Ohio Dominican University,2012,"1,000 - 4,999",2663,1874,789,2182,2127,271,131,1155,570,536,1475,266,104,1060,45,399,652,5,27,95,525,137
204626,Kaplan College-Dayton,2012,"Under 1,000",492,492,0,492,492,59,79,354,0,0,492,59,79,354,0,0,0,0,0,0,0,0
204635,Ohio Northern University,2012,"1,000 - 4,999",3557,3151,406,3310,2629,630,63,1526,410,928,2232,630,55,1486,61,919,397,0,8,40,349,9
204662,Ohio State University Agricultural Technical Institute,2012,"Under 1,000",612,549,63,570,612,306,35,266,5,0,549,304,30,215,0,0,63,2,5,51,5,0
204671,Ohio State University-Lima Campus,2012,"1,000 - 4,999",1131,939,192,1015,1067,427,55,539,46,64,915,414,43,446,12,24,152,13,12,93,34,40
204680,Ohio State University-Mansfield Campus,2012,"1,000 - 4,999",1265,1045,220,1133,1204,485,72,598,49,61,1002,470,58,472,2,43,202,15,14,126,47,18
204699,Ohio State University-Marion Campus,2012,"1,000 - 4,999",1273,999,274,1110,1224,409,77,707,31,49,951,353,56,535,7,48,273,56,21,172,24,1
204705,Ohio State University-Newark Campus,2012,"1,000 - 4,999",2390,1979,411,2144,2301,1136,115,979,71,89,1918,1090,92,726,10,61,383,46,23,253,61,28
204714,Ohio State Beauty Academy,2012,"Under 1,000",165,165,0,165,165,49,0,116,0,0,165,49,0,116,0,0,0,0,0,0,0,0
204723,Ohio State College of Barber Styling,2012,"Under 1,000",142,142,0,142,142,32,0,110,0,0,142,32,0,110,0,0,0,0,0,0,0,0
204769,The Spa School,2012,"Under 1,000",84,84,0,84,84,60,0,24,0,0,84,60,0,24,0,0,0,0,0,0,0,0
204778,Ohio State School of Cosmetology-Canal Winchester,2012,"Under 1,000",72,72,0,72,72,62,0,10,0,0,72,62,0,10,0,0,0,0,0,0,0,0
204796,Ohio State University-Main Campus,2012,"20,000 and above",56387,49000,7387,51847,43058,7215,2390,32272,1181,13329,38884,7204,2209,29295,176,10116,4174,11,181,2977,1005,3213
204802,Ohio University-Eastern Campus,2012,"1,000 - 4,999",1087,469,618,718,1087,132,50,814,91,0,469,129,31,268,41,0,618,3,19,546,50,0
204820,Ohio University-Chillicothe Campus,2012,"1,000 - 4,999",2291,1260,1031,1676,2291,348,117,1723,103,0,1260,291,60,869,40,0,1031,57,57,854,63,0
204839,Ohio University-Southern Campus,2012,"1,000 - 4,999",2127,1161,966,1551,2127,290,144,1522,171,0,1161,260,80,763,58,0,966,30,64,759,113,0
204848,Ohio University-Lancaster Campus,2012,"1,000 - 4,999",2575,1286,1289,1806,2575,415,84,1807,269,0,1286,364,46,803,73,0,1289,51,38,1004,196,0
204857,Ohio University-Main Campus,2012,"20,000 and above",27402,19501,7901,22602,22685,3886,2020,16667,112,4717,16862,3869,1080,11906,7,2639,5823,17,940,4761,105,2078
204866,Ohio University-Zanesville Campus,2012,"1,000 - 4,999",1970,1082,888,1440,1970,284,127,1470,89,0,1082,266,75,703,38,0,888,18,52,767,51,0
204884,Ohio Valley College of Technology,2012,"Under 1,000",209,161,48,180,209,50,35,124,0,0,161,50,22,89,0,0,48,0,13,35,0,0
204893,Trinity Health System School of Nursing,2012,"Under 1,000",94,94,0,94,94,0,0,94,0,0,94,0,0,94,0,0,0,0,0,0,0,0
204909,Ohio Wesleyan University,2012,"1,000 - 4,999",1819,1804,15,1810,1819,537,28,1245,9,0,1804,537,28,1239,0,0,15,0,0,6,9,0
204936,Otterbein University,2012,"1,000 - 4,999",2984,2435,549,2648,2537,564,147,1715,111,447,2259,559,131,1533,36,176,278,5,16,182,75,271
204945,Owens Community College,2012,"10,000 - 19,999",16973,5967,11006,9662,16973,2403,1071,11987,1512,0,5967,1483,609,3810,65,0,11006,920,462,8177,1447,0
204963,Paramount Beauty Academy,2012,"Under 1,000",108,55,53,76,108,103,0,5,0,0,55,52,0,3,0,0,53,51,0,2,0,0
204981,Cuyahoga Valley Career Center,2012,"Under 1,000",123,48,75,73,123,28,0,95,0,0,48,16,0,32,0,0,75,12,0,63,0,0
204990,Payne Theological Seminary,2012,"Under 1,000",132,36,96,73,0,0,0,0,0,132,0,0,0,0,0,36,0,0,0,0,0,96
205027,Pontifical College Josephinum,2012,"Under 1,000",196,190,6,192,132,19,33,80,0,64,132,19,33,80,0,58,0,0,0,0,0,6
205054,Professional Skills Institute,2012,"Under 1,000",303,303,0,303,303,18,98,187,0,0,303,18,98,187,0,0,0,0,0,0,0,0
205090,Firelands Regional Medical Center School of Nursing,2012,"Under 1,000",94,54,40,70,94,0,0,94,0,0,54,0,0,54,0,0,40,0,0,40,0,0
205124,Rabbinical College Telshe,2012,"Under 1,000",78,78,0,78,53,14,0,39,0,25,53,14,0,39,0,25,0,0,0,0,0,0
205142,Raphael's School of Beauty Culture Inc-Niles,2012,"Under 1,000",123,66,57,89,123,33,0,90,0,0,66,16,0,50,0,0,57,17,0,40,0,0
205179,Fortis College-Centerville,2012,"1,000 - 4,999",3137,3137,0,3137,3137,506,184,2447,0,0,3137,506,184,2447,0,0,0,0,0,0,0,0
205203,University of Rio Grande,2012,"1,000 - 4,999",2280,1818,462,1999,2201,327,134,992,748,79,1810,311,80,793,626,8,391,16,54,199,122,71
205391,Advertising Art Educational Services DBA School of Advertising Art,2012,"Under 1,000",114,114,0,114,114,70,0,44,0,0,114,70,0,44,0,0,0,0,0,0,0,0
205443,Shawnee State University,2012,"1,000 - 4,999",4652,3935,717,4223,4554,1167,301,2943,143,98,3862,1115,247,2447,53,73,692,52,54,496,90,25
205470,Sinclair Community College,2012,"10,000 - 19,999",19537,7630,11907,11628,19537,3921,730,13031,1855,0,7630,2353,352,4653,272,0,11907,1568,378,8378,1583,0
205513,Gallipolis Career College,2012,"Under 1,000",136,92,44,109,136,18,0,118,0,0,92,13,0,79,0,0,44,5,0,39,0,0
205522,Daymar College-New Boston,2012,"Under 1,000",122,95,27,106,122,1,16,105,0,0,95,0,15,80,0,0,27,1,1,25,0,0
205531,Daymar College-Jackson,2012,"Under 1,000",128,99,29,111,128,5,8,115,0,0,99,4,6,89,0,0,29,1,2,26,0,0
205559,Daymar College-Lancaster,2012,"Under 1,000",57,42,15,48,57,7,9,41,0,0,42,5,7,30,0,0,15,2,2,11,0,0
205568,Daymar College-Chillicothe,2012,"Under 1,000",155,113,42,130,155,5,10,140,0,0,113,5,6,102,0,0,42,0,4,38,0,0
205610,Brown Mackie College-Cincinnati,2012,"1,000 - 4,999",1320,1320,0,1320,1320,175,182,963,0,0,1320,175,182,963,0,0,0,0,0,0,0,0
205647,Brown Mackie College-Akron,2012,"Under 1,000",888,888,0,888,888,136,92,660,0,0,888,136,92,660,0,0,0,0,0,0,0,0
205841,Stark State College,2012,"10,000 - 19,999",15653,4677,10976,8362,15653,3270,1062,9328,1993,0,4677,1585,484,2473,135,0,10976,1685,578,6855,1858,0
205887,Stautzenberger College-Maumee,2012,"Under 1,000",848,336,512,539,848,108,126,609,5,0,336,61,65,210,0,0,512,47,61,399,5,0
205957,Franciscan University of Steubenville,2012,"1,000 - 4,999",2735,2159,576,2380,2097,435,157,1443,62,638,1969,435,153,1372,9,190,128,0,4,71,53,448
205966,Southern State Community College,2012,"1,000 - 4,999",2686,1292,1394,1760,2686,306,67,1864,449,0,1292,192,35,911,154,0,1394,114,32,953,295,0
206002,Ohio Mid-Western College,2012,"Under 1,000",145,139,6,141,145,47,24,73,1,0,139,45,24,70,0,0,6,2,0,3,1,0
206011,Terra State Community College,2012,"1,000 - 4,999",3187,1253,1934,1902,3187,518,83,1824,762,0,1253,318,55,734,146,0,1934,200,28,1090,616,0
206039,Tiffin Academy of Hair Design,2012,"Under 1,000",68,68,0,68,68,37,0,31,0,0,68,37,0,31,0,0,0,0,0,0,0,0
206048,Tiffin University,2012,"5,000 - 9,999",6920,2924,3996,4483,5728,1313,410,3293,712,1192,2766,701,304,1747,14,158,2962,612,106,1546,698,1034
206084,University of Toledo,2012,"20,000 and above",21453,16618,4835,18506,16837,3423,1053,11658,703,4616,13519,3338,786,9283,112,3099,3318,85,267,2375,591,1517
206093,Kaplan Career Institute-Cleveland,2012,"Under 1,000",301,277,24,287,301,70,16,215,0,0,277,66,9,202,0,0,24,4,7,13,0,0
206154,Tri-State Bible College,2012,"Under 1,000",60,24,36,38,60,2,7,51,0,0,24,1,3,20,0,0,36,1,4,31,0,0
206172,Tri-County Adult Career Center,2012,"Under 1,000",138,138,0,138,138,82,0,56,0,0,138,82,0,56,0,0,0,0,0,0,0,0
206181,Tri-Rivers Career Center,2012,"Under 1,000",147,126,21,133,147,21,0,126,0,0,126,20,0,106,0,0,21,1,0,20,0,0
206215,Trinity Lutheran Seminary,2012,"Under 1,000",116,62,54,83,0,0,0,0,0,116,0,0,0,0,0,62,0,0,0,0,0,54
206224,Trumbull Business College,2012,"Under 1,000",235,173,62,198,235,35,26,174,0,0,173,29,20,124,0,0,62,6,6,50,0,0
206279,Union Institute & University,2012,"1,000 - 4,999",1666,868,798,1179,1225,20,415,749,41,441,678,9,253,416,0,190,547,11,162,333,41,251
206288,United Theological Seminary,2012,"Under 1,000",576,512,64,536,0,0,0,0,0,576,0,0,0,0,0,512,0,0,0,0,0,64
206321,Upper Valley Career Center,2012,"Under 1,000",619,56,563,245,619,12,0,607,0,0,56,12,0,44,0,0,563,0,0,563,0,0
206330,Urbana University,2012,"1,000 - 4,999",1759,822,937,1189,1582,250,139,722,471,177,770,196,70,488,16,52,812,54,69,234,455,125
206349,Ursuline College,2012,"1,000 - 4,999",1496,742,754,1033,879,90,125,648,16,617,573,89,68,416,0,169,306,1,57,232,16,448
206358,Valley Beauty School,2012,"Under 1,000",27,27,0,27,27,5,0,22,0,0,27,5,0,22,0,0,0,0,0,0,0,0
206394,Virginia Marti College of Art and Design,2012,"Under 1,000",188,128,60,152,188,17,24,139,8,0,128,17,17,94,0,0,60,0,7,45,8,0
206437,Walsh University,2012,"1,000 - 4,999",2834,2076,758,2370,2341,494,126,1644,77,493,1913,494,76,1340,3,163,428,0,50,304,74,330
206446,Washington State Community College,2012,"1,000 - 4,999",1888,828,1060,1184,1888,173,113,1233,369,0,828,77,57,629,65,0,1060,96,56,604,304,0
206482,Western Hills School of Beauty and Hair Design,2012,"Under 1,000",273,158,115,204,273,62,0,211,0,0,158,33,0,125,0,0,115,29,0,86,0,0
206491,Wilberforce University,2012,"Under 1,000",518,507,11,511,507,115,19,373,0,11,497,115,18,364,0,10,10,0,1,9,0,1
206507,Wilmington College,2012,"1,000 - 4,999",1310,1103,207,1184,1295,288,119,879,9,15,1095,286,85,722,2,8,200,2,34,157,7,7
206516,Winebrenner Theological Seminary,2012,"Under 1,000",78,35,43,51,0,0,0,0,0,78,0,0,0,0,0,35,0,0,0,0,0,43
206525,Wittenberg University,2012,"1,000 - 4,999",1894,1784,110,1827,1881,489,31,1314,47,13,1784,489,31,1259,5,0,97,0,0,55,42,13
206589,The College of Wooster,2012,"1,000 - 4,999",2080,2043,37,2058,2080,573,0,1465,42,0,2043,573,0,1458,12,0,37,0,0,7,30,0
206604,Wright State University-Main Campus,2012,"10,000 - 19,999",16780,13037,3743,14509,13143,2369,1101,9132,541,3637,10324,2327,812,7137,48,2713,2819,42,289,1995,493,924
206613,Wright State University-Lake Campus,2012,"1,000 - 4,999",1150,695,455,878,1104,202,61,575,266,46,653,188,47,416,2,42,451,14,14,159,264,4
206622,Xavier University,2012,"5,000 - 9,999",6643,4768,1875,5489,4478,1066,126,3159,127,2165,4066,1061,87,2917,1,702,412,5,39,242,126,1463
206631,ITT Technical Institute-Youngstown,2012,"Under 1,000",508,318,190,393,508,59,10,439,0,0,318,44,9,265,0,0,190,15,1,174,0,0
206695,Youngstown State University,2012,"10,000 - 19,999",13760,10488,3272,11785,12591,2218,530,9461,382,1169,9880,2090,393,7312,85,608,2711,128,137,2149,297,561
206783,American Broadcasting School-Oklahoma City,2012,"Under 1,000",24,24,0,24,24,11,0,13,0,0,24,11,0,13,0,0,0,0,0,0,0,0
206817,Bacone College,2012,"1,000 - 4,999",1040,902,138,956,1040,284,127,596,33,0,902,280,110,481,31,0,138,4,17,115,2,0
206835,Oklahoma Wesleyan University,2012,"1,000 - 4,999",1243,607,636,855,1103,151,187,691,74,140,596,139,47,410,0,11,507,12,140,281,74,129
206862,Southern Nazarene University,2012,"1,000 - 4,999",2149,2075,74,2104,1654,275,29,1350,0,495,1589,275,23,1291,0,486,65,0,6,59,0,9
206880,Broken Arrow Beauty College-Broken Arrow,2012,"Under 1,000",62,61,1,61,62,29,0,33,0,0,61,29,0,32,0,0,1,0,0,1,0,0
206905,Pontotoc Technology Center,2012,"Under 1,000",126,98,28,107,126,18,0,108,0,0,98,2,0,96,0,0,28,16,0,12,0,0
206914,Cameron University,2012,"5,000 - 9,999",6115,3924,2191,4794,5571,904,509,3855,303,544,3718,789,319,2601,9,206,1853,115,190,1254,294,338
206923,Carl Albert State College,2012,"1,000 - 4,999",2613,1734,879,2029,2613,838,0,1552,223,0,1734,733,0,991,10,0,879,105,0,561,213,0
206932,Central State Beauty Academy,2012,"Under 1,000",111,57,54,78,111,30,0,81,0,0,57,10,0,47,0,0,54,20,0,34,0,0
206941,University of Central Oklahoma,2012,"10,000 - 19,999",17211,11721,5490,13890,15379,2348,1789,11039,203,1832,11010,2169,1278,7470,93,711,4369,179,511,3569,110,1121
206969,Claremore Beauty College,2012,"Under 1,000",18,18,0,18,18,8,0,10,0,0,18,8,0,10,0,0,0,0,0,0,0,0
206996,Connors State College,2012,"1,000 - 4,999",2324,1529,795,1796,2324,550,161,1175,438,0,1529,474,94,810,151,0,795,76,67,365,287,0
207041,East Central University,2012,"1,000 - 4,999",4819,3321,1498,3895,3804,627,374,2800,3,1015,3039,603,266,2170,0,282,765,24,108,630,3,733
207050,Eastern Oklahoma State College,2012,"1,000 - 4,999",1941,1099,842,1382,1941,454,130,1012,345,0,1099,375,81,636,7,0,842,79,49,376,338,0
207069,Redlands Community College,2012,"1,000 - 4,999",2560,915,1645,1467,2560,487,665,615,793,0,915,347,238,326,4,0,1645,140,427,289,789,0
207087,Enid Beauty College,2012,"Under 1,000",40,40,0,40,40,14,0,26,0,0,40,14,0,26,0,0,0,0,0,0,0,0
207102,Eves College of Hairstyling,2012,"Under 1,000",98,98,0,98,98,16,0,82,0,0,98,16,0,82,0,0,0,0,0,0,0,0
207157,Hillsdale Free Will Baptist College,2012,"Under 1,000",217,182,35,196,210,54,0,152,4,7,181,53,0,128,0,1,29,1,0,24,4,6
207166,Hollywood Cosmetology Center,2012,"Under 1,000",21,21,0,21,21,14,0,7,0,0,21,14,0,7,0,0,0,0,0,0,0,0
207209,Langston University,2012,"1,000 - 4,999",2518,1963,555,2174,1998,419,220,1352,7,520,1742,417,166,1159,0,221,256,2,54,193,7,299
207236,Murray State College,2012,"1,000 - 4,999",2646,1301,1345,1753,2646,457,219,1185,785,0,1301,340,103,662,196,0,1345,117,116,523,589,0
207254,Spartan College of Aeronautics and Technology,2012,"Under 1,000",996,996,0,996,996,341,0,655,0,0,996,341,0,655,0,0,0,0,0,0,0,0
207263,Northeastern State University,2012,"5,000 - 9,999",8721,5778,2943,6934,7548,917,1284,5143,204,1173,5362,880,751,3683,48,416,2186,37,533,1460,156,757
207272,Beauty Technical College Inc,2012,"Under 1,000",44,44,0,44,44,33,0,11,0,0,44,33,0,11,0,0,0,0,0,0,0,0
207281,Northern Oklahoma College,2012,"5,000 - 9,999",5006,2579,2427,3394,5006,1006,562,2404,1034,0,2579,799,286,1434,60,0,2427,207,276,970,974,0
207290,Northeastern Oklahoma A&M College,2012,"1,000 - 4,999",2526,1848,678,2076,2526,818,218,1248,242,0,1848,766,155,898,29,0,678,52,63,350,213,0
207306,Northwestern Oklahoma State University,2012,"1,000 - 4,999",2302,1622,680,1891,2074,403,260,1330,81,228,1528,349,153,1026,0,94,546,54,107,304,81,134
207315,Oklahoma State University Center for Health Sciences,2012,"Under 1,000",457,430,27,440,0,0,0,0,0,457,0,0,0,0,0,430,0,0,0,0,0,27
207324,Oklahoma Christian University,2012,"1,000 - 4,999",2299,1994,305,2112,1932,451,0,1411,70,367,1805,438,0,1318,49,189,127,13,0,93,21,178
207342,University of Oklahoma-Health Sciences Center,2012,"1,000 - 4,999",3605,3010,595,3227,875,0,452,419,4,2730,827,0,439,388,0,2183,48,0,13,31,4,547
207351,Oklahoma Panhandle State University,2012,"1,000 - 4,999",1367,1098,269,1207,1367,321,13,953,80,0,1098,317,10,767,4,0,269,4,3,186,76,0
207388,Oklahoma State University-Main Campus,2012,"20,000 and above",25708,19597,6111,21925,20323,4139,1766,14198,220,5385,17517,3980,1391,12080,66,2080,2806,159,375,2118,154,3305
207397,Oklahoma State University-Oklahoma City,2012,"5,000 - 9,999",7134,2997,4137,4666,7134,908,2683,3028,515,0,2997,490,1161,1286,60,0,4137,418,1522,1742,455,0
207403,Oklahoma Baptist University,2012,"1,000 - 4,999",1979,1791,188,1865,1903,506,118,1086,193,76,1734,505,107,1062,60,57,169,1,11,24,133,19
207449,Oklahoma City Community College,2012,"10,000 - 19,999",14176,4826,9350,7965,14176,2316,1193,9692,975,0,4826,1118,374,3304,30,0,9350,1198,819,6388,945,0
207458,Oklahoma City University,2012,"1,000 - 4,999",3299,2672,627,2914,2071,320,277,1474,0,1228,1827,319,199,1309,0,845,244,1,78,165,0,383
207500,University of Oklahoma-Norman Campus,2012,"20,000 and above",27507,21272,6235,23653,21109,4138,1337,15226,408,6398,18111,4096,1047,12817,151,3161,2998,42,290,2409,257,3237
207537,Oklahoma School of Photography,2012,"Under 1,000",32,32,0,32,32,12,0,20,0,0,32,12,0,20,0,0,0,0,0,0,0,0
207564,Oklahoma State University Institute of Technology,2012,"1,000 - 4,999",3936,2108,1828,2846,3936,685,6,2226,1019,0,2108,625,4,1329,150,0,1828,60,2,897,869,0
207582,Oral Roberts University,2012,"1,000 - 4,999",3335,2897,438,3067,2782,469,238,2075,0,553,2545,465,220,1860,0,352,237,4,18,215,0,201
207607,Tulsa Technology Center-Peoria Campus,2012,"Under 1,000",436,56,380,184,436,33,0,403,0,0,56,16,0,40,0,0,380,17,0,363,0,0
207625,Platt College-Central OKC,2012,"Under 1,000",248,248,0,248,248,91,0,157,0,0,248,91,0,157,0,0,0,0,0,0,0,0
207661,Rogers State University,2012,"1,000 - 4,999",4774,2892,1882,3651,4774,849,464,2958,503,0,2892,712,289,1876,15,0,1882,137,175,1082,488,0
207670,Rose State College,2012,"5,000 - 9,999",7956,3030,4926,4684,7956,1406,1078,4675,797,0,3030,875,374,1723,58,0,4926,531,704,2952,739,0
207689,Saint Gregory's University,2012,"Under 1,000",711,359,352,497,670,98,175,397,0,41,333,87,77,169,0,26,337,11,98,228,0,15
207704,Standard Beauty College of Oklahoma,2012,"Under 1,000",120,120,0,120,120,13,0,107,0,0,120,13,0,107,0,0,0,0,0,0,0,0
207722,University of Science and Arts of Oklahoma,2012,"Under 1,000",982,802,180,875,982,179,114,670,19,0,802,165,87,550,0,0,180,14,27,120,19,0
207740,Seminole State College,2012,"1,000 - 4,999",2185,1072,1113,1446,2185,559,207,960,459,0,1072,411,123,523,15,0,1113,148,84,437,444,0
207786,Southern School of Beauty Inc,2012,"Under 1,000",31,31,0,31,31,30,0,1,0,0,31,30,0,1,0,0,0,0,0,0,0,0
207847,Southeastern Oklahoma State University,2012,"1,000 - 4,999",4103,2982,1121,3425,3722,590,748,2249,135,381,2827,570,487,1769,1,155,895,20,261,480,134,226
207856,Southwestern Christian University,2012,"Under 1,000",658,476,182,547,626,131,104,368,23,32,471,105,58,291,17,5,155,26,46,77,6,27
207865,Southwestern Oklahoma State University,2012,"5,000 - 9,999",5106,4028,1078,4451,4297,955,346,2823,173,809,3506,930,257,2319,0,522,791,25,89,504,173,287
207935,Tulsa Community College,2012,"10,000 - 19,999",19557,6994,12563,11212,19557,3246,1134,11438,3739,0,6994,1664,405,4000,925,0,12563,1582,729,7438,2814,0
207962,Tulsa Welding School-Tulsa,2012,"Under 1,000",989,989,0,989,989,360,0,629,0,0,989,360,0,629,0,0,0,0,0,0,0,0
207971,University of Tulsa,2012,"1,000 - 4,999",4326,3848,478,4032,3160,806,127,2184,43,1166,3007,797,111,2081,18,841,153,9,16,103,25,325
208017,Virgil's Beauty College,2012,"Under 1,000",43,43,0,43,43,6,0,37,0,0,43,6,0,37,0,0,0,0,0,0,0,0
208026,Indian Capital Technology Center-Tahlequah,2012,"Under 1,000",223,111,112,149,223,166,0,57,0,0,111,99,0,12,0,0,112,67,0,45,0,0
208035,Western Oklahoma State College,2012,"5,000 - 9,999",5263,844,4419,2328,5263,399,438,742,3684,0,844,308,129,379,28,0,4419,91,309,363,3656,0
208044,Woodward Beauty College,2012,"Under 1,000",29,29,0,29,29,22,0,7,0,0,29,22,0,7,0,0,0,0,0,0,0,0
208053,High Plains Technology Center,2012,"Under 1,000",216,40,176,99,216,36,0,33,147,0,40,27,0,13,0,0,176,9,0,20,147,0
208080,Academy of Hair Design-Salem,2012,"Under 1,000",56,56,0,56,56,11,0,45,0,0,56,11,0,45,0,0,0,0,0,0,0,0
208123,Abdill Career College Inc,2012,"Under 1,000",76,76,0,76,76,75,0,1,0,0,76,75,0,1,0,0,0,0,0,0,0,0
208187,Paul Mitchell the School-Portland,2012,,,,,,,,,,,,,,,,,,,,,,,
208239,The Art Institute of Portland,2012,"1,000 - 4,999",1550,1004,546,1218,1550,228,249,1065,8,0,1004,166,162,675,1,0,546,62,87,390,7,0
208248,Beau Monde College of Hair Design,2012,"Under 1,000",136,136,0,136,136,23,0,113,0,0,136,23,0,113,0,0,0,0,0,0,0,0
208275,Blue Mountain Community College,2012,"1,000 - 4,999",2911,1319,1592,1853,2911,467,271,1007,1166,0,1319,357,179,619,164,0,1592,110,92,388,1002,0
208318,Central Oregon Community College,2012,"5,000 - 9,999",7132,3184,3948,4509,7132,1144,471,4992,525,0,3184,650,236,2290,8,0,3948,494,235,2702,517,0
208390,Chemeketa Community College,2012,"10,000 - 19,999",12371,6225,6146,8288,12371,1423,160,9065,1723,0,6225,815,82,4851,477,0,6146,608,78,4214,1246,0
208406,Clackamas Community College,2012,"5,000 - 9,999",7646,3318,4328,4771,7646,1657,1275,4698,16,0,3318,730,556,2031,1,0,4328,927,719,2667,15,0
208415,Clatsop Community College,2012,"1,000 - 4,999",1071,399,672,625,1071,31,6,700,334,0,399,8,2,330,59,0,672,23,4,370,275,0
208433,College of Hair Design Careers,2012,"Under 1,000",73,73,0,73,73,16,0,57,0,0,73,16,0,57,0,0,0,0,0,0,0,0
208479,Concorde Career College-Portland,2012,"Under 1,000",912,912,0,912,912,223,0,689,0,0,912,223,0,689,0,0,0,0,0,0,0,0
208488,Concordia University-Portland,2012,"1,000 - 4,999",3111,2671,440,2842,1369,247,287,798,37,1742,1147,246,230,669,2,1524,222,1,57,129,35,218
208512,Sumner College,2012,"Under 1,000",249,246,3,247,249,37,0,212,0,0,246,37,0,209,0,0,3,0,0,3,0,0
208637,East West College of the Healing Arts,2012,"Under 1,000",243,0,243,96,243,167,0,76,0,0,0,0,0,0,0,0,243,167,0,76,0,0
208646,Eastern Oregon University,2012,"1,000 - 4,999",4208,2414,1794,3127,3845,426,668,2502,249,363,2318,381,380,1556,1,96,1527,45,288,946,248,267
208655,Phagans School of Hair Design-Portland,2012,"Under 1,000",154,154,0,154,154,14,0,140,0,0,154,14,0,140,0,0,0,0,0,0,0,0
208725,New Hope Christian College-Eugene,2012,"Under 1,000",220,203,17,210,220,58,31,118,13,0,203,56,31,110,6,0,17,2,0,8,7,0
208822,George Fox University,2012,"1,000 - 4,999",3484,2303,1181,2757,2184,422,221,1522,19,1300,1928,420,171,1337,0,375,256,2,50,185,19,925
208859,Phagans Grants Pass College of Beauty,2012,"Under 1,000",53,53,0,53,53,45,0,8,0,0,53,45,0,8,0,0,0,0,0,0,0,0
208965,ITT Technical Institute-Portland,2012,"Under 1,000",725,484,241,579,725,40,30,655,0,0,484,34,28,422,0,0,241,6,2,233,0,0
209038,Lane Community College,2012,"10,000 - 19,999",12192,5004,7188,7417,12192,1339,836,7782,2235,0,5004,671,382,3186,765,0,7188,668,454,4596,1470,0
209056,Lewis & Clark College,2012,"1,000 - 4,999",3702,3122,580,3344,2149,552,51,1436,110,1553,2121,552,51,1419,99,1001,28,0,0,17,11,552
209065,Linfield College-McMinnville Campus,2012,"1,000 - 4,999",1663,1633,30,1645,1663,443,51,1114,55,0,1633,443,51,1095,44,0,30,0,0,19,11,0
209074,Linn-Benton Community College,2012,"5,000 - 9,999",5974,2825,3149,3882,5974,2132,1480,2096,266,0,2825,1187,594,951,93,0,3149,945,886,1145,173,0
209083,Northwest College-Beaverton,2012,"Under 1,000",69,69,0,69,69,7,0,62,0,0,69,7,0,62,0,0,0,0,0,0,0,0
209108,Marylhurst University,2012,"1,000 - 4,999",1609,291,1318,801,817,9,163,573,72,792,195,4,53,138,0,96,622,5,110,435,72,696
209153,Phagans Medford Beauty School,2012,"Under 1,000",88,88,0,88,88,65,0,23,0,0,88,65,0,23,0,0,0,0,0,0,0,0
209205,Northwest College-Clackamas,2012,"Under 1,000",144,144,0,144,144,16,0,128,0,0,144,16,0,128,0,0,0,0,0,0,0,0
209241,Mount Angel Seminary,2012,"Under 1,000",183,167,16,173,77,13,0,64,0,106,77,13,0,64,0,90,0,0,0,0,0,16
209250,Mt Hood Community College,2012,"5,000 - 9,999",9847,4677,5170,6413,9847,2494,2479,4126,748,0,4677,1461,1048,2029,139,0,5170,1033,1431,2097,609,0
209287,Multnomah University,2012,"Under 1,000",850,666,184,737,503,32,69,402,0,347,414,30,57,327,0,252,89,2,12,75,0,95
209296,National College of Natural Medicine,2012,"Under 1,000",542,509,33,522,0,0,0,0,0,542,0,0,0,0,0,509,0,0,0,0,0,33
209348,Northwest Nannies Institute,2012,"Under 1,000",31,31,0,31,31,19,0,12,0,0,31,19,0,12,0,0,0,0,0,0,0,0
209409,Northwest Christian University,2012,"Under 1,000",631,507,124,555,456,68,75,308,5,175,356,68,61,227,0,151,100,0,14,81,5,24
209490,Oregon Health & Science University,2012,"1,000 - 4,999",2849,1495,1354,2013,825,0,347,478,0,2024,141,0,102,39,0,1354,684,0,245,439,0,670
209506,Oregon Institute of Technology,2012,"1,000 - 4,999",3991,2319,1672,2993,3960,404,666,2256,634,31,2305,388,408,1490,19,14,1655,16,258,766,615,17
209533,Oregon College of Art and Craft,2012,"Under 1,000",164,133,31,145,154,19,34,99,2,10,128,19,30,78,1,5,26,0,4,21,1,5
209542,Oregon State University,2012,"20,000 and above",26363,21084,5279,23161,21808,3513,2049,15534,712,4555,17794,3324,1475,12703,292,3290,4014,189,574,2831,420,1265
209551,University of Oregon,2012,"20,000 and above",24518,21914,2604,22938,20809,4031,1613,14820,345,3709,18847,3962,1397,13461,27,3067,1962,69,216,1359,318,642
209603,Pacific Northwest College of Art,2012,"Under 1,000",551,497,54,518,446,78,74,294,0,105,392,77,67,248,0,105,54,1,7,46,0,0
209612,Pacific University,2012,"1,000 - 4,999",3417,3177,240,3269,1717,460,129,1081,47,1700,1658,460,129,1055,14,1519,59,0,0,26,33,181
209667,Phagans Beauty College,2012,"Under 1,000",66,66,0,66,66,52,0,14,0,0,66,52,0,14,0,0,0,0,0,0,0,0
209676,Phagans Central Oregon Beauty College,2012,"Under 1,000",162,162,0,162,162,135,0,27,0,0,162,135,0,27,0,0,0,0,0,0,0,0
209694,Phagans School of Beauty,2012,"Under 1,000",64,64,0,64,64,52,0,12,0,0,64,52,0,12,0,0,0,0,0,0,0,0
209700,Phagans School of Hair Design,2012,"Under 1,000",147,147,0,147,147,25,0,122,0,0,147,25,0,122,0,0,0,0,0,0,0,0
209719,Phagans Tigard Beauty School,2012,"Under 1,000",33,33,0,33,33,8,0,25,0,0,33,8,0,25,0,0,0,0,0,0,0,0
209746,Portland Community College,2012,"20,000 and above",33767,14282,19485,20824,33767,2187,2637,25263,3680,0,14282,1155,1185,11210,732,0,19485,1032,1452,14053,2948,0
209807,Portland State University,2012,"20,000 and above",28287,17168,11119,21535,22770,1465,3492,15194,2619,5517,14511,1346,2379,10262,524,2657,8259,119,1113,4932,2095,2860
209825,University of Portland,2012,"1,000 - 4,999",3981,3458,523,3659,3402,874,84,2416,28,579,3320,873,82,2365,0,138,82,1,2,51,28,441
209922,Reed College,2012,"1,000 - 4,999",1455,1395,60,1418,1432,320,24,1046,42,23,1395,320,24,1039,12,0,37,0,0,7,30,23
209940,Rogue Community College,2012,"5,000 - 9,999",5556,2312,3244,3401,5556,850,163,3634,909,0,2312,389,83,1583,257,0,3244,461,80,2051,652,0
209986,Roseburg Beauty College,2012,"Under 1,000",38,38,0,38,38,8,0,30,0,0,38,8,0,30,0,0,0,0,0,0,0,0
210076,Pioneer Pacific College,2012,"1,000 - 4,999",1366,814,552,1031,1366,142,895,327,2,0,814,117,531,166,0,0,552,25,364,161,2,0
210100,Springfield College of Beauty,2012,"Under 1,000",78,78,0,78,78,8,0,70,0,0,78,8,0,70,0,0,0,0,0,0,0,0
210146,Southern Oregon University,2012,"5,000 - 9,999",6265,3994,2271,4899,5783,673,610,3356,1144,482,3777,641,469,2537,130,217,2006,32,141,819,1014,265
210155,Southwestern Oregon Community College,2012,"1,000 - 4,999",2122,1145,977,1473,2122,452,91,1134,445,0,1145,406,80,609,50,0,977,46,11,525,395,0
210234,Treasure Valley Community College,2012,"1,000 - 4,999",2688,1254,1434,1735,2688,620,131,1672,265,0,1254,384,95,740,35,0,1434,236,36,932,230,0
210270,Umpqua Community College,2012,"1,000 - 4,999",2607,1313,1294,1747,2607,221,455,1135,796,0,1313,157,172,611,373,0,1294,64,283,524,423,0
210304,Warner Pacific College,2012,"Under 1,000",552,525,27,536,551,86,130,335,0,1,524,86,121,317,0,1,27,0,9,18,0,0
210331,Corban University,2012,"1,000 - 4,999",1161,970,191,1044,955,218,51,648,38,206,887,218,50,598,21,83,68,0,1,50,17,123
210340,College of Cosmetology,2012,"Under 1,000",95,95,0,95,95,10,0,85,0,0,95,10,0,85,0,0,0,0,0,0,0,0
210359,Everest College-Portland,2012,"Under 1,000",315,150,165,216,315,27,22,266,0,0,150,23,19,108,0,0,165,4,3,158,0,0
210368,Western Seminary,2012,"Under 1,000",754,98,656,349,0,0,0,0,0,754,0,0,0,0,0,98,0,0,0,0,0,656
210401,Willamette University,2012,"1,000 - 4,999",2931,2725,206,2805,2101,525,32,1407,137,830,1968,525,32,1391,20,757,133,0,0,16,117,73
210429,Western Oregon University,2012,"5,000 - 9,999",6184,4886,1298,5386,5385,1032,631,3657,65,799,4649,1000,530,3115,4,237,736,32,101,542,61,562
210438,University of Western States,2012,"Under 1,000",589,464,125,512,60,4,0,43,13,529,0,0,0,0,0,464,60,4,0,43,13,65
210456,Abington Memorial Hospital Dixon School of Nursing,2012,"Under 1,000",233,233,0,233,233,0,0,233,0,0,233,0,0,233,0,0,0,0,0,0,0,0
210474,Jolie Hair and Beauty Academy-Hazleton,2012,"Under 1,000",93,50,43,67,93,75,0,18,0,0,50,39,0,11,0,0,43,36,0,7,0,0
210483,Keystone Technical Institute,2012,"Under 1,000",314,314,0,314,314,45,30,219,20,0,314,45,30,219,20,0,0,0,0,0,0,0
210492,Bryn Athyn College of the New Church,2012,"Under 1,000",256,245,11,249,243,55,7,179,2,13,239,54,7,176,2,6,4,1,0,3,0,7
210508,Academy of Vocal Arts,2012,"Under 1,000",25,25,0,25,0,0,0,0,0,25,0,0,0,0,0,25,0,0,0,0,0,0
210571,Albright College,2012,"1,000 - 4,999",2264,2163,101,2202,2199,410,96,1666,27,65,2163,410,96,1657,0,0,36,0,0,9,27,65
210599,All-State Career School-Lester,2012,"Under 1,000",391,391,0,391,391,123,0,268,0,0,391,123,0,268,0,0,0,0,0,0,0,0
210605,Community College of Allegheny County,2012,"10,000 - 19,999",19567,7259,12308,11391,19567,4371,952,13124,1120,0,7259,2473,409,4266,111,0,12308,1898,543,8858,1009,0
210669,Allegheny College,2012,"1,000 - 4,999",2140,2104,36,2118,2140,587,21,1504,28,0,2104,584,21,1492,7,0,36,3,0,12,21,0
210711,The Vision Academy,2012,"Under 1,000",90,72,18,79,90,71,0,19,0,0,72,61,0,11,0,0,18,10,0,8,0,0
210739,DeSales University,2012,"1,000 - 4,999",3245,2049,1196,2513,2468,389,96,1983,0,777,1817,389,96,1332,0,232,651,0,0,651,0,545
210748,Altoona Beauty School Inc,2012,"Under 1,000",143,77,66,103,143,74,0,69,0,0,77,43,0,34,0,0,66,31,0,35,0,0
210775,Alvernia University,2012,"1,000 - 4,999",2891,1805,1086,2227,2347,412,104,1607,224,544,1689,411,102,1175,1,116,658,1,2,432,223,428
210784,Magnolia School,2012,"Under 1,000",147,105,42,122,147,81,0,66,0,0,105,60,0,45,0,0,42,21,0,21,0,0
210809,American College of Financial Services,2012,Not reported,,,,,,,,,,,,,,,,,,,,,,
210890,Antonelli Institute,2012,"Under 1,000",176,176,0,176,176,68,24,84,0,0,176,68,24,84,0,0,0,0,0,0,0,0
210906,The Art Institutes of York-PA,2012,"Under 1,000",554,396,158,458,554,101,45,408,0,0,396,46,28,322,0,0,158,55,17,86,0,0
210942,The Art Institute of Philadelphia,2012,"1,000 - 4,999",2853,1570,1283,2074,2853,705,174,1974,0,0,1570,373,99,1098,0,0,1283,332,75,876,0,0
210951,Career Training Academy-New Kensington,2012,"Under 1,000",139,139,0,139,139,38,26,75,0,0,139,38,26,75,0,0,0,0,0,0,0,0
210960,The Art Institute of Pittsburgh,2012,"1,000 - 4,999",1942,1428,514,1630,1942,498,155,1288,1,0,1428,430,117,881,0,0,514,68,38,407,1,0
211006,Automotive Training Center-Exton,2012,"Under 1,000",358,307,51,327,358,59,0,299,0,0,307,52,0,255,0,0,51,7,0,44,0,0
211024,Baptist Bible College & Seminary of Pennsylvania,2012,"1,000 - 4,999",1107,681,426,846,758,94,64,551,49,349,523,89,52,371,11,158,235,5,12,180,38,191
211079,Community College of Beaver County,2012,"1,000 - 4,999",2562,1141,1421,1618,2562,302,399,1070,791,0,1141,217,194,516,214,0,1421,85,205,554,577,0
211088,Arcadia University,2012,"1,000 - 4,999",4027,2833,1194,3291,2359,680,137,1471,71,1668,2154,678,120,1354,2,679,205,2,17,117,69,989
211130,Biblical Theological Seminary,2012,"Under 1,000",335,211,124,258,0,0,0,0,0,335,0,0,0,0,0,211,0,0,0,0,0,124
211149,Bidwell Training Center Inc,2012,"Under 1,000",152,152,0,152,152,22,39,91,0,0,152,22,39,91,0,0,0,0,0,0,0,0
211158,Bloomsburg University of Pennsylvania,2012,"5,000 - 9,999",9950,9030,920,9386,9201,1924,457,6663,157,749,8642,1910,424,6264,44,388,559,14,33,399,113,361
211200,Bradford School,2012,"Under 1,000",465,465,0,465,465,231,0,234,0,0,465,231,0,234,0,0,0,0,0,0,0,0
211273,Bryn Mawr College,2012,"1,000 - 4,999",1765,1656,109,1698,1313,365,12,936,0,452,1309,365,12,932,0,347,4,0,0,4,0,105
211291,Bucknell University,2012,"1,000 - 4,999",3615,3566,49,3585,3533,915,26,2558,34,82,3512,915,26,2554,17,54,21,0,0,4,17,28
211307,Bucks County Community College,2012,"10,000 - 19,999",10252,3378,6874,5686,10252,2442,1202,6049,559,0,3378,1341,348,1657,32,0,6874,1101,854,4392,527,0
211316,Buck's County School of Beauty Culture Inc,2012,"Under 1,000",85,67,18,74,85,21,0,64,0,0,67,18,0,49,0,0,18,3,0,15,0,0
211334,Butler Beauty Academy,2012,"Under 1,000",38,38,0,38,38,27,0,11,0,0,38,27,0,11,0,0,0,0,0,0,0,0
211343,Butler County Community College,2012,"1,000 - 4,999",3864,1739,2125,2452,3864,861,160,2523,320,0,1739,567,73,1098,1,0,2125,294,87,1425,319,0
211352,Cabrini College,2012,"1,000 - 4,999",2828,1441,1387,1972,1432,384,73,922,53,1396,1298,384,64,850,0,143,134,0,9,72,53,1253
211361,California University of Pennsylvania,2012,"5,000 - 9,999",8608,6832,1776,7510,6681,953,631,5062,35,1927,5821,945,494,4379,3,1011,860,8,137,683,32,916
211398,Cambria-Rowe Business College-Johnstown,2012,"Under 1,000",129,126,3,127,129,34,12,83,0,0,126,34,11,81,0,0,3,0,1,2,0,0
211431,Carlow University,2012,"1,000 - 4,999",2922,1729,1193,2195,1955,219,193,1056,487,967,1040,210,116,700,14,689,915,9,77,356,473,278
211440,Carnegie Mellon University,2012,"10,000 - 19,999",11978,10896,1082,11311,5921,1408,69,4371,73,6057,5737,1408,68,4251,10,5159,184,0,1,120,63,898
211468,Cedar Crest College,2012,"1,000 - 4,999",1567,739,828,1062,1359,145,177,988,49,208,700,145,85,470,0,39,659,0,92,518,49,169
211477,Central Penn College,2012,"1,000 - 4,999",1342,636,706,913,1342,121,0,1219,2,0,636,75,0,560,1,0,706,46,0,659,1,0
211556,Chatham University,2012,"1,000 - 4,999",2178,1485,693,1753,922,117,63,497,245,1256,629,117,60,420,32,856,293,0,3,77,213,400
211583,Chestnut Hill College,2012,"1,000 - 4,999",2301,1526,775,1826,1581,211,201,1144,25,720,1257,210,148,898,1,269,324,1,53,246,24,451
211608,Cheyney University of Pennsylvania,2012,"1,000 - 4,999",1284,1185,99,1223,1224,316,101,793,14,60,1160,315,94,737,14,25,64,1,7,56,0,35
211617,Kaplan Career Institute-Franklin Mills,2012,"Under 1,000",750,660,90,696,750,157,25,567,1,0,660,149,20,491,0,0,90,8,5,76,1,0
211635,Citizens School of Nursing,2012,"Under 1,000",174,174,0,174,174,0,0,174,0,0,174,0,0,174,0,0,0,0,0,0,0,0
211644,Clarion University of Pennsylvania,2012,"5,000 - 9,999",6520,4894,1626,5520,5518,1132,362,3843,181,1002,4609,1094,252,3260,3,285,909,38,110,583,178,717
211802,Conemaugh Valley Memorial Hospital,2012,"Under 1,000",212,211,1,211,212,0,0,212,0,0,211,0,0,211,0,0,1,0,0,1,0,0
211820,Consolidated School of Business-York,2012,"Under 1,000",122,121,1,121,122,19,9,94,0,0,121,19,8,94,0,0,1,0,1,0,0,0
211893,Curtis Institute of Music,2012,"Under 1,000",166,166,0,166,125,28,2,95,0,41,125,28,2,95,0,41,0,0,0,0,0,0
211909,Dean Institute of Technology,2012,"Under 1,000",165,119,46,137,165,69,0,96,0,0,119,54,0,65,0,0,46,15,0,31,0,0
211927,Delaware County Community College,2012,"10,000 - 19,999",13051,4933,8118,7659,13051,2849,1348,8854,0,0,4933,1507,493,2933,0,0,8118,1342,855,5921,0,0
211981,Delaware Valley College,2012,"1,000 - 4,999",2205,1836,369,1979,1945,465,99,1330,51,260,1723,465,99,1157,2,113,222,0,0,173,49,147
212009,Dickinson College,2012,"1,000 - 4,999",2386,2341,45,2359,2386,602,20,1718,46,0,2341,601,20,1707,13,0,45,1,0,11,33,0
212018,The Dickinson School of Law of the Pennsylvania State University,2012,"Under 1,000",169,169,0,169,0,0,0,0,0,169,0,0,0,0,0,169,0,0,0,0,0,0
212045,Douglas Education Center,2012,"Under 1,000",259,258,1,258,259,81,47,131,0,0,258,81,47,130,0,0,1,0,0,1,0,0
212054,Drexel University,2012,"20,000 and above",25500,18009,7491,20901,15876,3106,1363,11124,283,9624,13072,3027,895,9139,11,4937,2804,79,468,1985,272,4687
212072,Du Bois Business College-Du Bois,2012,"Under 1,000",80,71,9,75,80,31,13,36,0,0,71,31,10,30,0,0,9,0,3,6,0,0
212090,Everest Institute-Pittsburgh,2012,"Under 1,000",587,419,168,486,587,51,83,453,0,0,419,39,67,313,0,0,168,12,16,140,0,0
212106,Duquesne University,2012,"5,000 - 9,999",9956,9119,837,9441,5832,1526,166,4113,27,4124,5650,1521,159,3960,10,3469,182,5,7,153,17,655
212115,East Stroudsburg University of Pennsylvania,2012,"5,000 - 9,999",6943,6040,903,6392,6355,1273,597,4419,66,588,5741,1227,523,3960,31,299,614,46,74,459,35,289
212133,Eastern University,2012,"1,000 - 4,999",4263,2954,1309,3460,2701,459,271,1907,64,1562,2179,442,121,1616,0,775,522,17,150,291,64,787
212160,Edinboro University of Pennsylvania,2012,"5,000 - 9,999",7462,6078,1384,6601,6090,1235,270,4487,98,1372,5565,1222,246,4091,6,513,525,13,24,396,92,859
212197,Elizabethtown College,2012,"1,000 - 4,999",1910,1883,27,1894,1885,503,23,1331,28,25,1858,503,23,1323,9,25,27,0,0,8,19,0
212212,Empire Beauty School-State College,2012,"Under 1,000",47,47,0,47,47,24,0,23,0,0,47,24,0,23,0,0,0,0,0,0,0,0
212230,Empire Beauty School-Lebanon,2012,"Under 1,000",39,39,0,39,39,23,0,16,0,0,39,23,0,16,0,0,0,0,0,0,0,0
212267,Empire Beauty School-York,2012,"Under 1,000",151,101,50,121,151,52,0,99,0,0,101,35,0,66,0,0,50,17,0,33,0,0
212276,Empire Beauty School-Lancaster,2012,"Under 1,000",117,84,33,97,117,42,0,75,0,0,84,35,0,49,0,0,33,7,0,26,0,0
212285,Empire Beauty School-Williamsport,2012,"Under 1,000",54,46,8,49,54,25,0,29,0,0,46,22,0,24,0,0,8,3,0,5,0,0
212294,Empire Beauty School-Shamokin Dam,2012,"Under 1,000",52,49,3,50,52,20,0,32,0,0,49,20,0,29,0,0,3,0,0,3,0,0
212300,Empire Beauty School-Pottsville,2012,"Under 1,000",48,48,0,48,48,23,0,25,0,0,48,23,0,25,0,0,0,0,0,0,0,0
212328,Empire Beauty  School-Lehigh Valley,2012,"Under 1,000",139,97,42,114,139,53,0,86,0,0,97,36,0,61,0,0,42,17,0,25,0,0
212337,Empire Beauty School-Gwinnett,2012,"Under 1,000",139,95,44,112,139,48,0,91,0,0,95,32,0,63,0,0,44,16,0,28,0,0
212355,Empire Beauty School-Wyoming Valley,2012,"Under 1,000",202,164,38,179,202,90,0,112,0,0,164,76,0,88,0,0,38,14,0,24,0,0
212373,Empire Beauty School-Warminster,2012,"Under 1,000",87,67,20,75,87,29,0,58,0,0,67,25,0,42,0,0,20,4,0,16,0,0
212382,Empire Beauty School-Harrisburg,2012,"Under 1,000",160,113,47,132,160,67,0,93,0,0,113,49,0,64,0,0,47,18,0,29,0,0
212391,Empire Beauty School-Reading,2012,"Under 1,000",141,105,36,119,141,52,0,89,0,0,105,45,0,60,0,0,36,7,0,29,0,0
212434,Erie Institute of Technology Inc,2012,"Under 1,000",232,232,0,232,232,86,0,146,0,0,232,86,0,146,0,0,0,0,0,0,0,0
212443,Evangelical Theological Seminary,2012,"Under 1,000",123,36,87,69,0,0,0,0,0,123,0,0,0,0,0,36,0,0,0,0,0,87
212452,Faith Theological Seminary,2012,,,,,,,,,,,,,,,,,,,,,,,
212568,Aria Health School of Nursing,2012,"Under 1,000",195,195,0,195,195,12,0,183,0,0,195,12,0,183,0,0,0,0,0,0,0,0
212577,Franklin and Marshall College,2012,"1,000 - 4,999",2365,2307,58,2330,2365,599,16,1698,52,0,2307,599,16,1687,5,0,58,0,0,11,47,0
212601,Gannon University,2012,"1,000 - 4,999",4008,3029,979,3408,3008,630,152,1892,334,1000,2525,618,114,1791,2,504,483,12,38,101,332,496
212656,Geneva College,2012,"1,000 - 4,999",1856,1673,183,1744,1552,340,43,1153,16,304,1467,339,41,1081,6,206,85,1,2,72,10,98
212674,Gettysburg College,2012,"1,000 - 4,999",2600,2579,21,2587,2600,769,9,1813,9,0,2579,769,9,1801,0,0,21,0,0,12,9,0
212683,Empire Beauty School-Exton,2012,"Under 1,000",82,53,29,65,82,21,0,61,0,0,53,15,0,38,0,0,29,6,0,23,0,0
212708,Empire Beauty School-Laurel Springs,2012,"Under 1,000",136,95,41,111,136,54,0,82,0,0,95,40,0,55,0,0,41,14,0,27,0,0
212753,Empire Beauty School-NE Philadelphia,2012,"Under 1,000",219,167,52,188,219,110,0,109,0,0,167,91,0,76,0,0,52,19,0,33,0,0
212771,Gratz College,2012,"Under 1,000",695,12,683,274,73,0,10,19,44,622,2,0,1,1,0,10,71,0,9,18,44,612
212805,Grove City College,2012,"1,000 - 4,999",2506,2469,37,2484,2506,670,35,1778,23,0,2469,670,35,1761,3,0,37,0,0,17,20,0
212832,Gwynedd Mercy University,2012,"1,000 - 4,999",2572,2136,436,2305,2223,250,257,1676,40,349,1993,250,218,1524,1,143,230,0,39,152,39,206
212869,Harcum College,2012,"1,000 - 4,999",1562,1005,557,1226,1562,290,335,883,54,0,1005,262,161,582,0,0,557,28,174,301,54,0
212878,Harrisburg Area Community College-Harrisburg,2012,"20,000 and above",21945,6882,15063,11939,21945,2077,527,11094,8247,0,6882,1016,222,2701,2943,0,15063,1061,305,8393,5304,0
212911,Haverford College,2012,"1,000 - 4,999",1205,1205,0,1205,1205,323,4,873,5,0,1205,323,4,873,5,0,0,0,0,0,0,0
212975,Commonwealth Technical Institute,2012,"Under 1,000",238,235,3,236,238,90,0,148,0,0,235,90,0,145,0,0,3,0,0,3,0,0
212984,Holy Family University,2012,"1,000 - 4,999",3094,1595,1499,2174,2139,309,203,1538,89,955,1544,308,176,1059,1,51,595,1,27,479,88,904
212993,Hussian School of Art,2012,"Under 1,000",98,98,0,98,98,14,2,82,0,0,98,14,2,82,0,0,0,0,0,0,0,0
213002,Kaplan Career Institute-Pittsburgh,2012,"Under 1,000",631,436,195,513,631,70,64,497,0,0,436,63,29,344,0,0,195,7,35,153,0,0
213011,Immaculata University,2012,"1,000 - 4,999",4117,1360,2757,2432,2883,249,328,2106,200,1234,1175,244,63,864,4,185,1708,5,265,1242,196,1049
213020,Indiana University of Pennsylvania-Main Campus,2012,"10,000 - 19,999",15596,13507,2089,14299,13275,3057,691,9279,248,2321,12409,3039,639,8651,80,1098,866,18,52,628,168,1223
213163,Jameson Health System,2012,"Under 1,000",76,76,0,76,76,0,0,76,0,0,76,0,0,76,0,0,0,0,0,0,0,0
213181,Great Lakes Institute of Technology,2012,"Under 1,000",488,488,0,488,488,283,0,205,0,0,488,283,0,205,0,0,0,0,0,0,0,0
213215,Jolie Hair and Beauty Academy-Wilkes-Barre,2012,"Under 1,000",181,133,48,152,181,129,0,52,0,0,133,89,0,44,0,0,48,40,0,8,0,0
213233,Johnson College,2012,"Under 1,000",452,443,9,447,452,190,64,198,0,0,443,190,62,191,0,0,9,0,2,7,0,0
213251,Juniata College,2012,"1,000 - 4,999",1565,1507,58,1530,1558,402,29,1025,102,7,1500,402,29,1022,47,7,58,0,0,3,55,0
213303,Keystone College,2012,"1,000 - 4,999",1683,1397,286,1509,1670,363,131,1155,21,13,1388,362,129,896,1,9,282,1,2,259,20,4
213321,King's College,2012,"1,000 - 4,999",2494,2042,452,2217,2218,514,92,1442,170,276,1981,514,88,1372,7,61,237,0,4,70,163,215
213330,Kittanning Beauty School,2012,"Under 1,000",21,21,0,21,21,11,0,10,0,0,21,11,0,10,0,0,0,0,0,0,0,0
213349,Kutztown University of Pennsylvania,2012,"5,000 - 9,999",9804,8891,913,9242,9135,1997,752,6167,219,669,8641,1990,716,5774,161,250,494,7,36,393,58,419
213358,La Roche College,2012,"1,000 - 4,999",1465,1155,310,1276,1345,249,200,874,22,120,1103,249,137,717,0,52,242,0,63,157,22,68
213367,La Salle University,2012,"5,000 - 9,999",6567,3925,2642,4945,4516,926,255,3121,214,2051,3557,925,161,2467,4,368,959,1,94,654,210,1683
213376,Lackawanna College,2012,"1,000 - 4,999",1522,1042,480,1233,1522,381,3,1002,136,0,1042,337,2,689,14,0,480,44,1,313,122,0
213385,Lafayette College,2012,"1,000 - 4,999",2488,2438,50,2458,2488,629,12,1813,34,0,2438,629,12,1795,2,0,50,0,0,18,32,0
213400,Lancaster Bible College,2012,"1,000 - 4,999",1371,814,557,1031,1150,148,252,651,99,221,777,141,163,473,0,37,373,7,89,178,99,184
213446,Lancaster Theological Seminary,2012,"Under 1,000",127,89,38,104,0,0,0,0,0,127,0,0,0,0,0,89,0,0,0,0,0,38
213455,Lancaster School of Cosmetology,2012,"Under 1,000",228,41,187,115,228,126,0,102,0,0,41,24,0,17,0,0,187,102,0,85,0,0
213473,Lansdale School of Business,2012,"Under 1,000",451,218,233,311,451,94,0,357,0,0,218,49,0,169,0,0,233,45,0,188,0,0
213491,Lansdale School of Cosmetology Inc,2012,"Under 1,000",60,20,40,36,60,37,0,23,0,0,20,16,0,4,0,0,40,21,0,19,0,0
213507,Lebanon Valley College,2012,"1,000 - 4,999",1984,1687,297,1802,1744,404,58,1216,66,240,1618,404,57,1150,7,69,126,0,1,66,59,171
213525,Lehigh Carbon Community College,2012,"5,000 - 9,999",7323,2725,4598,4269,7323,1436,695,4062,1130,0,2725,991,276,1449,9,0,4598,445,419,2613,1121,0
213534,Berks Technical Institute,2012,"1,000 - 4,999",1139,787,352,927,1139,270,25,844,0,0,787,197,16,574,0,0,352,73,9,270,0,0
213543,Lehigh University,2012,"5,000 - 9,999",7080,6015,1065,6423,4883,1217,51,3589,26,2197,4824,1217,51,3536,20,1191,59,0,0,53,6,1006
213552,Levittown Beauty Academy,2012,"Under 1,000",90,60,30,72,90,24,0,66,0,0,60,22,0,38,0,0,30,2,0,28,0,0
213570,Lincoln Technical Institute-Allentown,2012,"Under 1,000",637,637,0,637,637,136,1,500,0,0,637,136,1,500,0,0,0,0,0,0,0,0
213589,Lincoln Technical Institute-Philadelphia,2012,"Under 1,000",364,296,68,323,364,143,0,221,0,0,296,123,0,173,0,0,68,20,0,48,0,0
213598,Lincoln University of Pennsylvania,2012,"1,000 - 4,999",2101,1867,234,1956,1680,448,114,1107,11,421,1569,447,73,1048,1,298,111,1,41,59,10,123
213613,Lock Haven University,2012,"5,000 - 9,999",5328,4810,518,5011,4969,1155,229,3493,92,359,4638,1140,205,3259,34,172,331,15,24,234,58,187
213622,St Margaret School of Nursing,2012,"Under 1,000",123,112,11,116,123,0,0,123,0,0,112,0,0,112,0,0,11,0,0,11,0,0
213631,Lutheran Theological Seminary at Gettysburg,2012,"Under 1,000",123,76,47,94,0,0,0,0,0,123,0,0,0,0,0,76,0,0,0,0,0,47
213640,Lutheran Theological Seminary at Philadelphia,2012,"Under 1,000",230,106,124,153,0,0,0,0,0,230,0,0,0,0,0,106,0,0,0,0,0,124
213659,Luzerne County Community College,2012,"5,000 - 9,999",6579,3335,3244,4424,6579,1722,380,4182,295,0,3335,1240,194,1899,2,0,3244,482,186,2283,293,0
213668,Lycoming College,2012,"1,000 - 4,999",1354,1342,12,1347,1354,321,34,987,12,0,1342,321,34,982,5,0,12,0,0,5,7,0
213774,Manor College,2012,"Under 1,000",926,616,310,739,926,229,102,534,61,0,616,213,67,333,3,0,310,16,35,201,58,0
213783,Mansfield University of Pennsylvania,2012,"1,000 - 4,999",3131,2602,529,2805,2824,587,242,1914,81,307,2557,584,187,1776,10,45,267,3,55,138,71,262
213826,Marywood University,2012,"1,000 - 4,999",3283,2691,592,2919,2244,461,140,1573,70,1039,2107,454,130,1498,25,584,137,7,10,75,45,455
213914,Vet Tech Institute,2012,"Under 1,000",337,337,0,337,337,88,103,146,0,0,337,88,103,146,0,0,0,0,0,0,0,0
213932,Roxborough Memorial Hospital School of Nursing,2012,"Under 1,000",136,136,0,136,136,0,0,136,0,0,136,0,0,136,0,0,0,0,0,0,0,0
213987,Mercyhurst University,2012,"1,000 - 4,999",3103,2819,284,2929,2771,681,141,1943,6,332,2608,669,132,1806,1,211,163,12,9,137,5,121
213996,Messiah College,2012,"1,000 - 4,999",3017,2746,271,2850,2798,708,73,1973,44,219,2710,708,73,1924,5,36,88,0,0,49,39,183
214023,Metropolitan Career Center Computer Technology Institute,2012,"Under 1,000",82,51,31,63,82,27,8,47,0,0,51,21,6,24,0,0,31,6,2,23,0,0
214041,Millersville University of Pennsylvania,2012,"5,000 - 9,999",8368,6942,1426,7489,7424,1318,683,5324,99,944,6675,1310,588,4752,25,267,749,8,95,572,74,677
214069,Misericordia University,2012,"1,000 - 4,999",2953,1962,991,2348,2427,523,252,1604,48,526,1767,511,98,1158,0,195,660,12,154,446,48,331
214111,Montgomery County Community College,2012,"10,000 - 19,999",13645,5013,8632,7911,13645,2519,1085,8939,1102,0,5013,1477,507,3003,26,0,8632,1042,578,5936,1076,0
214148,Moore College of Art and Design,2012,"Under 1,000",529,477,52,497,482,105,41,336,0,47,451,104,37,310,0,26,31,1,4,26,0,21
214157,Moravian College,2012,"1,000 - 4,999",1910,1508,402,1663,1582,378,79,1019,106,328,1459,378,78,991,12,49,123,0,1,28,94,279
214166,Mount Aloysius College,2012,"1,000 - 4,999",1768,1278,490,1470,1706,379,153,1000,174,62,1241,372,113,755,1,37,465,7,40,245,173,25
214175,Muhlenberg College,2012,"1,000 - 4,999",2422,2301,121,2349,2422,581,21,1730,90,0,2301,581,9,1677,34,0,121,0,12,53,56,0
214254,Kaplan Career Institute-Philadelphia,2012,"Under 1,000",752,752,0,752,752,269,48,434,1,0,752,269,48,434,1,0,0,0,0,0,0,0
214272,Neumann University,2012,"1,000 - 4,999",3100,2297,803,2609,2674,574,125,1879,96,426,2166,574,117,1461,14,131,508,0,8,418,82,295
214290,New Castle School of Trades,2012,"Under 1,000",872,872,0,872,872,258,0,614,0,0,872,258,0,614,0,0,0,0,0,0,0,0
214379,Northampton County Area Community College,2012,"10,000 - 19,999",11018,4668,6350,6800,11018,2274,3393,4882,469,0,4668,1523,1149,1976,20,0,6350,751,2244,2906,449,0
214476,Pittsburgh's Ohio Valley Hospital School of Nursing,2012,"Under 1,000",72,41,31,53,72,16,0,56,0,0,41,4,0,37,0,0,31,12,0,19,0,0
214528,Orleans Technical Institute,2012,"Under 1,000",501,386,115,432,501,290,4,207,0,0,386,257,3,126,0,0,115,33,1,81,0,0
214546,Pennsylvania Academy of Cosmetology Arts and Sciences-Johnstown,2012,"Under 1,000",58,48,10,52,58,38,0,20,0,0,48,35,0,13,0,0,10,3,0,7,0,0
214564,Salus University,2012,"Under 1,000",973,854,119,899,0,0,0,0,0,973,0,0,0,0,0,854,0,0,0,0,0,119
214582,Pennsylvania Institute of Technology,2012,"Under 1,000",763,505,258,607,763,407,0,353,3,0,505,329,0,176,0,0,258,78,0,177,3,0
214591,Pennsylvania State University-Penn State Erie-Behrend College,2012,"1,000 - 4,999",4149,3748,401,3907,4065,1080,123,2656,206,84,3723,1068,105,2488,62,25,342,12,18,168,144,59
214607,Pennsylvania State University-Penn State Great Valley,2012,"Under 1,000",604,62,542,258,0,0,0,0,0,604,0,0,0,0,0,62,0,0,0,0,0,542
214616,Pennsylvania State University-College of Medicine,2012,"Under 1,000",792,755,37,768,0,0,0,0,0,792,0,0,0,0,0,755,0,0,0,0,0,37
214625,Pennsylvania State University-Penn State New Kensington,2012,"Under 1,000",715,558,157,621,715,154,52,444,65,0,558,152,42,349,15,0,157,2,10,95,50,0
214634,Pennsylvania State University-Penn State Shenango,2012,"Under 1,000",578,336,242,434,578,90,55,339,94,0,336,82,16,213,25,0,242,8,39,126,69,0
214643,Pennsylvania State University-Penn State Wilkes-Barre,2012,"Under 1,000",647,539,108,581,617,148,27,386,56,30,539,148,27,356,8,0,78,0,0,30,48,30
214652,Pennsylvania State University-Penn State Worthington Scranton,2012,"1,000 - 4,999",1234,990,244,1088,1234,282,57,791,104,0,990,275,45,630,40,0,244,7,12,161,64,0
214670,Pennsylvania State University-Penn State Lehigh Valley,2012,"Under 1,000",945,748,197,827,907,225,50,512,120,38,728,221,42,437,28,20,179,4,8,75,92,18
214689,Pennsylvania State University-Penn State Altoona,2012,"1,000 - 4,999",3863,3660,203,3742,3863,1379,76,2333,75,0,3660,1373,67,2175,45,0,203,6,9,158,30,0
214698,Pennsylvania State University-Penn State Beaver,2012,"Under 1,000",759,634,125,684,759,208,32,416,103,0,634,205,31,381,17,0,125,3,1,35,86,0
214704,Pennsylvania State University-Penn State Berks,2012,"1,000 - 4,999",2747,2432,315,2559,2743,814,128,1635,166,4,2432,802,108,1473,49,0,311,12,20,162,117,4
214713,Pennsylvania State University-Penn State Harrisburg,2012,"1,000 - 4,999",4376,3100,1276,3583,3426,628,367,2260,171,950,2905,625,299,1938,43,195,521,3,68,322,128,755
214731,Pennsylvania State University-Penn State Brandywine,2012,"1,000 - 4,999",1581,1338,243,1436,1581,368,60,975,178,0,1338,363,48,849,78,0,243,5,12,126,100,0
214740,Pennsylvania State University-Penn State Dubois,2012,"Under 1,000",705,554,151,615,704,183,18,379,124,1,554,173,13,322,46,0,150,10,5,57,78,1
214759,Pennsylvania State University-Penn State Fayette- Eberly,2012,"Under 1,000",867,680,187,755,867,224,37,557,49,0,680,217,20,431,12,0,187,7,17,126,37,0
214768,Pennsylvania State University-Penn State Hazleton,2012,"1,000 - 4,999",1060,1000,60,1024,1060,433,51,553,23,0,1000,433,39,516,12,0,60,0,12,37,11,0
214777,Pennsylvania State University-Main Campus,2012,"20,000 and above",45783,43691,2092,44501,39192,7649,435,30463,645,6591,37917,7605,420,29594,298,5774,1275,44,15,869,347,817
214786,Pennsylvania State University-Penn State Greater Allegheny,2012,"Under 1,000",635,582,53,603,635,201,23,372,39,0,582,201,21,338,22,0,53,0,2,34,17,0
214795,Pennsylvania State University-Penn State Mont Alto,2012,"1,000 - 4,999",1107,831,276,942,1106,325,48,635,98,1,831,313,25,469,24,0,275,12,23,166,74,1
214801,Pennsylvania State University-Penn State Abington,2012,"1,000 - 4,999",3516,2728,788,3046,3506,691,185,2202,428,10,2728,685,142,1820,81,0,778,6,43,382,347,10
214810,Pennsylvania State University-Penn State Schuylkill,2012,"Under 1,000",867,696,171,765,867,248,43,516,60,0,696,244,35,386,31,0,171,4,8,130,29,0
214829,Pennsylvania State University-Penn State York,2012,"1,000 - 4,999",1208,829,379,980,1155,300,48,628,179,53,829,295,39,465,30,0,326,5,9,163,149,53
214838,Pace Institute,2012,"Under 1,000",251,251,0,251,251,13,44,194,0,0,251,13,44,194,0,0,0,0,0,0,0,0
214883,Peirce College,2012,"1,000 - 4,999",2261,715,1546,1322,2261,135,216,1903,7,0,715,23,63,629,0,0,1546,112,153,1274,7,0
214892,Penn Commercial Business/Technical School,2012,"Under 1,000",382,382,0,382,382,130,0,252,0,0,382,130,0,252,0,0,0,0,0,0,0,0
214944,Pennco Tech-Bristol,2012,"Under 1,000",468,328,140,384,468,108,42,318,0,0,328,99,32,197,0,0,140,9,10,121,0,0
214962,Pennsylvania Academy of Cosmetology Arts and Sciences-Du Bois,2012,"Under 1,000",43,41,2,42,43,27,0,16,0,0,41,26,0,15,0,0,2,1,0,1,0,0
214971,Pennsylvania Academy of the Fine Arts,2012,"Under 1,000",294,285,9,289,182,30,20,132,0,112,173,30,20,123,0,112,9,0,0,9,0,0
215008,Pennsylvania Gunsmith School,2012,"Under 1,000",78,78,0,78,78,17,0,61,0,0,78,17,0,61,0,0,0,0,0,0,0,0
215026,Pennsylvania Institute of Taxidermy Inc,2012,"Under 1,000",11,11,0,11,11,4,0,7,0,0,11,4,0,7,0,0,0,0,0,0,0,0
215044,Cortiva Institute-Pennsylvania School of Muscle Therapy,2012,"Under 1,000",153,91,62,116,153,82,0,71,0,0,91,42,0,49,0,0,62,40,0,22,0,0
215053,Pennsylvania College of Art and Design,2012,"Under 1,000",245,223,22,232,245,63,20,162,0,0,223,62,18,143,0,0,22,1,2,19,0,0
215062,University of Pennsylvania,2012,"20,000 and above",24725,21416,3309,22695,11678,2453,205,8021,999,13047,10324,2397,200,7521,206,11092,1354,56,5,500,793,1955
215099,Philadelphia University,2012,"1,000 - 4,999",3540,3039,501,3233,2888,604,201,2078,5,652,2679,601,166,1912,0,360,209,3,35,166,5,292
215105,The University of the Arts,2012,"1,000 - 4,999",2126,2025,101,2064,1909,417,112,1352,28,217,1867,414,112,1323,18,158,42,3,0,29,10,59
215114,Cairn University-Langhorne,2012,"1,000 - 4,999",1176,885,291,997,928,154,95,674,5,248,853,151,84,618,0,32,75,3,11,56,5,216
215123,Philadelphia College of Osteopathic Medicine,2012,"1,000 - 4,999",2585,2480,105,2520,0,0,0,0,0,2585,0,0,0,0,0,2480,0,0,0,0,0,105
215132,University of the Sciences,2012,"1,000 - 4,999",2749,2520,229,2608,1793,483,67,1232,11,956,1774,483,67,1224,0,746,19,0,0,8,11,210
215239,Community College of Philadelphia,2012,"10,000 - 19,999",18920,5100,13820,9740,18920,4067,473,13518,862,0,5100,1402,207,3451,40,0,13820,2665,266,10067,822,0
215266,University of Pittsburgh-Bradford,2012,"1,000 - 4,999",1518,1378,140,1434,1518,376,123,993,26,0,1378,374,112,889,3,0,140,2,11,104,23,0
215275,University of Pittsburgh-Greensburg,2012,"1,000 - 4,999",1723,1606,117,1653,1723,394,143,1185,1,0,1606,394,128,1084,0,0,117,0,15,101,1,0
215284,University of Pittsburgh-Johnstown,2012,"1,000 - 4,999",2932,2823,109,2867,2932,776,139,2015,2,0,2823,774,129,1919,1,0,109,2,10,96,1,0
215293,University of Pittsburgh-Pittsburgh Campus,2012,"20,000 and above",28769,24962,3807,26388,18429,3640,924,13541,324,10340,17256,3638,826,12759,33,7706,1173,2,98,782,291,2634
215309,University of Pittsburgh-Titusville,2012,"Under 1,000",388,313,75,338,388,160,48,178,2,0,313,152,34,127,0,0,75,8,14,51,2,0
215336,Beaver Falls Beauty Academy,2012,"Under 1,000",50,50,0,50,50,21,0,29,0,0,50,21,0,29,0,0,0,0,0,0,0,0
215381,Pittsburgh Institute of Aeronautics,2012,"Under 1,000",324,324,0,324,324,102,42,180,0,0,324,102,42,180,0,0,0,0,0,0,0,0
215390,Pittsburgh Institute of Mortuary Science Inc,2012,"Under 1,000",213,94,119,141,213,67,0,146,0,0,94,49,0,45,0,0,119,18,0,101,0,0
215415,Pittsburgh Technical Institute,2012,"1,000 - 4,999",1791,1791,0,1791,1791,686,230,875,0,0,1791,686,230,875,0,0,0,0,0,0,0,0
215424,Pittsburgh Theological Seminary,2012,"Under 1,000",276,213,63,237,0,0,0,0,0,276,0,0,0,0,0,213,0,0,0,0,0,63
215433,Prism Career Institute-Upper Darby,2012,"Under 1,000",380,312,68,339,380,308,0,72,0,0,312,265,0,47,0,0,68,43,0,25,0,0
215442,Point Park University,2012,"1,000 - 4,999",3827,2767,1060,3179,3225,523,447,2197,58,602,2537,516,322,1699,0,230,688,7,125,498,58,372
215479,Joseph F McCloskey School of Nursing at Schuylkill Health,2012,"Under 1,000",61,61,0,61,61,0,0,61,0,0,61,0,0,61,0,0,0,0,0,0,0,0
215530,The Salon Professional Academy-Altoona,2012,"Under 1,000",41,39,2,40,41,22,0,19,0,0,39,21,0,18,0,0,2,1,0,1,0,0
215585,Reading Area Community College,2012,"1,000 - 4,999",4791,1085,3706,2329,4791,969,380,2888,554,0,1085,257,134,668,26,0,3706,712,246,2220,528,0
215594,Reading Hospital School of Health Sciences,2012,"Under 1,000",431,191,240,286,431,31,0,400,0,0,191,27,0,164,0,0,240,4,0,236,0,0
215619,Reconstructionist Rabbinical College,2012,"Under 1,000",54,51,3,52,0,0,0,0,0,54,0,0,0,0,0,51,0,0,0,0,0,3
215628,Reformed Presbyterian Theological Seminary,2012,"Under 1,000",93,35,58,57,0,0,0,0,0,93,0,0,0,0,0,35,0,0,0,0,0,58
215637,The Restaurant School at Walnut Hill College,2012,"Under 1,000",376,376,0,376,376,288,6,82,0,0,376,288,6,82,0,0,0,0,0,0,0,0
215646,Kaplan Career Institute-Broomall,2012,"Under 1,000",559,559,0,559,559,131,33,395,0,0,559,131,33,395,0,0,0,0,0,0,0,0
215655,Robert Morris University,2012,"5,000 - 9,999",5181,3643,1538,4236,4144,854,410,2825,55,1037,3643,848,311,2483,1,0,501,6,99,342,54,1037
215682,Rosedale Technical Institute,2012,"Under 1,000",388,388,0,388,388,126,0,262,0,0,388,126,0,262,0,0,0,0,0,0,0,0
215691,Rosemont College,2012,"Under 1,000",908,538,370,680,524,75,28,421,0,384,426,75,28,323,0,112,98,0,0,98,0,272
215743,Saint Francis University,2012,"1,000 - 4,999",2647,1828,819,2145,1991,432,82,1328,149,656,1590,431,4,1145,10,238,401,1,78,183,139,418
215770,Saint Joseph's University,2012,"5,000 - 9,999",8805,5042,3763,6490,5342,1231,183,3816,112,3463,4433,1229,84,3111,9,609,909,2,99,705,103,2854
215798,Saint Vincent College,2012,"1,000 - 4,999",1766,1593,173,1660,1566,339,32,1114,81,200,1481,339,31,1089,22,112,85,0,1,25,59,88
215813,Saint Vincent Seminary,2012,"Under 1,000",66,57,9,60,0,0,0,0,0,66,0,0,0,0,0,57,0,0,0,0,0,9
215886,Schuylkill Technology Center,2012,"Under 1,000",108,106,2,107,108,69,0,39,0,0,106,68,0,38,0,0,2,1,0,1,0,0
215929,University of Scranton,2012,"5,000 - 9,999",5898,4931,967,5303,4041,961,69,2897,114,1857,3847,961,64,2795,27,1084,194,0,5,102,87,773
215947,Seton Hill University,2012,"1,000 - 4,999",2339,1706,633,1953,1925,347,136,1084,358,414,1427,337,102,947,41,279,498,10,34,137,317,135
215974,University of Pittsburgh Medical Center-Shadyside School of Nursing,2012,"Under 1,000",310,216,94,253,310,12,0,298,0,0,216,11,0,205,0,0,94,1,0,93,0,0
215983,Sharon Regional Health System School of Nursing,2012,"Under 1,000",49,49,0,49,49,0,0,49,0,0,49,0,0,49,0,0,0,0,0,0,0,0
215992,Laurel Technical Institute,2012,"Under 1,000",286,272,14,278,286,83,61,141,1,0,272,81,60,131,0,0,14,2,1,10,1,0
216010,Shippensburg University of Pennsylvania,2012,"5,000 - 9,999",7724,6674,1050,7068,6712,1485,365,4804,58,1012,6363,1480,342,4520,21,311,349,5,23,284,37,701
216038,Slippery Rock University of Pennsylvania,2012,"5,000 - 9,999",8559,7661,898,8009,7860,1546,626,5600,88,699,7308,1544,553,5191,20,353,552,2,73,409,68,346
216047,Saint Charles Borromeo Seminary-Overbrook,2012,"Under 1,000",208,149,59,172,98,7,5,35,51,110,74,7,5,35,27,75,24,0,0,0,24,35
216074,South Hills Beauty Academy Inc,2012,"Under 1,000",97,47,50,67,97,80,0,17,0,0,47,36,0,11,0,0,50,44,0,6,0,0
216083,South Hills School of Business & Technology,2012,"Under 1,000",689,630,59,653,689,249,117,318,5,0,630,244,95,288,3,0,59,5,22,30,2,0
216162,St Lukes Hospital School of Nursing,2012,"Under 1,000",98,98,0,98,98,0,0,98,0,0,98,0,0,98,0,0,0,0,0,0,0,0
216223,Stroudsburg School of Cosmetology,2012,"Under 1,000",70,53,17,60,70,47,0,23,0,0,53,36,0,17,0,0,17,11,0,6,0,0
216278,Susquehanna University,2012,"1,000 - 4,999",2215,2149,66,2175,2215,631,39,1481,64,0,2149,631,37,1464,17,0,66,0,2,17,47,0
216287,Swarthmore College,2012,"1,000 - 4,999",1552,1537,15,1543,1552,378,10,1144,20,0,1537,378,10,1144,5,0,15,0,0,0,15,0
216296,Thaddeus Stevens College of Technology,2012,"Under 1,000",870,864,6,866,870,316,68,485,1,0,864,315,68,481,0,0,6,1,0,4,1,0
216311,Talmudical Yeshiva of Philadelphia,2012,"Under 1,000",120,120,0,120,120,34,2,84,0,0,120,34,2,84,0,0,0,0,0,0,0,0
216339,Temple University,2012,"20,000 and above",36744,31089,5655,33268,27567,4132,2737,20207,491,9177,24382,4109,2392,17729,152,6707,3185,23,345,2478,339,2470
216357,Thiel College,2012,"1,000 - 4,999",1081,1038,43,1055,1081,298,32,696,55,0,1038,298,32,680,28,0,43,0,0,16,27,0
216366,Thomas Jefferson University,2012,"1,000 - 4,999",3673,2529,1144,2968,886,0,458,286,142,2787,662,0,433,229,0,1867,224,0,25,57,142,920
216418,Fortis Institute-Erie,2012,"1,000 - 4,999",1090,751,339,886,1090,99,114,877,0,0,751,77,82,592,0,0,339,22,32,285,0,0
216427,Triangle Tech Inc-Erie,2012,"Under 1,000",85,85,0,85,85,47,0,38,0,0,85,47,0,38,0,0,0,0,0,0,0,0
216436,Triangle Tech Inc-Pittsburgh,2012,"Under 1,000",266,266,0,266,266,91,49,126,0,0,266,91,49,126,0,0,0,0,0,0,0,0
216445,Triangle Tech Inc-Greensburg,2012,"Under 1,000",165,165,0,165,165,67,19,79,0,0,165,67,19,79,0,0,0,0,0,0,0,0
216454,Triangle Tech Inc-Dubois,2012,"Under 1,000",172,172,0,172,172,100,13,59,0,0,172,100,13,59,0,0,0,0,0,0,0,0
216463,Trinity Episcopal School for Ministry,2012,"Under 1,000",136,76,60,99,0,0,0,0,0,136,0,0,0,0,0,76,0,0,0,0,0,60
216524,Ursinus College,2012,"1,000 - 4,999",1680,1651,29,1662,1680,456,14,1180,30,0,1651,456,14,1177,4,0,29,0,0,3,26,0
216542,Valley Forge Christian College,2012,"1,000 - 4,999",1040,721,319,846,1001,179,39,587,196,39,713,163,37,503,10,8,288,16,2,84,186,31
216551,Valley Forge Military College,2012,"Under 1,000",247,247,0,247,247,170,0,77,0,0,247,170,0,77,0,0,0,0,0,0,0,0
216579,Venus Beauty Academy,2012,"Under 1,000",160,160,0,160,160,84,0,76,0,0,160,84,0,76,0,0,0,0,0,0,0,0
216597,Villanova University,2012,"10,000 - 19,999",10583,7936,2647,8953,7100,1643,132,5169,156,3483,6584,1641,88,4847,8,1352,516,2,44,322,148,2131
216630,Washington Hospital School of Nursing,2012,"Under 1,000",143,143,0,143,143,5,0,138,0,0,143,5,0,138,0,0,0,0,0,0,0,0
216649,Washington Hospital School of Radiography,2012,"Under 1,000",24,24,0,24,24,0,0,24,0,0,24,0,0,24,0,0,0,0,0,0,0,0
216667,Washington & Jefferson College,2012,"1,000 - 4,999",1429,1419,10,1423,1429,376,26,992,35,0,1419,376,26,985,32,0,10,0,0,7,3,0
216694,Waynesburg University,2012,"1,000 - 4,999",2270,1564,706,1836,1630,352,41,1108,129,640,1464,352,40,1042,30,100,166,0,1,66,99,540
216746,Welder Training and Testing Institute,2012,"Under 1,000",78,66,12,71,78,22,0,56,0,0,66,19,0,47,0,0,12,3,0,9,0,0
216764,West Chester University of Pennsylvania,2012,"10,000 - 19,999",15411,12891,2520,13851,13297,2334,1316,9403,244,2114,12133,2326,1155,8624,28,758,1164,8,161,779,216,1356
216773,Western Pennsylvania Hospital School of Nursing,2012,"Under 1,000",71,71,0,71,71,3,0,68,0,0,71,3,0,68,0,0,0,0,0,0,0,0
216782,Sanford-Brown Institute-Pittsburgh,2012,"Under 1,000",733,395,338,529,733,53,46,634,0,0,395,48,35,312,0,0,338,5,11,322,0,0
216807,Westminster College,2012,"1,000 - 4,999",1479,1408,71,1435,1429,322,0,1107,0,50,1408,318,0,1090,0,0,21,4,0,17,0,50
216816,Westminster Theological Seminary,2012,"Under 1,000",601,275,326,400,0,0,0,0,0,601,0,0,0,0,0,275,0,0,0,0,0,326
216825,Westmoreland County Community College,2012,"5,000 - 9,999",6571,2974,3597,4182,6571,1681,147,4113,630,0,2974,1076,73,1710,115,0,3597,605,74,2403,515,0
216852,Widener University-Main Campus,2012,"1,000 - 4,999",4716,3456,1260,3942,3153,717,183,2157,96,1563,2707,710,153,1830,14,749,446,7,30,327,82,814
216931,Wilkes University,2012,"5,000 - 9,999",5030,2563,2467,3508,2302,596,116,1484,106,2728,2095,589,113,1391,2,468,207,7,3,93,104,2260
217013,Wilson College,2012,"Under 1,000",695,382,313,504,621,75,13,411,122,74,380,75,13,260,32,2,241,0,0,151,90,72
217040,Yeshivath Beth Moshe,2012,"Under 1,000",53,53,0,53,53,14,0,39,0,0,53,14,0,39,0,0,0,0,0,0,0,0
217059,York College Pennsylvania,2012,"5,000 - 9,999",5439,4639,800,4951,5182,1143,246,3622,171,257,4595,1135,193,3267,0,44,587,8,53,355,171,213
217077,YTI Career Institute-York,2012,"1,000 - 4,999",1838,1838,0,1838,1838,449,90,1299,0,0,1838,449,90,1299,0,0,0,0,0,0,0,0
217086,Yorktowne Business Institute,2012,"Under 1,000",218,184,34,197,218,56,46,116,0,0,184,53,36,95,0,0,34,3,10,21,0,0
217095,Empire Beauty School-Providence,2012,"Under 1,000",153,110,43,127,153,50,0,103,0,0,110,38,0,72,0,0,43,12,0,31,0,0
217156,Brown University,2012,"5,000 - 9,999",8885,8420,465,8601,6435,1536,67,4530,302,2450,6117,1536,67,4500,14,2303,318,0,0,30,288,147
217165,Bryant University,2012,"1,000 - 4,999",3418,3185,233,3275,3180,772,88,2297,23,238,3078,772,85,2221,0,107,102,0,3,76,23,131
217235,Johnson & Wales University-Providence,2012,"10,000 - 19,999",10623,9784,839,10112,9525,1956,561,6615,393,1098,8857,1934,503,6068,352,927,668,22,58,547,41,171
217305,New England Institute of Technology,2012,"1,000 - 4,999",2764,2354,410,2515,2713,444,134,2135,0,51,2320,444,134,1742,0,34,393,0,0,393,0,17
217323,New England Tractor Trailer Training School of Rhode Island,2012,"Under 1,000",215,215,0,215,215,196,0,19,0,0,215,196,0,19,0,0,0,0,0,0,0,0
217350,Newport School of Hairdressing-Main Campus,2012,"Under 1,000",45,0,45,18,45,9,0,36,0,0,0,0,0,0,0,0,45,9,0,36,0,0
217402,Providence College,2012,"1,000 - 4,999",4672,3961,711,4236,4146,998,95,2875,178,526,3791,998,53,2725,15,170,355,0,42,150,163,356
217420,Rhode Island College,2012,"5,000 - 9,999",8869,5741,3128,6957,7553,1071,719,5471,292,1316,5533,1038,503,3917,75,208,2020,33,216,1554,217,1108
217475,Community College of Rhode Island,2012,"10,000 - 19,999",17884,5857,12027,9895,17884,3708,3924,9312,940,0,5857,1966,1078,2777,36,0,12027,1742,2846,6535,904,0
217484,University of Rhode Island,2012,"10,000 - 19,999",16451,13779,2672,14806,13376,2994,530,9603,249,3075,11923,2980,462,8399,82,1856,1453,14,68,1204,167,1219
217493,Rhode Island School of Design,2012,"1,000 - 4,999",2386,2386,0,2386,1971,434,69,1468,0,415,1971,434,69,1468,0,415,0,0,0,0,0,0
217518,Roger Williams University,2012,"1,000 - 4,999",4768,3952,816,4270,4391,997,198,3145,51,377,3774,997,130,2623,24,178,617,0,68,522,27,199
217536,Salve Regina University,2012,"1,000 - 4,999",2613,2103,510,2299,2051,544,49,1426,32,562,1972,544,49,1379,0,131,79,0,0,47,32,431
217572,St Joseph School of Nursing,2012,"Under 1,000",123,123,0,123,123,1,0,122,0,0,123,1,0,122,0,0,0,0,0,0,0,0
217581,Empire Beauty School-Warwick,2012,"Under 1,000",104,71,33,84,104,31,0,73,0,0,71,22,0,49,0,0,33,9,0,24,0,0
217606,Northpoint Bible College,2012,"Under 1,000",388,288,100,327,388,44,92,208,44,0,288,39,66,183,0,0,100,5,26,25,44,0
217615,Aiken Technical College,2012,"1,000 - 4,999",2905,1223,1682,1788,2905,651,276,1872,106,0,1223,405,120,694,4,0,1682,246,156,1178,102,0
217624,Allen University,2012,"Under 1,000",672,650,22,659,672,125,39,508,0,0,650,121,39,490,0,0,22,4,0,18,0,0
217633,Anderson University,2012,"1,000 - 4,999",2922,2177,745,2467,2627,542,151,1681,253,295,2151,530,120,1496,5,26,476,12,31,185,248,269
217688,Charleston Southern University,2012,"1,000 - 4,999",3130,2532,598,2764,2779,626,281,1856,16,351,2482,626,232,1622,2,50,297,0,49,234,14,301
217712,Technical College of the Lowcountry,2012,"1,000 - 4,999",2434,709,1725,1288,2434,469,270,1502,193,0,709,173,83,415,38,0,1725,296,187,1087,155,0
217721,Benedict College,2012,"1,000 - 4,999",2917,2871,46,2889,2917,736,101,2080,0,0,2871,735,100,2036,0,0,46,1,1,44,0,0
217749,Bob Jones University,2012,"1,000 - 4,999",3469,2992,477,3176,2976,699,86,2093,98,493,2802,695,82,2025,0,190,174,4,4,68,98,303
217776,Southern Wesleyan University,2012,"1,000 - 4,999",1737,1700,37,1715,1355,159,122,1053,21,382,1318,157,120,1040,1,382,37,2,2,13,20,0
217794,Charleston Cosmetology Institute,2012,"Under 1,000",128,92,36,106,128,39,0,89,0,0,92,19,0,73,0,0,36,20,0,16,0,0
217819,College of Charleston,2012,"10,000 - 19,999",11723,10066,1657,10697,10506,2138,731,7337,300,1217,9760,2134,674,6866,86,306,746,4,57,471,214,911
217828,Charzanne Beauty College,2012,"Under 1,000",59,44,15,50,59,44,0,15,0,0,44,35,0,9,0,0,15,9,0,6,0,0
217837,Northeastern Technical College,2012,"1,000 - 4,999",1134,606,528,783,1134,270,95,673,96,0,606,216,58,328,4,0,528,54,37,345,92,0
217864,Citadel Military College of South Carolina,2012,"1,000 - 4,999",3499,2587,912,2925,2629,676,108,1771,74,870,2438,676,87,1673,2,149,191,0,21,98,72,721
217873,Claflin University,2012,"1,000 - 4,999",1946,1877,69,1904,1883,442,110,1298,33,63,1830,440,110,1280,0,47,53,2,0,18,33,16
217882,Clemson University,2012,"20,000 and above",20768,18413,2355,19303,16562,3463,1158,11804,137,4206,15643,3435,1089,11046,73,2770,919,28,69,758,64,1436
217891,Clinton College,2012,"Under 1,000",139,134,5,136,139,54,14,71,0,0,134,54,14,66,0,0,5,0,0,5,0,0
217907,Coker College,2012,"1,000 - 4,999",1163,1005,158,1067,1155,198,109,829,19,8,1005,187,95,723,0,0,150,11,14,106,19,8
217925,Columbia International University,2012,"1,000 - 4,999",1168,755,413,914,576,108,36,403,29,592,489,106,35,348,0,266,87,2,1,55,29,326
217934,Columbia College,2012,"1,000 - 4,999",1257,980,277,1089,1082,188,148,738,8,175,829,187,91,551,0,151,253,1,57,187,8,24
217961,Converse College,2012,"1,000 - 4,999",1216,740,476,923,682,189,33,459,1,534,605,186,22,397,0,135,77,3,11,62,1,399
217989,Denmark Technical College,2012,"1,000 - 4,999",2003,1821,182,1882,2003,701,45,1256,1,0,1821,627,35,1158,1,0,182,74,10,98,0,0
217998,Erskine College,2012,"Under 1,000",751,603,148,660,533,145,23,359,6,218,511,137,20,354,0,92,22,8,3,5,6,126
218025,Florence-Darlington Technical College,2012,"5,000 - 9,999",6002,2838,3164,3900,6002,1522,530,3893,57,0,2838,858,291,1685,4,0,3164,664,239,2208,53,0
218043,Forrest College,2012,"Under 1,000",138,94,44,111,138,36,39,63,0,0,94,28,19,47,0,0,44,8,20,16,0,0
218061,Francis Marion University,2012,"1,000 - 4,999",4093,3424,669,3682,3780,814,289,2353,324,313,3395,814,269,2234,78,29,385,0,20,119,246,284
218070,Furman University,2012,"1,000 - 4,999",2915,2683,232,2773,2753,695,39,1997,22,162,2623,694,24,1900,5,60,130,1,15,97,17,102
218113,Greenville Technical College,2012,"10,000 - 19,999",13965,5923,8042,8623,13965,2397,851,9450,1267,0,5923,1749,474,3654,46,0,8042,648,377,5796,1221,0
218140,Horry-Georgetown Technical College,2012,"5,000 - 9,999",7698,2936,4762,4535,7698,1075,596,5518,509,0,2936,641,303,1991,1,0,4762,434,293,3527,508,0
218159,Kenneth Shuler School of Cosmetology-North Augusta,2012,"Under 1,000",85,63,22,72,85,15,0,70,0,0,63,12,0,51,0,0,22,3,0,19,0,0
218195,Kenneth Shuler School of Cosmetology and Nails-Columbia,2012,"Under 1,000",115,64,51,84,115,8,0,107,0,0,64,5,0,59,0,0,51,3,0,48,0,0
218229,Lander University,2012,"1,000 - 4,999",3049,2713,336,2846,2969,569,202,2133,65,80,2706,567,184,1954,1,7,263,2,18,179,64,73
218238,Limestone College,2012,"1,000 - 4,999",3445,2302,1143,2751,3408,314,507,2407,180,37,2299,271,321,1704,3,3,1109,43,186,703,177,34
218265,Lenoir-Rhyne University-Lutheran Theological Southern Seminary,2012,"Under 1,000",109,84,25,94,0,0,0,0,0,109,0,0,0,0,0,84,0,0,0,0,0,25
218335,Medical University of South Carolina,2012,"1,000 - 4,999",2731,2568,163,2627,204,0,71,133,0,2527,202,0,71,131,0,2366,2,0,0,2,0,161
218353,Midlands Technical College,2012,"10,000 - 19,999",11949,5402,6547,7600,11949,2303,1156,8124,366,0,5402,1570,627,3181,24,0,6547,733,529,4943,342,0
218399,Morris College,2012,"Under 1,000",874,863,11,867,874,264,50,560,0,0,863,264,50,549,0,0,11,0,0,11,0,0
218414,Newberry College,2012,"1,000 - 4,999",1042,1012,30,1024,1042,220,87,731,4,0,1012,220,83,708,1,0,30,0,4,23,3,0
218441,North Greenville University,2012,"1,000 - 4,999",2420,2031,389,2182,2206,527,155,1367,157,214,1979,521,149,1309,0,52,227,6,6,58,157,162
218487,Orangeburg Calhoun Technical College,2012,"1,000 - 4,999",3004,1262,1742,1847,3004,528,299,1613,564,0,1262,369,169,714,10,0,1742,159,130,899,554,0
218520,Piedmont Technical College,2012,"5,000 - 9,999",6541,2788,3753,4048,6541,1276,390,3879,996,0,2788,818,168,1585,217,0,3753,458,222,2294,779,0
218539,Presbyterian College,2012,"1,000 - 4,999",1403,1380,23,1389,1172,282,13,835,42,231,1149,282,13,829,25,231,23,0,0,6,17,0
218645,University of South Carolina-Aiken,2012,"1,000 - 4,999",3211,2453,758,2756,3124,526,311,2040,247,87,2427,488,225,1711,3,26,697,38,86,329,244,61
218654,University of South Carolina-Beaufort,2012,"1,000 - 4,999",1828,1392,436,1568,1828,410,217,1112,89,0,1392,389,149,851,3,0,436,21,68,261,86,0
218663,University of South Carolina-Columbia,2012,"20,000 and above",31288,26718,4570,28443,23363,4625,1770,16633,335,7925,21646,4580,1583,15364,119,5072,1717,45,187,1269,216,2853
218672,University of South Carolina-Lancaster,2012,"1,000 - 4,999",1832,843,989,1175,1832,383,120,561,768,0,843,341,83,413,6,0,989,42,37,148,762,0
218681,University of South Carolina-Salkehatchie,2012,"1,000 - 4,999",1173,651,522,826,1173,336,114,417,306,0,651,288,82,275,6,0,522,48,32,142,300,0
218690,University of South Carolina-Sumter,2012,"Under 1,000",898,495,403,630,898,216,115,312,255,0,495,204,73,217,1,0,403,12,42,95,254,0
218706,University of South Carolina-Union,2012,"Under 1,000",473,222,251,306,473,102,25,166,180,0,222,86,14,108,14,0,251,16,11,58,166,0
218724,Coastal Carolina University,2012,"5,000 - 9,999",9335,8071,1264,8563,8746,2206,801,5459,280,589,7916,2200,721,4964,31,155,830,6,80,495,249,434
218733,South Carolina State University,2012,"1,000 - 4,999",3807,3235,572,3453,3265,664,183,2383,35,542,3006,662,167,2175,2,229,259,2,16,208,33,313
218742,University of South Carolina-Upstate,2012,"5,000 - 9,999",5561,4233,1328,4764,5427,806,808,3466,347,134,4225,770,620,2791,44,8,1202,36,188,675,303,126
218751,Sherman College of Straight Chiropractic,2012,"Under 1,000",237,210,27,220,0,0,0,0,0,237,0,0,0,0,0,210,0,0,0,0,0,27
218821,Spartanburg Methodist College,2012,"Under 1,000",811,785,26,795,811,460,35,310,6,0,785,458,33,294,0,0,26,2,2,16,6,0
218830,Spartanburg Community College,2012,"5,000 - 9,999",6036,2868,3168,3932,6036,1179,446,3601,810,0,2868,838,242,1747,41,0,3168,341,204,1854,769,0
218858,Central Carolina Technical College,2012,"1,000 - 4,999",4577,1480,3097,2520,4577,914,340,2934,389,0,1480,444,141,855,40,0,3097,470,199,2079,349,0
218867,Sumter Beauty College,2012,"Under 1,000",26,26,0,26,26,2,0,24,0,0,26,2,0,24,0,0,0,0,0,0,0,0
218885,Tri-County Technical College,2012,"5,000 - 9,999",6622,3724,2898,4697,6622,1975,412,3514,721,0,3724,1749,248,1673,54,0,2898,226,164,1841,667,0
218894,Trident Technical College,2012,"10,000 - 19,999",17224,7557,9667,10803,17224,2958,1623,11210,1433,0,7557,1942,863,4660,92,0,9667,1016,760,6550,1341,0
218919,Voorhees College,2012,"Under 1,000",648,637,11,641,648,188,52,408,0,0,637,188,49,400,0,0,11,0,3,8,0,0
218955,Williamsburg Technical College,2012,"Under 1,000",641,272,369,396,641,228,53,335,25,0,272,104,23,145,0,0,369,124,30,190,25,0
218964,Winthrop University,2012,"5,000 - 9,999",6170,4986,1184,5438,5029,1143,394,3210,282,1141,4462,1141,356,2955,10,524,567,2,38,255,272,617
218973,Wofford College,2012,"1,000 - 4,999",1619,1596,23,1605,1619,438,27,1148,6,0,1596,438,27,1131,0,0,23,0,0,17,6,0
218991,York Technical College,2012,"1,000 - 4,999",4849,2295,2554,3152,4849,1049,384,3085,331,0,2295,740,200,1341,14,0,2554,309,184,1744,317,0
219000,Augustana College,2012,"1,000 - 4,999",1839,1703,136,1756,1793,407,65,1237,84,46,1703,405,58,1193,47,0,90,2,7,44,37,46
219037,Black Hills Beauty College,2012,"Under 1,000",107,107,0,107,107,34,0,73,0,0,107,34,0,73,0,0,0,0,0,0,0,0
219046,Black Hills State University,2012,"1,000 - 4,999",4405,2526,1879,3267,3972,530,356,2295,791,433,2511,487,262,1686,76,15,1461,43,94,609,715,418
219055,Kilian Community College,2012,"Under 1,000",294,37,257,139,294,41,27,191,35,0,37,12,9,16,0,0,257,29,18,175,35,0
219082,Dakota State University,2012,"1,000 - 4,999",3110,1230,1880,1980,2872,313,275,1140,1144,238,1190,288,139,757,6,40,1682,25,136,383,1138,198
219091,Dakota Wesleyan University,2012,"Under 1,000",835,697,138,750,758,202,90,442,24,77,688,199,82,407,0,9,70,3,8,35,24,68
219125,Headlines Academy Inc,2012,"Under 1,000",99,99,0,99,99,56,0,43,0,0,99,56,0,43,0,0,0,0,0,0,0,0
219143,Lake Area Technical Institute,2012,"1,000 - 4,999",1482,1310,172,1368,1482,922,0,560,0,0,1310,828,0,482,0,0,172,94,0,78,0,0
219170,Avera McKennan Hospital School of Radiologic Technology,2012,"Under 1,000",20,20,0,20,20,0,0,20,0,0,20,0,0,20,0,0,0,0,0,0,0,0
219189,Mitchell Technical Institute,2012,"1,000 - 4,999",1089,873,216,946,1089,367,113,557,52,0,873,357,106,410,0,0,216,10,7,147,52,0
219198,Mount Marty College,2012,"1,000 - 4,999",1178,683,495,877,1036,131,57,535,313,142,553,115,51,386,1,130,483,16,6,149,312,12
219204,National American University-Rapid City,2012,"1,000 - 4,999",2782,391,2391,1328,2389,265,769,1347,8,393,257,12,55,190,0,134,2132,253,714,1157,8,259
219213,National American University-Sioux Falls,2012,"Under 1,000",775,131,644,384,775,63,120,588,4,0,131,9,14,108,0,0,644,54,106,480,4,0
219240,Sioux Falls Seminary,2012,"Under 1,000",148,59,89,93,0,0,0,0,0,148,0,0,0,0,0,59,0,0,0,0,0,89
219259,Northern State University,2012,"1,000 - 4,999",3449,1613,1836,2336,2967,405,124,1240,1198,482,1557,379,82,946,150,56,1410,26,42,294,1048,426
219277,Oglala Lakota College,2012,"1,000 - 4,999",1583,892,691,1170,1559,228,108,1192,31,24,892,168,68,644,12,0,667,60,40,548,19,24
219295,Presentation College,2012,"Under 1,000",746,465,281,575,746,110,139,397,100,0,465,109,93,263,0,0,281,1,46,134,100,0
219338,Avera Sacred Heart Hospital,2012,"Under 1,000",18,18,0,18,18,0,0,18,0,0,18,0,0,18,0,0,0,0,0,0,0,0
219347,South Dakota School of Mines and Technology,2012,"1,000 - 4,999",2424,1934,490,2127,2101,454,89,1396,162,323,1720,443,69,1199,9,214,381,11,20,197,153,109
219356,South Dakota State University,2012,"10,000 - 19,999",12583,9015,3568,10412,11118,2223,584,7236,1075,1465,8562,2116,390,6040,16,453,2556,107,194,1196,1059,1012
219374,Sinte Gleska University,2012,"Under 1,000",728,397,331,527,690,26,43,615,6,38,394,18,32,344,0,3,296,8,11,271,6,35
219383,University of Sioux Falls,2012,"1,000 - 4,999",1505,1007,498,1199,1194,267,87,806,34,311,997,266,81,649,1,10,197,1,6,157,33,301
219392,Sanford Medical Center,2012,"Under 1,000",26,26,0,26,26,0,0,26,0,0,26,0,0,26,0,0,0,0,0,0,0,0
219408,Sisseton Wahpeton College,2012,"Under 1,000",175,121,54,139,175,33,1,141,0,0,121,29,0,92,0,0,54,4,1,49,0,0
219426,Southeast Technical Institute,2012,"1,000 - 4,999",2632,1901,731,2146,2632,640,441,1483,68,0,1901,582,324,994,1,0,731,58,117,489,67,0
219453,Stewart School,2012,"Under 1,000",156,156,0,156,156,86,0,70,0,0,156,86,0,70,0,0,0,0,0,0,0,0
219471,University of South Dakota,2012,"10,000 - 19,999",10284,5910,4374,7620,7690,1353,715,4348,1274,2594,4629,1250,348,2999,32,1281,3061,103,367,1349,1242,1313
219480,Western Dakota Technical Institute,2012,"Under 1,000",969,785,184,847,969,266,75,598,30,0,785,242,70,472,1,0,184,24,5,126,29,0
219505,American Baptist College,2012,"Under 1,000",127,97,30,109,118,9,14,95,0,9,89,5,9,75,0,8,29,4,5,20,0,1
219578,Aquinas College,2012,"Under 1,000",617,188,429,356,553,20,101,420,12,64,154,18,26,108,2,34,399,2,75,312,10,30
219587,Arnolds Beauty School,2012,"Under 1,000",51,51,0,51,51,22,0,29,0,0,51,22,0,29,0,0,0,0,0,0,0,0
219596,Tennessee College of Applied Technology-Athens,2012,"Under 1,000",167,167,0,167,167,124,0,43,0,0,167,124,0,43,0,0,0,0,0,0,0,0
219602,Austin Peay State University,2012,"10,000 - 19,999",10597,7296,3301,8605,9735,1522,879,7074,260,862,6994,1182,534,5255,23,302,2741,340,345,1819,237,560
219639,Baptist Memorial College of Health Sciences,2012,"1,000 - 4,999",1043,492,551,708,1043,67,262,714,0,0,492,66,143,283,0,0,551,1,119,431,0,0
219709,Belmont University,2012,"5,000 - 9,999",6665,5787,878,6127,5289,1267,537,3433,52,1376,4906,1256,477,3155,18,881,383,11,60,278,34,495
219718,Bethel University,2012,"5,000 - 9,999",6279,5139,1140,5583,5148,998,372,3778,0,1131,4405,786,332,3287,0,734,743,212,40,491,0,397
219790,Bryan College-Dayton,2012,"1,000 - 4,999",1689,1254,435,1425,1573,198,49,969,357,116,1145,195,49,879,22,109,428,3,0,90,335,7
219806,Carson-Newman University,2012,"1,000 - 4,999",1967,1694,273,1799,1646,453,105,1065,23,321,1573,453,102,995,23,121,73,0,3,70,0,200
219824,Chattanooga State Community College,2012,"10,000 - 19,999",10121,4674,5447,6503,10121,1589,750,6304,1478,0,4674,1131,406,2990,147,0,5447,458,344,3314,1331,0
219833,Christian Brothers University,2012,"1,000 - 4,999",1603,1163,440,1333,1247,254,68,893,32,356,1088,252,47,774,15,75,159,2,21,119,17,281
219842,Pentecostal Theological Seminary,2012,"Under 1,000",161,93,68,119,0,0,0,0,0,161,0,0,0,0,0,93,0,0,0,0,0,68
219879,Cleveland State Community College,2012,"1,000 - 4,999",3640,1919,1721,2497,3640,731,185,2143,581,0,1919,648,111,1142,18,0,1721,83,74,1001,563,0
219888,Columbia State Community College,2012,"5,000 - 9,999",5322,2292,3030,3309,5322,1170,479,2869,804,0,2292,833,193,1239,27,0,3030,337,286,1630,777,0
219903,Concorde Career College-Memphis,2012,"1,000 - 4,999",1228,1228,0,1228,1228,296,0,932,0,0,1228,296,0,932,0,0,0,0,0,0,0,0
219921,Tennessee College of Applied Technology-Covington,2012,"Under 1,000",201,112,89,142,201,75,0,126,0,0,112,54,0,58,0,0,89,21,0,68,0,0
219949,Cumberland University,2012,"1,000 - 4,999",1505,1131,374,1276,1240,213,201,753,73,265,1067,212,169,686,0,64,173,1,32,67,73,201
219976,Lipscomb University,2012,"1,000 - 4,999",4254,3216,1038,3615,2740,675,168,1860,37,1514,2491,670,151,1663,7,725,249,5,17,197,30,789
219994,Tennessee College of Applied Technology-Dickson,2012,"Under 1,000",582,536,46,551,582,344,0,238,0,0,536,314,0,222,0,0,46,30,0,16,0,0
220002,Daymar Institute-Nashville,2012,"Under 1,000",233,166,67,192,233,14,39,180,0,0,166,10,34,122,0,0,67,4,5,58,0,0
220057,Dyersburg State Community College,2012,"1,000 - 4,999",3590,1601,1989,2269,3590,774,208,1741,867,0,1601,553,101,928,19,0,1989,221,107,813,848,0
220075,East Tennessee State University,2012,"10,000 - 19,999",15133,12041,3092,13244,12267,2082,1189,8557,439,2866,10234,2038,940,7197,59,1807,2033,44,249,1360,380,1059
220118,Chattanooga College Medical Dental and Technical Careers,2012,"Under 1,000",341,341,0,341,341,56,0,196,89,0,341,56,0,196,89,0,0,0,0,0,0,0
220127,Tennessee College of Applied Technology-Elizabethton,2012,"Under 1,000",514,388,126,430,514,200,0,314,0,0,388,153,0,235,0,0,126,47,0,79,0,0
220136,Emmanuel Christian Seminary,2012,"Under 1,000",103,64,39,79,0,0,0,0,0,103,0,0,0,0,0,64,0,0,0,0,0,39
220163,Fayetteville College of Cosmetology Arts and Sciences,2012,"Under 1,000",92,47,45,65,92,76,0,16,0,0,47,41,0,6,0,0,45,35,0,10,0,0
220181,Fisk University,2012,"Under 1,000",620,580,40,596,580,183,36,361,0,40,554,181,35,338,0,26,26,2,1,23,0,14
220206,Welch College,2012,"Under 1,000",316,203,113,247,316,62,23,156,75,0,203,60,20,123,0,0,113,2,3,33,75,0
220215,Freed-Hardeman University,2012,"1,000 - 4,999",1904,1343,561,1559,1449,321,58,949,121,455,1289,321,58,910,0,54,160,0,0,39,121,401
220251,Tennessee College of Applied Technology-Harriman,2012,"Under 1,000",266,258,8,261,266,209,0,57,0,0,258,208,0,50,0,0,8,1,0,7,0,0
220279,Tennessee College of Applied Technology-Hartsville,2012,"Under 1,000",545,246,299,346,545,123,0,167,255,0,246,109,0,137,0,0,299,14,0,30,255,0
220312,Hiwassee College,2012,"Under 1,000",385,221,164,285,385,98,30,106,151,0,221,85,30,106,0,0,164,13,0,0,151,0
220321,Tennessee College of Applied Technology-Hohenwald,2012,"Under 1,000",358,291,67,313,358,30,0,328,0,0,291,29,0,262,0,0,67,1,0,66,0,0
220394,Tennessee College of Applied Technology-Jacksboro,2012,"Under 1,000",241,204,37,216,241,73,0,160,8,0,204,55,0,149,0,0,37,18,0,11,8,0
220400,Jackson State Community College,2012,"1,000 - 4,999",4494,2252,2242,3005,4494,820,230,2662,782,0,2252,696,151,1387,18,0,2242,124,79,1275,764,0
220464,John A Gupton College,2012,"Under 1,000",138,67,71,95,138,32,19,87,0,0,67,19,15,33,0,0,71,13,4,54,0,0
220473,Johnson University,2012,"Under 1,000",954,794,160,855,777,180,81,516,0,177,748,179,77,492,0,46,29,1,4,24,0,131
220491,Paul Mitchell the School-Nashville,2012,"Under 1,000",188,161,27,172,188,4,0,184,0,0,161,3,0,158,0,0,27,1,0,26,0,0
220516,King University,2012,"1,000 - 4,999",2342,2213,129,2264,1963,226,471,1169,97,379,1843,226,461,1145,11,370,120,0,10,24,86,9
220552,South College,2012,"Under 1,000",962,962,0,962,735,198,0,534,3,227,735,198,0,534,3,227,0,0,0,0,0,0
220570,Knoxville Institute of Hair Design,2012,"Under 1,000",16,14,2,15,16,13,0,3,0,0,14,12,0,2,0,0,2,1,0,1,0,0
220598,Lane College,2012,"1,000 - 4,999",1512,1484,28,1495,1512,325,86,1101,0,0,1484,325,83,1076,0,0,28,0,3,25,0,0
220604,Le Moyne-Owen College,2012,"1,000 - 4,999",1078,948,130,999,1078,184,147,747,0,0,948,175,124,649,0,0,130,9,23,98,0,0
220613,Lee University,2012,"1,000 - 4,999",4954,3978,976,4359,4565,853,240,3124,348,389,3834,846,233,2752,3,144,731,7,7,372,345,245
220631,Lincoln Memorial University,2012,"1,000 - 4,999",4338,3331,1007,3720,1851,253,301,1216,81,2487,1410,234,189,987,0,1921,441,19,112,229,81,566
220640,Tennessee College of Applied Technology-Livingston,2012,"Under 1,000",536,283,253,368,536,79,0,270,187,0,283,75,0,208,0,0,253,4,0,62,187,0
220701,Martin Methodist College,2012,"1,000 - 4,999",1080,968,112,1012,1080,281,174,625,0,0,968,272,148,548,0,0,112,9,26,77,0,0
220710,Maryville College,2012,"1,000 - 4,999",1093,1050,43,1067,1093,313,98,682,0,0,1050,313,75,662,0,0,43,0,23,20,0,0
220756,Tennessee College of Applied Technology-McKenzie,2012,"Under 1,000",232,229,3,230,232,60,0,170,2,0,229,60,0,169,0,0,3,0,0,1,2,0
220765,Genesis Career College-Cookeville,2012,"Under 1,000",665,621,44,638,665,142,0,523,0,0,621,126,0,495,0,0,44,16,0,28,0,0
220792,Meharry Medical College,2012,"Under 1,000",782,782,0,782,0,0,0,0,0,782,0,0,0,0,0,782,0,0,0,0,0,0
220808,Memphis College of Art,2012,"Under 1,000",401,339,62,363,346,69,39,238,0,55,316,68,30,218,0,23,30,1,9,20,0,32
220853,Tennessee College of Applied Technology-Memphis,2012,"Under 1,000",850,711,139,758,850,278,0,570,2,0,711,221,0,490,0,0,139,57,0,80,2,0
220862,University of Memphis,2012,"20,000 and above",22139,14875,7264,17708,17653,2181,1554,13013,905,4486,12728,2114,1063,9523,28,2147,4925,67,491,3490,877,2339
220871,Memphis Theological Seminary,2012,"Under 1,000",221,108,113,151,0,0,0,0,0,221,0,0,0,0,0,108,0,0,0,0,0,113
220978,Middle Tennessee State University,2012,"20,000 and above",25394,19381,6013,21722,22371,3120,2048,16953,250,3023,18403,3068,1593,13706,36,978,3968,52,455,3247,214,2045
220996,Middle Tennessee School of Anesthesia Inc,2012,"Under 1,000",204,204,0,204,0,0,0,0,0,204,0,0,0,0,0,204,0,0,0,0,0,0
221014,Milligan College,2012,"1,000 - 4,999",1163,1044,119,1090,956,174,112,623,47,207,867,174,100,592,1,177,89,0,12,31,46,30
221050,Tennessee College of Applied Technology-Morristown,2012,"Under 1,000",719,467,252,552,719,154,0,565,0,0,467,129,0,338,0,0,252,25,0,227,0,0
221096,Motlow State Community College,2012,"1,000 - 4,999",4758,2013,2745,2935,4758,1013,335,2582,828,0,2013,752,134,1087,40,0,2745,261,201,1495,788,0
221102,Tennessee College of Applied Technology-Murfreesboro,2012,"Under 1,000",336,273,63,294,336,232,0,104,0,0,273,191,0,82,0,0,63,41,0,22,0,0
221148,Lincoln College of Technology-Nashville,2012,"1,000 - 4,999",2006,2006,0,2006,2006,523,176,1307,0,0,2006,523,176,1307,0,0,0,0,0,0,0,0
221157,Nashville College of Medical Careers,2012,"Under 1,000",163,163,0,163,163,63,0,100,0,0,163,63,0,100,0,0,0,0,0,0,0,0
221184,Nashville State Community College,2012,"5,000 - 9,999",9884,3338,6546,5536,9884,1433,895,5904,1652,0,3338,774,413,2049,102,0,6546,659,482,3855,1550,0
221236,Tennessee College of Applied Technology-Newbern,2012,"Under 1,000",355,294,61,314,355,74,0,226,55,0,294,73,0,221,0,0,61,1,0,5,55,0
221254,O'More College of Design,2012,"Under 1,000",205,175,30,187,205,32,29,144,0,0,175,30,25,120,0,0,30,2,4,24,0,0
221281,Tennessee College of Applied Technology-Paris,2012,"Under 1,000",299,278,21,285,299,82,0,217,0,0,278,81,0,197,0,0,21,1,0,20,0,0
221290,Plaza Beauty School,2012,"Under 1,000",170,92,78,123,170,10,0,160,0,0,92,6,0,86,0,0,78,4,0,74,0,0
221333,Tennessee College of Applied Technology-Pulaski,2012,"Under 1,000",524,152,372,277,524,51,0,119,354,0,152,47,0,105,0,0,372,4,0,14,354,0
221351,Rhodes College,2012,"1,000 - 4,999",1927,1911,16,1917,1915,554,11,1322,28,12,1899,554,10,1322,13,12,16,0,1,0,15,0
221388,Tennessee College of Applied Technology-Ripley,2012,"Under 1,000",134,110,24,118,134,40,0,94,0,0,110,21,0,89,0,0,24,19,0,5,0,0
221397,Roane State Community College,2012,"5,000 - 9,999",6508,2624,3884,3928,6508,1417,286,3553,1252,0,2624,919,122,1546,37,0,3884,498,164,2007,1215,0
221430,Tennessee College of Applied Technology-Crump,2012,"Under 1,000",229,197,32,208,229,126,0,103,0,0,197,105,0,92,0,0,32,21,0,11,0,0
221485,Southwest Tennessee Community College,2012,"10,000 - 19,999",12220,5226,6994,7574,12220,2352,976,8239,653,0,5226,1278,501,3394,53,0,6994,1074,475,4845,600,0
221494,Tennessee College of Applied Technology-Shelbyville,2012,"Under 1,000",442,337,105,372,442,214,0,228,0,0,337,183,0,154,0,0,105,31,0,74,0,0
221519,Sewanee-The University of the South,2012,"1,000 - 4,999",1588,1560,28,1571,1509,453,20,1008,28,79,1486,453,20,1008,5,74,23,0,0,0,23,5
221582,Tennessee College of Applied Technology-Oneida-Huntsville,2012,"Under 1,000",246,138,108,174,246,142,0,104,0,0,138,54,0,84,0,0,108,88,0,20,0,0
221591,Tennessee College of Applied Technology-Crossville,2012,"Under 1,000",298,230,68,253,298,221,0,77,0,0,230,173,0,57,0,0,68,48,0,20,0,0
221607,Tennessee College of Applied Technology-McMinnville,2012,"Under 1,000",221,174,47,190,221,73,0,122,26,0,174,69,0,105,0,0,47,4,0,17,26,0
221616,Tennessee College of Applied Technology-Jackson,2012,"Under 1,000",427,427,0,427,427,188,0,239,0,0,427,188,0,239,0,0,0,0,0,0,0,0
221625,Tennessee College of Applied Technology-Knoxville,2012,"Under 1,000",767,516,251,600,767,385,0,382,0,0,516,216,0,300,0,0,251,169,0,82,0,0
221634,Tennessee College of Applied Technology-Whiteville,2012,"Under 1,000",154,145,9,148,154,69,0,85,0,0,145,64,0,81,0,0,9,5,0,4,0,0
221643,Pellissippi State Community College,2012,"10,000 - 19,999",10588,5404,5184,7144,10588,2037,761,6227,1563,0,5404,1638,472,3220,74,0,5184,399,289,3007,1489,0
221661,Southern Adventist University,2012,"1,000 - 4,999",3319,2660,659,2917,2896,569,193,1990,144,423,2451,557,171,1723,0,209,445,12,22,267,144,214
221670,Southern College of Optometry,2012,"Under 1,000",498,498,0,498,0,0,0,0,0,498,0,0,0,0,0,498,0,0,0,0,0,0
221731,Tennessee Wesleyan College,2012,"1,000 - 4,999",1117,1026,91,1062,1107,220,189,695,3,10,1026,218,183,625,0,0,81,2,6,70,3,10
221740,The University of Tennessee-Chattanooga,2012,"10,000 - 19,999",11660,9523,2137,10348,10159,2290,913,6813,143,1501,8904,2284,664,5921,35,619,1255,6,249,892,108,882
221759,The University of Tennessee-Knoxville,2012,"20,000 and above",29833,26270,3563,27614,20916,4207,1227,15265,217,8917,19591,4197,1103,14183,108,6679,1325,10,124,1082,109,2238
221768,The University of Tennessee-Martin,2012,"5,000 - 9,999",7743,6142,1601,6773,7318,1320,408,4969,621,425,6074,1315,341,4411,7,68,1244,5,67,558,614,357
221795,Fountainhead College of Technology,2012,"Under 1,000",251,251,0,251,251,37,71,143,0,0,251,37,71,143,0,0,0,0,0,0,0,0
221829,Tennessee School of Beauty of Knoxville Inc,2012,"Under 1,000",227,227,0,227,227,61,0,166,0,0,227,61,0,166,0,0,0,0,0,0,0,0
221838,Tennessee State University,2012,"5,000 - 9,999",8740,6000,2740,7053,6745,1058,673,4871,143,1995,5255,1017,414,3810,14,745,1490,41,259,1061,129,1250
221847,Tennessee Technological University,2012,"10,000 - 19,999",11469,9255,2214,10099,9957,2058,734,6837,328,1512,8923,2046,661,6194,22,332,1034,12,73,643,306,1180
221856,Tennessee Temple University,2012,"Under 1,000",968,533,435,702,670,113,101,408,48,298,399,83,66,250,0,134,271,30,35,158,48,164
221892,Trevecca Nazarene University,2012,"1,000 - 4,999",2472,1860,612,2098,1467,239,62,1108,58,1005,1071,234,61,742,34,789,396,5,1,366,24,216
221908,Northeast State Community College,2012,"5,000 - 9,999",6446,3360,3086,4396,6446,1068,414,4113,851,0,3360,870,253,2214,23,0,3086,198,161,1899,828,0
221953,Tusculum College,2012,"1,000 - 4,999",2199,2131,68,2158,1980,334,51,1595,0,219,1913,331,51,1531,0,218,67,3,0,64,0,1
221971,Union University,2012,"1,000 - 4,999",3996,3095,901,3446,2829,457,730,1333,309,1167,2212,422,577,1211,2,883,617,35,153,122,307,284
221980,New Concepts School of Cosmetology,2012,"Under 1,000",116,94,22,103,116,97,0,19,0,0,94,89,0,5,0,0,22,8,0,14,0,0
221999,Vanderbilt University,2012,"10,000 - 19,999",12710,11901,809,12211,6796,1608,195,4950,43,5914,6731,1608,194,4910,19,5170,65,0,1,40,24,744
222026,Volunteer Beauty Academy-Dyersburg,2012,"Under 1,000",83,60,23,69,83,10,0,73,0,0,60,8,0,52,0,0,23,2,0,21,0,0
222053,Volunteer State Community College,2012,"5,000 - 9,999",8177,3619,4558,5149,8177,1556,533,4500,1588,0,3619,1157,278,2140,44,0,4558,399,255,2360,1544,0
222062,Walters State Community College,2012,"5,000 - 9,999",6554,3524,3030,4541,6554,1448,239,3590,1277,0,3524,1259,137,2059,69,0,3030,189,102,1531,1208,0
222099,West Tennessee Business College,2012,"Under 1,000",285,278,7,281,285,169,0,116,0,0,278,165,0,113,0,0,7,4,0,3,0,0
222105,William Moore College of Technology,2012,"Under 1,000",193,47,146,105,193,103,0,90,0,0,47,24,0,23,0,0,146,79,0,67,0,0
222178,Abilene Christian University,2012,"1,000 - 4,999",4367,3732,635,3977,3626,957,89,2524,56,741,3408,957,89,2351,11,324,218,0,0,173,45,417
222567,Alvin Community College,2012,"5,000 - 9,999",5109,1428,3681,2664,5109,900,1592,1620,997,0,1428,353,468,487,120,0,3681,547,1124,1133,877,0
222576,Amarillo College,2012,"10,000 - 19,999",11530,3380,8150,6116,11530,1431,388,8604,1107,0,3380,809,171,2190,210,0,8150,622,217,6414,897,0
222628,Amberton University,2012,"1,000 - 4,999",1378,586,792,890,269,0,55,214,0,1109,145,0,29,116,0,441,124,0,26,98,0,668
222822,Angelina College,2012,"5,000 - 9,999",5442,2128,3314,3241,5442,1501,317,3622,2,0,2128,525,136,1467,0,0,3314,976,181,2155,2,0
222831,Angelo State University,2012,"5,000 - 9,999",6888,5430,1458,5994,5918,1403,627,3839,49,970,5035,1378,490,3165,2,395,883,25,137,674,47,575
222877,Arlington Baptist College,2012,"Under 1,000",265,228,37,243,237,57,38,141,1,28,201,55,34,112,0,27,36,2,4,29,1,1
222886,Arlington Career Institute,2012,"Under 1,000",263,193,70,221,263,179,0,84,0,0,193,148,0,45,0,0,70,31,0,39,0,0
222938,The Art Institute of Houston,2012,"1,000 - 4,999",2459,1562,897,1914,2459,443,385,1611,20,0,1562,318,251,993,0,0,897,125,134,618,20,0
222983,Austin College,2012,"1,000 - 4,999",1260,1253,7,1256,1242,308,32,900,2,18,1235,308,32,893,2,18,7,0,0,7,0,0
222992,Austin Community College District,2012,"20,000 and above",43315,9905,33410,21122,43315,5637,3776,25189,8713,0,9905,2228,1344,5877,456,0,33410,3409,2432,19312,8257,0
223001,Austin Presbyterian Theological Seminary,2012,"Under 1,000",140,110,30,121,0,0,0,0,0,140,0,0,0,0,0,110,0,0,0,0,0,30
223056,Baldwin Beauty School-South Austin,2012,"Under 1,000",70,70,0,70,70,63,0,7,0,0,70,63,0,7,0,0,0,0,0,0,0,0
223083,Baptist Health System School of Health Professions,2012,"Under 1,000",450,450,0,450,450,0,88,362,0,0,450,0,88,362,0,0,0,0,0,0,0,0
223117,Baptist Missionary Association Theological Seminary,2012,"Under 1,000",119,51,68,77,55,16,9,30,0,64,23,0,3,20,0,28,32,16,6,10,0,36
223223,Baylor College of Medicine,2012,"1,000 - 4,999",1525,1525,0,1525,0,0,0,0,0,1525,0,0,0,0,0,1525,0,0,0,0,0,0
223232,Baylor University,2012,"10,000 - 19,999",15364,14730,634,14975,12918,3254,451,9115,98,2446,12615,3253,438,8898,26,2115,303,1,13,217,72,331
223320,Coastal Bend College,2012,"1,000 - 4,999",3745,1216,2529,2065,3745,619,646,1124,1356,0,1216,398,298,505,15,0,2529,221,348,619,1341,0
223427,Blinn College,2012,"10,000 - 19,999",17839,9531,8308,12320,17839,7424,909,7810,1696,0,9531,4875,427,4121,108,0,8308,2549,482,3689,1588,0
223463,Remington College-Dallas Campus,2012,"Under 1,000",988,988,0,988,988,352,9,627,0,0,988,352,9,627,0,0,0,0,0,0,0,0
223472,Vet Tech Institute of Houston,2012,"Under 1,000",256,256,0,256,256,55,51,150,0,0,256,55,51,150,0,0,0,0,0,0,0,0
223506,Brazosport College,2012,"1,000 - 4,999",4047,1017,3030,2240,4047,358,144,2583,962,0,1017,143,40,790,44,0,3030,215,104,1793,918,0
223524,Brookhaven College,2012,"10,000 - 19,999",12790,2569,10221,6001,12790,1514,1087,8010,2179,0,2569,594,267,1429,279,0,10221,920,820,6581,1900,0
223773,Cedar Valley College,2012,"5,000 - 9,999",6403,1574,4829,3195,6403,809,476,4240,878,0,1574,428,160,805,181,0,4829,381,316,3435,697,0
223816,Central Texas College,2012,"20,000 and above",22443,5393,17050,11117,22443,4242,823,11737,5641,0,5393,1024,278,2833,1258,0,17050,3218,545,8904,4383,0
223852,Charles and Sues School of Hair Design,2012,"Under 1,000",14,14,0,14,14,12,0,2,0,0,14,12,0,2,0,0,0,0,0,0,0,0
223898,Cisco College,2012,"1,000 - 4,999",3914,1796,2118,2507,3914,1159,362,2237,156,0,1796,515,186,1037,58,0,2118,644,176,1200,98,0
223922,Clarendon College,2012,"1,000 - 4,999",1054,553,501,721,1054,281,159,614,0,0,553,206,33,314,0,0,501,75,126,300,0,0
224004,Concordia University-Texas,2012,"1,000 - 4,999",2568,1260,1308,1764,1575,259,199,1074,43,993,1207,244,154,807,2,53,368,15,45,267,41,940
224013,Conlee's College of Cosmetology,2012,"Under 1,000",56,42,14,48,56,43,0,13,0,0,42,33,0,9,0,0,14,10,0,4,0,0
224110,North Central Texas College,2012,"10,000 - 19,999",10234,3949,6285,6059,10234,1113,522,3236,5363,0,3949,532,280,1330,1807,0,6285,581,242,1906,3556,0
224147,Texas A & M University-Corpus Christi,2012,"10,000 - 19,999",10508,7554,2954,8698,8740,1763,785,6183,9,1768,6929,1746,557,4624,2,625,1811,17,228,1559,7,1143
224156,Cosmetology Career Center LLC,2012,"Under 1,000",248,248,0,248,248,57,0,191,0,0,248,57,0,191,0,0,0,0,0,0,0,0
224183,Court Reporting Institute of Dallas,2012,"Under 1,000",354,62,292,178,354,17,40,297,0,0,62,10,18,34,0,0,292,7,22,263,0,0
224226,Dallas Baptist University,2012,"5,000 - 9,999",5622,3134,2488,4096,3513,492,280,2665,76,2109,2437,489,227,1704,17,697,1076,3,53,961,59,1412
224244,Dallas Christian College,2012,"Under 1,000",329,239,90,274,326,53,63,209,1,3,236,48,44,144,0,3,90,5,19,65,1,0
224271,Dallas Institute of Funeral Service,2012,"Under 1,000",156,156,0,156,156,25,63,68,0,0,156,25,63,68,0,0,0,0,0,0,0,0
224305,Dallas Theological Seminary,2012,"1,000 - 4,999",1962,870,1092,1287,0,0,0,0,0,1962,0,0,0,0,0,870,0,0,0,0,0,1092
224323,University of Dallas,2012,"1,000 - 4,999",2576,1638,938,1997,1356,354,46,951,5,1220,1330,354,46,929,1,308,26,0,0,22,4,912
224350,Del Mar College,2012,"10,000 - 19,999",11030,3313,7717,5904,11030,1237,571,9222,0,0,3313,657,241,2415,0,0,7717,580,330,6807,0,0
224439,Career Point College,2012,"1,000 - 4,999",1208,1208,0,1208,1208,529,0,0,679,0,1208,529,0,0,679,0,0,0,0,0,0,0
224527,East Texas Baptist University,2012,"1,000 - 4,999",1290,1103,187,1176,1241,360,119,679,83,49,1085,350,93,640,2,18,156,10,26,39,81,31
224545,Texas A & M University-Texarkana,2012,"1,000 - 4,999",1995,1092,903,1441,1503,204,277,958,64,492,974,201,206,561,6,118,529,3,71,397,58,374
224554,Texas A & M University-Commerce,2012,"10,000 - 19,999",11861,6749,5112,8671,6858,824,1476,4527,31,5003,5103,809,1028,3262,4,1646,1755,15,448,1265,27,3357
224572,Eastfield College,2012,"10,000 - 19,999",14178,3523,10655,7100,14178,1998,788,9201,2191,0,3523,919,236,1904,464,0,10655,1079,552,7297,1727,0
224615,El Centro College,2012,"10,000 - 19,999",11296,2212,9084,5262,11296,1410,708,7363,1815,0,2212,553,173,1264,222,0,9084,857,535,6099,1593,0
224642,El Paso Community College,2012,"20,000 and above",32127,10424,21703,17711,32127,5314,1842,23555,1416,0,10424,3105,688,6532,99,0,21703,2209,1154,17023,1317,0
224660,Western Technical College,2012,"Under 1,000",520,401,119,448,520,415,0,105,0,0,401,315,0,86,0,0,119,100,0,19,0,0
224679,Western Technical College,2012,"Under 1,000",806,633,173,702,806,157,0,649,0,0,633,128,0,505,0,0,173,29,0,144,0,0
224712,Episcopal Theological Seminary of the Southwest,2012,"Under 1,000",124,80,44,97,0,0,0,0,0,124,0,0,0,0,0,80,0,0,0,0,0,44
224758,Exposito School of Hair Design,2012,"Under 1,000",70,56,14,62,70,20,0,50,0,0,56,16,0,40,0,0,14,4,0,10,0,0
224776,South University-The Art Institute of Dallas,2012,"1,000 - 4,999",1613,1120,493,1314,1603,354,223,1026,0,10,1110,280,170,660,0,10,493,74,53,366,0,0
224828,Fort Worth Beauty School,2012,"Under 1,000",151,81,70,109,151,123,0,28,0,0,81,67,0,14,0,0,70,56,0,14,0,0
224891,Frank Phillips College,2012,"1,000 - 4,999",1197,548,649,766,1197,167,98,337,595,0,548,151,76,198,123,0,649,16,22,139,472,0
224961,Galveston College,2012,"1,000 - 4,999",2197,614,1583,1145,2197,299,247,1385,266,0,614,155,114,342,3,0,1583,144,133,1043,263,0
225070,Grayson College,2012,"1,000 - 4,999",4903,1738,3165,2801,4903,785,425,2708,985,0,1738,474,204,989,71,0,3165,311,221,1719,914,0
225201,Hallmark College,2012,"Under 1,000",756,756,0,756,756,150,89,517,0,0,756,150,89,517,0,0,0,0,0,0,0,0
225247,Hardin-Simmons University,2012,"1,000 - 4,999",2301,1899,402,2055,1841,395,170,1190,86,460,1622,393,158,1071,0,277,219,2,12,119,86,183
225308,Trinity Valley Community College,2012,"5,000 - 9,999",5215,2707,2508,3549,5215,1262,811,2990,152,0,2707,939,403,1328,37,0,2508,323,408,1662,115,0
225371,Hill College,2012,"1,000 - 4,999",4376,1922,2454,2746,4376,677,1033,1610,1056,0,1922,493,539,856,34,0,2454,184,494,754,1022,0
225399,Houston Baptist University,2012,"1,000 - 4,999",2589,2104,485,2291,2052,518,185,1338,11,537,1875,514,171,1188,2,229,177,4,14,150,9,308
225414,University of Houston-Clear Lake,2012,"5,000 - 9,999",8153,3546,4607,5314,4541,0,1039,3492,10,3612,2107,0,498,1607,2,1439,2434,0,541,1885,8,2173
225423,Houston Community College,2012,"20,000 and above",58476,18476,40000,31905,58476,8726,4090,37195,8465,0,18476,3990,1681,11596,1209,0,40000,4736,2409,25599,7256,0
225432,University of Houston-Downtown,2012,"10,000 - 19,999",13916,6785,7131,9655,13709,1442,2306,9801,160,207,6768,1157,1051,4540,20,17,6941,285,1255,5261,140,190
225502,University of Houston-Victoria,2012,"1,000 - 4,999",4335,1655,2680,2683,2664,261,415,1975,13,1671,1254,252,169,832,1,401,1410,9,246,1143,12,1270
225511,University of Houston,2012,"20,000 and above",40747,29181,11566,33749,32760,3492,4264,23560,1444,7987,23580,3350,2789,17048,393,5601,9180,142,1475,6512,1051,2386
225520,Howard College,2012,"1,000 - 4,999",4494,1381,3113,2426,4494,654,258,3471,111,0,1381,412,111,818,40,0,3113,242,147,2653,71,0
225548,Howard Payne University,2012,"1,000 - 4,999",1130,951,179,1021,1091,299,56,663,73,39,930,297,51,582,0,21,161,2,5,81,73,18
225575,Huston-Tillotson University,2012,"Under 1,000",918,802,116,847,884,209,90,582,3,34,802,208,77,517,0,0,82,1,13,65,3,34
225627,University of the Incarnate Word,2012,"5,000 - 9,999",8442,5399,3043,6583,6404,1064,805,4477,58,2038,4388,1016,344,2987,41,1011,2016,48,461,1490,17,1027
225779,International Business College-El Paso,2012,"Under 1,000",245,189,56,211,245,141,4,100,0,0,189,99,2,88,0,0,56,42,2,12,0,0
225788,International Business College-El Paso,2012,"Under 1,000",311,207,104,248,311,220,3,88,0,0,207,145,3,59,0,0,104,75,0,29,0,0
225849,ITT Technical Institute-Arlington,2012,"Under 1,000",619,454,165,519,619,82,9,528,0,0,454,67,4,383,0,0,165,15,5,145,0,0
225858,ITT Technical Institute-Houston West,2012,"Under 1,000",594,531,63,556,594,80,8,506,0,0,531,70,7,454,0,0,63,10,1,52,0,0
225876,Jacksonville College-Main Campus,2012,"Under 1,000",560,269,291,385,560,132,61,111,256,0,269,127,50,89,3,0,291,5,11,22,253,0
225885,Jarvis Christian College,2012,"Under 1,000",603,560,43,577,603,177,100,298,28,0,560,175,98,287,0,0,43,2,2,11,28,0
225991,KD College Conservatory of Film and Dramatic Arts,2012,"Under 1,000",158,158,0,158,158,24,43,91,0,0,158,24,43,91,0,0,0,0,0,0,0,0
226019,Kilgore College,2012,"5,000 - 9,999",6231,2858,3373,3990,6231,1204,456,4571,0,0,2858,908,269,1681,0,0,3373,296,187,2890,0,0
226091,Lamar University,2012,"10,000 - 19,999",14289,7672,6617,10182,9802,1720,706,7030,346,4487,7006,1638,433,4934,1,666,2796,82,273,2096,345,3821
226107,Lamar State College-Orange,2012,"1,000 - 4,999",2648,1039,1609,1579,2648,389,301,1395,563,0,1039,265,172,596,6,0,1609,124,129,799,557,0
226116,Lamar State College-Port Arthur,2012,"1,000 - 4,999",2708,1040,1668,1600,2708,278,179,1345,906,0,1040,210,70,419,341,0,1668,68,109,926,565,0
226125,Laredo Beauty College Inc,2012,"Under 1,000",189,189,0,189,189,55,0,134,0,0,189,55,0,134,0,0,0,0,0,0,0,0
226134,Laredo Community College,2012,"5,000 - 9,999",9356,3406,5950,5404,9356,1784,137,5421,2014,0,3406,915,63,1942,486,0,5950,869,74,3479,1528,0
226152,Texas A & M International University,2012,"5,000 - 9,999",7213,4078,3135,5315,6384,837,415,5103,29,829,3918,825,254,2826,13,160,2466,12,161,2277,16,669
226204,Lee College,2012,"5,000 - 9,999",6049,1600,4449,3094,6049,987,376,4678,8,0,1600,452,129,1017,2,0,4449,535,247,3661,6,0
226231,LeTourneau University,2012,"1,000 - 4,999",2843,1371,1472,1945,2450,362,256,1725,107,393,1343,321,107,900,15,28,1107,41,149,825,92,365
226277,Lincoln College of Technology-Grand Prairie,2012,"Under 1,000",730,730,0,730,730,234,65,431,0,0,730,234,65,431,0,0,0,0,0,0,0,0
226374,Lubbock Hair Academy,2012,"Under 1,000",54,54,0,54,54,14,0,40,0,0,54,14,0,40,0,0,0,0,0,0,0,0
226383,Lubbock Christian University,2012,"1,000 - 4,999",2135,1408,727,1689,1640,314,221,1037,68,495,1334,314,165,855,0,74,306,0,56,182,68,421
226408,College of the Mainland,2012,"1,000 - 4,999",4010,1074,2936,2060,4010,494,202,3314,0,0,1074,197,61,816,0,0,2936,297,141,2498,0,0
226471,University of Mary Hardin-Baylor,2012,"1,000 - 4,999",3287,2853,434,3022,2926,631,282,2008,5,361,2653,627,237,1786,3,200,273,4,45,222,2,161
226578,McLennan Community College,2012,"5,000 - 9,999",9302,4267,5035,5957,9302,1563,640,5806,1293,0,4267,1178,361,2675,53,0,5035,385,279,3131,1240,0
226587,McMurry University,2012,"1,000 - 4,999",1368,1152,216,1237,1365,303,179,810,73,3,1151,303,155,693,0,1,214,0,24,117,73,2
226675,Covenant School of Nursing and Allied Health,2012,"Under 1,000",309,309,0,309,309,0,0,309,0,0,309,0,0,309,0,0,0,0,0,0,0,0
226772,Metroplex Beauty School,2012,"Under 1,000",61,49,12,54,61,21,0,40,0,0,49,17,0,32,0,0,12,4,0,8,0,0
226806,Midland College,2012,"5,000 - 9,999",5530,1627,3903,3202,5530,754,239,2569,1968,0,1627,445,94,878,210,0,3903,309,145,1691,1758,0
226833,Midwestern State University,2012,"5,000 - 9,999",5916,3962,1954,4728,5238,623,583,4032,0,678,3823,614,397,2812,0,139,1415,9,186,1220,0,539
226860,Mims Classic Beauty College,2012,"Under 1,000",53,53,0,53,53,16,0,37,0,0,53,16,0,37,0,0,0,0,0,0,0,0
226879,Wade College,2012,"Under 1,000",227,179,48,198,227,49,35,143,0,0,179,39,30,110,0,0,48,10,5,33,0,0
226903,Southern Careers Institute-Austin,2012,"Under 1,000",381,381,0,381,381,307,0,74,0,0,381,307,0,74,0,0,0,0,0,0,0,0
226930,Mountain View College,2012,"5,000 - 9,999",9068,2066,7002,4417,9068,1476,504,5858,1230,0,2066,752,112,966,236,0,7002,724,392,4892,994,0
227003,Everest Institute-San Antonio,2012,"Under 1,000",612,612,0,612,612,138,0,474,0,0,612,138,0,474,0,0,0,0,0,0,0,0
227058,Tint School of Makeup and Cosmetology-Irving,2012,"Under 1,000",90,48,42,65,90,85,0,5,0,0,48,46,0,2,0,0,42,39,0,3,0,0
227146,Navarro College,2012,"10,000 - 19,999",10098,4710,5388,6519,10098,1843,673,7582,0,0,4710,1395,403,2912,0,0,5388,448,270,4670,0,0
227155,Neilson Beauty College,2012,"Under 1,000",57,57,0,57,57,55,0,2,0,0,57,55,0,2,0,0,0,0,0,0,0,0
227182,Lone Star College System,2012,"20,000 and above",64872,19633,45239,34821,64872,10650,3955,43156,7111,0,19633,4951,1515,12937,230,0,45239,5699,2440,30219,6881,0
227191,North Lake College,2012,"10,000 - 19,999",11397,2635,8762,5577,11397,1473,976,6763,2185,0,2635,740,265,1321,309,0,8762,733,711,5442,1876,0
227216,University of North Texas,2012,"20,000 and above",37950,27148,10802,31336,30593,4473,4490,21630,0,7357,23870,4400,3346,16124,0,3278,6723,73,1144,5506,0,4079
227225,Northeast Texas Community College,2012,"1,000 - 4,999",3360,1714,1646,2267,3360,469,278,1816,797,0,1714,388,193,1013,120,0,1646,81,85,803,677,0
227243,Northwood University-Texas,2012,"Under 1,000",816,645,171,712,763,164,134,455,10,53,645,164,120,352,9,0,118,0,14,103,1,53
227289,Oblate School of Theology,2012,"Under 1,000",123,71,52,91,0,0,0,0,0,123,0,0,0,0,0,71,0,0,0,0,0,52
227298,Ocean Corporation,2012,"Under 1,000",338,338,0,338,338,187,0,151,0,0,338,187,0,151,0,0,0,0,0,0,0,0
227304,Odessa College,2012,"5,000 - 9,999",5039,1434,3605,2644,5039,732,616,1839,1852,0,1434,382,236,608,208,0,3605,350,380,1231,1644,0
227313,Ogle School Hair Skin Nails-Arlington,2012,"Under 1,000",199,139,60,163,199,187,0,12,0,0,139,130,0,9,0,0,60,57,0,3,0,0
227322,Ogle School Hair Skin Nails-Ft Worth,2012,"Under 1,000",228,166,62,191,228,214,0,14,0,0,166,159,0,7,0,0,62,55,0,7,0,0
227331,Our Lady of the Lake University,2012,"1,000 - 4,999",2799,1502,1297,2001,1507,321,185,974,27,1292,1226,316,151,742,17,276,281,5,34,232,10,1016
227368,The University of Texas-Pan American,2012,"10,000 - 19,999",19302,13439,5863,15736,16570,3102,1140,12303,25,2732,12359,2891,742,8726,0,1080,4211,211,398,3577,25,1652
227377,The University of Texas at Brownsville,2012,"10,000 - 19,999",13636,6331,7305,9243,12547,1893,441,8589,1624,1089,6110,1409,176,4371,154,221,6437,484,265,4218,1470,868
227386,Panola College,2012,"1,000 - 4,999",2581,1184,1397,1653,2581,421,285,1874,1,0,1184,350,174,660,0,0,1397,71,111,1214,1,0
227401,Paris Junior College,2012,"5,000 - 9,999",5513,2567,2946,3556,5513,1197,300,4016,0,0,2567,944,156,1467,0,0,2946,253,144,2549,0,0
227429,Paul Quinn College,2012,"Under 1,000",192,180,12,185,192,71,22,99,0,0,180,69,19,92,0,0,12,2,3,7,0,0
227526,Prairie View A & M University,2012,"5,000 - 9,999",8336,6857,1479,7415,6824,1597,431,4792,4,1512,6283,1595,372,4315,1,574,541,2,59,477,3,938
227687,Ranger College,2012,"1,000 - 4,999",1929,1000,929,1312,1929,736,290,777,126,0,1000,357,160,425,58,0,929,379,130,352,68,0
227748,Aviation Institute of Maintenance-Houston,2012,"Under 1,000",262,229,33,242,262,46,0,216,0,0,229,44,0,185,0,0,33,2,0,31,0,0
227757,Rice University,2012,"5,000 - 9,999",6484,6257,227,6344,3848,931,54,2825,38,2636,3803,931,53,2791,28,2454,45,0,1,34,10,182
227766,Richland College,2012,"10,000 - 19,999",19552,4905,14647,9823,19552,2543,1209,12402,3398,0,4905,1001,294,3068,542,0,14647,1542,915,9334,2856,0
227836,Kaplan College-McAllen,2012,"Under 1,000",678,678,0,678,678,181,22,474,1,0,678,181,22,474,1,0,0,0,0,0,0,0
227845,Saint Edward's University,2012,"5,000 - 9,999",5095,3648,1447,4209,4238,788,396,3040,14,857,3449,777,266,2406,0,199,789,11,130,634,14,658
227854,St Philip's College,2012,"10,000 - 19,999",10313,1876,8437,4709,10313,1092,669,6383,2169,0,1876,470,122,1183,101,0,8437,622,547,5200,2068,0
227863,University of St Thomas,2012,"1,000 - 4,999",3626,1629,1997,2395,1573,271,139,1137,26,2053,1255,265,126,851,13,374,318,6,13,286,13,1679
227881,Sam Houston State University,2012,"10,000 - 19,999",18461,13753,4708,15566,15611,2415,2264,10932,0,2850,12968,2344,1813,8811,0,785,2643,71,451,2121,0,2065
227924,San Antonio College,2012,"20,000 and above",23134,5836,17298,11644,23134,3488,1749,14636,3261,0,5836,1523,446,3453,414,0,17298,1965,1303,11183,2847,0
227979,San Jacinto Community College,2012,"20,000 and above",28721,8625,20096,15372,28721,5524,2032,17649,3516,0,8625,3023,644,4480,478,0,20096,2501,1388,13169,3038,0
228042,Schreiner University,2012,"1,000 - 4,999",1126,1091,35,1105,1068,272,73,714,9,58,1035,272,71,692,0,56,33,0,2,22,9,2
228088,Seguin Beauty School-Seguin,2012,"Under 1,000",54,54,0,54,54,16,0,38,0,0,54,16,0,38,0,0,0,0,0,0,0,0
228149,St Mary's University,2012,"1,000 - 4,999",3988,3406,582,3630,2459,584,128,1732,15,1529,2323,584,117,1619,3,1083,136,0,11,113,12,446
228158,South Plains College,2012,"5,000 - 9,999",9444,4382,5062,6082,9444,1384,853,5296,1911,0,4382,1087,505,2733,57,0,5062,297,348,2563,1854,0
228185,South Texas Barber College Inc,2012,"Under 1,000",47,44,3,45,47,40,0,7,0,0,44,39,0,5,0,0,3,1,0,2,0,0
228194,South Texas College of Law,2012,"1,000 - 4,999",1225,964,261,1064,0,0,0,0,0,1225,0,0,0,0,0,964,0,0,0,0,0,261
228200,South Texas Vo-Tech Institute,2012,"Under 1,000",171,171,0,171,171,117,0,54,0,0,171,117,0,54,0,0,0,0,0,0,0,0
228219,South Texas Vocational Technical Institute-McAllen,2012,"Under 1,000",576,576,0,576,576,152,0,424,0,0,576,152,0,424,0,0,0,0,0,0,0,0
228246,Southern Methodist University,2012,"10,000 - 19,999",10893,8457,2436,9390,6249,1426,325,4424,74,4644,5999,1425,319,4248,7,2458,250,1,6,176,67,2186
228282,Southwest School of Business and Technical Careers-San Antonio,2012,"Under 1,000",260,260,0,260,260,137,0,123,0,0,260,137,0,123,0,0,0,0,0,0,0,0
228316,Southwest Texas Junior College,2012,"5,000 - 9,999",5908,2187,3721,3436,5908,851,109,3175,1773,0,2187,561,67,1539,20,0,3721,290,42,1636,1753,0
228325,Southwestern Assemblies of God University,2012,"1,000 - 4,999",2030,1478,552,1692,1695,298,267,1122,8,335,1401,273,219,909,0,77,294,25,48,213,8,258
228343,Southwestern University,2012,"1,000 - 4,999",1394,1376,18,1383,1394,357,37,989,11,0,1376,357,37,974,8,0,18,0,0,15,3,0
228431,Stephen F Austin State University,2012,"10,000 - 19,999",12999,10232,2767,11303,11298,2354,1017,7654,273,1701,9632,2336,870,6422,4,600,1666,18,147,1232,269,1101
228459,Texas State University,2012,"20,000 and above",34225,26703,7522,29643,29458,4432,3757,21269,0,4767,24223,4360,3065,16798,0,2480,5235,72,692,4471,0,2287
228468,Southwestern Adventist University,2012,"Under 1,000",806,646,160,709,781,119,92,505,65,25,633,116,71,431,15,13,148,3,21,74,50,12
228486,Southwestern Christian College,2012,"Under 1,000",206,195,11,199,206,85,26,95,0,0,195,85,26,84,0,0,11,0,0,11,0,0
228501,Sul Ross State University,2012,"1,000 - 4,999",2680,1403,1277,1894,1948,239,328,1380,1,732,1243,232,188,823,0,160,705,7,140,557,1,572
228529,Tarleton State University,2012,"10,000 - 19,999",12524,7921,4603,9712,10477,1725,1575,7168,9,2047,7464,1649,892,4921,2,457,3013,76,683,2247,7,1590
228547,Tarrant County College District,2012,"20,000 and above",50439,17466,32973,28536,50439,9021,2865,32909,5644,0,17466,4777,1203,11109,377,0,32973,4244,1662,21800,5267,0
228608,Temple College,2012,"5,000 - 9,999",5303,1930,3373,3062,5303,570,378,4146,209,0,1930,310,134,1432,54,0,3373,260,244,2714,155,0
228635,University of Texas Southwestern Medical Center,2012,"1,000 - 4,999",2424,1807,617,2030,33,0,7,26,0,2391,33,0,7,26,0,1774,0,0,0,0,0,617
228644,The University of Texas Health Science Center at San Antonio,2012,"1,000 - 4,999",3249,2853,396,3000,881,0,294,584,3,2368,796,0,279,517,0,2057,85,0,15,67,3,311
228653,The University of Texas Medical Branch,2012,"1,000 - 4,999",3012,2236,776,2523,676,0,266,410,0,2336,517,0,224,293,0,1719,159,0,42,117,0,617
228680,Texas State Technical College-Waco,2012,"1,000 - 4,999",4277,3211,1066,3569,4277,1016,1425,1611,225,0,3211,916,1028,1212,55,0,1066,100,397,399,170,0
228699,Texarkana College,2012,"1,000 - 4,999",4111,1587,2524,2434,4111,594,283,1910,1324,0,1587,455,161,893,78,0,2524,139,122,1017,1246,0
228705,Texas A & M University-Kingsville,2012,"10,000 - 19,999",11350,7221,4129,8825,8949,1297,1411,6195,46,2401,6299,1271,958,4068,2,922,2650,26,453,2127,44,1479
228723,Texas A & M University-College Station,2012,"20,000 and above",50627,44231,6396,46707,40103,8139,1910,29901,153,10524,36219,7174,1793,27136,116,8012,3884,965,117,2765,37,2512
228769,The University of Texas at Arlington,2012,"20,000 and above",33239,19327,13912,24761,25761,2588,4199,18700,274,7478,16164,2527,2463,11141,33,3163,9597,61,1736,7559,241,4315
228778,The University of Texas at Austin,2012,"20,000 and above",52186,47990,4196,49628,39955,8092,2579,28544,740,12231,37083,8036,2426,26262,359,10907,2872,56,153,2282,381,1324
228787,The University of Texas at Dallas,2012,"10,000 - 19,999",19727,14310,5417,16375,12029,1545,1850,8631,3,7698,9506,1522,1307,6677,0,4804,2523,23,543,1954,3,2894
228796,The University of Texas at El Paso,2012,"20,000 and above",22749,14119,8630,17514,19217,3029,1804,14245,139,3532,12681,2723,1026,8904,28,1438,6536,306,778,5341,111,2094
228802,The University of Texas at Tyler,2012,"5,000 - 9,999",6858,4658,2200,5503,5239,632,785,3809,13,1619,4072,625,580,2866,1,586,1167,7,205,943,12,1033
228866,Texas Chiropractic College Foundation Inc,2012,"Under 1,000",244,234,10,238,0,0,0,0,0,244,0,0,0,0,0,234,0,0,0,0,0,10
228875,Texas Christian University,2012,"5,000 - 9,999",9727,8666,1061,9075,8456,1854,461,6100,41,1271,8145,1850,436,5838,21,521,311,4,25,262,20,750
228884,Texas College,2012,"Under 1,000",845,833,12,838,845,146,141,558,0,0,833,146,138,549,0,0,12,0,3,9,0,0
228909,University of North Texas Health Science Center,2012,"1,000 - 4,999",1949,1776,173,1839,0,0,0,0,0,1949,0,0,0,0,0,1776,0,0,0,0,0,173
228981,Texas Lutheran University,2012,"1,000 - 4,999",1315,1253,62,1277,1308,355,61,853,39,7,1246,355,61,829,1,7,62,0,0,24,38,0
229018,The University of Texas of the Permian Basin,2012,"1,000 - 4,999",4021,2184,1837,2904,3335,366,399,1939,631,686,2014,363,305,1336,10,170,1321,3,94,603,621,516
229027,The University of Texas at San Antonio,2012,"20,000 and above",30474,23168,7306,26011,25979,4489,2463,18393,634,4495,21186,4457,1954,14588,187,1982,4793,32,509,3805,447,2513
229036,Texas School of Business-North Campus,2012,"Under 1,000",473,473,0,473,473,116,36,321,0,0,473,116,36,321,0,0,0,0,0,0,0,0
229063,Texas Southern University,2012,"5,000 - 9,999",9646,7698,1948,8449,7021,1349,747,4925,0,2625,5905,1218,563,4124,0,1793,1116,131,184,801,0,832
229115,Texas Tech University,2012,"20,000 and above",32467,27512,4955,29425,26481,4561,2522,19193,205,5986,23588,4494,2200,16868,26,3924,2893,67,322,2325,179,2062
229151,Texas Vocational Schools Inc,2012,"Under 1,000",85,85,0,85,85,18,0,67,0,0,85,18,0,67,0,0,0,0,0,0,0,0
229160,Texas Wesleyan University,2012,"1,000 - 4,999",3204,2183,1021,2579,1794,282,262,1236,14,1410,1233,278,219,736,0,950,561,4,43,500,14,460
229179,Texas Woman's University,2012,"10,000 - 19,999",15168,8415,6753,10962,8776,1186,1352,5998,240,6392,6277,1166,946,4163,2,2138,2499,20,406,1835,238,4254
229267,Trinity University,2012,"1,000 - 4,999",2458,2363,95,2400,2286,596,24,1643,23,172,2252,596,24,1626,6,111,34,0,0,17,17,61
229300,The University of Texas Health Science Center at Houston,2012,"1,000 - 4,999",4489,3340,1149,3759,563,0,180,383,0,3926,483,0,160,323,0,2857,80,0,20,60,0,1069
229319,Texas State Technical College-Harlingen,2012,"5,000 - 9,999",5509,2361,3148,3418,5509,620,310,2110,2469,0,2361,491,184,940,746,0,3148,129,126,1170,1723,0
229328,Texas State Technical College-West Texas,2012,"Under 1,000",810,321,489,485,810,142,100,353,215,0,321,72,39,127,83,0,489,70,61,226,132,0
229337,Texas Tech University Health Sciences Center,2012,"1,000 - 4,999",4370,3447,923,3786,1305,0,511,794,0,3065,1182,0,455,727,0,2265,123,0,56,67,0,800
229355,Tyler Junior College,2012,"10,000 - 19,999",11374,6344,5030,8033,11374,2811,664,7894,5,0,6344,2316,386,3642,0,0,5030,495,278,4252,5,0
229416,Universal Technical Institute of Texas Inc.,2012,"1,000 - 4,999",2047,2047,0,2047,2047,495,0,1552,0,0,2047,495,0,1552,0,0,0,0,0,0,0,0
229425,University of Cosmetology Arts & Sciences-McAllen,2012,"Under 1,000",214,90,124,139,214,26,0,188,0,0,90,12,0,78,0,0,124,14,0,110,0,0
229504,Vernon College,2012,"1,000 - 4,999",3118,949,2169,1677,3118,551,212,1806,549,0,949,263,96,589,1,0,2169,288,116,1217,548,0
229522,Victoria Beauty College Inc,2012,"Under 1,000",53,24,29,36,53,5,0,48,0,0,24,3,0,21,0,0,29,2,0,27,0,0
229540,Victoria College,2012,"1,000 - 4,999",4484,1482,3002,2490,4484,749,211,3494,30,0,1482,457,93,928,4,0,3002,292,118,2566,26,0
229656,Vogue College of Cosmetology-McAllen,2012,"Under 1,000",206,173,33,186,206,68,0,138,0,0,173,44,0,129,0,0,33,24,0,9,0,0
229780,Wayland Baptist University,2012,"5,000 - 9,999",6851,1282,5569,3451,5058,381,506,3873,298,1793,1211,355,99,755,2,71,3847,26,407,3118,296,1722
229799,Weatherford College,2012,"5,000 - 9,999",5573,2486,3087,3522,5573,1173,462,3776,162,0,2486,876,272,1317,21,0,3087,297,190,2459,141,0
229814,West Texas A & M University,2012,"5,000 - 9,999",7909,5713,2196,6562,6543,1205,845,4485,8,1366,5226,1199,610,3417,0,487,1317,6,235,1068,8,879
229832,Western Texas College,2012,"1,000 - 4,999",2469,583,1886,1216,2469,687,0,286,1496,0,583,279,0,0,304,0,1886,408,0,286,1192,0
229841,Wharton County Junior College,2012,"5,000 - 9,999",7407,2918,4489,4425,7407,1525,589,4185,1108,0,2918,1131,215,1565,7,0,4489,394,374,2620,1101,0
229887,Wiley College,2012,"1,000 - 4,999",1401,1308,93,1344,1389,319,129,941,0,12,1300,309,121,870,0,8,89,10,8,71,0,4
229957,AmeriTech College-Provo,2012,"Under 1,000",144,144,0,144,144,93,0,51,0,0,144,93,0,51,0,0,0,0,0,0,0,0
230010,Bridgerland Applied Technology College,2012,"Under 1,000",865,383,482,545,865,125,0,740,0,0,383,68,0,315,0,0,482,57,0,425,0,0
230038,Brigham Young University-Provo,2012,"20,000 and above",34409,30364,4045,31939,31060,5525,787,24748,0,3349,28338,5430,711,22197,0,2026,2722,95,76,2551,0,1323
230047,Brigham Young University-Hawaii,2012,"1,000 - 4,999",3166,2629,537,2840,3166,508,168,2090,400,0,2629,498,153,1945,33,0,537,10,15,145,367,0
230056,Broadview University-West Jordan,2012,"Under 1,000",343,88,255,188,335,51,36,227,21,8,81,14,14,52,1,7,254,37,22,175,20,1
230065,Cameo College of Essential Beauty,2012,"Under 1,000",222,93,129,144,222,218,0,4,0,0,93,92,0,1,0,0,129,126,0,3,0,0
230135,Sherman Kendall Academy-Salt Lake City,2012,"Under 1,000",83,83,0,83,83,25,0,58,0,0,83,25,0,58,0,0,0,0,0,0,0,0
230144,Sherman Kendall Academy-Midvale,2012,"Under 1,000",56,56,0,56,56,23,0,33,0,0,56,23,0,33,0,0,0,0,0,0,0,0
230162,Davis Applied Technology College,2012,"1,000 - 4,999",4176,822,3354,1948,4176,471,0,1798,1907,0,822,164,0,575,83,0,3354,307,0,1223,1824,0
230171,Dixie State University,2012,"5,000 - 9,999",8840,5393,3447,6784,8840,1936,478,5245,1181,0,5393,1574,318,3417,84,0,3447,362,160,1828,1097,0
230199,Evans Hairstyling College-Cedar City,2012,"Under 1,000",38,38,0,38,38,23,0,15,0,0,38,23,0,15,0,0,0,0,0,0,0,0
230205,Evans Hairstyling College-St George,2012,"Under 1,000",44,41,3,42,44,15,0,29,0,0,41,13,0,28,0,0,3,2,0,1,0,0
230214,Paul Mitchell the School-Salt Lake City,2012,"Under 1,000",293,175,118,222,293,66,0,227,0,0,175,40,0,135,0,0,118,26,0,92,0,0
230366,Eagle Gate College-Murray,2012,"Under 1,000",262,132,130,183,262,97,10,150,5,0,132,55,6,66,5,0,130,42,4,84,0,0
230384,ITT Technical Institute-Murray,2012,"Under 1,000",575,402,173,470,575,38,8,529,0,0,402,32,7,363,0,0,173,6,1,166,0,0
230418,Latter-day Saints Business College,2012,"1,000 - 4,999",2191,1589,602,1828,2191,604,268,1319,0,0,1589,497,202,890,0,0,602,107,66,429,0,0
230472,Everest College-Salt Lake City,2012,"Under 1,000",374,275,99,314,374,31,35,308,0,0,275,27,32,216,0,0,99,4,3,92,0,0
230490,Ogden-Weber Applied Technology College,2012,"1,000 - 4,999",2803,612,2191,1348,2803,289,0,2327,187,0,612,114,0,482,16,0,2191,175,0,1845,171,0
230597,Snow College,2012,"1,000 - 4,999",4599,2934,1665,3606,4599,1528,62,1598,1411,0,2934,1426,55,1364,89,0,1665,102,7,234,1322,0
230603,Southern Utah University,2012,"5,000 - 9,999",8297,5722,2575,6740,7633,1264,419,4084,1866,664,5552,1198,342,3563,449,170,2081,66,77,521,1417,494
230621,Stevens-Henager College-Ogden,2012,"Under 1,000",460,460,0,460,460,249,0,211,0,0,460,249,0,211,0,0,0,0,0,0,0,0
230630,Stevens-Henager College of Business-Provo,2012,"Under 1,000",475,475,0,475,475,41,51,383,0,0,475,41,51,383,0,0,0,0,0,0,0,0
230676,Uintah Basin Applied Technology College,2012,"1,000 - 4,999",1035,149,886,446,1035,125,0,149,761,0,149,99,0,46,4,0,886,26,0,103,757,0
230728,Utah State University,2012,"20,000 and above",28786,16566,12220,21403,25445,3824,1728,15577,4316,3341,15469,3384,1190,10757,138,1097,9976,440,538,4820,4178,2244
230737,Utah Valley University,2012,"20,000 and above",31562,16745,14817,22718,31405,3817,1687,20402,5499,157,16742,2833,1107,12157,645,3,14663,984,580,8245,4854,154
230746,Salt Lake Community College,2012,"20,000 and above",29997,9138,20859,16141,29997,3015,1224,21110,4648,0,9138,1335,526,6844,433,0,20859,1680,698,14266,4215,0
230764,University of Utah,2012,"20,000 and above",32388,23263,9125,26870,24840,3494,2017,18461,868,7548,17518,3079,1361,12857,221,5745,7322,415,656,5604,647,1803
230782,Weber State University,2012,"20,000 and above",26532,12088,14444,17902,25868,2497,1026,15300,7045,664,11784,1939,620,8950,275,304,14084,558,406,6350,6770,360
230807,Westminster College,2012,"1,000 - 4,999",3301,2691,610,2927,2526,501,186,1700,139,775,2260,495,165,1584,16,431,266,6,21,116,123,344
230816,Bennington College,2012,"Under 1,000",826,809,17,816,688,197,15,476,0,138,684,197,15,472,0,125,4,0,0,4,0,13
230825,Burlington College,2012,"Under 1,000",236,181,55,203,224,39,37,129,19,12,174,38,33,103,0,7,50,1,4,26,19,5
230834,Castleton State College,2012,"1,000 - 4,999",2156,1885,271,1992,2057,470,184,1361,42,99,1854,470,145,1239,0,31,203,0,39,122,42,68
230852,Champlain College,2012,"1,000 - 4,999",3233,2582,651,2837,2793,601,167,2023,2,440,2236,601,96,1537,2,346,557,0,71,486,0,94
230861,Community College of Vermont,2012,"5,000 - 9,999",6311,1045,5266,2813,6311,1015,98,3459,1739,0,1045,267,26,708,44,0,5266,748,72,2751,1695,0
230889,Goddard College,2012,"Under 1,000",703,693,10,697,244,7,68,156,13,459,244,7,68,156,13,449,0,0,0,0,0,10
230898,Green Mountain College,2012,"Under 1,000",811,785,26,795,637,180,43,399,15,174,611,180,43,384,4,174,26,0,0,15,11,0
230913,Johnson State College,2012,"1,000 - 4,999",1783,1061,722,1345,1549,236,167,1087,59,234,1011,236,88,685,2,50,538,0,79,402,57,184
230931,Lyndon State College,2012,"1,000 - 4,999",1508,1259,249,1355,1406,338,92,944,32,102,1257,334,81,842,0,2,149,4,11,102,32,100
230940,Marlboro College,2012,"Under 1,000",288,238,50,258,288,48,20,170,50,0,238,48,20,169,1,0,50,0,0,1,49,0
230959,Middlebury College,2012,"1,000 - 4,999",2516,2493,23,2502,2516,598,10,1879,29,0,2493,598,10,1866,19,0,23,0,0,13,10,0
230977,New England Culinary Institute,2012,"Under 1,000",517,361,156,422,517,85,35,397,0,0,361,83,34,244,0,0,156,2,1,153,0,0
230995,Norwich University,2012,"1,000 - 4,999",3499,3260,239,3353,2418,603,191,1569,55,1081,2248,602,101,1533,12,1012,170,1,90,36,43,69
231004,O'Briens Aveda Institute,2012,"Under 1,000",80,80,0,80,80,35,0,45,0,0,80,35,0,45,0,0,0,0,0,0,0,0
231059,Saint Michael's College,2012,"1,000 - 4,999",2410,2014,396,2166,1971,544,34,1360,33,439,1948,544,34,1343,27,66,23,0,0,17,6,373
231068,SIT Graduate Institute,2012,"Under 1,000",464,195,269,298,0,0,0,0,0,464,0,0,0,0,0,195,0,0,0,0,0,269
231077,College of St Joseph,2012,"Under 1,000",314,145,169,210,179,27,16,109,27,135,111,24,9,78,0,34,68,3,7,31,27,101
231086,Southern Vermont College,2012,"Under 1,000",555,513,42,529,555,163,67,323,2,0,513,163,62,288,0,0,42,0,5,35,2,0
231095,Sterling College,2012,"Under 1,000",94,81,13,86,94,16,15,63,0,0,81,16,15,50,0,0,13,0,0,13,0,0
231147,Vermont Law School,2012,"Under 1,000",735,711,24,720,0,0,0,0,0,735,0,0,0,0,0,711,0,0,0,0,0,24
231165,Vermont Technical College,2012,"1,000 - 4,999",1645,1143,502,1346,1645,220,291,964,170,0,1143,216,228,699,0,0,502,4,63,265,170,0
231174,University of Vermont,2012,"10,000 - 19,999",13098,11251,1847,11972,11211,2372,426,7394,1019,1887,9956,2354,393,7056,153,1295,1255,18,33,338,866,592
231280,Bar Palma Beauty Careers Academy,2012,"Under 1,000",84,52,32,65,84,52,0,32,0,0,52,33,0,19,0,0,32,19,0,13,0,0
231411,Advanced Technology Institute,2012,"Under 1,000",787,787,0,787,787,179,35,573,0,0,787,179,35,573,0,0,0,0,0,0,0,0
231420,Averett University,2012,"Under 1,000",914,875,39,890,892,257,82,547,6,22,870,257,78,535,0,5,22,0,4,12,6,17
231536,Blue Ridge Community College,2012,"1,000 - 4,999",4694,1566,3128,2616,4694,844,370,2479,1001,0,1566,454,185,876,51,0,3128,390,185,1603,950,0
231554,Bluefield College,2012,"Under 1,000",831,731,100,770,831,141,216,461,13,0,731,136,200,393,2,0,100,5,16,68,11,0
231581,Bridgewater College,2012,"1,000 - 4,999",1759,1748,11,1752,1759,552,70,1127,10,0,1748,552,70,1122,4,0,11,0,0,5,6,0
231624,College of William and Mary,2012,"5,000 - 9,999",8258,7769,489,7949,6171,1467,205,4457,42,2087,6097,1465,199,4427,6,1672,74,2,6,30,36,415
231651,Regent University,2012,"5,000 - 9,999",5635,2554,3081,3742,2390,216,411,1654,109,3245,1398,201,220,970,7,1156,992,15,191,684,102,2089
231688,Central School of Practical Nursing,2012,"Under 1,000",48,15,33,26,48,27,0,10,11,0,15,5,0,10,0,0,33,22,0,0,11,0
231697,Central Virginia Community College,2012,"1,000 - 4,999",4906,1399,3507,2576,4906,751,232,2081,1842,0,1399,439,90,635,235,0,3507,312,142,1446,1607,0
231712,Christopher Newport University,2012,"5,000 - 9,999",5186,5024,162,5088,5046,1376,179,3481,10,140,4926,1376,173,3375,2,98,120,0,6,106,8,42
231721,Suffolk Beauty Academy,2012,"Under 1,000",43,9,34,22,43,5,0,38,0,0,9,1,0,8,0,0,34,4,0,30,0,0
231785,Bryant & Stratton College-Virginia Beach,2012,"Under 1,000",755,369,386,521,755,70,229,456,0,0,369,62,132,175,0,0,386,8,97,281,0,0
231828,Bryant & Stratton College-Richmond,2012,"Under 1,000",942,544,398,700,942,101,355,482,4,0,544,93,231,220,0,0,398,8,124,262,4,0
231837,Jefferson College of Health Sciences,2012,"1,000 - 4,999",1048,882,166,947,862,81,167,602,12,186,714,81,146,487,0,168,148,0,21,115,12,18
231873,Dabney S Lancaster Community College,2012,"1,000 - 4,999",1463,465,998,800,1463,206,66,541,650,0,465,145,38,247,35,0,998,61,28,294,615,0
231882,Danville Community College,2012,"1,000 - 4,999",4420,1611,2809,2554,4420,599,110,1990,1721,0,1611,433,71,988,119,0,2809,166,39,1002,1602,0
231970,Eastern Virginia Medical School,2012,"Under 1,000",993,875,118,918,0,0,0,0,0,993,0,0,0,0,0,875,0,0,0,0,0,118
232016,Centura College-Virginia Beach,2012,"1,000 - 4,999",1484,661,823,984,1484,113,0,1369,2,0,661,51,0,609,1,0,823,62,0,760,1,0
232025,Emory & Henry College,2012,"Under 1,000",945,899,46,917,910,245,23,632,10,35,885,244,22,619,0,14,25,1,1,13,10,21
232043,Eastern Mennonite University,2012,"1,000 - 4,999",1519,1190,329,1316,1124,217,148,718,41,395,1061,217,145,698,1,129,63,0,3,20,40,266
232052,Eastern Shore Community College,2012,"Under 1,000",990,311,679,539,990,158,28,533,271,0,311,83,15,196,17,0,679,75,13,337,254,0
232089,Ferrum College,2012,"1,000 - 4,999",1510,1487,23,1496,1510,550,68,889,3,0,1487,550,64,873,0,0,23,0,4,16,3,0
232186,George Mason University,2012,"20,000 and above",32961,20297,12664,25061,20653,2694,2202,15171,586,12308,16265,2681,1686,11871,27,4032,4388,13,516,3300,559,8276
232195,Germanna Community College,2012,"5,000 - 9,999",7520,2396,5124,4116,7520,1229,484,4132,1675,0,2396,699,179,1372,146,0,5124,530,305,2760,1529,0
232256,Hampden-Sydney College,2012,"1,000 - 4,999",1080,1080,0,1080,1080,342,19,719,0,0,1080,342,19,719,0,0,0,0,0,0,0,0
232265,Hampton University,2012,"1,000 - 4,999",4765,4546,219,4631,3862,887,148,2718,109,903,3764,883,146,2694,41,782,98,4,2,24,68,121
232308,Hollins University,2012,"Under 1,000",794,651,143,706,613,128,34,445,6,181,596,128,30,435,3,55,17,0,4,10,3,126
232414,J Sargeant Reynolds Community College,2012,"10,000 - 19,999",12846,3616,9230,6715,12846,1807,1161,7989,1889,0,3616,798,400,2260,158,0,9230,1009,761,5729,1731,0
232423,James Madison University,2012,"10,000 - 19,999",19927,18392,1535,18980,18107,4325,626,12923,233,1820,17329,4323,584,12395,27,1063,778,2,42,528,206,757
232450,John Tyler Community College,2012,"10,000 - 19,999",10145,2815,7330,5276,10145,1379,523,4606,3637,0,2815,846,202,1585,182,0,7330,533,321,3021,3455,0
232502,Everest College-Newport News,2012,"Under 1,000",351,273,78,304,351,40,64,247,0,0,273,32,52,189,0,0,78,8,12,58,0,0
232557,Liberty University,2012,"20,000 and above",74372,34444,39928,49929,46133,5441,6168,34172,352,28239,24777,3631,3130,17939,77,9667,21356,1810,3038,16233,275,18572
232566,Longwood University,2012,"1,000 - 4,999",4834,4088,746,4374,4355,1029,207,2949,170,479,3963,1007,191,2755,10,125,392,22,16,194,160,354
232575,Lord Fairfax Community College,2012,"5,000 - 9,999",7288,2016,5272,3786,7288,1056,306,3394,2532,0,2016,525,94,1063,334,0,5272,531,212,2331,2198,0
232609,Lynchburg College,2012,"1,000 - 4,999",2756,2336,420,2498,2211,517,130,1503,61,545,2088,517,123,1445,3,248,123,0,7,58,58,297
232618,Lynchburg General Hospital School of Nursing,2012,"Under 1,000",167,99,68,126,167,0,0,167,0,0,99,0,0,99,0,0,68,0,0,68,0,0
232672,Mary Baldwin College,2012,"1,000 - 4,999",1791,1152,639,1401,1512,242,162,1018,90,279,1034,242,104,649,39,118,478,0,58,369,51,161
232681,University of Mary Washington,2012,"5,000 - 9,999",5093,4021,1072,4435,4515,955,293,3130,137,578,3881,937,220,2704,20,140,634,18,73,426,117,438
232706,Marymount University,2012,"1,000 - 4,999",3702,2755,947,3120,2470,375,343,1716,36,1232,2175,373,301,1491,10,580,295,2,42,225,26,652
232724,Danville Regional Medical Center School of Health Professions,2012,"Under 1,000",54,54,0,54,54,0,0,54,0,0,54,0,0,54,0,0,0,0,0,0,0,0
232788,Mountain Empire Community College,2012,"1,000 - 4,999",3089,1412,1677,1975,3089,490,74,1494,1031,0,1412,373,44,862,133,0,1677,117,30,632,898,0
232797,American National University,2012,"1,000 - 4,999",2130,1235,895,1586,2099,165,226,1690,18,31,1216,123,157,936,0,19,883,42,69,754,18,12
232867,New River Community College,2012,"5,000 - 9,999",5083,1912,3171,2977,5083,542,360,2148,2033,0,1912,370,205,1103,234,0,3171,172,155,1045,1799,0
232885,Sentara College of Health Sciences,2012,"Under 1,000",365,305,60,329,365,0,112,156,97,0,305,0,82,126,97,0,60,0,30,30,0,0
232919,Tidewater Tech-Trades,2012,"Under 1,000",241,173,68,200,241,129,0,112,0,0,173,98,0,75,0,0,68,31,0,37,0,0
232937,Norfolk State University,2012,"5,000 - 9,999",7100,5645,1455,6220,6367,1092,534,4686,55,733,5209,1058,412,3734,5,436,1158,34,122,952,50,297
232946,Northern Virginia Community College,2012,"20,000 and above",51864,19209,32655,30172,51864,8283,3143,33169,7269,0,19209,5137,1302,12017,753,0,32655,3146,1841,21152,6516,0
232982,Old Dominion University,2012,"20,000 and above",24670,16826,7844,19858,19612,2702,2284,14317,309,5058,14949,2668,1523,10692,66,1877,4663,34,761,3625,243,3181
233019,Patrick Henry Community College,2012,"1,000 - 4,999",3079,1603,1476,2099,3079,509,158,1660,752,0,1603,392,96,878,237,0,1476,117,62,782,515,0
233037,Paul D Camp Community College,2012,"1,000 - 4,999",1493,450,1043,800,1493,195,130,653,515,0,450,116,55,252,27,0,1043,79,75,401,488,0
233082,Southside Regional Medical Center Professional Schools,2012,"Under 1,000",127,19,108,62,127,0,44,83,0,0,19,0,0,19,0,0,108,0,44,64,0,0
233091,Miller-Motte Technical College-Lynchburg,2012,"Under 1,000",445,277,168,344,445,111,55,279,0,0,277,83,40,154,0,0,168,28,15,125,0,0
233116,Piedmont Virginia Community College,2012,"5,000 - 9,999",5693,1179,4514,2695,5693,718,360,2839,1776,0,1179,295,116,664,104,0,4514,423,244,2175,1672,0
233277,Radford University,2012,"5,000 - 9,999",9573,8879,694,9143,8610,2053,803,5719,35,963,8288,2052,760,5456,20,591,322,1,43,263,15,372
233286,Sylvain Melloul International Hair Academy,2012,"Under 1,000",62,62,0,62,62,58,0,4,0,0,62,58,0,4,0,0,0,0,0,0,0,0
233295,Randolph-Macon College,2012,"1,000 - 4,999",1312,1286,26,1296,1312,411,94,791,16,0,1286,411,90,777,8,0,26,0,4,14,8,0
233301,Randolph College,2012,"Under 1,000",645,631,14,636,623,180,25,402,16,22,609,180,25,398,6,22,14,0,0,4,10,0
233310,Rappahannock Community College,2012,"1,000 - 4,999",3711,864,2847,1820,3711,430,147,1236,1898,0,864,196,42,387,239,0,2847,234,105,849,1659,0
233329,Fortis College-Norfolk,2012,"Under 1,000",392,392,0,392,392,32,74,286,0,0,392,32,74,286,0,0,0,0,0,0,0,0
233338,Richard Bland College of the College of William and Mary,2012,"1,000 - 4,999",1532,995,537,1175,1532,437,54,686,355,0,995,424,46,514,11,0,537,13,8,172,344,0
233356,Bon Secours Memorial College of Nursing,2012,"Under 1,000",290,173,117,219,290,3,0,287,0,0,173,3,0,170,0,0,117,0,0,117,0,0
233374,University of Richmond,2012,"1,000 - 4,999",4361,3661,700,3931,3341,781,93,2334,133,1020,3106,781,66,2158,101,555,235,0,27,176,32,465
233408,Riverside School of Health Careers,2012,"Under 1,000",326,317,9,321,326,7,0,319,0,0,317,7,0,310,0,0,9,0,0,9,0,0
233426,Roanoke College,2012,"1,000 - 4,999",2060,1987,73,2016,2060,543,88,1379,50,0,1987,543,85,1338,21,0,73,0,3,41,29,0
233480,Bon Secours St Mary's Hospital School of Medical Imaging,2012,"Under 1,000",35,35,0,35,35,0,0,35,0,0,35,0,0,35,0,0,0,0,0,0,0,0
233541,Shenandoah University,2012,"1,000 - 4,999",4176,2666,1510,3249,2402,459,127,1316,500,1774,1837,457,120,1259,1,829,565,2,7,57,499,945
233611,Southern Virginia University,2012,"Under 1,000",730,713,17,720,730,205,86,437,2,0,713,205,84,424,0,0,17,0,2,13,2,0
233639,Southside Virginia Community College,2012,"5,000 - 9,999",6042,1897,4145,3289,6042,679,129,2233,3001,0,1897,447,78,784,588,0,4145,232,51,1449,2413,0
233648,Southwest Virginia Community College,2012,"1,000 - 4,999",2766,1159,1607,1699,2766,504,97,1252,913,0,1159,402,44,635,78,0,1607,102,53,617,835,0
233657,Springfield Beauty Academy,2012,"Under 1,000",69,49,20,57,69,15,0,54,0,0,49,9,0,40,0,0,20,6,0,14,0,0
233666,Staunton School of Cosmetology,2012,"Under 1,000",35,24,11,28,35,32,0,3,0,0,24,23,0,1,0,0,11,9,0,2,0,0
233684,Strayer University-Virginia,2012,"5,000 - 9,999",8991,2375,6616,4953,6043,200,489,5234,120,2948,1421,34,134,1245,8,954,4622,166,355,3989,112,1994
233718,Sweet Briar College,2012,"Under 1,000",739,708,31,720,723,176,21,369,157,16,695,176,19,366,134,13,28,0,2,3,23,3
233754,Thomas Nelson Community College,2012,"10,000 - 19,999",10942,3689,7253,6124,10942,1703,877,6662,1700,0,3689,854,313,2319,203,0,7253,849,564,4343,1497,0
233772,Tidewater Community College,2012,"20,000 and above",30134,11865,18269,17999,30134,5389,2228,19609,2908,0,11865,3004,934,7625,302,0,18269,2385,1294,11984,2606,0
233842,Union Presbyterian Seminary,2012,"Under 1,000",211,113,98,150,0,0,0,0,0,211,0,0,0,0,0,113,0,0,0,0,0,98
233897,The University of Virginia's College at Wise,2012,"1,000 - 4,999",2420,1522,898,1884,2420,373,138,1107,802,0,1522,371,131,1010,10,0,898,2,7,97,792,0
233903,Virginia Highlands Community College,2012,"1,000 - 4,999",2570,1078,1492,1579,2570,362,138,1289,781,0,1078,292,82,636,68,0,1492,70,56,653,713,0
233921,Virginia Polytechnic Institute and State University,2012,"20,000 and above",31087,28263,2824,29305,23859,5487,997,17339,36,7228,23366,5481,986,16897,2,4897,493,6,11,442,34,2331
233949,Virginia Western Community College,2012,"5,000 - 9,999",8440,2568,5872,4539,8440,1245,395,3974,2826,0,2568,844,175,1469,80,0,5872,401,220,2505,2746,0
234030,Virginia Commonwealth University,2012,"20,000 and above",31445,24924,6521,27445,23661,3554,2018,16631,1458,7784,19785,3544,1709,14258,274,5139,3876,10,309,2373,1184,2645
234076,University of Virginia-Main Campus,2012,"20,000 and above",23907,20984,2923,22079,15822,3397,599,10673,1153,8085,14928,3395,513,10257,763,6056,894,2,86,416,390,2029
234085,Virginia Military Institute,2012,"1,000 - 4,999",1664,1664,0,1664,1664,454,31,1179,0,0,1664,454,31,1179,0,0,0,0,0,0,0,0
234119,Virginia School of Hair Design,2012,"Under 1,000",124,50,74,79,124,90,0,34,0,0,50,39,0,11,0,0,74,51,0,23,0,0
234137,Virginia University of Lynchburg,2012,"Under 1,000",540,290,250,388,467,115,24,328,0,73,230,77,18,135,0,60,237,38,6,193,0,13
234155,Virginia State University,2012,"5,000 - 9,999",6208,5377,831,5698,5570,1361,384,3564,261,638,5082,1358,357,3366,1,295,488,3,27,198,260,343
234164,Virginia Union University,2012,"1,000 - 4,999",1751,1699,52,1719,1359,383,75,896,5,392,1321,380,71,868,2,378,38,3,4,28,3,14
234173,Virginia Wesleyan College,2012,"1,000 - 4,999",1431,1288,143,1344,1431,435,106,844,46,0,1288,435,77,769,7,0,143,0,29,75,39,0
234191,Wards Corner Beauty Academy-Norfolk,2012,"Under 1,000",136,136,0,136,136,5,0,131,0,0,136,5,0,131,0,0,0,0,0,0,0,0
234207,Washington and Lee University,2012,"1,000 - 4,999",2302,2299,3,2300,1838,479,4,1354,1,464,1835,479,4,1351,1,464,3,0,0,3,0,0
234216,Sanford-Brown College-Tysons Corner,2012,"Under 1,000",733,438,295,554,733,46,32,655,0,0,438,46,32,360,0,0,295,0,0,295,0,0
234225,Washington County Adult Skill Center,2012,"Under 1,000",73,73,0,73,73,47,0,26,0,0,73,47,0,26,0,0,0,0,0,0,0,0
234359,Woodrow Wilson Rehabilitation Center,2012,"Under 1,000",151,151,0,151,151,54,0,97,0,0,151,54,0,97,0,0,0,0,0,0,0,0
234377,Wytheville Community College,2012,"1,000 - 4,999",3717,1295,2422,2108,3717,505,186,1598,1428,0,1295,386,77,734,98,0,2422,119,109,864,1330,0
234401,Beauty Academy,2012,"Under 1,000",83,41,42,58,83,32,0,51,0,0,41,18,0,23,0,0,42,14,0,28,0,0
234492,The Art Institute of Seattle,2012,"1,000 - 4,999",1703,1127,576,1353,1703,290,280,1131,2,0,1127,202,190,735,0,0,576,88,90,396,2,0
234650,Evergreen Beauty and Barber College-Bellevue,2012,"Under 1,000",145,145,0,145,145,31,0,114,0,0,145,31,0,114,0,0,0,0,0,0,0,0
234669,Bellevue College,2012,"10,000 - 19,999",13484,6507,6977,9323,13484,751,2201,2709,7823,0,6507,531,986,1373,3617,0,6977,220,1215,1336,4206,0
234696,Bellingham Technical College,2012,"1,000 - 4,999",2434,1291,1143,1675,2434,47,304,371,1712,0,1291,35,198,250,808,0,1143,12,106,121,904,0
234711,Big Bend Community College,2012,"1,000 - 4,999",1840,1311,529,1489,1840,261,256,796,527,0,1311,237,175,565,334,0,529,24,81,231,193,0
234739,Everest College-Bremerton,2012,"Under 1,000",332,329,3,330,332,63,45,224,0,0,329,63,45,221,0,0,3,0,0,3,0,0
234784,Everest College-Renton,2012,"Under 1,000",539,539,0,539,539,86,0,453,0,0,539,86,0,453,0,0,0,0,0,0,0,0
234827,Central Washington University,2012,"10,000 - 19,999",11268,9622,1646,10279,10737,1438,1574,7278,447,531,9256,1420,1333,6406,97,366,1481,18,241,872,350,165
234845,Centralia College,2012,"1,000 - 4,999",3334,1773,1561,2403,3334,343,280,754,1957,0,1773,303,207,559,704,0,1561,40,73,195,1253,0
234915,City University of Seattle,2012,"1,000 - 4,999",2297,1375,922,1733,1175,40,270,769,96,1122,614,12,197,400,5,761,561,28,73,369,91,361
234924,Lucas Marc Academy,2012,"Under 1,000",143,143,0,143,143,36,0,107,0,0,143,36,0,107,0,0,0,0,0,0,0,0
234933,Clark College,2012,"10,000 - 19,999",12314,6262,6052,8294,12314,1688,2749,6802,1075,0,6262,1118,1389,3629,126,0,6052,570,1360,3173,949,0
234951,Clover Park Technical College,2012,"1,000 - 4,999",3666,2352,1314,2793,3666,256,736,621,2053,0,2352,234,602,511,1005,0,1314,22,134,110,1048,0
234979,Columbia Basin College,2012,"5,000 - 9,999",6294,3571,2723,4670,6294,829,1733,2218,1514,0,3571,636,903,1499,533,0,2723,193,830,719,981,0
235024,Cornish College of the Arts,2012,"Under 1,000",791,770,21,778,788,155,95,538,0,3,767,155,90,522,0,3,21,0,5,16,0,0
235088,Divers Institute of Technology,2012,"Under 1,000",203,203,0,203,203,125,0,78,0,0,203,125,0,78,0,0,0,0,0,0,0,0
235097,Eastern Washington University,2012,"10,000 - 19,999",12587,10419,2168,11279,11360,1572,1280,8484,24,1227,9557,1555,1123,6868,11,862,1803,17,157,1616,13,365
235103,Edmonds Community College,2012,"5,000 - 9,999",9537,4458,5079,6163,9537,544,1588,2579,4826,0,4458,407,820,1437,1794,0,5079,137,768,1142,3032,0
235149,Everett Community College,2012,"5,000 - 9,999",6980,3812,3168,4876,6980,707,1186,2728,2359,0,3812,507,617,1531,1157,0,3168,200,569,1197,1202,0
235158,Paroba College of Cosmetology,2012,"Under 1,000",129,129,0,129,129,18,0,111,0,0,129,18,0,111,0,0,0,0,0,0,0,0
235167,The Evergreen State College,2012,"1,000 - 4,999",4509,4071,438,4243,4193,534,749,2838,72,316,3872,521,716,2626,9,199,321,13,33,212,63,117
235237,Pierce College at Fort Steilacoom,2012,"5,000 - 9,999",6855,3066,3789,4338,6855,489,1576,2754,2036,0,3066,337,800,1185,744,0,3789,152,776,1569,1292,0
235307,Glen Dow Academy of Hair Design,2012,"Under 1,000",158,158,0,158,158,109,0,49,0,0,158,109,0,49,0,0,0,0,0,0,0,0
235316,Gonzaga University,2012,"5,000 - 9,999",7781,5608,2173,6439,4906,1096,170,3563,77,2875,4805,1095,162,3505,43,803,101,1,8,58,34,2072
235334,Grays Harbor College,2012,"1,000 - 4,999",1966,1312,654,1532,1966,116,193,490,1167,0,1312,110,151,387,664,0,654,6,42,103,503,0
235343,Green River Community College,2012,"5,000 - 9,999",7709,4886,2823,5834,7709,756,1279,3067,2607,0,4886,554,796,1998,1538,0,2823,202,483,1069,1069,0
235352,Toni & Guy Hairdressing Academy-Shoreline,2012,"Under 1,000",82,82,0,82,82,14,0,68,0,0,82,14,0,68,0,0,0,0,0,0,0,0
235422,Heritage University,2012,"1,000 - 4,999",1150,740,410,899,870,91,143,627,9,280,653,81,109,463,0,87,217,10,34,164,9,193
235431,Highline Community College,2012,"5,000 - 9,999",6837,3933,2904,4908,6837,439,995,2206,3197,0,3933,287,509,1315,1822,0,2904,152,486,891,1375,0
235495,Interface College-Spokane,2012,"Under 1,000",67,67,0,67,67,28,16,23,0,0,67,28,16,23,0,0,0,0,0,0,0,0
235501,International Air and Hospitality Academy,2012,"Under 1,000",382,382,0,382,382,233,0,149,0,0,382,233,0,149,0,0,0,0,0,0,0,0
235510,ITT Technical Institute-Seattle,2012,"Under 1,000",518,387,131,438,518,49,5,464,0,0,387,40,4,343,0,0,131,9,1,121,0,0
235529,ITT Technical Institute-Spokane Valley,2012,"Under 1,000",317,235,82,267,317,26,7,284,0,0,235,18,4,213,0,0,82,8,3,71,0,0
235547,Bastyr University,2012,"1,000 - 4,999",1028,927,101,966,223,0,113,93,17,805,187,0,102,79,6,740,36,0,11,14,11,65
235583,Gene Juarez Academy of Beauty-Mountlake Terrace,2012,"Under 1,000",255,255,0,255,255,31,0,224,0,0,255,31,0,224,0,0,0,0,0,0,0,0
235671,Bates Technical College,2012,"1,000 - 4,999",4158,2469,1689,3036,4158,213,718,654,2573,0,2469,204,640,597,1028,0,1689,9,78,57,1545,0
235699,Lake Washington Institute of Technology,2012,"1,000 - 4,999",3782,1888,1894,2652,3782,184,1176,915,1507,0,1888,139,696,622,431,0,1894,45,480,293,1076,0
235750,Lower Columbia College,2012,"1,000 - 4,999",3199,1773,1426,2252,3199,179,315,927,1778,0,1773,154,141,547,931,0,1426,25,174,380,847,0
235769,Trinity Lutheran College,2012,"Under 1,000",176,162,14,167,176,45,92,38,1,0,162,43,82,37,0,0,14,2,10,1,1,0
235954,Cascade Beauty College,2012,"Under 1,000",50,50,0,50,50,8,0,42,0,0,50,8,0,42,0,0,0,0,0,0,0,0
236018,BJ's Beauty & Barber College,2012,"Under 1,000",117,117,0,117,117,21,0,96,0,0,117,21,0,96,0,0,0,0,0,0,0,0
236027,Northwest Hair Academy,2012,"Under 1,000",197,197,0,197,197,20,0,177,0,0,197,20,0,177,0,0,0,0,0,0,0,0
236072,Seattle Community College-North Campus,2012,"5,000 - 9,999",6047,2154,3893,3461,6047,161,1298,914,3674,0,2154,97,563,506,988,0,3893,64,735,408,2686,0
236133,Northwest University,2012,"1,000 - 4,999",1612,1325,287,1437,1355,215,201,835,104,257,1163,211,189,753,10,162,192,4,12,82,94,95
236188,Olympic College,2012,"5,000 - 9,999",7533,4391,3142,5659,7533,639,1413,3155,2326,0,4391,425,803,2083,1080,0,3142,214,610,1072,1246,0
236212,Perry Technical Institute,2012,"Under 1,000",748,748,0,748,748,156,0,592,0,0,748,156,0,592,0,0,0,0,0,0,0,0
236230,Pacific Lutheran University,2012,"1,000 - 4,999",3473,3193,280,3301,3166,633,230,2248,55,307,3028,633,227,2133,35,165,138,0,3,115,20,142
236258,Peninsula College,2012,"1,000 - 4,999",2542,1420,1122,1873,2542,166,332,750,1294,0,1420,143,206,536,535,0,1122,23,126,214,759,0
236328,University of Puget Sound,2012,"1,000 - 4,999",2853,2791,62,2815,2584,631,66,1886,1,269,2558,631,64,1863,0,233,26,0,2,23,1,36
236382,Renton Technical College,2012,"1,000 - 4,999",3312,1268,2044,1954,3312,197,542,486,2087,0,1268,164,391,348,365,0,2044,33,151,138,1722,0
236452,Saint Martin's University,2012,"1,000 - 4,999",1823,1216,607,1452,1496,228,179,996,93,327,1160,228,138,791,3,56,336,0,41,205,90,271
236504,Seattle Community College-South Campus,2012,"1,000 - 4,999",4998,1942,3056,3175,4998,241,945,905,2907,0,1942,203,466,573,700,0,3056,38,479,332,2207,0
236513,Seattle Central College,2012,"5,000 - 9,999",7068,4206,2862,5361,7068,253,1651,1705,3459,0,4206,190,1028,1210,1778,0,2862,63,623,495,1681,0
236531,Everest College-Seattle,2012,"Under 1,000",214,214,0,214,214,19,0,195,0,0,214,19,0,195,0,0,0,0,0,0,0,0
236577,Seattle Pacific University,2012,"1,000 - 4,999",4095,3423,672,3681,3238,784,222,2225,7,857,3108,784,221,2100,3,315,130,0,1,125,4,542
236595,Seattle University,2012,"5,000 - 9,999",7484,5771,1713,6428,4589,903,439,3217,30,2895,4364,901,423,3027,13,1407,225,2,16,190,17,1488
236610,Shoreline Community College,2012,"5,000 - 9,999",6013,3343,2670,4239,6013,368,1236,1191,3218,0,3343,311,775,736,1521,0,2670,57,461,455,1697,0
236638,Skagit Valley College,2012,"1,000 - 4,999",4834,2573,2261,3332,4834,477,743,1429,2185,0,2573,363,434,859,917,0,2261,114,309,570,1268,0
236656,South Puget Sound Community College,2012,"1,000 - 4,999",4955,2693,2262,3452,4955,538,992,1685,1740,0,2693,400,562,945,786,0,2262,138,430,740,954,0
236692,Spokane Community College,2012,"5,000 - 9,999",6961,4683,2278,5448,6961,712,1532,2691,2026,0,4683,616,1092,2038,937,0,2278,96,440,653,1089,0
236708,Spokane Falls Community College,2012,"5,000 - 9,999",8527,4547,3980,5883,8527,985,1202,2476,3864,0,4547,840,820,1821,1066,0,3980,145,382,655,2798,0
236744,Stylemaster College of Hair Design,2012,"Under 1,000",100,100,0,100,100,20,0,80,0,0,100,20,0,80,0,0,0,0,0,0,0,0
236753,Tacoma Community College,2012,"5,000 - 9,999",7400,4263,3137,5316,7400,519,1764,2782,2335,0,4263,385,1063,1755,1060,0,3137,134,701,1027,1275,0
236887,Walla Walla Community College,2012,"5,000 - 9,999",5096,2857,2239,3609,5096,347,825,1422,2502,0,2857,299,583,997,978,0,2239,48,242,425,1524,0
236896,Walla Walla University,2012,"1,000 - 4,999",1940,1789,151,1848,1710,396,113,1144,57,230,1583,396,100,1077,10,206,127,0,13,67,47,24
236939,Washington State University,2012,"20,000 and above",27679,23375,4304,25060,23135,4388,2393,16033,321,4544,20082,4279,1887,13839,77,3293,3053,109,506,2194,244,1251
236948,University of Washington-Seattle Campus,2012,"20,000 and above",43485,37177,6308,39594,29475,6003,1774,20211,1487,14010,26228,5929,1625,18639,35,10949,3247,74,149,1572,1452,3061
236975,Wenatchee Valley College,2012,"1,000 - 4,999",3668,2618,1050,2971,3668,501,499,1740,928,0,2618,428,381,1232,577,0,1050,73,118,508,351,0
236993,Everest College-Vancouver,2012,"Under 1,000",352,202,150,262,352,38,47,267,0,0,202,32,41,129,0,0,150,6,6,138,0,0
237011,Western Washington University,2012,"10,000 - 19,999",14833,13393,1440,13957,13902,2688,1045,10068,101,931,12860,2660,962,9213,25,533,1042,28,83,855,76,398
237039,Whatcom Community College,2012,"1,000 - 4,999",4552,2435,2117,3146,4552,393,1031,1748,1380,0,2435,276,553,981,625,0,2117,117,478,767,755,0
237057,Whitman College,2012,"1,000 - 4,999",1539,1509,30,1521,1539,381,23,1116,19,0,1509,381,23,1103,2,0,30,0,0,13,17,0
237066,Whitworth University,2012,"1,000 - 4,999",2571,2354,217,2437,2347,631,85,1604,27,224,2301,631,82,1569,19,53,46,0,3,35,8,171
237109,Yakima Valley Community College,2012,"1,000 - 4,999",4302,2924,1378,3387,4302,370,598,1682,1652,0,2924,285,428,1159,1052,0,1378,85,170,523,600,0
237118,Alderson Broaddus University,2012,"Under 1,000",870,821,49,840,826,394,48,370,14,44,777,394,47,335,1,44,49,0,1,35,13,0
237127,Appalachian Beauty School,2012,"Under 1,000",18,18,0,18,18,9,0,9,0,0,18,9,0,9,0,0,0,0,0,0,0,0
237136,Appalachian Bible College,2012,"Under 1,000",302,209,93,245,286,73,26,115,72,16,209,73,26,110,0,0,77,0,0,5,72,16
237145,B M Spurr School of Practical Nursing,2012,"Under 1,000",37,37,0,37,37,29,0,8,0,0,37,29,0,8,0,0,0,0,0,0,0,0
237172,Ben Franklin Career Center,2012,"Under 1,000",468,143,325,252,468,436,0,32,0,0,143,123,0,20,0,0,325,313,0,12,0,0
237181,Bethany College,2012,"Under 1,000",842,816,26,826,812,265,36,503,8,30,809,265,36,501,7,7,3,0,0,2,1,23
237215,Bluefield State College,2012,"1,000 - 4,999",1935,1583,352,1725,1935,307,247,1335,46,0,1583,300,209,1071,3,0,352,7,38,264,43,0
237242,Cabell County Career Technology Center,2012,"Under 1,000",126,78,48,94,126,37,0,89,0,0,78,31,0,47,0,0,48,6,0,42,0,0
237303,Charleston School of Beauty Culture,2012,"Under 1,000",104,104,0,104,104,41,0,63,0,0,104,41,0,63,0,0,0,0,0,0,0,0
237312,University of Charleston,2012,"1,000 - 4,999",1427,1391,36,1405,1026,241,146,629,10,401,993,240,144,609,0,398,33,1,2,20,10,3
237321,Clarksburg Beauty Academy and School of Massage Therapy,2012,"Under 1,000",92,92,0,92,92,80,0,12,0,0,92,80,0,12,0,0,0,0,0,0,0,0
237330,Concord University,2012,"1,000 - 4,999",2834,2401,433,2567,2611,568,257,1757,29,223,2377,562,227,1587,1,24,234,6,30,170,28,199
237358,Davis & Elkins College,2012,"Under 1,000",818,791,27,802,818,228,36,545,9,0,791,228,33,530,0,0,27,0,3,15,9,0
237367,Fairmont State University,2012,"1,000 - 4,999",4451,3718,733,4006,4124,739,444,2813,128,327,3577,721,387,2435,34,141,547,18,57,378,94,186
237385,Glenville State College,2012,"1,000 - 4,999",1898,1232,666,1501,1898,401,120,992,385,0,1232,339,91,760,42,0,666,62,29,232,343,0
237437,Huntington Junior College,2012,"Under 1,000",802,715,87,750,802,118,112,552,20,0,715,114,112,489,0,0,87,4,0,63,20,0
237473,James Rumsey Technical Institute,2012,"Under 1,000",143,143,0,143,143,112,0,31,0,0,143,112,0,31,0,0,0,0,0,0,0,0
237491,Ralph R Willis Career and Technical Center,2012,"Under 1,000",27,27,0,27,27,6,0,21,0,0,27,6,0,21,0,0,0,0,0,0,0,0
237525,Marshall University,2012,"10,000 - 19,999",13708,10231,3477,11544,9885,1908,690,6767,520,3823,8561,1900,606,6013,42,1670,1324,8,84,754,478,2153
237543,Mercer County Technical Education Center,2012,"Under 1,000",185,65,120,105,185,112,0,73,0,0,65,64,0,1,0,0,120,48,0,72,0,0
237552,Meredith Manor International Equestrian Center,2012,"Under 1,000",121,121,0,121,121,22,0,99,0,0,121,22,0,99,0,0,0,0,0,0,0,0
237561,Monongalia County Technical Education Center,2012,"Under 1,000",83,81,2,82,83,43,0,40,0,0,81,41,0,40,0,0,2,2,0,0,0,0
237570,Morgantown Beauty College Inc,2012,"Under 1,000",28,28,0,28,28,8,0,20,0,0,28,8,0,20,0,0,0,0,0,0,0,0
237598,Mountain State College,2012,"Under 1,000",153,148,5,150,153,39,0,114,0,0,148,38,0,110,0,0,5,1,0,4,0,0
237604,Everest Institute-Cross Lanes,2012,"Under 1,000",292,292,0,292,292,56,0,236,0,0,292,56,0,236,0,0,0,0,0,0,0,0
237613,Opportunities Industrialization Center,2012,"Under 1,000",96,96,0,96,96,45,0,51,0,0,96,45,0,51,0,0,0,0,0,0,0,0
237640,Ohio Valley University,2012,"Under 1,000",478,401,77,431,436,100,48,266,22,42,386,100,45,241,0,15,50,0,3,25,22,27
237686,West Virginia University at Parkersburg,2012,"1,000 - 4,999",3824,2354,1470,2947,3824,678,262,2416,468,0,2354,585,162,1603,4,0,1470,93,100,813,464,0
237701,Potomac State College of West Virginia University,2012,"1,000 - 4,999",1781,1436,345,1575,1781,729,60,750,242,0,1436,721,55,660,0,0,345,8,5,90,242,0
237729,Academy of Careers and Technology,2012,"Under 1,000",134,69,65,91,134,47,0,87,0,0,69,30,0,39,0,0,65,17,0,48,0,0
237783,Salem International University,2012,"Under 1,000",850,850,0,850,632,138,196,298,0,218,632,138,196,298,0,218,0,0,0,0,0,0
237792,Shepherd University,2012,"1,000 - 4,999",4326,3545,781,3856,4170,756,450,2646,318,156,3484,747,382,2353,2,61,686,9,68,293,316,95
237817,Southern West Virginia Community and Technical College,2012,"1,000 - 4,999",2178,1398,780,1660,2178,493,87,1438,160,0,1398,416,59,911,12,0,780,77,28,527,148,0
237844,Fred W Eberle Technical Center,2012,"Under 1,000",111,83,28,92,111,108,0,3,0,0,83,81,0,2,0,0,28,27,0,1,0,0
237880,West Virginia School of Osteopathic Medicine,2012,"Under 1,000",837,837,0,837,0,0,0,0,0,837,0,0,0,0,0,837,0,0,0,0,0,0
237899,West Virginia State University,2012,"1,000 - 4,999",2644,1882,762,2187,2561,291,262,1628,380,83,1848,284,225,1330,9,34,713,7,37,298,371,49
237905,West Virginia University Hospital Departments of Rad Tech and Nutrition,2012,"Under 1,000",51,51,0,51,44,15,0,29,0,7,44,15,0,29,0,7,0,0,0,0,0,0
237932,West Liberty University,2012,"1,000 - 4,999",2804,2339,465,2525,2718,526,243,1718,231,86,2304,517,204,1572,11,35,414,9,39,146,220,51
237950,West Virginia University Institute of Technology,2012,"1,000 - 4,999",1107,840,267,948,1107,199,108,680,120,0,840,190,97,553,0,0,267,9,11,127,120,0
237969,West Virginia Wesleyan College,2012,"1,000 - 4,999",1394,1353,41,1369,1315,405,61,838,11,79,1289,404,61,819,5,64,26,1,0,19,6,15
237978,West Virginia Business College-Wheeling,2012,"Under 1,000",93,93,0,93,93,21,0,72,0,0,93,21,0,72,0,0,0,0,0,0,0,0
237987,West Virginia Junior College-Charleston,2012,"Under 1,000",206,195,11,199,206,66,29,111,0,0,195,65,29,101,0,0,11,1,0,10,0,0
237996,West Virginia Junior College-Morgantown,2012,"Under 1,000",226,226,0,226,226,43,67,116,0,0,226,43,67,116,0,0,0,0,0,0,0,0
238005,International Beauty School 4,2012,"Under 1,000",70,70,0,70,70,31,0,39,0,0,70,31,0,39,0,0,0,0,0,0,0,0
238014,West Virginia Northern Community College,2012,"1,000 - 4,999",2505,1156,1349,1609,2505,368,293,1428,416,0,1156,275,173,691,17,0,1349,93,120,737,399,0
238032,West Virginia University,2012,"20,000 and above",29707,25895,3812,27345,22827,5135,1162,15995,535,6880,21118,5106,1066,14946,0,4777,1709,29,96,1049,535,2103
238078,Wheeling Jesuit University,2012,"1,000 - 4,999",1552,1102,450,1276,1167,268,41,685,173,385,940,268,38,588,46,162,227,0,3,97,127,223
238096,Wood County School of Practical Nursing,2012,"Under 1,000",33,33,0,33,33,5,0,28,0,0,33,5,0,28,0,0,0,0,0,0,0,0
238166,Advanced Institute of Hair Design-Glendale,2012,"Under 1,000",131,131,0,131,131,24,0,107,0,0,131,24,0,107,0,0,0,0,0,0,0,0
238175,VICI Aveda Institute,2012,"Under 1,000",144,144,0,144,144,32,0,112,0,0,144,32,0,112,0,0,0,0,0,0,0,0
238193,Alverno College,2012,"1,000 - 4,999",2522,1772,750,2064,1932,199,194,1518,21,590,1412,191,166,1043,12,360,520,8,28,475,9,230
238263,Madison Area Technical College,2012,"10,000 - 19,999",16139,5392,10747,9728,16097,3064,839,9272,2922,42,5377,1367,418,3383,209,15,10720,1697,421,5889,2713,27
238324,Bellin College,2012,"Under 1,000",271,220,51,240,248,24,26,198,0,23,220,24,17,179,0,0,28,0,9,19,0,23
238333,Beloit College,2012,"1,000 - 4,999",1330,1261,69,1288,1330,311,34,910,75,0,1261,311,34,897,19,0,69,0,0,13,56,0
238397,Blackhawk Technical College,2012,"1,000 - 4,999",2967,1306,1661,1864,2967,530,0,2437,0,0,1306,295,0,1011,0,0,1661,235,0,1426,0,0
238430,Cardinal Stritch University,2012,"1,000 - 4,999",4614,3711,903,4061,2799,162,231,2387,19,1815,2352,162,203,1984,3,1359,447,0,28,403,16,456
238458,Carroll University,2012,"1,000 - 4,999",3571,2955,616,3195,3233,726,119,2303,85,338,2809,712,114,1965,18,146,424,14,5,338,67,192
238476,Carthage College,2012,"1,000 - 4,999",3029,2531,498,2726,2932,725,119,2041,47,97,2530,718,80,1727,5,1,402,7,39,314,42,96
238573,Columbia College of Nursing,2012,"Under 1,000",160,141,19,148,160,0,58,102,0,0,141,0,56,85,0,0,19,0,2,17,0,0
238616,Concordia University-Wisconsin,2012,"5,000 - 9,999",7751,4118,3633,5523,4419,610,716,3057,36,3332,2876,603,293,1980,0,1242,1543,7,423,1077,36,2090
238661,Edgewood College,2012,"1,000 - 4,999",3064,1778,1286,2273,2028,342,202,1388,96,1036,1671,340,174,1138,19,107,357,2,28,250,77,929
238722,Fox Valley Technical College,2012,"10,000 - 19,999",10974,2947,8027,5642,10974,1071,2001,4538,3364,0,2947,406,725,1601,215,0,8027,665,1276,2937,3149,0
238759,Gateway Technical College,2012,"5,000 - 9,999",8720,1717,7003,4068,8720,1482,754,5553,931,0,1717,367,165,1127,58,0,7003,1115,589,4426,873,0
238786,Gill-Tech Academy of Hair Design,2012,"Under 1,000",143,114,29,126,143,43,0,100,0,0,114,38,0,76,0,0,29,5,0,24,0,0
238810,The Salon Professional Academy-Eau Claire,2012,"Under 1,000",99,83,16,89,99,44,0,55,0,0,83,38,0,45,0,0,16,6,0,10,0,0
238892,ITT Technical Institute-Greenfield,2012,"Under 1,000",553,387,166,452,553,53,6,494,0,0,387,45,2,340,0,0,166,8,4,154,0,0
238980,Lakeland College,2012,"1,000 - 4,999",3749,1106,2643,2137,2964,216,276,1966,506,785,995,200,86,694,15,111,1969,16,190,1272,491,674
239008,Lakeshore Technical College,2012,"1,000 - 4,999",2725,819,1906,1459,2725,341,31,1799,554,0,819,139,5,670,5,0,1906,202,26,1129,549,0
239017,Lawrence University,2012,"1,000 - 4,999",1518,1473,45,1491,1518,412,32,1027,47,0,1473,405,32,998,38,0,45,7,0,29,9,0
239071,Maranatha Baptist University,2012,"Under 1,000",979,724,255,823,880,190,45,539,106,99,698,187,37,467,7,26,182,3,8,72,99,73
239080,Marian University,2012,"1,000 - 4,999",2305,1459,846,1786,1797,283,237,1250,27,508,1405,283,156,965,1,54,392,0,81,285,26,454
239105,Marquette University,2012,"10,000 - 19,999",11749,10071,1678,10716,8293,1928,149,6041,175,3456,7969,1927,137,5874,31,2102,324,1,12,167,144,1354
239132,Empire Beauty School-Madison,2012,"Under 1,000",86,68,18,75,86,28,0,58,0,0,68,23,0,45,0,0,18,5,0,13,0,0
239169,Medical College of Wisconsin,2012,"1,000 - 4,999",1209,1013,196,1088,0,0,0,0,0,1209,0,0,0,0,0,1013,0,0,0,0,0,196
239220,Mid-State Technical College,2012,"1,000 - 4,999",2921,1088,1833,1703,2921,503,37,2043,338,0,1088,245,7,815,21,0,1833,258,30,1228,317,0
239248,Milwaukee Area Technical College,2012,"10,000 - 19,999",18118,5770,12348,9916,18118,2017,294,14168,1639,0,5770,979,150,4408,233,0,12348,1038,144,9760,1406,0
239309,Milwaukee Institute of Art & Design,2012,"Under 1,000",668,657,11,661,668,153,44,470,1,0,657,150,44,463,0,0,11,3,0,7,1,0
239318,Milwaukee School of Engineering,2012,"1,000 - 4,999",2564,2231,333,2360,2378,486,186,1700,6,186,2193,484,167,1542,0,38,185,2,19,158,6,148
239372,Moraine Park Technical College,2012,"5,000 - 9,999",6074,1079,4995,2756,6074,303,0,3034,2737,0,1079,147,0,903,29,0,4995,156,0,2131,2708,0
239390,Mount Mary University,2012,"1,000 - 4,999",1640,1097,543,1308,1054,95,93,728,138,586,727,95,70,561,1,370,327,0,23,167,137,216
239424,Nashotah House,2012,"Under 1,000",145,97,48,115,0,0,0,0,0,145,0,0,0,0,0,97,0,0,0,0,0,48
239442,Nicolet Area Technical College,2012,"1,000 - 4,999",1306,599,707,836,1306,279,0,907,120,0,599,161,0,433,5,0,707,118,0,474,115,0
239460,Northcentral Technical College,2012,"1,000 - 4,999",4764,2012,2752,2936,4764,914,0,2788,1062,0,2012,531,0,1366,115,0,2752,383,0,1422,947,0
239488,Northeast Wisconsin Technical College,2012,"5,000 - 9,999",9944,3429,6515,5616,9944,1180,332,4905,3527,0,3429,753,170,2078,428,0,6515,427,162,2827,3099,0
239503,Northland International University,2012,"Under 1,000",490,376,114,420,398,36,26,270,66,92,360,36,26,238,60,16,38,0,0,32,6,76
239512,Northland College,2012,"Under 1,000",590,567,23,576,590,183,39,353,15,0,567,182,37,347,1,0,23,1,2,6,14,0
239628,Ripon College,2012,"Under 1,000",931,921,10,925,931,205,16,683,27,0,921,205,16,682,18,0,10,0,0,1,9,0
239637,Sacred Heart School of Theology,2012,"Under 1,000",113,98,15,104,0,0,0,0,0,113,0,0,0,0,0,98,0,0,0,0,0,15
239716,Saint Norbert College,2012,"1,000 - 4,999",2287,2171,116,2216,2229,601,44,1563,21,58,2171,601,43,1519,8,0,58,0,1,44,13,58
239743,Silver Lake College of the Holy Family,2012,"Under 1,000",655,209,446,383,494,50,53,218,173,161,200,50,27,112,11,9,294,0,26,106,162,152
239877,State College of Beauty Culture Inc,2012,"Under 1,000",63,57,6,59,63,29,0,34,0,0,57,29,0,28,0,0,6,0,0,6,0,0
239910,Southwest Wisconsin Technical College,2012,"1,000 - 4,999",3386,753,2633,1637,3386,420,370,527,2069,0,753,270,190,286,7,0,2633,150,180,241,2062,0
239929,Bryant & Stratton College-Milwaukee,2012,"1,000 - 4,999",1073,359,714,639,1073,247,159,667,0,0,359,137,60,162,0,0,714,110,99,505,0,0
240055,University of Wisconsin Colleges,2012,"10,000 - 19,999",13957,8302,5655,10201,13957,4230,765,7047,1915,0,8302,3610,483,4121,88,0,5655,620,282,2926,1827,0
240107,Viterbo University,2012,"1,000 - 4,999",2830,1884,946,2251,2105,306,288,1480,31,725,1569,304,137,1125,3,315,536,2,151,355,28,410
240116,Chippewa Valley Technical College,2012,"5,000 - 9,999",6086,2640,3446,3797,6086,1863,251,2725,1247,0,2640,1157,127,1257,99,0,3446,706,124,1468,1148,0
240125,Waukesha County Technical College,2012,"10,000 - 19,999",10286,2081,8205,4836,10286,657,357,5010,4262,0,2081,329,166,1515,71,0,8205,328,191,3495,4191,0
240170,Western Technical College,2012,"1,000 - 4,999",4798,2032,2766,2961,4798,911,230,3400,257,0,2032,581,101,1341,9,0,2766,330,129,2059,248,0
240189,University of Wisconsin-Whitewater,2012,"10,000 - 19,999",12028,10413,1615,11032,10751,2168,744,7529,310,1277,9908,2155,691,6944,118,505,843,13,53,585,192,772
240198,Wisconsin Indianhead Technical College,2012,"1,000 - 4,999",3596,1577,2019,2255,3596,581,19,2573,423,0,1577,337,10,1211,19,0,2019,244,9,1362,404,0
240213,Wisconsin School of Professional Psychology,2012,"Under 1,000",91,39,52,59,0,0,0,0,0,91,0,0,0,0,0,39,0,0,0,0,0,52
240240,Paul Mitchell the School-Green Bay,2012,"Under 1,000",127,127,0,127,127,1,0,126,0,0,127,1,0,126,0,0,0,0,0,0,0,0
240268,University of Wisconsin-Eau Claire,2012,"10,000 - 19,999",11067,9784,1283,10284,10520,2073,593,7701,153,547,9669,2065,510,7094,0,115,851,8,83,607,153,432
240277,University of Wisconsin-Green Bay,2012,"5,000 - 9,999",6801,4697,2104,5541,6622,921,648,4527,526,179,4643,894,442,3283,24,54,1979,27,206,1244,502,125
240329,University of Wisconsin-La Crosse,2012,"10,000 - 19,999",10385,9408,977,9782,9522,1897,494,6764,367,863,9025,1890,477,6517,141,383,497,7,17,247,226,480
240338,Wisconsin Lutheran College,2012,"1,000 - 4,999",1090,970,120,1017,1030,243,87,679,21,60,968,242,64,660,2,2,62,1,23,19,19,58
240365,University of Wisconsin-Oshkosh,2012,"10,000 - 19,999",13519,9512,4007,11088,12384,1841,959,7989,1595,1135,9350,1812,718,6744,76,162,3034,29,241,1245,1519,973
240374,University of Wisconsin-Parkside,2012,"1,000 - 4,999",4731,3285,1446,3863,4564,712,380,3223,249,167,3252,645,289,2314,4,33,1312,67,91,909,245,134
240392,Herzing University-Madison,2012,"1,000 - 4,999",2708,1358,1350,1887,2508,307,129,2072,0,200,1302,196,71,1035,0,56,1206,111,58,1037,0,144
240417,University of Wisconsin-Stout,2012,"5,000 - 9,999",9283,7152,2131,7981,8307,1498,714,5897,198,976,6920,1479,512,4847,82,232,1387,19,202,1050,116,744
240426,University of Wisconsin-Superior,2012,"1,000 - 4,999",2697,2084,613,2328,2548,366,298,1801,83,149,2025,361,235,1417,12,59,523,5,63,384,71,90
240444,University of Wisconsin-Madison,2012,"20,000 and above",42269,38034,4235,39655,30301,6279,1227,21621,1174,11968,28167,6275,1177,20440,275,9867,2134,4,50,1181,899,2101
240453,University of Wisconsin-Milwaukee,2012,"20,000 and above",28712,22425,6287,24868,23776,3492,1731,17482,1071,4936,19743,3398,1431,14658,256,2682,4033,94,300,2824,815,2254
240462,University of Wisconsin-Platteville,2012,"5,000 - 9,999",8668,7155,1513,7735,7830,1753,470,5501,106,838,7042,1666,422,4925,29,113,788,87,48,576,77,725
240471,University of Wisconsin-River Falls,2012,"5,000 - 9,999",6443,5666,777,5969,6046,1119,432,4323,172,397,5526,1109,405,3948,64,140,520,10,27,375,108,257
240480,University of Wisconsin-Stevens Point,2012,"5,000 - 9,999",9695,8849,846,9181,9318,1637,737,6790,154,377,8706,1630,688,6379,9,143,612,7,49,411,145,234
240505,Casper College,2012,"1,000 - 4,999",4207,1935,2272,2698,4207,712,195,1986,1314,0,1935,624,127,1155,29,0,2272,88,68,831,1285,0
240514,Central Wyoming College,2012,"1,000 - 4,999",2139,839,1300,1275,2139,299,467,485,888,0,839,208,207,301,123,0,1300,91,260,184,765,0
240596,Eastern Wyoming College,2012,"1,000 - 4,999",1628,674,954,994,1628,238,271,261,858,0,674,202,127,159,186,0,954,36,144,102,672,0
240620,Laramie County Community College,2012,"5,000 - 9,999",5007,2088,2919,3068,5007,451,140,2954,1462,0,2088,344,78,1574,92,0,2919,107,62,1380,1370,0
240657,Northwest College,2012,"1,000 - 4,999",2047,1201,846,1485,2047,452,74,1248,273,0,1201,420,56,691,34,0,846,32,18,557,239,0
240666,Sheridan College,2012,"1,000 - 4,999",4236,1463,2773,2394,4236,584,95,1360,2197,0,1463,508,60,809,86,0,2773,76,35,551,2111,0
240693,Western Wyoming Community College,2012,"1,000 - 4,999",3692,1323,2369,2118,3692,934,326,1661,771,0,1323,401,98,784,40,0,2369,533,228,877,731,0
240709,Cheeks International Academy of Beauty Culture-Cheyenne,2012,"Under 1,000",59,45,14,51,59,45,0,14,0,0,45,35,0,10,0,0,14,10,0,4,0,0
240718,Wyotech-Laramie,2012,"1,000 - 4,999",1808,1808,0,1808,1808,465,101,1242,0,0,1808,465,101,1242,0,0,0,0,0,0,0,0
240727,University of Wyoming,2012,"10,000 - 19,999",12903,9894,3009,11061,10194,1584,1119,7326,165,2709,8311,1578,795,5936,2,1583,1883,6,324,1390,163,1126
240736,American Samoa Community College,2012,"1,000 - 4,999",1795,562,1233,1060,1795,545,2,1248,0,0,562,67,1,494,0,0,1233,478,1,754,0,0
240745,Guam Community College,2012,"1,000 - 4,999",2176,798,1378,1261,2176,227,249,1081,619,0,798,123,133,393,149,0,1378,104,116,688,470,0
240754,University of Guam,2012,"1,000 - 4,999",3702,2694,1008,3095,3411,597,127,2640,47,291,2551,488,95,1957,11,143,860,109,32,683,36,148
240790,Northern Marianas College,2012,"1,000 - 4,999",1178,1009,169,1077,1178,322,0,802,54,0,1009,288,0,706,15,0,169,34,0,96,39,0
240879,Institute of Beauty Careers,2012,"Under 1,000",212,212,0,212,212,208,0,4,0,0,212,208,0,4,0,0,0,0,0,0,0,0
240985,Educational Technical College-Recinto de Bayamon,2012,"Under 1,000",474,474,0,474,474,220,0,254,0,0,474,220,0,254,0,0,0,0,0,0,0,0
241100,American University of Puerto Rico,2012,"1,000 - 4,999",1172,1027,145,1083,1077,172,28,867,10,95,1002,169,28,804,1,25,75,3,0,63,9,70
241128,American University of Puerto Rico,2012,"1,000 - 4,999",1120,973,147,1030,1057,215,39,796,7,63,955,206,37,707,5,18,102,9,2,89,2,45
241146,American Educational College,2012,"Under 1,000",347,343,4,345,347,170,0,177,0,0,343,170,0,173,0,0,4,0,0,4,0,0
241182,Antilles School of Technical Careers,2012,"Under 1,000",345,345,0,345,345,103,0,242,0,0,345,103,0,242,0,0,0,0,0,0,0,0
241191,Universidad Adventista de las Antillas,2012,"1,000 - 4,999",1312,1192,120,1239,1241,238,99,868,36,71,1142,235,93,813,1,50,99,3,6,55,35,21
241216,Atlantic University College,2012,"1,000 - 4,999",1416,1027,389,1179,1349,317,78,954,0,67,1011,306,73,632,0,16,338,11,5,322,0,51
241225,Bayamon Central University,2012,"1,000 - 4,999",2256,1650,606,1887,2010,258,171,1551,30,246,1497,228,119,1128,22,153,513,30,52,423,8,93
241304,Columbia Centro Universitario-Caguas,2012,"1,000 - 4,999",1744,724,1020,1124,1616,263,0,1353,0,128,668,211,0,457,0,56,948,52,0,896,0,72
241331,Carlos Albizu University-San Juan,2012,"Under 1,000",930,749,181,819,162,0,74,31,57,768,84,0,54,21,9,665,78,0,20,10,48,103
241377,Caribbean University-Bayamon,2012,"1,000 - 4,999",1869,1429,440,1600,1597,331,174,1092,0,272,1306,301,131,874,0,123,291,30,43,218,0,149
241386,Caribbean University-Carolina,2012,"Under 1,000",925,625,300,742,779,145,97,537,0,146,587,123,70,394,0,38,192,22,27,143,0,108
241395,Pontifical Catholic University of Puerto Rico-Arecibo,2012,"Under 1,000",929,765,164,828,623,79,86,440,18,306,555,79,83,389,4,210,68,0,3,51,14,96
241410,Pontifical Catholic University of Puerto Rico-Ponce,2012,"5,000 - 9,999",8553,7325,1228,7800,6171,1169,232,4672,98,2382,5626,1165,232,4207,22,1699,545,4,0,465,76,683
241517,Centro de Estudios Multidisciplinarios-San Juan,2012,"1,000 - 4,999",1243,1197,46,1215,1243,556,261,426,0,0,1197,556,252,389,0,0,46,0,9,37,0,0
241614,Universidad Teologica del Caribe,2012,"Under 1,000",172,96,76,126,172,7,15,146,4,0,96,3,10,83,0,0,76,4,5,63,4,0
241720,Colegio Universitario de San Juan,2012,"1,000 - 4,999",1570,1367,203,1449,1570,355,102,1108,5,0,1367,347,84,936,0,0,203,8,18,172,5,0
241739,Universidad Metropolitana,2012,"10,000 - 19,999",13616,9996,3620,11405,11293,2255,600,8438,0,2323,8928,2092,423,6413,0,1068,2365,163,177,2025,0,1255
241766,Puerto Rico Conservatory of Music,2012,"Under 1,000",456,310,146,368,408,84,19,305,0,48,281,32,3,246,0,29,127,52,16,59,0,19
241793,Center for Advanced Studies On Puerto Rico and the Caribbean,2012,"Under 1,000",575,391,184,461,0,0,0,0,0,575,0,0,0,0,0,391,0,0,0,0,0,184
241836,EDP University of Puerto Rico Inc-San Sebastian,2012,"1,000 - 4,999",1145,849,296,965,1145,198,110,835,2,0,849,185,79,585,0,0,296,13,31,250,2,0
241906,Emma's Beauty Academy-Mayaguez,2012,"Under 1,000",358,358,0,358,358,121,0,237,0,0,358,121,0,237,0,0,0,0,0,0,0,0
241951,Escuela de Artes Plasticas de Puerto Rico,2012,"Under 1,000",489,308,181,381,489,70,29,390,0,0,308,68,17,223,0,0,181,2,12,167,0,0
242042,Instituto Tecnologico de Puerto Rico-Recinto de Manati,2012,"Under 1,000",974,859,115,898,974,309,49,616,0,0,859,308,42,509,0,0,115,1,7,107,0,0
242112,Huertas College,2012,"1,000 - 4,999",1490,1190,300,1309,1490,286,273,928,3,0,1190,285,246,659,0,0,300,1,27,269,3,0
242121,Humacao Community College,2012,"Under 1,000",764,567,197,644,764,204,32,528,0,0,567,181,27,359,0,0,197,23,5,169,0,0
242130,ICPR Junior College-Arecibo,2012,"Under 1,000",434,395,39,410,434,168,61,205,0,0,395,164,56,175,0,0,39,4,5,30,0,0
242149,ICPR Junior College-Mayaguez,2012,"Under 1,000",445,378,67,405,445,222,0,223,0,0,378,207,0,171,0,0,67,15,0,52,0,0
242316,Instituto de Educacion Tecnica Ocupacional La Reine-Manati,2012,"Under 1,000",343,343,0,343,343,312,0,31,0,0,343,312,0,31,0,0,0,0,0,0,0,0
242413,Hispanic American College,2012,"Under 1,000",436,436,0,436,436,177,0,259,0,0,436,177,0,259,0,0,0,0,0,0,0,0
242422,Instituto de Banca y Comercio Inc,2012,"10,000 - 19,999",19470,19470,0,19470,19470,8397,0,11073,0,0,19470,8397,0,11073,0,0,0,0,0,0,0,0
242556,Instituto Tecnologico de Puerto Rico-Recinto de Guayama,2012,"Under 1,000",861,773,88,803,861,436,3,422,0,0,773,436,3,334,0,0,88,0,0,88,0,0
242565,Instituto Tecnologico de Puerto Rico-Recinto de Ponce,2012,"Under 1,000",651,552,99,585,651,352,29,270,0,0,552,323,19,210,0,0,99,29,10,60,0,0
242583,Instituto Tecnologico de Puerto Rico-Recinto de San Juan,2012,"Under 1,000",690,571,119,611,690,340,19,331,0,0,571,300,17,254,0,0,119,40,2,77,0,0
242617,Inter American University of Puerto Rico-San German,2012,"5,000 - 9,999",5355,4547,808,4861,4572,870,101,3523,78,783,4044,860,92,3081,11,503,528,10,9,442,67,280
242626,Inter American University of Puerto Rico-Aguadilla,2012,"1,000 - 4,999",4631,3871,760,4169,4327,824,125,3318,60,304,3612,806,107,2694,5,259,715,18,18,624,55,45
242635,Inter American University of Puerto Rico-Arecibo,2012,"1,000 - 4,999",4965,4145,820,4466,4509,689,140,3652,28,456,3775,671,131,2968,5,370,734,18,9,684,23,86
242644,Inter American University of Puerto Rico-Barranquitas,2012,"1,000 - 4,999",2161,1869,292,1984,2101,230,33,1825,13,60,1822,220,32,1570,0,47,279,10,1,255,13,13
242653,Inter American University of Puerto Rico-Metro,2012,"10,000 - 19,999",10703,8464,2239,9336,7725,855,358,6190,322,2978,6228,823,323,5050,32,2236,1497,32,35,1140,290,742
242662,Inter American University of Puerto Rico-Ponce,2012,"5,000 - 9,999",5983,5044,939,5412,5575,950,137,4425,63,408,4697,942,129,3621,5,347,878,8,8,804,58,61
242680,Inter American University of Puerto Rico-Fajardo,2012,"1,000 - 4,999",2211,1862,349,1999,2177,417,55,1679,26,34,1834,406,51,1374,3,28,343,11,4,305,23,6
242699,Inter American University of Puerto Rico-Guayama,2012,"1,000 - 4,999",2249,1822,427,1989,2152,194,61,1858,39,97,1749,182,51,1506,10,73,403,12,10,352,29,24
242705,Inter American University of Puerto Rico-Bayamon,2012,"1,000 - 4,999",4934,4228,706,4505,4801,943,153,3688,17,133,4129,934,146,3048,1,99,672,9,7,640,16,34
242723,Inter American University of Puerto Rico-School of Law,2012,"Under 1,000",764,418,346,550,0,0,0,0,0,764,0,0,0,0,0,418,0,0,0,0,0,346
242750,International Technical College,2012,"Under 1,000",114,114,0,114,114,76,0,38,0,0,114,76,0,38,0,0,0,0,0,0,0,0
242820,Liceo de Arte y Tecnologia,2012,"1,000 - 4,999",1106,1106,0,1106,1106,322,0,784,0,0,1106,322,0,784,0,0,0,0,0,0,0,0
242884,MBTI Business Training Institute,2012,"1,000 - 4,999",4192,4181,11,4185,4192,2143,0,2049,0,0,4181,2143,0,2038,0,0,11,0,0,11,0,0
242945,Modern Hairstyling Institute-Bayamon,2012,"Under 1,000",213,170,43,187,213,188,0,25,0,0,170,155,0,15,0,0,43,33,0,10,0,0
242954,Modern Hairstyling Institute-Arecibo,2012,"Under 1,000",49,42,7,45,49,46,0,3,0,0,42,40,0,2,0,0,7,6,0,1,0,0
242972,National University College-Bayamon,2012,"1,000 - 4,999",3732,2395,1337,2920,3642,1130,220,2287,5,90,2324,872,163,1289,0,71,1318,258,57,998,5,19
242981,National University College-Arecibo,2012,"1,000 - 4,999",1657,1126,531,1335,1657,276,169,1211,1,0,1126,258,140,728,0,0,531,18,29,483,1,0
243072,Ponce Paramedical College Inc,2012,"1,000 - 4,999",3354,3129,225,3218,3354,622,570,2162,0,0,3129,584,519,2026,0,0,225,38,51,136,0,0
243081,Ponce School of Medicine and Health Sciences,2012,"Under 1,000",664,664,0,664,0,0,0,0,0,664,0,0,0,0,0,664,0,0,0,0,0,0
243106,University of Puerto Rico-Aguadilla,2012,"1,000 - 4,999",2974,2677,297,2797,2974,788,71,1978,137,0,2677,787,68,1800,22,0,297,1,3,178,115,0
243115,University of Puerto Rico-Arecibo,2012,"1,000 - 4,999",3693,3420,273,3530,3693,913,26,2754,0,0,3420,913,22,2485,0,0,273,0,4,269,0,0
243133,University of Puerto Rico-Bayamon,2012,"5,000 - 9,999",5062,4406,656,4671,5062,1288,114,3660,0,0,4406,1282,94,3030,0,0,656,6,20,630,0,0
243142,University of Puerto Rico-Carolina,2012,"1,000 - 4,999",3837,2999,838,3337,3837,949,79,2654,155,0,2999,946,71,1963,19,0,838,3,8,691,136,0
243151,University of Puerto Rico-Cayey,2012,"1,000 - 4,999",3641,3363,278,3475,3641,892,81,2668,0,0,3363,888,75,2400,0,0,278,4,6,268,0,0
243179,University of Puerto Rico-Humacao,2012,"1,000 - 4,999",3603,3256,347,3396,3603,704,35,2751,113,0,3256,704,34,2483,35,0,347,0,1,268,78,0
243188,University of Puerto Rico-Utuado,2012,"1,000 - 4,999",1476,1375,101,1416,1476,639,16,771,50,0,1375,636,16,710,13,0,101,3,0,61,37,0
243197,University of Puerto Rico-Mayaguez,2012,"10,000 - 19,999",11984,11200,784,11514,11054,1753,218,8861,222,930,10321,1753,215,8274,79,879,733,0,3,587,143,51
243203,University of Puerto Rico-Medical Sciences,2012,"1,000 - 4,999",2270,2134,136,2185,476,0,205,271,0,1794,438,0,199,239,0,1696,38,0,6,32,0,98
243212,University of Puerto Rico-Ponce,2012,"1,000 - 4,999",3089,2900,189,2976,3089,768,55,2266,0,0,2900,766,53,2081,0,0,189,2,2,185,0,0
243221,University of Puerto Rico-Rio Piedras,2012,"10,000 - 19,999",15259,13466,1793,14165,12008,1974,370,9395,269,3251,10809,1939,351,8343,176,2657,1199,35,19,1052,93,594
243346,Universidad Del Este,2012,"10,000 - 19,999",13630,9685,3945,11228,12489,2422,573,9494,0,1141,9182,2125,358,6699,0,503,3307,297,215,2795,0,638
243407,Ryder Memorial School for Practical Nursing,2012,"Under 1,000",25,25,0,25,25,12,0,13,0,0,25,12,0,13,0,0,0,0,0,0,0,0
243443,Universidad del Sagrado Corazon,2012,"5,000 - 9,999",6335,4756,1579,5367,5498,895,467,4081,55,837,4740,824,439,3462,15,16,758,71,28,619,40,821
243498,Seminario Evangelico de Puerto Rico,2012,"Under 1,000",241,75,166,138,0,0,0,0,0,241,0,0,0,0,0,75,0,0,0,0,0,166
243568,Universidad Central Del Caribe,2012,"Under 1,000",498,460,38,475,161,13,0,148,0,337,141,13,0,128,0,319,20,0,0,20,0,18
243577,Universidad Politecnica de Puerto Rico,2012,"1,000 - 4,999",4743,2323,2420,3270,4031,408,218,3391,14,712,1918,383,125,1409,1,405,2113,25,93,1982,13,307
243586,Pontifical Catholic University of Puerto Rico-Mayaguez,2012,"1,000 - 4,999",1537,1301,236,1393,1422,205,137,1068,12,115,1247,205,131,911,0,54,175,0,6,157,12,61
243601,Universidad Del Turabo,2012,"10,000 - 19,999",17040,12305,4735,14150,14333,2839,604,10890,0,2707,10972,2628,414,7930,0,1333,3361,211,190,2960,0,1374
243638,College of Micronesia-FSM,2012,"1,000 - 4,999",2744,1782,962,2105,2744,700,0,2044,0,0,1782,519,0,1263,0,0,962,181,0,781,0,0
243647,Palau Community College,2012,"Under 1,000",680,423,257,509,680,236,4,433,7,0,423,185,3,235,0,0,257,51,1,198,7,0
243665,University of the Virgin Islands,2012,"1,000 - 4,999",2423,1471,952,1850,2240,399,80,1646,115,183,1421,351,55,1014,1,50,819,48,25,632,114,133
243744,Stanford University,2012,"10,000 - 19,999",18519,15477,3042,16640,7063,1762,31,5206,64,11456,7003,1762,31,5206,4,8474,60,0,0,0,60,2982
243780,Purdue University-Main Campus,2012,"20,000 and above",40393,35551,4842,37383,31284,6474,1168,23413,229,9109,29360,6443,1032,21858,27,6191,1924,31,136,1555,202,2918
243799,Blue Hills Regional Technical School,2012,"Under 1,000",40,40,0,40,40,2,0,38,0,0,40,2,0,38,0,0,0,0,0,0,0,0
243823,Parker University,2012,"Under 1,000",866,765,101,805,138,34,62,42,0,728,44,0,40,4,0,721,94,34,22,38,0,7
243832,EDP Univeristy of Puerto Rico Inc-San Juan,2012,"1,000 - 4,999",1198,770,428,938,1141,107,206,822,6,57,724,81,126,517,0,46,417,26,80,305,6,11
243841,ICPR Junior College-General Institutional,2012,"Under 1,000",682,605,77,636,682,291,50,341,0,0,605,276,41,288,0,0,77,15,9,53,0,0
244011,ITT Technical Institute-Sylmar,2012,"Under 1,000",672,539,133,591,672,53,8,611,0,0,539,44,6,489,0,0,133,9,2,122,0,0
244154,ITT Technical Institute-Westminster,2012,"Under 1,000",249,184,65,210,249,27,1,221,0,0,184,24,1,159,0,0,65,3,0,62,0,0
244190,Widener University-Delaware Campus,2012,"1,000 - 4,999",1048,841,207,921,145,39,6,97,3,903,34,14,4,16,0,807,111,25,2,81,3,96
244233,City College-Fort Lauderdale,2012,"Under 1,000",745,433,312,556,745,59,110,575,1,0,433,28,54,350,1,0,312,31,56,225,0,0
244279,Meridian College,2012,"Under 1,000",148,148,0,148,148,26,21,101,0,0,148,26,21,101,0,0,0,0,0,0,0,0
244437,Georgia Perimeter College,2012,"20,000 and above",23619,9676,13943,14357,23619,3873,2542,15289,1915,0,9676,2350,1190,5881,255,0,13943,1523,1352,9408,1660,0
244446,Georgia Piedmont Technical College,2012,"1,000 - 4,999",4283,1220,3063,2248,4283,607,1676,1601,399,0,1220,228,533,448,11,0,3063,379,1143,1153,388,0
244491,Toni & Guy Hairdressing Academy-Coeur D Alene,2012,"Under 1,000",116,116,0,116,116,16,0,100,0,0,116,16,0,100,0,0,0,0,0,0,0,0
244561,Cortiva Institute-Chicago,2012,"Under 1,000",522,47,475,236,522,296,0,226,0,0,47,18,0,29,0,0,475,278,0,197,0,0
244613,ETI School of Skilled Trades,2012,"Under 1,000",235,151,84,184,235,231,0,4,0,0,151,149,0,2,0,0,84,82,0,2,0,0
245069,Trend Setters' Academy of Beauty Culture-Elizabethtown,2012,"Under 1,000",70,50,20,58,70,41,0,29,0,0,50,28,0,22,0,0,20,13,0,7,0,0
245281,Traxlers School of Hair,2012,"Under 1,000",35,35,0,35,35,4,0,31,0,0,35,4,0,31,0,0,0,0,0,0,0,0
245290,Infinity Career College,2012,"Under 1,000",84,75,9,79,84,23,0,61,0,0,75,19,0,56,0,0,9,4,0,5,0,0
245342,Vatterott College-Berkeley,2012,"1,000 - 4,999",1332,1332,0,1332,1332,111,136,1085,0,0,1332,111,136,1085,0,0,0,0,0,0,0,0
245421,Metro Business College-Rolla,2012,"Under 1,000",72,68,4,70,72,11,49,12,0,0,68,11,47,10,0,0,4,0,2,2,0,0
245430,Metro Business College-Jefferson City,2012,"Under 1,000",165,126,39,141,165,20,23,121,1,0,126,18,20,88,0,0,39,2,3,33,1,0
245625,Warren County Community College,2012,"1,000 - 4,999",2144,982,1162,1372,2144,597,93,1113,341,0,982,315,41,626,0,0,1162,282,52,487,341,0
245652,St John's College,2012,"Under 1,000",429,417,12,422,349,99,0,250,0,80,345,99,0,246,0,72,4,0,0,4,0,8
245731,Yeshiva and Kollel Harbotzas Torah,2012,"Under 1,000",44,44,0,44,31,0,11,20,0,13,31,0,11,20,0,13,0,0,0,0,0,0
245777,Bais Medrash Elyon,2012,"Under 1,000",29,29,0,29,10,1,2,7,0,19,10,1,2,7,0,19,0,0,0,0,0,0
245838,Antioch University-Los Angeles,2012,"Under 1,000",861,569,292,682,202,0,27,115,60,659,68,0,13,55,0,501,134,0,14,60,60,158
245847,Antioch University-Santa Barbara,2012,"Under 1,000",382,251,131,302,148,0,43,103,2,234,64,0,15,49,0,187,84,0,28,54,2,47
245865,Antioch University-New England,2012,"Under 1,000",722,520,202,597,0,0,0,0,0,722,0,0,0,0,0,520,0,0,0,0,0,202
245883,Antioch University-Seattle,2012,"Under 1,000",887,334,553,547,229,26,36,167,0,658,82,26,15,41,0,252,147,0,21,126,0,406
245892,Antioch University-Midwest,2012,"Under 1,000",364,145,219,229,116,0,21,95,0,248,55,0,9,46,0,90,61,0,12,49,0,158
245953,Mid-America Christian University,2012,"1,000 - 4,999",2606,1481,1125,1921,2101,236,515,1278,72,505,1197,90,224,860,23,284,904,146,291,418,49,221
245962,Platt College-Tulsa,2012,"Under 1,000",528,528,0,528,528,83,0,445,0,0,528,83,0,445,0,0,0,0,0,0,0,0
245980,Ponca City Beauty College,2012,"Under 1,000",33,33,0,33,33,24,0,9,0,0,33,24,0,9,0,0,0,0,0,0,0,0
245999,Francis Tuttle Technology Center,2012,"1,000 - 4,999",2024,468,1556,990,2024,247,0,573,1204,0,468,169,0,299,0,0,1556,78,0,274,1204,0
246008,Career Point College,2012,"Under 1,000",274,274,0,274,274,137,0,0,137,0,274,137,0,0,137,0,0,0,0,0,0,0
246017,Central Technology Center,2012,"Under 1,000",932,95,837,376,932,87,0,128,717,0,95,46,0,49,0,0,837,41,0,79,717,0
246035,Carrington College-Portland,2012,"Under 1,000",449,449,0,449,449,30,92,327,0,0,449,30,92,327,0,0,0,0,0,0,0,0
246071,Career Technology Center of Lackawanna County,2012,"Under 1,000",65,65,0,65,65,15,0,50,0,0,65,15,0,50,0,0,0,0,0,0,0,0
246202,Kaplan Career Institute-Nashville,2012,"Under 1,000",345,345,0,345,345,44,43,257,1,0,345,44,43,257,1,0,0,0,0,0,0,0
246266,Kaplan College-El Paso,2012,"Under 1,000",743,743,0,743,743,180,11,552,0,0,743,180,11,552,0,0,0,0,0,0,0,0
246345,Houston Graduate School of Theology,2012,"Under 1,000",185,83,102,122,0,0,0,0,0,185,0,0,0,0,0,83,0,0,0,0,0,102
246354,Palo Alto College,2012,"5,000 - 9,999",8568,1362,7206,3781,8568,1343,431,4752,2042,0,1362,339,57,935,31,0,7206,1004,374,3817,2011,0
246406,Sebring Career Schools-Huntsville,2012,"Under 1,000",28,28,0,28,28,17,0,11,0,0,28,17,0,11,0,0,0,0,0,0,0,0
246415,University of Cosmetology Arts & Sciences-San Antonio Perrin,2012,"Under 1,000",64,21,43,38,64,1,0,63,0,0,21,0,0,21,0,0,43,1,0,42,0,0
246460,Central Texas Beauty College-Round Rock,2012,"Under 1,000",165,165,0,165,165,103,0,62,0,0,165,103,0,62,0,0,0,0,0,0,0,0
246594,Empire Beauty School-Manitowoc,2012,"Under 1,000",72,72,0,72,72,23,0,49,0,0,72,23,0,49,0,0,0,0,0,0,0,0
246789,Unification Theological Seminary,2012,"Under 1,000",116,63,53,83,0,0,0,0,0,116,0,0,0,0,0,63,0,0,0,0,0,53
246813,Athens Technical College,2012,"1,000 - 4,999",4788,1340,3448,2498,4788,867,513,3099,309,0,1340,323,187,808,22,0,3448,544,326,2291,287,0
246895,Maricopa Skill Center,2012,"Under 1,000",906,348,558,535,906,297,0,604,5,0,348,85,0,262,1,0,558,212,0,342,4,0
246974,Carrington College California-San Leandro,2012,"Under 1,000",471,471,0,471,471,37,59,375,0,0,471,37,59,375,0,0,0,0,0,0,0,0
247010,Headmasters School of Hair Design,2012,"Under 1,000",38,38,0,38,38,13,0,25,0,0,38,13,0,25,0,0,0,0,0,0,0,0
247047,Razzle Dazzle College of Hair Design Inc,2012,"Under 1,000",131,131,0,131,131,17,0,114,0,0,131,17,0,114,0,0,0,0,0,0,0,0
247065,Beckfield College-Florence,2012,"Under 1,000",758,443,315,567,758,88,163,507,0,0,443,60,114,269,0,0,315,28,49,238,0,0
247153,Dorsey Business Schools-Wayne,2012,"Under 1,000",158,158,0,158,158,17,0,141,0,0,158,17,0,141,0,0,0,0,0,0,0,0
247162,Ecumenical Theological Seminary,2012,"Under 1,000",159,95,64,120,26,14,0,12,0,133,0,0,0,0,0,95,26,14,0,12,0,38
247409,Ross Medical Education Center-Saginaw,2012,"Under 1,000",242,242,0,242,242,90,0,152,0,0,242,90,0,152,0,0,0,0,0,0,0,0
247603,Sussex County Community College,2012,"1,000 - 4,999",3402,1906,1496,2408,3402,689,168,2113,432,0,1906,558,89,1148,111,0,1496,131,79,965,321,0
247649,Landmark College,2012,"Under 1,000",473,473,0,473,473,130,73,262,8,0,473,130,73,262,8,0,0,0,0,0,0,0
247700,National American University-Independence,2012,"Under 1,000",778,60,718,342,778,56,98,533,91,0,60,3,10,47,0,0,718,53,88,486,91,0
247773,Yeshiva Gedolah of Greater Detroit,2012,"Under 1,000",79,76,3,77,66,19,3,44,0,13,66,19,3,44,0,10,0,0,0,0,0,3
247825,Austin Graduate School of Theology,2012,"Under 1,000",67,15,52,35,38,0,0,38,0,29,5,0,0,5,0,10,33,0,0,33,0,19
247834,Collin County Community College District,2012,"20,000 and above",27424,9676,17748,15635,27424,5015,2336,17302,2771,0,9676,2926,880,5857,13,0,17748,2089,1456,11445,2758,0
247940,Owensboro Community and Technical College,2012,"1,000 - 4,999",4762,1974,2788,2910,4762,764,141,2551,1306,0,1974,607,81,1266,20,0,2788,157,60,1285,1286,0
248165,Heads West Kentucky Beauty College,2012,"Under 1,000",34,22,12,27,34,13,0,21,0,0,22,9,0,13,0,0,12,4,0,8,0,0
248192,Jenny Lea Academy of Cosmetology,2012,"Under 1,000",18,9,9,13,18,15,0,3,0,0,9,7,0,2,0,0,9,8,0,1,0,0
248305,Empire Beauty School-Hurstborne,2012,"Under 1,000",127,103,24,113,127,33,0,94,0,0,103,25,0,78,0,0,24,8,0,16,0,0
248314,Southeast School of Cosmetology,2012,"Under 1,000",7,6,1,6,7,5,0,2,0,0,6,5,0,1,0,0,1,0,0,1,0,0
248527,Cloyd's Beauty School 3 Inc,2012,"Under 1,000",38,38,0,38,38,33,0,5,0,0,38,33,0,5,0,0,0,0,0,0,0,0
248606,Moore Norman Technology Center,2012,"Under 1,000",526,218,308,321,526,165,0,361,0,0,218,108,0,110,0,0,308,57,0,251,0,0
248624,Fayette County Career & Technical Institute Practical Nursing Program,2012,"Under 1,000",123,123,0,123,123,21,0,102,0,0,123,21,0,102,0,0,0,0,0,0,0,0
248633,Franklin County Career and Technology Center,2012,"Under 1,000",54,54,0,54,54,29,0,25,0,0,54,29,0,25,0,0,0,0,0,0,0,0
248660,Paul Mitchell the School-Knoxville,2012,"Under 1,000",160,132,28,143,160,2,0,158,0,0,132,1,0,131,0,0,28,1,0,27,0,0
248703,Ogle School Hair Skin Nails-Hurst,2012,"Under 1,000",173,128,45,146,173,163,0,10,0,0,128,121,0,7,0,0,45,42,0,3,0,0
248846,Fashion Institute of Design & Merchandising-San Diego,2012,"Under 1,000",181,174,7,177,181,73,50,58,0,0,174,72,49,53,0,0,7,1,1,5,0,0
248882,National American University-Albuquerque,2012,"Under 1,000",486,73,413,235,486,16,86,382,2,0,73,4,12,57,0,0,413,12,74,325,2,0
248925,Tennessee College of Applied Technology-Nashville,2012,"Under 1,000",936,521,415,660,936,381,0,555,0,0,521,136,0,385,0,0,415,245,0,170,0,0
248934,ECPI University,2012,"5,000 - 9,999",9840,9735,105,9776,9797,904,1044,7744,105,43,9692,904,1044,7744,0,43,105,0,0,0,105,0
249140,Anthem Institute-Jersey City,2012,"Under 1,000",414,414,0,414,414,157,0,257,0,0,414,157,0,257,0,0,0,0,0,0,0,0
249238,Paul Mitchell the School-Houston,2012,"Under 1,000",341,236,105,278,341,66,0,275,0,0,236,45,0,191,0,0,105,21,0,84,0,0
249566,TDDS Technical Institute,2012,"Under 1,000",172,172,0,172,172,160,0,12,0,0,172,160,0,12,0,0,0,0,0,0,0,0
249609,Fortis Institute-Forty Fort,2012,"Under 1,000",238,238,0,238,238,49,23,166,0,0,238,49,23,166,0,0,0,0,0,0,0,0
250027,Laurel Business Institute,2012,"Under 1,000",184,181,3,182,184,89,0,95,0,0,181,89,0,92,0,0,3,0,0,3,0,0
250072,Antonelli Medical and Professional Institute,2012,"Under 1,000",132,113,19,121,132,63,0,69,0,0,113,55,0,58,0,0,19,8,0,11,0,0
250285,Aviation Institute of Maintenance-Philadelphia,2012,"Under 1,000",378,275,103,316,378,70,0,308,0,0,275,64,0,211,0,0,103,6,0,97,0,0
250498,Fortis Institute-Mulberry,2012,"Under 1,000",85,85,0,85,85,13,0,72,0,0,85,13,0,72,0,0,0,0,0,0,0,0
250601,Carrington College-Phoenix Westside,2012,"Under 1,000",542,542,0,542,542,13,16,513,0,0,542,13,16,513,0,0,0,0,0,0,0,0
250744,Dorsey Business Schools-Roseville,2012,"Under 1,000",428,428,0,428,428,31,0,397,0,0,428,31,0,397,0,0,0,0,0,0,0,0
250902,Moler-Pickens Beauty Academy,2012,"Under 1,000",78,42,36,56,78,69,0,9,0,0,42,36,0,6,0,0,36,33,0,3,0,0
250993,Red River Technology Center,2012,"Under 1,000",439,64,375,190,439,70,0,41,328,0,64,33,0,31,0,0,375,37,0,10,328,0
251075,Kaplan Career Institute-Harrisburg,2012,"Under 1,000",371,371,0,371,371,75,37,259,0,0,371,75,37,259,0,0,0,0,0,0,0,0
251251,ITT Technical Institute-Newburgh,2012,"Under 1,000",408,223,185,296,408,37,15,356,0,0,223,25,7,191,0,0,185,12,8,165,0,0
251260,Southern Union State Community College,2012,"1,000 - 4,999",4978,2974,2004,3647,4978,1268,597,2938,175,0,2974,1127,360,1479,8,0,2004,141,237,1459,167,0
251312,South University-Columbia,2012,"1,000 - 4,999",1587,1119,468,1301,1106,24,357,724,1,481,789,16,232,541,0,330,317,8,125,183,1,151
260293,Everest University-Brandon,2012,"5,000 - 9,999",8356,4091,4265,5765,8182,673,507,7002,0,174,4021,504,376,3141,0,70,4161,169,131,3861,0,104
260336,Clinton Technical School,2012,"Under 1,000",25,25,0,25,25,24,0,1,0,0,25,24,0,1,0,0,0,0,0,0,0,0
260354,Consolidated School of Business-Lancaster,2012,"Under 1,000",110,104,6,106,110,19,14,77,0,0,104,19,14,71,0,0,6,0,0,6,0,0
260363,Greene County Career and Technology Center,2012,"Under 1,000",25,25,0,25,25,2,0,23,0,0,25,2,0,23,0,0,0,0,0,0,0,0
260372,Lac Courte Oreilles Ojibwa Community College,2012,"Under 1,000",357,207,150,257,357,111,31,180,35,0,207,60,18,119,10,0,150,51,13,61,25,0
260664,Diesel Driving Academy-Shreveport,2012,"Under 1,000",158,158,0,158,158,79,0,79,0,0,158,79,0,79,0,0,0,0,0,0,0,0
260691,Pima Medical Institute-Mesa,2012,"1,000 - 4,999",1401,1401,0,1401,1401,363,0,1038,0,0,1401,363,0,1038,0,0,0,0,0,0,0,0
260789,Platt College-Los Angeles,2012,"Under 1,000",515,515,0,515,515,102,33,380,0,0,515,102,33,380,0,0,0,0,0,0,0,0
260813,Platt College-Aurora,2012,"Under 1,000",192,192,0,192,192,4,18,170,0,0,192,4,18,170,0,0,0,0,0,0,0,0
260901,Kaplan University-Davenport Campus,2012,"20,000 and above",48865,10812,38053,25672,38048,2983,6816,28089,160,10817,8301,19,1102,7180,0,2511,29747,2964,5714,20909,160,8306
260910,Kaplan University-Cedar Falls Campus,2012,"Under 1,000",496,254,242,349,445,21,82,341,1,51,238,9,40,189,0,16,207,12,42,152,1,35
260929,Paul Mitchell the School-Boise,2012,"Under 1,000",157,118,39,133,157,39,0,118,0,0,118,31,0,87,0,0,39,8,0,31,0,0
260947,Christian Life College,2012,"Under 1,000",46,25,21,33,46,8,5,33,0,0,25,5,4,16,0,0,21,3,1,17,0,0
260956,Knowledge Systems Institute,2012,"Under 1,000",125,123,2,124,0,0,0,0,0,125,0,0,0,0,0,123,0,0,0,0,0,2
260965,Educators of Beauty College of Cosmetology-Rockford,2012,"Under 1,000",64,64,0,64,64,7,0,57,0,0,64,7,0,57,0,0,0,0,0,0,0,0
260974,ITT Technical Institute-Arlington Heights,2012,"Under 1,000",276,169,107,211,276,34,7,235,0,0,169,24,1,144,0,0,107,10,6,91,0,0
260992,Northwestern College-Southwestern Campus,2012,"Under 1,000",804,302,502,501,804,178,67,515,44,0,302,75,0,227,0,0,502,103,67,288,44,0
261375,Tulsa Technology Center-Lemley Campus,2012,"1,000 - 4,999",1076,182,894,482,1076,68,0,1008,0,0,182,18,0,164,0,0,894,50,0,844,0,0
261384,Tulsa Technology Center-Riverside Campus,2012,"Under 1,000",551,46,505,216,551,31,0,520,0,0,46,3,0,43,0,0,505,28,0,477,0,0
261393,Tulsa Technology Center-Broken Arrow Campus,2012,"Under 1,000",475,32,443,181,475,66,0,409,0,0,32,17,0,15,0,0,443,49,0,394,0,0
261436,Douglas J Aveda Institute,2012,"1,000 - 4,999",1096,1096,0,1096,1096,444,0,652,0,0,1096,444,0,652,0,0,0,0,0,0,0,0
261472,ITT Technical Institute-Troy,2012,"Under 1,000",780,481,299,598,780,59,7,714,0,0,481,43,4,434,0,0,299,16,3,280,0,0
261676,Ross Medical Education Center-Brighton,2012,"Under 1,000",138,138,0,138,138,50,0,88,0,0,138,50,0,88,0,0,0,0,0,0,0,0
261685,Ross Medical Education Center-Ann Arbor,2012,"Under 1,000",128,128,0,128,128,58,0,70,0,0,128,58,0,70,0,0,0,0,0,0,0,0
261719,Taylortown School of Beauty Inc,2012,"Under 1,000",119,97,22,106,119,32,0,87,0,0,97,26,0,71,0,0,22,6,0,16,0,0
261773,Pike-Lincoln Technical Center,2012,"Under 1,000",48,46,2,47,48,44,0,4,0,0,46,42,0,4,0,0,2,2,0,0,0,0
261861,Pennsylvania Institute of Health and Technology,2012,"Under 1,000",104,104,0,104,104,24,9,71,0,0,104,24,9,71,0,0,0,0,0,0,0,0
261931,Skyline College-Roanoke,2012,"Under 1,000",214,214,0,214,214,29,21,164,0,0,214,29,21,164,0,0,0,0,0,0,0,0
262022,Bethel Seminary-San Diego,2012,"Under 1,000",178,50,128,99,0,0,0,0,0,178,0,0,0,0,0,50,0,0,0,0,0,128
262031,St Charles Community College,2012,"5,000 - 9,999",7642,3738,3904,5049,7642,1393,600,5003,646,0,3738,1052,381,2186,119,0,3904,341,219,2817,527,0
262086,Brandman University,2012,"5,000 - 9,999",6785,2573,4212,4205,3523,13,700,2501,309,3262,1375,1,264,1073,37,1198,2148,12,436,1428,272,2064
262129,New College of Florida,2012,"Under 1,000",832,832,0,832,832,223,22,587,0,0,832,223,22,587,0,0,0,0,0,0,0,0
262165,Montana Bible College,2012,"Under 1,000",110,73,37,88,110,17,13,71,9,0,73,12,11,41,9,0,37,5,2,30,0,0
262235,Arizona Academy of Beauty-North,2012,"Under 1,000",55,55,0,55,55,3,0,52,0,0,55,3,0,52,0,0,0,0,0,0,0,0
262299,Empire Beauty School-Prescott,2012,"Under 1,000",99,67,32,80,99,21,0,78,0,0,67,16,0,51,0,0,32,5,0,27,0,0
262332,Le Cordon Bleu College of Culinary Arts-Scottsdale,2012,"1,000 - 4,999",1498,1498,0,1498,1498,141,169,1186,2,0,1498,141,169,1186,2,0,0,0,0,0,0,0
262341,Conservatory of Recording Arts and Sciences,2012,"Under 1,000",699,699,0,699,699,300,0,399,0,0,699,300,0,399,0,0,0,0,0,0,0,0
262369,Adrian's College of Beauty Turlock,2012,"Under 1,000",149,149,0,149,149,110,0,39,0,0,149,110,0,39,0,0,0,0,0,0,0,0
262402,California Career School,2012,"Under 1,000",284,284,0,284,284,155,0,129,0,0,284,155,0,129,0,0,0,0,0,0,0,0
262466,Rolf Institute of Structural Integration,2012,"Under 1,000",86,0,86,34,86,0,0,86,0,0,0,0,0,0,0,0,86,0,0,86,0,0
262509,Heritage College-Denver,2012,"Under 1,000",616,616,0,616,616,96,39,481,0,0,616,96,39,481,0,0,0,0,0,0,0,0
262660,Empire Beauty School-Highland,2012,"Under 1,000",102,72,30,84,102,29,0,73,0,0,72,16,0,56,0,0,30,13,0,17,0,0
362700,Sunstate Academy,2012,"Under 1,000",382,336,46,354,382,58,0,324,0,0,336,57,0,279,0,0,46,1,0,45,0,0
362782,Elizabeth Grady School of Esthetics and Massage Therapy,2012,"Under 1,000",195,113,82,146,195,37,0,158,0,0,113,31,0,82,0,0,82,6,0,76,0,0
363013,Ross Medical Education Center-Port Huron,2012,"Under 1,000",85,85,0,85,85,26,0,59,0,0,85,26,0,59,0,0,0,0,0,0,0,0
363077,Capri Institute of Hair Design-Clifton,2012,"Under 1,000",273,158,115,204,273,62,0,211,0,0,158,34,0,124,0,0,115,28,0,87,0,0
363147,Raphael's School of Beauty Culture Inc-Alliance,2012,"Under 1,000",100,22,78,53,100,30,0,70,0,0,22,9,0,13,0,0,78,21,0,57,0,0
363165,Metro Technology Centers,2012,"1,000 - 4,999",1252,521,731,766,1252,506,0,746,0,0,521,81,0,440,0,0,731,425,0,306,0,0
363387,Heald College-Roseville,2012,"1,000 - 4,999",1340,918,422,1086,1340,104,107,1123,6,0,918,60,56,802,0,0,422,44,51,321,6,0
363439,Daymar College-Bowling Green,2012,"Under 1,000",301,250,51,270,301,22,40,239,0,0,250,20,39,191,0,0,51,2,1,48,0,0
363590,Everest College-Everett,2012,"Under 1,000",536,526,10,530,536,48,89,399,0,0,526,48,89,389,0,0,10,0,0,10,0,0
363633,Luna Community College,2012,"1,000 - 4,999",1739,469,1270,895,1739,128,56,728,827,0,469,81,32,332,24,0,1270,47,24,396,803,0
363679,Grabber School of Hair Design,2012,"Under 1,000",105,74,31,86,105,50,0,55,0,0,74,42,0,32,0,0,31,8,0,23,0,0
363712,Yeshivah Gedolah Rabbinical College,2012,"Under 1,000",46,46,0,46,46,25,13,8,0,0,46,25,13,8,0,0,0,0,0,0,0,0
363721,University of the District of Columbia-David A Clarke School of Law,2012,"Under 1,000",366,216,150,270,0,0,0,0,0,366,0,0,0,0,0,216,0,0,0,0,0,150
363882,Raphael's School of Beauty Culture Inc-Brunswick,2012,"Under 1,000",59,7,52,28,59,13,0,46,0,0,7,1,0,6,0,0,52,12,0,40,0,0
363907,Caribbean University-Ponce,2012,"1,000 - 4,999",1674,1187,487,1376,1222,196,190,836,0,452,967,189,148,630,0,220,255,7,42,206,0,232
363916,Caribbean University-Vega Baja,2012,"Under 1,000",673,480,193,555,530,95,33,402,0,143,428,89,27,312,0,52,102,6,6,90,0,91
363934,University of Advancing Technology,2012,"Under 1,000",958,955,3,956,908,99,93,716,0,50,908,99,93,716,0,47,0,0,0,0,0,3
364016,Paradise Valley Community College,2012,"5,000 - 9,999",9555,2894,6661,5130,9555,1401,875,4380,2899,0,2894,882,218,1303,491,0,6661,519,657,3077,2408,0
364025,Chandler-Gilbert Community College,2012,"10,000 - 19,999",14653,4499,10154,7908,14653,2309,1060,7540,3744,0,4499,1411,288,2293,507,0,10154,898,772,5247,3237,0
364122,St John's Hospital School of Clinical Lab Science,2012,"Under 1,000",6,6,0,6,6,0,0,6,0,0,6,0,0,6,0,0,0,0,0,0,0,0
364168,Madison Media Institute,2012,"Under 1,000",467,435,32,448,467,151,0,314,2,0,435,148,0,286,1,0,32,3,0,28,1,0
364326,Sanford-Brown Institute-White Plains,2012,"Under 1,000",616,616,0,616,616,55,0,561,0,0,616,55,0,561,0,0,0,0,0,0,0,0
364335,Sanford-Brown Institute-Garden City,2012,"1,000 - 4,999",1006,1006,0,1006,1006,137,0,869,0,0,1006,137,0,869,0,0,0,0,0,0,0,0
364548,Great Plains Technology Center,2012,"Under 1,000",287,248,39,261,287,273,0,14,0,0,248,238,0,10,0,0,39,35,0,4,0,0
364575,Roane-Jackson Technical Center,2012,"Under 1,000",65,65,0,65,65,36,0,29,0,0,65,36,0,29,0,0,0,0,0,0,0,0
364584,Total Cosmetology Training Center,2012,"Under 1,000",136,84,52,105,136,39,0,97,0,0,84,28,0,56,0,0,52,11,0,41,0,0
364627,Pioneer Technology Center,2012,"Under 1,000",415,90,325,199,415,236,0,179,0,0,90,55,0,35,0,0,325,181,0,144,0,0
364636,Portage Lakes Career Center,2012,"Under 1,000",36,36,0,36,36,22,0,14,0,0,36,22,0,14,0,0,0,0,0,0,0,0
364751,Eastern College of Health Vocations-New Orleans,2012,"Under 1,000",316,316,0,316,316,80,0,236,0,0,316,80,0,236,0,0,0,0,0,0,0,0
364760,Bell Mar Beauty College,2012,"Under 1,000",93,67,26,77,93,43,0,50,0,0,67,23,0,44,0,0,26,20,0,6,0,0
364812,Cannella School of Hair Design-Chicago,2012,"Under 1,000",63,8,55,30,63,42,0,21,0,0,8,6,0,2,0,0,55,36,0,19,0,0
364946,Caddo Kiowa Technology Center,2012,"Under 1,000",197,72,125,114,197,98,0,99,0,0,72,24,0,48,0,0,125,74,0,51,0,0
364955,Kaplan College-San Antonio-San Pedro,2012,"Under 1,000",730,730,0,730,730,171,42,517,0,0,730,171,42,517,0,0,0,0,0,0,0,0
364964,Oswego County BOCES,2012,"Under 1,000",137,45,92,76,137,73,0,64,0,0,45,17,0,28,0,0,92,56,0,36,0,0
364973,Le Cordon Bleu College of Culinary Arts-Austin,2012,"Under 1,000",835,835,0,835,835,120,59,656,0,0,835,120,59,656,0,0,0,0,0,0,0,0
365055,The Art Institute of New York City,2012,"1,000 - 4,999",1480,1111,369,1258,1480,391,121,968,0,0,1111,322,97,692,0,0,369,69,24,276,0,0
365073,Paris II Educational Center,2012,"Under 1,000",131,108,23,117,131,34,0,97,0,0,108,29,0,79,0,0,23,5,0,18,0,0
365091,International School of Skin Nailcare & Massage Therapy,2012,"Under 1,000",350,350,0,350,350,14,0,336,0,0,350,14,0,336,0,0,0,0,0,0,0,0
365125,Palomar Institute of Cosmetology,2012,"Under 1,000",143,143,0,143,143,19,0,124,0,0,143,19,0,124,0,0,0,0,0,0,0,0
365198,Southern Oklahoma Technology Center,2012,"Under 1,000",511,71,440,219,511,27,0,76,408,0,71,16,0,55,0,0,440,11,0,21,408,0
365204,Vista College,2012,"1,000 - 4,999",2220,2220,0,2220,2220,1996,0,224,0,0,2220,1996,0,224,0,0,0,0,0,0,0,0
365213,Autry Technology Center,2012,"Under 1,000",589,113,476,273,589,94,0,229,266,0,113,16,0,97,0,0,476,78,0,132,266,0
365240,Greene County Vocational School District,2012,"Under 1,000",216,150,66,172,216,78,0,138,0,0,150,64,0,86,0,0,66,14,0,52,0,0
365374,Canadian Valley Technology Center,2012,"1,000 - 4,999",1548,413,1135,794,1548,170,0,339,1039,0,413,128,0,285,0,0,1135,42,0,54,1039,0
365383,Wilkes-Barre Area Career and Technical Center Practical Nursing,2012,"Under 1,000",106,106,0,106,106,93,0,13,0,0,106,93,0,13,0,0,0,0,0,0,0,0
365426,Mayo Graduate School,2012,"Under 1,000",343,254,89,288,0,0,0,0,0,343,0,0,0,0,0,254,0,0,0,0,0,89
365480,Meridian Technology Center,2012,"Under 1,000",804,165,639,380,804,80,0,249,475,0,165,53,0,112,0,0,639,27,0,137,475,0
365505,Waynesville Career Center,2012,"Under 1,000",57,57,0,57,57,52,0,5,0,0,57,52,0,5,0,0,0,0,0,0,0,0
365569,Connecticut Institute of Hair Design,2012,"Under 1,000",28,14,14,20,28,23,0,5,0,0,14,12,0,2,0,0,14,11,0,3,0,0
365693,Capitol School of Hairstyling and Esthetics,2012,"Under 1,000",148,123,25,133,148,76,0,72,0,0,123,73,0,50,0,0,25,3,0,22,0,0
365763,Morris County Vocational School District,2012,"Under 1,000",63,63,0,63,63,21,0,42,0,0,63,21,0,42,0,0,0,0,0,0,0,0
365824,Ross Medical Education Center-Roosevelt Park,2012,"Under 1,000",195,195,0,195,195,77,0,118,0,0,195,77,0,118,0,0,0,0,0,0,0,0
365833,Ross Medical Education Center-Kentwood,2012,"Under 1,000",136,136,0,136,136,55,0,81,0,0,136,55,0,81,0,0,0,0,0,0,0,0
366003,South Florida Bible College and Theological Seminary,2012,"Under 1,000",72,20,52,40,65,12,1,52,0,7,18,2,1,15,0,2,47,10,0,37,0,5
366155,Cloyd's Barber School 2 Inc,2012,"Under 1,000",30,30,0,30,30,15,0,15,0,0,30,15,0,15,0,0,0,0,0,0,0,0
366191,Universal Technical Institute of Illinois Inc,2012,"1,000 - 4,999",1504,1504,0,1504,1504,351,0,1153,0,0,1504,351,0,1153,0,0,0,0,0,0,0,0
366252,Pennsylvania College of Technology,2012,"5,000 - 9,999",5671,4764,907,5130,5671,1410,499,3690,72,0,4764,1383,419,2954,8,0,907,27,80,736,64,0
366261,Commonwealth Institute of Funeral Service,2012,"Under 1,000",237,225,12,230,237,46,24,167,0,0,225,46,13,166,0,0,12,0,11,1,0,0
366270,Delta College of Arts & Technology,2012,"Under 1,000",687,687,0,687,687,68,454,165,0,0,687,68,454,165,0,0,0,0,0,0,0,0
366289,InterCoast Colleges-Orange,2012,"Under 1,000",322,322,0,322,322,81,0,241,0,0,322,81,0,241,0,0,0,0,0,0,0,0
366340,Stone Child College,2012,"Under 1,000",501,199,302,300,501,31,0,160,310,0,199,31,0,160,8,0,302,0,0,0,302,0
366368,New York Academy of Art,2012,"Under 1,000",108,105,3,106,0,0,0,0,0,108,0,0,0,0,0,105,0,0,0,0,0,3
366395,Suffolk County Community College,2012,"20,000 and above",26219,14843,11376,18662,26219,5430,1068,16270,3451,0,14843,4551,817,9427,48,0,11376,879,251,6843,3403,0
366401,Las Positas College,2012,"5,000 - 9,999",8558,2930,5628,4820,8558,1566,732,5543,717,0,2930,786,127,1986,31,0,5628,780,605,3557,686,0
366438,Blades School of Hair Design,2012,"Under 1,000",90,36,54,57,90,71,0,19,0,0,36,30,0,6,0,0,54,41,0,13,0,0
366465,Ogeechee Technical College,2012,"1,000 - 4,999",2236,878,1358,1334,2236,322,493,1335,86,0,878,139,240,497,2,0,1358,183,253,838,84,0
366535,Remington College-Mobile Campus,2012,"Under 1,000",518,518,0,518,518,163,4,351,0,0,518,163,4,351,0,0,0,0,0,0,0,0
366544,Everest College-Aurora,2012,"Under 1,000",443,383,60,407,443,50,53,340,0,0,383,43,50,290,0,0,60,7,3,50,0,0
366553,Southwest Florida College,2012,"1,000 - 4,999",1284,987,297,1104,1284,179,159,944,2,0,987,166,127,694,0,0,297,13,32,250,2,0
366571,Mercy-St Luke's School of Radiologic Technology,2012,"Under 1,000",23,23,0,23,23,0,0,23,0,0,23,0,0,23,0,0,0,0,0,0,0,0
366580,ITT Technical Institute-Norwood,2012,"Under 1,000",468,357,111,401,468,53,12,403,0,0,357,46,9,302,0,0,111,7,3,101,0,0
366605,Southwest Acupuncture College-Santa Fe,2012,"Under 1,000",71,64,7,67,0,0,0,0,0,71,0,0,0,0,0,64,0,0,0,0,0,7
366623,Northwest Technology Center-Alva,2012,"Under 1,000",83,9,74,34,83,6,0,77,0,0,9,3,0,6,0,0,74,3,0,71,0,0
366632,Mercer County Career Center,2012,"Under 1,000",45,45,0,45,45,22,0,23,0,0,45,22,0,23,0,0,0,0,0,0,0,0
366650,ITT Technical Institute-Knoxville,2012,"Under 1,000",536,383,153,443,536,74,9,453,0,0,383,59,6,318,0,0,153,15,3,135,0,0
366678,ITT Technical Institute-Austin,2012,"Under 1,000",506,406,100,445,506,57,10,439,0,0,406,47,9,350,0,0,100,10,1,89,0,0
366696,ITT Technical Institute-Houston North,2012,"Under 1,000",667,559,108,601,667,82,1,584,0,0,559,73,0,486,0,0,108,9,1,98,0,0
366711,California State University-San Marcos,2012,"10,000 - 19,999",10610,8132,2478,9117,9929,1783,1350,6752,44,681,7802,1633,957,5187,25,330,2127,150,393,1565,19,351
366748,Argosy University-Hawaii,2012,"Under 1,000",605,242,363,382,173,8,38,121,6,432,92,4,18,64,6,150,81,4,20,57,0,282
366793,Baptist Theological Seminary at Richmond,2012,"Under 1,000",98,71,27,81,0,0,0,0,0,98,0,0,0,0,0,71,0,0,0,0,0,27
366960,Kaplan College-Modesto,2012,"Under 1,000",548,548,0,548,548,102,23,419,4,0,548,102,23,419,4,0,0,0,0,0,0,0
367024,Kaplan University-Des Moines Campus,2012,"Under 1,000",821,489,332,619,750,41,130,579,0,71,484,17,62,405,0,5,266,24,68,174,0,66
367051,Hairmasters Institute of Cosmetology,2012,"Under 1,000",115,61,54,82,115,48,0,67,0,0,61,20,0,41,0,0,54,28,0,26,0,0
367088,Hair Arts Academy,2012,"Under 1,000",66,66,0,66,66,15,0,51,0,0,66,15,0,51,0,0,0,0,0,0,0,0
367097,Pinnacle Career Institute-Lawrence,2012,"Under 1,000",86,86,0,86,86,41,0,45,0,0,86,41,0,45,0,0,0,0,0,0,0,0
367103,Interactive College of Technology-Newport,2012,"Under 1,000",46,46,0,46,46,21,0,25,0,0,46,21,0,25,0,0,0,0,0,0,0,0
367112,Career Technical College-Monroe,2012,"Under 1,000",645,484,161,548,645,131,78,436,0,0,484,112,60,312,0,0,161,19,18,124,0,0
367130,Empire Beauty School-Lowell,2012,"Under 1,000",113,74,39,89,113,42,0,71,0,0,74,29,0,45,0,0,39,13,0,26,0,0
367158,Ross Medical Education Center-Taylor,2012,"Under 1,000",61,61,0,61,61,47,0,14,0,0,61,47,0,14,0,0,0,0,0,0,0,0
367194,McNally Smith College of Music,2012,"Under 1,000",644,511,133,563,629,120,47,462,0,15,498,106,40,352,0,13,131,14,7,110,0,2
367334,National Tractor Trailer School Inc-Liverpool,2012,"Under 1,000",136,98,38,113,136,106,0,30,0,0,98,78,0,20,0,0,38,28,0,10,0,0
367361,Interactive Learning Systems-Houston,2012,"Under 1,000",40,39,1,39,40,15,0,25,0,0,39,15,0,24,0,0,1,0,0,1,0,0
367398,Star Career Academy–Brick,2012,"Under 1,000",454,269,185,342,454,427,0,27,0,0,269,256,0,13,0,0,185,171,0,14,0,0
367431,New Castle Beauty Academy,2012,"Under 1,000",38,38,0,38,38,22,0,16,0,0,38,22,0,16,0,0,0,0,0,0,0,0
367459,NorthWest Arkansas Community College,2012,"5,000 - 9,999",8341,3095,5246,4856,8341,1509,739,4901,1192,0,3095,915,325,1792,63,0,5246,594,414,3109,1129,0
367662,Madera Beauty College,2012,"Under 1,000",62,11,51,31,62,55,0,7,0,0,11,10,0,1,0,0,51,45,0,6,0,0
367839,Colorado Heights University,2012,"Under 1,000",373,341,32,353,329,121,38,160,10,44,312,118,35,157,2,29,17,3,3,3,8,15
367875,Brewster Technical Center,2012,"Under 1,000",254,254,0,254,254,100,0,154,0,0,254,100,0,154,0,0,0,0,0,0,0,0
367884,Hodges University,2012,"1,000 - 4,999",2244,1411,833,1736,2057,201,318,1528,10,187,1401,165,236,1000,0,10,656,36,82,528,10,177
367909,Everest University-Lakeland,2012,"Under 1,000",558,327,231,418,558,37,62,459,0,0,327,27,51,249,0,0,231,10,11,210,0,0
367936,Argosy University-Atlanta,2012,"1,000 - 4,999",2197,286,1911,1019,444,58,113,273,0,1753,162,23,46,93,0,124,282,35,67,180,0,1629
367954,University of St Augustine for Health Sciences,2012,"1,000 - 4,999",1550,1066,484,1251,0,0,0,0,0,1550,0,0,0,0,0,1066,0,0,0,0,0,484
367972,Capital Area School of Practical Nursing,2012,"Under 1,000",134,134,0,134,134,33,0,101,0,0,134,33,0,101,0,0,0,0,0,0,0,0
367981,Hair Professionals Career College,2012,"Under 1,000",72,24,48,43,72,10,0,62,0,0,24,5,0,19,0,0,48,5,0,43,0,0
368036,Alexandria School of Scientific Therapeutics,2012,"Under 1,000",39,39,0,39,39,26,0,13,0,0,39,26,0,13,0,0,0,0,0,0,0,0
368230,Empire Beauty School-Bloomfield,2012,"Under 1,000",160,113,47,132,160,57,0,103,0,0,113,45,0,68,0,0,47,12,0,35,0,0
368364,Southwest Technology Center,2012,"Under 1,000",58,43,15,48,58,32,0,26,0,0,43,27,0,16,0,0,15,5,0,10,0,0
368407,Western Area Career and Technology Center,2012,"Under 1,000",103,77,26,86,103,37,0,66,0,0,77,29,0,48,0,0,26,8,0,18,0,0
368443,Daymar Institute-Clarksville,2012,"Under 1,000",498,422,76,452,498,20,62,416,0,0,422,17,60,345,0,0,76,3,2,71,0,0
368452,Nossi College of Art,2012,"Under 1,000",319,319,0,319,319,84,42,193,0,0,319,84,42,193,0,0,0,0,0,0,0,0
368540,Seguin Beauty School-New Braunfels,2012,"Under 1,000",54,54,0,54,54,22,0,32,0,0,54,22,0,32,0,0,0,0,0,0,0,0
368601,ITT Technical Institute-Norfolk,2012,"Under 1,000",901,676,225,764,901,100,13,788,0,0,676,78,6,592,0,0,225,22,7,196,0,0
368629,Pima Medical Institute-Seattle,2012,"Under 1,000",733,733,0,733,733,173,0,560,0,0,733,173,0,560,0,0,0,0,0,0,0,0
368647,Mineral County Vocational Technical Center,2012,"Under 1,000",22,22,0,22,22,0,0,22,0,0,22,0,0,22,0,0,0,0,0,0,0,0
368771,Hypnosis Motivation Institute,2012,"Under 1,000",88,88,0,88,88,2,0,86,0,0,88,2,0,86,0,0,0,0,0,0,0,0
368780,Los Angeles ORT College-Los Angeles Campus,2012,"Under 1,000",355,355,0,355,355,83,0,272,0,0,355,83,0,272,0,0,0,0,0,0,0,0
368805,Everest College-West Los Angeles,2012,"Under 1,000",431,376,55,398,431,67,28,336,0,0,376,67,27,282,0,0,55,0,1,54,0,0
368832,Thanh Le College School of Cosmetology,2012,"Under 1,000",46,37,9,41,46,8,0,38,0,0,37,5,0,32,0,0,9,3,0,6,0,0
368911,Southeastern Technical College,2012,"1,000 - 4,999",1747,466,1281,896,1747,250,151,1125,221,0,466,88,54,324,0,0,1281,162,97,801,221,0
369002,Massachusetts School of Law,2012,"Under 1,000",580,217,363,356,0,0,0,0,0,580,0,0,0,0,0,217,0,0,0,0,0,363
369084,ITT Technical Institute-Albuquerque,2012,"Under 1,000",536,389,147,447,536,52,26,458,0,0,389,52,16,321,0,0,147,0,10,137,0,0
369109,Community Services Division-Alliance City,2012,"Under 1,000",126,54,72,78,126,26,0,94,6,0,54,20,0,34,0,0,72,6,0,60,6,0
369400,Universal Technical Institute-Auto Motorcycle & Marine Mechanics Institute Division-Orlando,2012,"1,000 - 4,999",3391,3391,0,3391,3391,605,0,2786,0,0,3391,605,0,2786,0,0,0,0,0,0,0,0
369419,D G Erwin Technical Center,2012,"Under 1,000",936,936,0,936,936,463,0,473,0,0,936,463,0,473,0,0,0,0,0,0,0,0
369446,Rosel School of Cosmetology,2012,"Under 1,000",93,45,48,64,93,14,0,79,0,0,45,12,0,33,0,0,48,2,0,46,0,0
369455,Worsham College of Mortuary Science,2012,"Under 1,000",94,94,0,94,94,0,94,0,0,0,94,0,94,0,0,0,0,0,0,0,0,0
369516,Bryan University,2012,"Under 1,000",357,357,0,357,357,137,147,73,0,0,357,137,147,73,0,0,0,0,0,0,0,0
369659,Oregon College of Oriental Medicine,2012,"Under 1,000",274,220,54,241,0,0,0,0,0,274,0,0,0,0,0,220,0,0,0,0,0,54
369668,Central Pennsylvania Institute of Science and Technology,2012,"Under 1,000",193,177,16,182,193,175,0,16,2,0,177,175,0,0,2,0,16,0,0,16,0,0
369686,Northwest Educational Center,2012,"Under 1,000",272,272,0,272,272,142,0,130,0,0,272,142,0,130,0,0,0,0,0,0,0,0
369695,Sebring Career Schools-Houston,2012,"Under 1,000",102,102,0,102,102,34,0,68,0,0,102,34,0,68,0,0,0,0,0,0,0,0
369783,PCI Health Training Center,2012,"Under 1,000",524,524,0,524,524,103,0,421,0,0,524,103,0,421,0,0,0,0,0,0,0,0
369792,Windham Memorial Hospital-Radiologic Technology Program,2012,"Under 1,000",15,15,0,15,15,0,0,15,0,0,15,0,0,15,0,0,0,0,0,0,0,0
369862,Miami-Jacobs Career College-Columbus,2012,"Under 1,000",276,151,125,201,276,62,46,168,0,0,151,41,29,81,0,0,125,21,17,87,0,0
369905,Bryant & Stratton College-Eastlake,2012,"Under 1,000",730,277,453,455,730,38,234,458,0,0,277,22,113,142,0,0,453,16,121,316,0,0
369950,Hamrick School,2012,"Under 1,000",129,129,0,129,129,24,0,105,0,0,129,24,0,105,0,0,0,0,0,0,0,0
371034,Alabama State College of Barber Styling,2012,"Under 1,000",26,26,0,26,26,20,0,6,0,0,26,20,0,6,0,0,0,0,0,0,0,0
371052,Fortis College-Mobile,2012,"Under 1,000",398,398,0,398,398,27,86,285,0,0,398,27,86,285,0,0,0,0,0,0,0,0
371140,Arkansas Beauty School,2012,"Under 1,000",45,32,13,37,45,20,0,25,0,0,32,16,0,16,0,0,13,4,0,9,0,0
371265,Everest College-Ontario,2012,"Under 1,000",813,813,0,813,813,96,0,717,0,0,813,96,0,717,0,0,0,0,0,0,0,0
371690,Downey Adult School,2012,"1,000 - 4,999",1733,690,1043,1040,1733,680,0,1053,0,0,690,358,0,332,0,0,1043,322,0,721,0,0
371760,Heald College-Stockton,2012,"1,000 - 4,999",1665,1048,617,1293,1665,158,132,1364,11,0,1048,107,62,872,7,0,617,51,70,492,4,0
371779,Heald College-Hayward,2012,"1,000 - 4,999",1419,890,529,1100,1419,114,104,1198,3,0,890,59,56,775,0,0,529,55,48,423,3,0
371830,CRU Institute,2012,"Under 1,000",92,69,23,78,92,23,0,69,0,0,69,17,0,52,0,0,23,6,0,17,0,0
371928,Modern Technology School,2012,"Under 1,000",92,92,0,92,92,36,0,56,0,0,92,36,0,56,0,0,0,0,0,0,0,0
371964,National Career Education,2012,"Under 1,000",120,120,0,120,120,66,0,54,0,0,120,66,0,54,0,0,0,0,0,0,0,0
371982,Everest College-Anaheim,2012,"Under 1,000",718,644,74,673,718,89,73,556,0,0,644,88,72,484,0,0,74,1,1,72,0,0
372000,Thuy Princess Beauty College,2012,"Under 1,000",95,76,19,84,95,28,0,67,0,0,76,21,0,55,0,0,19,7,0,12,0,0
372028,North-West College-Glendale,2012,"Under 1,000",168,168,0,168,168,56,0,112,0,0,168,56,0,112,0,0,0,0,0,0,0,0
372037,Everest College-City of Industry,2012,"Under 1,000",994,873,121,921,994,169,51,774,0,0,873,149,51,673,0,0,121,20,0,101,0,0
372073,Fremont College,2012,"Under 1,000",360,360,0,360,360,69,45,246,0,0,360,69,45,246,0,0,0,0,0,0,0,0
372082,Pomona Unified School District Adult and Career Education,2012,"Under 1,000",373,167,206,236,373,107,0,266,0,0,167,49,0,118,0,0,206,58,0,148,0,0
372240,Universal College of Beauty Inc-Los Angeles 2,2012,"Under 1,000",39,39,0,39,39,5,0,34,0,0,39,5,0,34,0,0,0,0,0,0,0,0
372329,IBMC College,2012,"Under 1,000",260,260,0,260,260,237,0,23,0,0,260,237,0,23,0,0,0,0,0,0,0,0
372356,Xenon International Academy-Denver,2012,"Under 1,000",100,100,0,100,100,11,0,89,0,0,100,11,0,89,0,0,0,0,0,0,0,0
372462,Academy of Cosmetology,2012,"Under 1,000",204,194,10,198,204,67,0,137,0,0,194,67,0,127,0,0,10,0,0,10,0,0
372578,ITT Technical Institute-Lake Mary,2012,"Under 1,000",362,253,109,296,362,24,10,328,0,0,253,19,7,227,0,0,109,5,3,101,0,0
372718,Sunstate Academy,2012,"Under 1,000",251,193,58,216,251,20,0,231,0,0,193,18,0,175,0,0,58,2,0,56,0,0
372772,Heritage Institute-Jacksonville,2012,"Under 1,000",351,351,0,351,351,70,44,237,0,0,351,70,44,237,0,0,0,0,0,0,0,0
372921,Fortis College-Smyrna,2012,"Under 1,000",653,653,0,653,653,119,65,469,0,0,653,119,65,469,0,0,0,0,0,0,0,0
372958,Remington College-Honolulu Campus,2012,"Under 1,000",537,537,0,537,537,172,6,359,0,0,537,172,6,359,0,0,0,0,0,0,0,0
373058,Vatterott College-Des Moines,2012,"Under 1,000",276,276,0,276,276,29,33,214,0,0,276,29,33,214,0,0,0,0,0,0,0,0
373085,Brown Mackie College-Quad Cities,2012,"Under 1,000",415,415,0,415,415,142,10,263,0,0,415,142,10,263,0,0,0,0,0,0,0,0
373216,Pivot Point Academy-Bloomingdale,2012,"Under 1,000",208,208,0,208,208,124,0,84,0,0,208,124,0,84,0,0,0,0,0,0,0,0
373456,BLALOCKS PROFESSIONAL BEAUTY COLLEGE,2012,,,,,,,,,,,,,,,,,,,,,,,
373526,Diesel Driving Academy-Baton Rouge,2012,"Under 1,000",232,232,0,232,232,96,0,136,0,0,232,96,0,136,0,0,0,0,0,0,0,0
373605,Jonesville Beauty School,2012,"Under 1,000",52,52,0,52,52,26,0,26,0,0,52,26,0,26,0,0,0,0,0,0,0,0
373678,New England Hair Academy,2012,"Under 1,000",185,142,43,159,185,61,0,124,0,0,142,51,0,91,0,0,43,10,0,33,0,0
373696,Rob Roy Academy-Worcester,2012,"Under 1,000",265,265,0,265,265,97,0,168,0,0,265,97,0,168,0,0,0,0,0,0,0,0
373711,Upper Cape Cod Regional Technical School,2012,"Under 1,000",59,59,0,59,59,14,0,45,0,0,59,14,0,45,0,0,0,0,0,0,0,0
373784,All-State Career-Baltimore,2012,"1,000 - 4,999",1193,1193,0,1193,1193,226,0,967,0,0,1193,226,0,967,0,0,0,0,0,0,0,0
373827,New England School of Communications,2012,"Under 1,000",499,462,37,477,499,108,31,360,0,0,462,107,27,328,0,0,37,1,4,32,0,0
373890,Everest Institute-Kalamazoo,2012,"Under 1,000",450,450,0,450,450,78,0,372,0,0,450,78,0,372,0,0,0,0,0,0,0,0
374024,Adler Graduate School,2012,"Under 1,000",335,0,335,128,0,0,0,0,0,335,0,0,0,0,0,0,0,0,0,0,0,335
374316,Academy of Hair Design-Jackson,2012,"Under 1,000",116,79,37,94,116,8,0,108,0,0,79,6,0,73,0,0,37,2,0,35,0,0
374343,KC's School of Hair Design,2012,"Under 1,000",76,76,0,76,76,19,0,57,0,0,76,19,0,57,0,0,0,0,0,0,0,0
374440,Mitchells Hairstyling Academy-Goldsboro,2012,"Under 1,000",28,28,0,28,28,5,0,23,0,0,28,5,0,23,0,0,0,0,0,0,0,0
374574,Lincoln Technical Institute-Moorestown,2012,"Under 1,000",728,471,257,573,728,145,0,583,0,0,471,111,0,360,0,0,257,34,0,223,0,0
374592,Monmouth County Vocational School District,2012,"Under 1,000",133,133,0,133,133,131,0,2,0,0,133,131,0,2,0,0,0,0,0,0,0,0
374875,Kaplan College-Las Vegas,2012,"Under 1,000",871,871,0,871,871,166,53,642,10,0,871,166,53,642,10,0,0,0,0,0,0,0
374927,Beauty School of Middletown,2012,"Under 1,000",66,40,26,50,66,24,0,42,0,0,40,16,0,24,0,0,26,8,0,18,0,0
374972,Bryant & Stratton College-Southtowns,2012,"Under 1,000",549,313,236,406,549,63,159,268,59,0,313,52,105,156,0,0,236,11,54,112,59,0
374990,Continental School of Beauty Culture-Olean,2012,"Under 1,000",106,76,30,88,106,23,0,83,0,0,76,19,0,57,0,0,30,4,0,26,0,0
375106,National Tractor Trailer School Inc-Buffalo,2012,"Under 1,000",147,140,7,143,147,87,0,60,0,0,140,81,0,59,0,0,7,6,0,1,0,0
375230,Yeshiva Gedolah Imrei Yosef D'spinka,2012,"Under 1,000",130,130,0,130,130,11,26,93,0,0,130,11,26,93,0,0,0,0,0,0,0,0
375300,Cleveland Institute of Dental-Medical Assistants-Mentor,2012,"Under 1,000",129,129,0,129,129,69,0,60,0,0,129,69,0,60,0,0,0,0,0,0,0,0
375319,Cleveland Institute of Dental-Medical Assistants-Lyndhurst,2012,"Under 1,000",62,62,0,62,62,34,0,28,0,0,62,34,0,28,0,0,0,0,0,0,0,0
375373,Knox County Career Center,2012,"Under 1,000",343,343,0,343,343,217,0,126,0,0,343,217,0,126,0,0,0,0,0,0,0,0
375407,Madison Adult Career Center,2012,"Under 1,000",178,147,31,157,178,90,0,88,0,0,147,79,0,68,0,0,31,11,0,20,0,0
375416,Remington College-Cleveland Campus,2012,"Under 1,000",466,466,0,466,466,123,9,334,0,0,466,123,9,334,0,0,0,0,0,0,0,0
375489,Brown Mackie College-Findlay,2012,"Under 1,000",570,570,0,570,570,163,4,403,0,0,570,163,4,403,0,0,0,0,0,0,0,0
375540,Toledo Academy of Beauty Culture-East,2012,"Under 1,000",104,46,58,69,104,35,0,69,0,0,46,20,0,26,0,0,58,15,0,43,0,0
375568,U S Grant Joint Vocational School,2012,"Under 1,000",29,18,11,22,29,19,0,10,0,0,18,11,0,7,0,0,11,8,0,3,0,0
375647,CC's Cosmetology College,2012,"Under 1,000",53,51,2,52,53,33,0,20,0,0,51,32,0,19,0,0,2,1,0,1,0,0
375656,Chisholm Trail Technology Center,2012,"Under 1,000",128,49,79,76,128,36,0,28,64,0,49,27,0,22,0,0,79,9,0,6,64,0
375683,Gordon Cooper Technology Center,2012,"Under 1,000",877,351,526,528,877,142,0,735,0,0,351,122,0,229,0,0,526,20,0,506,0,0
375692,Kiamichi Technology Center-Atoka,2012,"Under 1,000",147,27,120,67,147,29,0,9,109,0,27,20,0,7,0,0,120,9,0,2,109,0
375708,Kiamichi Technology Center-Durant,2012,"Under 1,000",281,89,192,153,281,227,0,54,0,0,89,69,0,20,0,0,192,158,0,34,0,0
375717,Kiamichi Technology Center-Hugo,2012,"Under 1,000",218,61,157,114,218,25,0,49,144,0,61,18,0,43,0,0,157,7,0,6,144,0
375726,Kiamichi Technology Center-McAlester,2012,"Under 1,000",205,106,99,139,205,123,0,82,0,0,106,66,0,40,0,0,99,57,0,42,0,0
375735,Kiamichi Technology Center-Idabel,2012,"Under 1,000",240,58,182,119,240,236,0,4,0,0,58,56,0,2,0,0,182,180,0,2,0,0
375744,Kiamichi Technology Center-Poteau,2012,"Under 1,000",332,138,194,203,332,70,0,222,40,0,138,37,0,101,0,0,194,33,0,121,40,0
375753,Kiamichi Technology Center-Spiro,2012,"Under 1,000",59,20,39,33,59,18,0,3,38,0,20,17,0,3,0,0,39,1,0,0,38,0
375762,Kiamichi Technology Center-Talihina,2012,"Under 1,000",47,41,6,43,47,26,0,21,0,0,41,22,0,19,0,0,6,4,0,2,0,0
375841,Le Cordon Bleu College of Culinary Arts-Portland,2012,"Under 1,000",654,654,0,654,654,126,43,485,0,0,654,126,43,485,0,0,0,0,0,0,0,0
375939,YTI Career Institute-Altoona,2012,"Under 1,000",381,381,0,381,381,89,27,265,0,0,381,89,27,265,0,0,0,0,0,0,0,0
375966,Eastern Center for Arts and Technology,2012,"Under 1,000",120,50,70,74,120,2,0,118,0,0,50,2,0,48,0,0,70,0,0,70,0,0
375984,Empire Beauty School-Center City Philadelphia,2012,"Under 1,000",408,300,108,343,408,103,0,305,0,0,300,93,0,207,0,0,108,10,0,98,0,0
376224,Centro de Estudios Multidisciplinarios-Humacao,2012,"Under 1,000",785,691,94,728,785,188,110,487,0,0,691,188,94,409,0,0,94,0,16,78,0,0
376242,Colegio Mayor de Tecnologia Inc,2012,"Under 1,000",112,112,0,112,112,26,0,86,0,0,112,26,0,86,0,0,0,0,0,0,0,0
376288,Institucion Chaviano de Mayaguez,2012,"Under 1,000",107,107,0,107,107,52,0,55,0,0,107,52,0,55,0,0,0,0,0,0,0,0
376321,EDIC College,2012,"Under 1,000",916,858,58,881,916,430,486,0,0,0,858,417,441,0,0,0,58,13,45,0,0,0
376330,Liceo de Arte-Dise-O y Comercio,2012,"Under 1,000",287,274,13,279,287,36,0,251,0,0,274,36,0,238,0,0,13,0,0,13,0,0
376385,Universal Technology College of Puerto Rico,2012,"1,000 - 4,999",1217,1187,30,1199,1217,577,0,639,1,0,1187,567,0,619,1,0,30,10,0,20,0,0
376446,Academy of Hair Technology,2012,"Under 1,000",100,67,33,80,100,10,0,90,0,0,67,5,0,62,0,0,33,5,0,28,0,0
376631,Mr Wayne's School of Unisex Hair Design,2012,"Under 1,000",41,30,11,34,41,19,0,22,0,0,30,13,0,17,0,0,11,6,0,5,0,0
376668,Southern Institute of Cosmetology,2012,"Under 1,000",110,61,49,80,110,33,0,77,0,0,61,19,0,42,0,0,49,14,0,35,0,0
376677,Queen City College,2012,"Under 1,000",128,126,2,127,128,8,0,120,0,0,126,8,0,118,0,0,2,0,0,2,0,0
376695,College of the Marshall Islands,2012,"1,000 - 4,999",1123,774,349,891,1123,349,2,763,9,0,774,331,1,442,0,0,349,18,1,321,9,0
376950,Central Texas Commercial College,2012,,,,,,,,,,,,,,,,,,,,,,,
376987,American National College,2012,"Under 1,000",73,73,0,73,73,57,0,16,0,0,73,57,0,16,0,0,0,0,0,0,0,0
377069,ITT Technical Institute-San Antonio,2012,"Under 1,000",710,539,171,606,710,65,12,633,0,0,539,48,11,480,0,0,171,17,1,153,0,0
377111,Remington College-Fort Worth Campus,2012,"Under 1,000",489,489,0,489,489,140,1,348,0,0,489,140,1,348,0,0,0,0,0,0,0,0
377193,University of Cosmetology Arts & Sciences-San Antonio Jamar,2012,"Under 1,000",34,8,26,18,34,4,0,30,0,0,8,2,0,6,0,0,26,2,0,24,0,0
377218,School of Automotive Machinists,2012,"Under 1,000",148,148,0,148,148,16,0,132,0,0,148,16,0,132,0,0,0,0,0,0,0,0
377272,SW School of Business and Technical Careers-Cosmetology,2012,"Under 1,000",60,60,0,60,60,56,0,4,0,0,60,56,0,4,0,0,0,0,0,0,0,0
377281,SW School of Business and Technical Careers,2012,"Under 1,000",70,70,0,70,70,67,0,3,0,0,70,67,0,3,0,0,0,0,0,0,0,0
377315,Texas College of Cosmetology-Abilene,2012,"Under 1,000",77,77,0,77,77,23,0,54,0,0,77,23,0,54,0,0,0,0,0,0,0,0
377342,Vista College-Online,2012,"Under 1,000",109,109,0,109,109,95,0,14,0,0,109,95,0,14,0,0,0,0,0,0,0,0
377449,Centura College-Newport News,2012,"Under 1,000",344,171,173,240,344,37,0,307,0,0,171,28,0,143,0,0,173,9,0,164,0,0
377458,Centura College-Norfolk,2012,"Under 1,000",411,197,214,282,411,57,0,354,0,0,197,41,0,156,0,0,214,16,0,198,0,0
377485,Virginia Beach City Public Schools School of Practical Nursing,2012,"Under 1,000",42,13,29,23,42,8,0,11,23,0,13,6,0,7,0,0,29,2,0,4,23,0
377546,Northwest College of Art & Design,2012,"Under 1,000",85,82,3,83,85,28,9,48,0,0,82,28,8,46,0,0,3,0,1,2,0,0
377555,University of Washington-Bothell Campus,2012,"1,000 - 4,999",4172,3320,852,3651,3508,552,651,2283,22,664,2956,537,507,1907,5,364,552,15,144,376,17,300
377564,University of Washington-Tacoma Campus,2012,"1,000 - 4,999",3919,3090,829,3411,3301,339,814,2106,42,618,2790,324,698,1762,6,300,511,15,116,344,36,318
377652,Valley College-Beckley,2012,"Under 1,000",163,163,0,163,163,81,77,5,0,0,163,81,77,5,0,0,0,0,0,0,0,0
377661,Valley College-Martinsburg,2012,"Under 1,000",77,77,0,77,77,51,0,26,0,0,77,51,0,26,0,0,0,0,0,0,0,0
377670,Valley College-Princeton,2012,"Under 1,000",72,72,0,72,72,40,0,32,0,0,72,40,0,32,0,0,0,0,0,0,0,0
377722,Bellus Academy-Poway,2012,"Under 1,000",364,364,0,364,364,38,0,326,0,0,364,38,0,326,0,0,0,0,0,0,0,0
377759,Capstone College,2012,"Under 1,000",42,42,0,42,42,12,0,30,0,0,42,12,0,30,0,0,0,0,0,0,0,0
378105,Central Coast College,2012,"Under 1,000",191,177,14,183,191,77,0,114,0,0,177,73,0,104,0,0,14,4,0,10,0,0
378406,ITT Technical Institute-Torrance,2012,"Under 1,000",552,416,136,469,552,46,4,502,0,0,416,37,2,377,0,0,136,9,2,125,0,0
378576,Pacific College of Oriental Medicine-San Diego,2012,"Under 1,000",564,314,250,411,134,12,16,103,3,430,36,7,7,21,1,278,98,5,9,82,2,152
378886,Artistic Nails and Beauty Academy-Tampa,2012,"Under 1,000",241,107,134,160,241,33,0,208,0,0,107,25,0,82,0,0,134,8,0,126,0,0
378956,National Aviation Academy of Tampa Bay,2012,"Under 1,000",699,699,0,699,699,143,0,556,0,0,699,143,0,556,0,0,0,0,0,0,0,0
379135,Cain's Barber College Inc,2012,"Under 1,000",95,83,12,88,95,13,0,82,0,0,83,11,0,72,0,0,12,2,0,10,0,0
379621,Madison Oneida BOCES-Practical Nursing Program,2012,"Under 1,000",60,60,0,60,60,23,0,37,0,0,60,23,0,37,0,0,0,0,0,0,0,0
379746,Astrodome Career Centers,2012,"Under 1,000",64,64,0,64,64,42,0,22,0,0,64,42,0,22,0,0,0,0,0,0,0,0
379782,Center for Advanced Legal Studies,2012,"Under 1,000",195,195,0,195,128,19,0,109,0,67,128,19,0,109,0,67,0,0,0,0,0,0
380067,Houston Training School-Main Campus,2012,"Under 1,000",200,200,0,200,200,109,0,91,0,0,200,109,0,91,0,0,0,0,0,0,0,0
380094,Remington College-Houston Campus,2012,"Under 1,000",367,367,0,367,367,112,2,253,0,0,367,112,2,253,0,0,0,0,0,0,0,0
380359,Bay Mills Community College,2012,"Under 1,000",536,329,207,398,536,120,34,378,4,0,329,94,16,219,0,0,207,26,18,159,4,0
380368,Fond du Lac Tribal and Community College,2012,"1,000 - 4,999",2307,880,1427,1359,2307,187,176,706,1238,0,880,156,111,442,171,0,1427,31,65,264,1067,0
380377,Northwest Indian College,2012,"Under 1,000",699,503,196,582,699,77,61,492,69,0,503,65,45,379,14,0,196,12,16,113,55,0
380401,Marinello Schools of Beauty-Provo,2012,"Under 1,000",90,73,17,80,90,16,0,74,0,0,73,13,0,60,0,0,17,3,0,14,0,0
380438,Provo College,2012,"Under 1,000",331,164,167,230,331,100,29,151,51,0,164,52,8,59,45,0,167,48,21,92,6,0
380456,Paul Mitchell the School-Provo,2012,"Under 1,000",154,129,25,139,154,40,0,114,0,0,129,36,0,93,0,0,25,4,0,21,0,0
380465,University of Phoenix-Utah Campus,2012,"1,000 - 4,999",2044,2044,0,2044,1249,16,79,1150,4,795,1249,16,79,1150,4,795,0,0,0,0,0,0
380474,Utah College of Massage Therapy-Salt Lake City,2012,"Under 1,000",357,194,163,259,357,120,0,237,0,0,194,61,0,133,0,0,163,59,0,104,0,0
381255,CET-Coachella,2012,"Under 1,000",177,0,177,70,177,51,0,126,0,0,0,0,0,0,0,0,177,51,0,126,0,0
381282,CET-Oxnard,2012,"Under 1,000",154,125,29,137,154,41,0,113,0,0,125,37,0,88,0,0,29,4,0,25,0,0
381325,CET-Santa Maria,2012,"Under 1,000",141,99,42,116,141,40,0,101,0,0,99,28,0,71,0,0,42,12,0,30,0,0
381352,Colorado School of Traditional Chinese Medicine,2012,"Under 1,000",138,122,16,128,0,0,0,0,0,138,0,0,0,0,0,122,0,0,0,0,0,16
381361,Massage Therapy Institute of Colorado,2012,"Under 1,000",56,56,0,56,56,15,0,41,0,0,56,15,0,41,0,0,0,0,0,0,0,0
381370,Michigan College of Beauty-Troy,2012,"Under 1,000",313,212,101,252,313,125,0,188,0,0,212,90,0,122,0,0,101,35,0,66,0,0
381404,Ogle School Hair Skin Nails-Dallas,2012,"Under 1,000",215,156,59,179,215,199,0,16,0,0,156,147,0,9,0,0,59,52,0,7,0,0
381459,Phoenix Seminary,2012,"Under 1,000",195,29,166,92,0,0,0,0,0,195,0,0,0,0,0,29,0,0,0,0,0,166
381486,Faust Institute of Cosmetology-Spirit Lake,2012,"Under 1,000",12,12,0,12,12,6,0,6,0,0,12,6,0,6,0,0,0,0,0,0,0,0
381529,Seattle Vocational Institute,2012,"Under 1,000",317,260,57,279,317,23,0,275,19,0,260,18,0,230,12,0,57,5,0,45,7,0
381617,Baker College of Port Huron,2012,"1,000 - 4,999",1189,755,434,925,1187,185,64,922,16,2,754,147,38,558,11,1,433,38,26,364,5,1
381635,Empire Beauty School-Hyannis,2012,"Under 1,000",82,59,23,68,82,34,0,48,0,0,59,28,0,31,0,0,23,6,0,17,0,0
381644,Brookstone College-Greensboro,2012,"Under 1,000",157,157,0,157,157,42,0,115,0,0,157,42,0,115,0,0,0,0,0,0,0,0
381699,Cheeks International Academy of Beauty Culture-Fort Collins,2012,"Under 1,000",43,28,15,34,43,36,0,7,0,0,28,24,0,4,0,0,15,12,0,3,0,0
381705,Cheeks International Academy of Beauty Culture-Greeley,2012,"Under 1,000",45,29,16,35,45,37,0,8,0,0,29,24,0,5,0,0,16,13,0,3,0,0
381732,Colorado School of Healing Arts,2012,"Under 1,000",179,101,78,132,179,32,0,146,1,0,101,31,0,69,1,0,78,1,0,77,0,0
381750,Empire Beauty School-Arvada,2012,"Under 1,000",65,56,9,60,65,20,0,45,0,0,56,18,0,38,0,0,9,2,0,7,0,0
381787,Westwood College-Denver South,2012,"Under 1,000",310,239,71,267,310,29,23,258,0,0,239,27,20,192,0,0,71,2,3,66,0,0
381866,Healing Arts Institute,2012,"Under 1,000",41,41,0,41,41,12,0,29,0,0,41,12,0,29,0,0,0,0,0,0,0,0
381909,ITT Technical Institute-San Bernardino,2012,"Under 1,000",932,726,206,807,932,87,10,835,0,0,726,75,6,645,0,0,206,12,4,190,0,0
381945,Los Angeles ORT College-Van Nuys Campus,2012,"Under 1,000",170,170,0,170,170,85,0,85,0,0,170,85,0,85,0,0,0,0,0,0,0,0
382063,University of Phoenix-Puerto Rico Campus,2012,"1,000 - 4,999",1248,1248,0,1248,688,15,27,629,17,560,688,15,27,629,17,560,0,0,0,0,0,0
382258,Mt Diablo Adult Education,2012,"Under 1,000",444,108,336,221,444,291,0,153,0,0,108,45,0,63,0,0,336,246,0,90,0,0
382267,Royale College of Beauty,2012,"Under 1,000",71,66,5,68,71,19,0,52,0,0,66,17,0,49,0,0,5,2,0,3,0,0
382276,Westech College,2012,"Under 1,000",407,315,92,352,407,78,0,329,0,0,315,71,0,244,0,0,92,7,0,85,0,0
382416,Greater Lowell Technical School,2012,"Under 1,000",80,80,0,80,80,8,0,72,0,0,80,8,0,72,0,0,0,0,0,0,0,0
382461,Academy of Hair Design-Pearl,2012,"Under 1,000",73,56,17,63,73,4,0,69,0,0,56,2,0,54,0,0,17,2,0,15,0,0
382504,King's College,2012,"Under 1,000",501,501,0,501,501,225,0,276,0,0,501,225,0,276,0,0,0,0,0,0,0,0
382771,Miller-Motte Technical College-Clarksville,2012,"Under 1,000",548,385,163,450,548,143,87,318,0,0,385,113,68,204,0,0,163,30,19,114,0,0
382780,Genesis Career College-Lebanon,2012,"Under 1,000",297,297,0,297,297,82,0,215,0,0,297,82,0,215,0,0,0,0,0,0,0,0
382896,Kaplan College-Dallas,2012,"Under 1,000",320,320,0,320,320,50,21,249,0,0,320,50,21,249,0,0,0,0,0,0,0,0
382902,Star College of Cosmetology 2,2012,"Under 1,000",110,110,0,110,110,100,0,10,0,0,110,100,0,10,0,0,0,0,0,0,0,0
382911,Southwest Collegiate Institute for the Deaf,2012,"Under 1,000",143,110,33,121,143,47,7,89,0,0,110,39,5,66,0,0,33,8,2,23,0,0
382957,Fortis College-Richmond,2012,"Under 1,000",534,534,0,534,534,90,52,392,0,0,534,90,52,392,0,0,0,0,0,0,0,0
383020,Midwest College of Oriental Medicine-Racine,2012,"Under 1,000",85,48,37,62,27,0,0,0,27,58,18,0,0,0,18,30,9,0,0,0,9,28
383084,Hacienda La Puente Adult Education,2012,"5,000 - 9,999",5146,1888,3258,2982,5146,1486,0,1750,1910,0,1888,927,0,641,320,0,3258,559,0,1109,1590,0
383163,La Belle Beauty Academy,2012,"Under 1,000",339,29,310,152,339,45,0,294,0,0,29,5,0,24,0,0,310,40,0,270,0,0
383172,Advanced Technical Centers,2012,"Under 1,000",68,68,0,68,68,66,0,2,0,0,68,66,0,2,0,0,0,0,0,0,0,0
383190,Hawaii Community College,2012,"1,000 - 4,999",3663,1695,1968,2356,3663,831,249,2091,492,0,1695,496,118,1058,23,0,1968,335,131,1033,469,0
383251,Regency Beauty Institute-Winston-Salem,2012,"Under 1,000",89,89,0,89,89,23,0,66,0,0,89,23,0,66,0,0,0,0,0,0,0,0
383279,Robert Fiance Beauty Schools-North Plainfield,2012,"Under 1,000",165,76,89,111,165,65,0,100,0,0,76,30,0,46,0,0,89,35,0,54,0,0
383297,Long Island Beauty School-Hauppauge,2012,"Under 1,000",278,55,223,144,278,88,0,190,0,0,55,24,0,31,0,0,223,64,0,159,0,0
383312,Buckeye Joint Vocational School,2012,"Under 1,000",115,115,0,115,115,112,0,3,0,0,115,112,0,3,0,0,0,0,0,0,0,0
383330,Sandusky Career Center,2012,"Under 1,000",98,71,27,80,98,54,0,44,0,0,71,42,0,29,0,0,27,12,0,15,0,0
383367,Greater Altoona Career & Technology Center,2012,"Under 1,000",293,258,35,270,293,175,0,118,0,0,258,169,0,89,0,0,35,6,0,29,0,0
383400,Northeastern Hospital School of Nursing,2012,"Under 1,000",74,74,0,74,74,0,0,74,0,0,74,0,0,74,0,0,0,0,0,0,0,0
383464,Central Texas Beauty College-Temple,2012,"Under 1,000",114,114,0,114,114,94,0,20,0,0,114,94,0,20,0,0,0,0,0,0,0,0
383507,Dance Theatre of Harlem Inc,2012,"Under 1,000",14,14,0,14,14,10,0,4,0,0,14,10,0,4,0,0,0,0,0,0,0,0
383525,Erie 2 Chautauqua Cattaraugus BOCES-Practical Nursing Program,2012,"Under 1,000",133,133,0,133,133,39,0,94,0,0,133,39,0,94,0,0,0,0,0,0,0,0
383765,Empire Beauty School-Brooklyn,2012,"Under 1,000",,,,,,,,,,,,,,,,,,,,,,
383792,Houston Training School-Gulfgate,2012,"Under 1,000",295,295,0,295,295,127,0,168,0,0,295,127,0,168,0,0,0,0,0,0,0,0
383899,Star Career Academy-Philadelphia,2012,"1,000 - 4,999",1129,765,364,910,1129,332,0,797,0,0,765,225,0,540,0,0,364,107,0,257,0,0
383950,Antonelli College-Hattiesburg,2012,"Under 1,000",332,318,14,324,332,122,0,210,0,0,318,116,0,202,0,0,14,6,0,8,0,0
383996,Eastern New Mexico University-Ruidoso Campus,2012,"1,000 - 4,999",1058,248,810,520,1058,96,88,527,347,0,248,73,23,137,15,0,810,23,65,390,332,0
384254,Beacon College,2012,"Under 1,000",186,184,2,185,186,39,21,126,0,0,184,39,21,124,0,0,2,0,0,2,0,0
384306,Acupuncture and Integrative Medicine College-Berkeley,2012,"Under 1,000",157,108,49,127,0,0,0,0,0,157,0,0,0,0,0,108,0,0,0,0,0,49
384333,Estrella Mountain Community College,2012,"5,000 - 9,999",8361,2619,5742,4547,8361,1653,798,4765,1145,0,2619,901,205,1355,158,0,5742,752,593,3410,987,0
384342,Heartland Community College,2012,"5,000 - 9,999",5456,2345,3111,3389,5456,755,663,3524,514,0,2345,563,348,1374,60,0,3111,192,315,2150,454,0
384412,University of the Potomac-Washington DC Campus,2012,"Under 1,000",292,292,0,292,292,73,0,216,3,0,292,73,0,216,3,0,0,0,0,0,0,0
384421,Rabbi Jacob Joseph School,2012,"Under 1,000",76,76,0,76,76,29,4,43,0,0,76,29,4,43,0,0,0,0,0,0,0,0
385008,Sanford-Brown Institute-Ft Lauderdale,2012,"Under 1,000",545,466,79,497,545,54,23,468,0,0,466,54,23,389,0,0,79,0,0,79,0,0
385132,The Salon Professional Academy-Melbourne,2012,"Under 1,000",72,53,19,61,72,52,0,20,0,0,53,40,0,13,0,0,19,12,0,7,0,0
385503,Fortis Institute-Scranton,2012,"Under 1,000",500,414,86,448,500,78,59,363,0,0,414,78,42,294,0,0,86,0,17,69,0,0
385549,Milan Institute of Cosmetology-Amarillo,2012,"Under 1,000",202,202,0,202,202,57,0,145,0,0,202,57,0,145,0,0,0,0,0,0,0,0
385619,Everglades University,2012,"1,000 - 4,999",1264,1214,50,1233,1199,53,3,1143,0,65,1199,53,3,1143,0,15,0,0,0,0,0,50
386153,Seminar L'moros Bais Yaakov,2012,"Under 1,000",313,179,134,232,313,313,0,0,0,0,179,179,0,0,0,0,134,134,0,0,0,0
386472,Herzing University-Winter Park,2012,"Under 1,000",422,294,128,344,422,21,49,352,0,0,294,20,29,245,0,0,128,1,20,107,0,0
387660,Emil Fries Piano Hospital and Training Center,2012,"Under 1,000",5,5,0,5,5,1,0,4,0,0,5,1,0,4,0,0,0,0,0,0,0,0
387819,Fairview Beauty Academy,2012,"Under 1,000",140,107,33,120,140,83,0,57,0,0,107,52,0,55,0,0,33,31,0,2,0,0
387925,Florida College of Natural Health-Pompano Beach,2012,"Under 1,000",267,267,0,267,267,68,8,191,0,0,267,68,8,191,0,0,0,0,0,0,0,0
388043,National College-Nashville,2012,"Under 1,000",627,403,224,492,627,37,98,490,2,0,403,33,68,302,0,0,224,4,30,188,2,0
388520,College of Biblical Studies-Houston,2012,"Under 1,000",489,77,412,239,489,29,60,398,2,0,77,9,18,50,0,0,412,20,42,348,2,0
388663,Inner State Beauty School,2012,"Under 1,000",136,136,0,136,136,32,0,104,0,0,136,32,0,104,0,0,0,0,0,0,0,0
389727,Virginia College-Pensacola,2012,"Under 1,000",364,215,149,274,364,138,30,196,0,0,215,87,18,110,0,0,149,51,12,86,0,0
389860,Mid-EastCTC-Adult Education,2012,"Under 1,000",313,189,124,231,313,105,0,208,0,0,189,68,0,121,0,0,124,37,0,87,0,0
390701,Everest University-South Orlando,2012,"20,000 and above",33852,18333,15519,24428,33635,4729,3672,25234,0,217,18244,3018,2416,12810,0,89,15391,1711,1256,12424,0,128
390905,Polaris Career Center,2012,"Under 1,000",310,310,0,310,310,240,0,70,0,0,310,240,0,70,0,0,0,0,0,0,0,0
391005,P&A Scholars Beauty School,2012,"Under 1,000",243,243,0,243,243,6,0,237,0,0,243,6,0,237,0,0,0,0,0,0,0,0
391333,Rensselaer BOCES-Practical Nursing Program,2012,"Under 1,000",67,67,0,67,67,12,0,55,0,0,67,12,0,55,0,0,0,0,0,0,0,0
391546,ASM Beauty World Academy,2012,"Under 1,000",136,18,118,65,136,57,0,79,0,0,18,3,0,15,0,0,118,54,0,64,0,0
391564,The Salter School-Tewksbury Campus,2012,"Under 1,000",197,142,55,164,197,142,0,55,0,0,142,101,0,41,0,0,55,41,0,14,0,0
391759,Sharps Academy of Hair Styling,2012,"Under 1,000",52,3,49,22,52,17,0,35,0,0,3,2,0,1,0,0,49,15,0,34,0,0
392257,College of Health Care Professions-Northwest,2012,"Under 1,000",663,663,0,663,663,657,6,0,0,0,663,657,6,0,0,0,0,0,0,0,0,0
392354,School of Professional Horticulture at the New York Botanical Garden,2012,"Under 1,000",21,21,0,21,21,1,0,20,0,0,21,1,0,20,0,0,0,0,0,0,0,0
392415,Fortis College-Houston,2012,"Under 1,000",585,585,0,585,585,93,0,492,0,0,585,93,0,492,0,0,0,0,0,0,0,0
392798,Volunteer Beauty Academy-Madison,2012,"Under 1,000",52,35,17,42,52,7,0,45,0,0,35,6,0,29,0,0,17,1,0,16,0,0
392840,Watkins College of Art Design & Film,2012,"Under 1,000",378,272,106,314,378,51,39,271,17,0,272,48,35,189,0,0,106,3,4,82,17,0
393180,Chicago ORT Technical Institute,2012,"Under 1,000",442,442,0,442,442,128,0,314,0,0,442,128,0,314,0,0,0,0,0,0,0,0
393524,Alhambra Beauty College,2012,"Under 1,000",130,130,0,130,130,51,0,79,0,0,130,51,0,79,0,0,0,0,0,0,0,0
393649,American Auto Institute,2012,"1,000 - 4,999",2328,2328,0,2328,2328,493,0,1835,0,0,2328,493,0,1835,0,0,0,0,0,0,0,0
393861,Asian American International Beauty College,2012,"Under 1,000",108,52,56,74,108,48,0,60,0,0,52,29,0,23,0,0,56,19,0,37,0,0
393977,Avance Beauty College,2012,"Under 1,000",72,72,0,72,72,11,0,61,0,0,72,11,0,61,0,0,0,0,0,0,0,0
395195,Colton-Redlands-Yucaipa Regional Occupational Program,2012,"Under 1,000",121,121,0,121,121,28,0,93,0,0,121,28,0,93,0,0,0,0,0,0,0,0
395362,Copper Mountain Community College,2012,"1,000 - 4,999",1915,815,1100,1184,1915,322,135,1142,316,0,815,199,42,500,74,0,1100,123,93,642,242,0
395690,Diversified Vocational College,2012,"Under 1,000",917,643,274,752,917,317,0,600,0,0,643,235,0,408,0,0,274,82,0,192,0,0
397270,Bristol University,2012,"Under 1,000",37,37,0,37,32,14,8,10,0,5,32,14,8,10,0,5,0,0,0,0,0,0
397942,UEI College-Fresno,2012,"1,000 - 4,999",1055,1055,0,1055,1055,130,0,925,0,0,1055,130,0,925,0,0,0,0,0,0,0,0
398130,Mt Sierra College,2012,"Under 1,000",548,315,233,407,548,59,56,430,3,0,315,42,40,233,0,0,233,17,16,197,3,0
398574,Wyotech-Long Beach,2012,"1,000 - 4,999",1477,1477,0,1477,1477,304,29,1144,0,0,1477,304,29,1144,0,0,0,0,0,0,0,0
399212,Santiago Canyon College,2012,"10,000 - 19,999",11579,2764,8815,5724,11579,2192,1176,7293,918,0,2764,1041,126,1574,23,0,8815,1151,1050,5719,895,0
399869,Southern California Institute of Technology,2012,"Under 1,000",538,538,0,538,538,99,0,439,0,0,538,99,0,439,0,0,0,0,0,0,0,0
399911,Soka University of America,2012,"Under 1,000",437,435,2,436,435,103,0,332,0,2,435,103,0,332,0,0,0,0,0,0,0,2
400080,Summit College,2012,"1,000 - 4,999",1492,1492,0,1492,1492,1478,0,14,0,0,1492,1478,0,14,0,0,0,0,0,0,0,0
400187,Advance Beauty College,2012,"Under 1,000",466,303,163,368,466,228,0,238,0,0,303,185,0,118,0,0,163,43,0,120,0,0
401223,World Mission University,2012,"Under 1,000",271,161,110,204,134,9,13,112,0,137,70,6,8,56,0,91,64,3,5,56,0,46
401250,Yo San University of Traditional Chinese Medicine,2012,"Under 1,000",222,166,56,187,0,0,0,0,0,222,0,0,0,0,0,166,0,0,0,0,0,56
401339,Coast Career Institute,2012,"Under 1,000",461,461,0,461,461,151,0,310,0,0,461,151,0,310,0,0,0,0,0,0,0,0
401481,Cannella School of Hair Design-Blue Island,2012,"Under 1,000",62,15,47,34,62,41,0,21,0,0,15,9,0,6,0,0,47,32,0,15,0,0
401764,John Amico School of Hair Design,2012,,,,,,,,,,,,,,,,,,,,,,,
402563,Delta College Inc,2012,"Under 1,000",444,444,0,444,444,62,0,382,0,0,444,62,0,382,0,0,0,0,0,0,0,0
402615,Colorado Technical University-Sioux Falls,2012,"Under 1,000",590,322,268,427,505,36,37,429,3,85,278,28,27,223,0,44,227,8,10,206,3,41
402776,Southwest University of Visual Arts-Albuquerque,2012,"Under 1,000",235,124,111,168,235,44,26,165,0,0,124,27,16,81,0,0,111,17,10,84,0,0
402800,Tri-State Cosmetology Institute,2012,"Under 1,000",184,129,55,151,184,12,0,172,0,0,129,5,0,124,0,0,55,7,0,48,0,0
402828,Widener University-Harrisburg Campus,2012,"Under 1,000",474,358,116,402,0,0,0,0,0,474,0,0,0,0,0,358,0,0,0,0,0,116
403414,Volunteer Beauty Academy-Nashville,2012,"Under 1,000",37,11,26,21,37,2,0,35,0,0,11,1,0,10,0,0,26,1,0,25,0,0
403469,Frontier Community College,2012,"1,000 - 4,999",2597,278,2319,1057,2597,110,5,427,2055,0,278,83,0,143,52,0,2319,27,5,284,2003,0
403478,Lincoln Trail College,2012,"1,000 - 4,999",1055,436,619,644,1055,142,21,397,495,0,436,128,9,278,21,0,619,14,12,119,474,0
403487,Wabash Valley College,2012,"1,000 - 4,999",4706,585,4121,1969,4706,356,53,740,3557,0,585,214,18,323,30,0,4121,142,35,417,3527,0
404037,American Institute of Interior Design,2012,"Under 1,000",18,18,0,18,18,2,0,16,0,0,18,2,0,16,0,0,0,0,0,0,0,0
404055,Brookline College-Tempe,2012,"Under 1,000",386,386,0,386,386,127,0,259,0,0,386,127,0,259,0,0,0,0,0,0,0,0
404073,Baker College of Auburn Hills,2012,"1,000 - 4,999",3439,1559,1880,2297,3418,329,467,2601,21,21,1556,199,212,1145,0,3,1862,130,255,1456,21,18
404082,Baker College of Clinton Township,2012,"5,000 - 9,999",5140,2802,2338,3720,5114,932,409,3758,15,26,2796,725,213,1857,1,6,2318,207,196,1901,14,20
404222,Inter American University of Puerto Rico-School of Optometry,2012,"Under 1,000",228,225,3,226,0,0,0,0,0,228,0,0,0,0,0,225,0,0,0,0,0,3
404338,Schiller International University,2012,"Under 1,000",174,174,0,174,145,3,0,142,0,29,145,3,0,142,0,29,0,0,0,0,0,0
404365,Vatterott College-Springfield,2012,"Under 1,000",317,317,0,317,317,29,40,248,0,0,317,29,40,248,0,0,0,0,0,0,0,0
404374,Vatterott College-Joplin,2012,"Under 1,000",170,170,0,170,170,25,16,129,0,0,170,25,16,129,0,0,0,0,0,0,0,0
404383,Vatterott College-Kansas City,2012,"Under 1,000",565,565,0,565,565,67,38,460,0,0,565,67,38,460,0,0,0,0,0,0,0,0
404426,Coconino Community College,2012,"1,000 - 4,999",3416,1044,2372,1840,3416,781,228,2052,355,0,1044,250,122,654,18,0,2372,531,106,1398,337,0
404499,Sanford-Brown College-Houston,2012,"Under 1,000",822,757,65,783,822,89,57,676,0,0,757,89,57,611,0,0,65,0,0,65,0,0
404505,Sanford-Brown Institute-Jacksonville,2012,"Under 1,000",357,310,47,329,357,39,30,288,0,0,310,39,29,242,0,0,47,0,1,46,0,0
404514,Sanford-Brown College-Dallas,2012,"Under 1,000",606,605,1,605,606,61,52,493,0,0,605,61,52,492,0,0,1,0,0,1,0,0
404648,Baker College of Cadillac,2012,"1,000 - 4,999",1828,953,875,1297,1828,317,126,1261,124,0,953,225,69,659,0,0,875,92,57,602,124,0
404684,Emma's Beauty Academy-Juana Diaz,2012,"Under 1,000",475,475,0,475,475,236,0,239,0,0,475,236,0,239,0,0,0,0,0,0,0,0
404718,Franklin Academy,2012,"Under 1,000",85,85,0,85,85,32,0,53,0,0,85,32,0,53,0,0,0,0,0,0,0,0
404806,Columbia Centro Universitario-Yauco,2012,"Under 1,000",363,181,182,252,363,62,0,301,0,0,181,46,0,135,0,0,182,16,0,166,0,0
404912,Pima Medical Institute-Denver,2012,"1,000 - 4,999",1178,1178,0,1178,1178,302,0,876,0,0,1178,302,0,876,0,0,0,0,0,0,0,0
404994,ASA College,2012,"1,000 - 4,999",4691,4350,341,4485,4691,1582,122,2984,3,0,4350,1538,117,2695,0,0,341,44,5,289,3,0
405012,Ohio State School of Cosmetology-Westerville,2012,"Under 1,000",79,79,0,79,79,60,0,19,0,0,79,60,0,19,0,0,0,0,0,0,0,0
405021,Nationwide Beauty Academy,2012,"Under 1,000",59,59,0,59,59,19,0,40,0,0,59,19,0,40,0,0,0,0,0,0,0,0
405058,Yeshivas Novominsk,2012,"Under 1,000",121,121,0,121,121,49,3,69,0,0,121,49,3,69,0,0,0,0,0,0,0,0
405076,Southern Careers Institute-Corpus Christi,2012,"Under 1,000",323,323,0,323,323,159,0,164,0,0,323,159,0,164,0,0,0,0,0,0,0,0
405748,Kiamichi Technology Center-Stigler,2012,"Under 1,000",47,33,14,38,47,32,0,15,0,0,33,24,0,9,0,0,14,8,0,6,0,0
405854,Rabbinical College of Ohr Shimon Yisroel,2012,"Under 1,000",151,151,0,151,151,37,0,114,0,0,151,37,0,114,0,0,0,0,0,0,0,0
405872,Carroll Community College,2012,"1,000 - 4,999",4103,1614,2489,2450,4103,854,339,2732,178,0,1614,575,103,929,7,0,2489,279,236,1803,171,0
405997,University of Phoenix-Albuquerque Campus,2012,"1,000 - 4,999",3193,3193,0,3193,2784,95,192,2497,0,409,2784,95,192,2497,0,409,0,0,0,0,0,0
406024,Galen College of Nursing-Tampa Bay,2012,"Under 1,000",548,333,215,418,548,20,134,394,0,0,333,19,35,279,0,0,215,1,99,115,0,0
406033,Galen College of Nursing-San Antonio,2012,"Under 1,000",920,667,253,767,920,83,175,662,0,0,667,82,113,472,0,0,253,1,62,190,0,0
406149,Sarasota School of Massage Therapy,2012,"Under 1,000",80,80,0,80,80,38,0,42,0,0,80,38,0,42,0,0,0,0,0,0,0,0
406194,Westwood College-Dupage,2012,"Under 1,000",278,199,79,230,278,17,28,233,0,0,199,16,22,161,0,0,79,1,6,72,0,0
406200,Wright Career College,2012,"1,000 - 4,999",1837,1837,0,1837,1837,790,0,1047,0,0,1837,790,0,1047,0,0,0,0,0,0,0,0
406219,Daymar College-Louisville,2012,"Under 1,000",481,278,203,358,481,10,31,440,0,0,278,8,22,248,0,0,203,2,9,192,0,0
406325,Schuyler Steuben Chemung Tioga Allegany BOCES,2012,"Under 1,000",104,65,39,78,104,20,0,84,0,0,65,20,0,45,0,0,39,0,0,39,0,0
406361,Delaware Chenango Madison Otsego BOCES-Practical Nursing Program,2012,"Under 1,000",47,47,0,47,47,5,0,42,0,0,47,5,0,42,0,0,0,0,0,0,0,0
406413,DCI Career Institute,2012,"Under 1,000",87,87,0,87,87,42,0,45,0,0,87,42,0,45,0,0,0,0,0,0,0,0
406422,Central Susquehanna Intermediate Unit LPN Career,2012,"Under 1,000",76,60,16,65,76,23,0,53,0,0,60,23,0,37,0,0,16,0,0,16,0,0
406486,Myotherapy College of Utah,2012,"Under 1,000",25,14,11,18,25,7,0,18,0,0,14,3,0,11,0,0,11,4,0,7,0,0
406495,Graham Webb International Academy of Hair,2012,"Under 1,000",195,151,44,168,195,164,0,31,0,0,151,124,0,27,0,0,44,40,0,4,0,0
406547,City College-Gainesville,2012,"Under 1,000",432,293,139,348,432,32,42,358,0,0,293,21,32,240,0,0,139,11,10,118,0,0
407009,Arizona State University-West,2012,,,,,,,,,,,,,,,,,,,,,,,
407054,Connecticut Center for Massage Therapy-Westport,2012,"Under 1,000",274,72,202,152,274,102,0,172,0,0,72,26,0,46,0,0,202,76,0,126,0,0
407063,ITT Technical Institute-Jacksonville,2012,"Under 1,000",727,544,183,616,727,85,21,621,0,0,544,73,10,461,0,0,183,12,11,160,0,0
407090,G Skin & Beauty Institute,2012,"Under 1,000",285,123,162,187,285,43,0,242,0,0,123,15,0,108,0,0,162,28,0,134,0,0
407142,Cosmetology Training Center,2012,"Under 1,000",115,115,0,115,115,12,0,103,0,0,115,12,0,103,0,0,0,0,0,0,0,0
407151,Stage One-The Hair School,2012,"Under 1,000",105,105,0,105,105,26,0,79,0,0,105,26,0,79,0,0,0,0,0,0,0,0
407179,Empire Beauty School-Malden,2012,"Under 1,000",132,100,32,113,132,40,0,92,0,0,100,31,0,69,0,0,32,9,0,23,0,0
407285,Minnesota School of Business-Brooklyn Center,2012,"Under 1,000",264,107,157,169,264,13,35,207,9,0,107,3,15,85,4,0,157,10,20,122,5,0
407319,ITT Technical Institute-Omaha,2012,"Under 1,000",597,406,191,481,597,61,25,511,0,0,406,48,20,338,0,0,191,13,5,173,0,0
407328,Omaha School of Massage and Healthcare of Herzing University,2012,"Under 1,000",148,118,30,130,148,30,4,114,0,0,118,29,4,85,0,0,30,1,0,29,0,0
407355,Xenon International Academy-Omaha,2012,"Under 1,000",238,237,1,237,238,28,0,210,0,0,237,28,0,209,0,0,1,0,0,1,0,0
407391,Capri Institute of Hair Design-Brick,2012,"Under 1,000",199,150,49,169,199,24,0,175,0,0,150,20,0,130,0,0,49,4,0,45,0,0
407407,Capri Institute of Hair Design-Kenilworth,2012,"Under 1,000",189,138,51,158,189,28,0,161,0,0,138,24,0,114,0,0,51,4,0,47,0,0
407425,Capri Institute of Hair Design-Paramus,2012,"Under 1,000",218,127,91,163,218,40,0,178,0,0,127,23,0,104,0,0,91,17,0,74,0,0
407434,Orlo School of Hair Design and Cosmetology,2012,"Under 1,000",122,95,27,106,122,44,0,78,0,0,95,37,0,58,0,0,27,7,0,20,0,0
407452,Delaware Area Career Center,2012,"Under 1,000",80,69,11,73,80,62,0,7,11,0,69,62,0,7,0,0,11,0,0,0,11,0
407461,Eastland-Fairfield Career and Technical Schools,2012,"Under 1,000",224,220,4,221,224,99,0,125,0,0,220,95,0,125,0,0,4,4,0,0,0,0
407470,Empire Beauty School-Cincinnati,2012,"Under 1,000",231,160,71,188,231,65,0,166,0,0,160,40,0,120,0,0,71,25,0,46,0,0
407489,Mahoning County Career and Technical Center,2012,"Under 1,000",98,59,39,72,98,34,0,64,0,0,59,21,0,38,0,0,39,13,0,26,0,0
407513,Pickaway Ross Joint Vocational School District,2012,"Under 1,000",359,232,127,275,359,176,0,183,0,0,232,116,0,116,0,0,127,60,0,67,0,0
407522,Pioneer Career and Technology Center,2012,"Under 1,000",126,109,17,115,126,64,0,62,0,0,109,56,0,53,0,0,17,8,0,9,0,0
407568,Raphael's School of Beauty Culture Inc-Boardman,2012,"Under 1,000",94,44,50,64,94,18,0,76,0,0,44,10,0,34,0,0,50,8,0,42,0,0
407577,Scioto County Career Technical Center,2012,"Under 1,000",333,286,47,302,333,264,0,69,0,0,286,233,0,53,0,0,47,31,0,16,0,0
407595,Trumbull Career & Technical Center,2012,"Under 1,000",203,203,0,203,203,189,0,14,0,0,203,189,0,14,0,0,0,0,0,0,0,0
407601,Northwest Technology Center-Fairview,2012,"Under 1,000",103,19,84,47,103,15,0,20,68,0,19,11,0,8,0,0,84,4,0,12,68,0
407629,Lake Erie College of Osteopathic Medicine,2012,"1,000 - 4,999",3349,3349,0,3349,0,0,0,0,0,3349,0,0,0,0,0,3349,0,0,0,0,0,0
407683,University of Cosmetology Arts & Sciences-Harlingen,2012,"Under 1,000",119,65,54,86,119,21,0,98,0,0,65,16,0,49,0,0,54,5,0,49,0,0
407708,Gene Juarez Academy of Beauty-Federal Way,2012,"Under 1,000",384,384,0,384,384,62,0,322,0,0,384,62,0,322,0,0,0,0,0,0,0,0
407726,Empire Beauty School-Appleton,2012,"Under 1,000",66,49,17,56,66,25,0,41,0,0,49,21,0,28,0,0,17,4,0,13,0,0
407735,Empire Beauty School-Green Bay,2012,"Under 1,000",118,105,13,110,118,31,0,87,0,0,105,29,0,76,0,0,13,2,0,11,0,0
407832,Warren County Career Center,2012,"Under 1,000",243,120,123,161,243,117,0,126,0,0,120,67,0,53,0,0,123,50,0,73,0,0
408039,Brown Mackie College-Fort Wayne,2012,"1,000 - 4,999",1083,1083,0,1083,1083,143,130,810,0,0,1083,143,130,810,0,0,0,0,0,0,0,0
408066,Paul Mitchell the School-Wichita,2012,"Under 1,000",143,89,54,110,143,10,0,133,0,0,89,7,0,82,0,0,54,3,0,51,0,0
408163,Pinnacle Institute of Cosmetology,2012,"Under 1,000",65,65,0,65,65,13,0,52,0,0,65,13,0,52,0,0,0,0,0,0,0,0
408312,Career Training Academy-Monroeville,2012,"Under 1,000",71,71,0,71,71,23,11,37,0,0,71,23,11,37,0,0,0,0,0,0,0,0
408385,Southern Careers Institute-Pharr,2012,"Under 1,000",390,390,0,390,390,288,0,102,0,0,390,288,0,102,0,0,0,0,0,0,0,0
408394,Texas State Technical College-Marshall,2012,"Under 1,000",786,372,414,511,786,94,37,290,365,0,372,80,28,165,99,0,414,14,9,125,266,0
408729,BUSINESS INSTITUTE OF PENNSYLVANIA-TITUSVILLE,2012,,,,,,,,,,,,,,,,,,,,,,,
408844,Florida National University-Main Campus,2012,"1,000 - 4,999",2506,1847,659,2106,2487,345,0,1565,577,19,1828,299,0,1056,473,19,659,46,0,509,104,0
408862,Georgia Institute of Cosmetology,2012,"Under 1,000",309,123,186,197,309,148,0,161,0,0,123,62,0,61,0,0,186,86,0,100,0,0
409032,Nouvelle Institute,2012,"Under 1,000",105,105,0,105,105,98,0,7,0,0,105,98,0,7,0,0,0,0,0,0,0,0
409069,ITT Technical Institute-Fort Lauderdale,2012,"Under 1,000",550,345,205,426,550,43,11,496,0,0,345,28,7,310,0,0,205,15,4,186,0,0
409120,Franklin Technology-MSSU,2012,"Under 1,000",209,209,0,209,209,75,0,134,0,0,209,75,0,134,0,0,0,0,0,0,0,0
409193,Professional Technical Institution Inc,2012,"Under 1,000",223,223,0,223,223,20,0,203,0,0,223,20,0,203,0,0,0,0,0,0,0,0
409254,Erikson Institute,2012,"Under 1,000",256,54,202,131,0,0,0,0,0,256,0,0,0,0,0,54,0,0,0,0,0,202
409315,South Texas College,2012,"20,000 and above",30824,10492,20332,18697,30824,3825,866,13999,12134,0,10492,2532,486,6052,1422,0,20332,1293,380,7947,10712,0
409537,Pike County Joint Vocational School District,2012,"Under 1,000",110,66,44,81,110,35,0,75,0,0,66,13,0,53,0,0,44,22,0,22,0,0
409591,Lorain County Joint Vocational School District,2012,"Under 1,000",107,78,29,88,107,48,0,59,0,0,78,34,0,44,0,0,29,14,0,15,0,0
409616,Roger Williams University School of Law,2012,"Under 1,000",506,506,0,506,0,0,0,0,0,506,0,0,0,0,0,506,0,0,0,0,0,0
409670,Everest Institute-Kendall,2012,"Under 1,000",525,397,128,448,525,37,61,427,0,0,397,33,56,308,0,0,128,4,5,119,0,0
409698,California State University-Monterey Bay,2012,"5,000 - 9,999",5609,5063,546,5273,5185,902,659,3547,77,424,4879,900,601,3309,69,184,306,2,58,238,8,240
409874,Heald College-Salinas,2012,"1,000 - 4,999",1261,737,524,945,1261,117,72,1072,0,0,737,70,42,625,0,0,524,47,30,447,0,0
410070,Heritage College-Oklahoma City,2012,"Under 1,000",769,769,0,769,769,143,121,505,0,0,769,143,121,505,0,0,0,0,0,0,0,0
410256,Ann Arbor Institute of Massage Therapy,2012,"Under 1,000",100,100,0,100,100,12,0,88,0,0,100,12,0,88,0,0,0,0,0,0,0,0
410283,Brown Mackie College-Atlanta,2012,"1,000 - 4,999",1053,1053,0,1053,1053,374,2,677,0,0,1053,374,2,677,0,0,0,0,0,0,0,0
410496,Bryant & Stratton College-Henrietta,2012,"Under 1,000",508,355,153,416,508,74,132,235,67,0,355,72,111,172,0,0,153,2,21,63,67,0
410502,The Art Institute of California-Argosy University Hollywood,2012,"1,000 - 4,999",2090,1124,966,1503,2090,350,289,1451,0,0,1124,150,152,822,0,0,966,200,137,629,0,0
410520,Sage College,2012,"Under 1,000",584,275,309,398,584,22,0,562,0,0,275,18,0,257,0,0,309,4,0,305,0,0
410788,Lincoln Technical Institute-Hartford,2012,"Under 1,000",582,310,272,418,582,126,0,456,0,0,310,44,0,266,0,0,272,82,0,190,0,0
410797,Ohio Center for Broadcasting-Valley View,2012,"Under 1,000",155,155,0,155,155,47,0,108,0,0,155,47,0,108,0,0,0,0,0,0,0,0
410964,EINE Inc,2012,"Under 1,000",44,23,21,31,44,5,0,39,0,0,23,4,0,19,0,0,21,1,0,20,0,0
411684,Marian Health Careers Center-Los Angeles Campus,2012,"Under 1,000",121,121,0,121,121,12,0,109,0,0,121,12,0,109,0,0,0,0,0,0,0,0
411754,Cleveland Clinic Health System-School of Diagnostic Imaging,2012,"Under 1,000",45,45,0,45,45,0,0,45,0,0,45,0,0,45,0,0,0,0,0,0,0,0
412003,National Institute of Massotherapy,2012,"Under 1,000",67,50,17,57,67,9,18,36,4,0,50,7,14,29,0,0,17,2,4,7,4,0
412173,Academy for Nursing and Health Occupations,2012,"Under 1,000",659,659,0,659,659,39,192,428,0,0,659,39,192,428,0,0,0,0,0,0,0,0
412535,Shawsheen Valley Regional Vocational Technical School,2012,"Under 1,000",45,44,1,44,45,12,0,33,0,0,44,12,0,32,0,0,1,0,0,1,0,0
412544,Shear Ego International School of Hair Design,2012,"Under 1,000",113,97,16,103,113,20,0,93,0,0,97,19,0,78,0,0,16,1,0,15,0,0
412599,Remington College-Memphis Campus,2012,"Under 1,000",821,821,0,821,821,283,2,536,0,0,821,283,2,536,0,0,0,0,0,0,0,0
412650,Star Truck Driving School-Hickory Hills,2012,"Under 1,000",77,63,14,69,77,68,0,9,0,0,63,55,0,8,0,0,14,13,0,1,0,0
413176,Fayette Institute of Technology,2012,"Under 1,000",43,43,0,43,43,35,0,8,0,0,43,35,0,8,0,0,0,0,0,0,0,0
413343,Professional Beauty School,2012,"Under 1,000",26,26,0,26,26,8,0,18,0,0,26,8,0,18,0,0,0,0,0,0,0,0
413413,Capella University,2012,"20,000 and above",35754,2076,33678,15018,8087,211,663,7192,21,27667,1156,0,31,1121,4,920,6931,211,632,6071,17,26747
413617,College of Menominee Nation,2012,"Under 1,000",721,267,454,445,721,116,55,416,134,0,267,70,27,170,0,0,454,46,28,246,134,0
413626,Leech Lake Tribal College,2012,"Under 1,000",338,254,84,282,338,100,92,130,16,0,254,88,75,91,0,0,84,12,17,39,16,0
413644,Southwest Acupuncture College-Albuquerque,2012,"Under 1,000",74,58,16,64,0,0,0,0,0,74,0,0,0,0,0,58,0,0,0,0,0,16
413680,Crimson Technical College,2012,"Under 1,000",433,433,0,433,433,223,0,210,0,0,433,223,0,210,0,0,0,0,0,0,0,0
413778,Stone Academy-Waterbury,2012,"Under 1,000",220,215,5,217,220,183,0,37,0,0,215,183,0,32,0,0,5,0,0,5,0,0
413802,East San Gabriel Valley Regional Occupational Program,2012,"Under 1,000",324,117,207,186,324,174,0,150,0,0,117,64,0,53,0,0,207,110,0,97,0,0
413820,Yukon Beauty College Inc,2012,"Under 1,000",16,16,0,16,16,4,0,12,0,0,16,4,0,12,0,0,0,0,0,0,0,0
413839,ITT Technical Institute-Little Rock,2012,"Under 1,000",343,224,119,271,343,46,6,291,0,0,224,34,6,184,0,0,119,12,0,107,0,0
413848,ITT Technical Institute-Oxnard,2012,"Under 1,000",359,275,84,308,359,29,4,326,0,0,275,26,4,245,0,0,84,3,0,81,0,0
413857,ITT Technical Institute-Louisville,2012,"Under 1,000",670,425,245,521,670,72,17,581,0,0,425,64,9,352,0,0,245,8,8,229,0,0
413866,ITT Technical Institute-Greenville,2012,"Under 1,000",389,265,124,314,389,57,5,327,0,0,265,44,3,218,0,0,124,13,2,109,0,0
413884,ITT Technical Institute-Cordova,2012,"Under 1,000",582,376,206,457,582,74,17,491,0,0,376,49,8,319,0,0,206,25,9,172,0,0
413945,Toni & Guy Hairdressing Academy-Atlanta,2012,"Under 1,000",72,72,0,72,72,16,0,56,0,0,72,16,0,56,0,0,0,0,0,0,0,0
413972,Mitchell's Hair Styling Academy-Raleigh,2012,"Under 1,000",96,77,19,85,96,54,0,42,0,0,77,46,0,31,0,0,19,8,0,11,0,0
414054,Salon Academy,2012,"Under 1,000",53,50,3,51,53,16,0,37,0,0,50,13,0,37,0,0,3,3,0,0,0,0
414063,Artistic Academy of Hair Design,2012,"Under 1,000",188,155,33,168,188,60,0,128,0,0,155,57,0,98,0,0,33,3,0,30,0,0
414124,Motoring Technical Training Institute,2012,"Under 1,000",214,177,37,192,214,172,0,42,0,0,177,142,0,35,0,0,37,30,0,7,0,0
414160,Baker College of Jackson,2012,"1,000 - 4,999",2499,1276,1223,1756,2484,324,283,1841,36,15,1268,210,157,900,1,8,1216,114,126,941,35,7
414452,Phagans Newport Academy of Cosmetology Careers,2012,"Under 1,000",38,38,0,38,38,14,0,24,0,0,38,14,0,24,0,0,0,0,0,0,0,0
414461,Mech-Tech College,2012,"1,000 - 4,999",2992,2505,487,2698,2992,1065,287,1640,0,0,2505,1065,148,1292,0,0,487,0,139,348,0,0
414489,Baldwin Beauty School-North Austin,2012,"Under 1,000",107,107,0,107,107,102,0,5,0,0,107,102,0,5,0,0,0,0,0,0,0,0
414531,ITT Technical Institute-Everett,2012,"Under 1,000",321,239,82,271,321,28,3,290,0,0,239,24,2,213,0,0,82,4,1,77,0,0
414540,Jean Madeline Aveda Institute,2012,"Under 1,000",339,285,54,306,339,87,0,252,0,0,285,86,0,199,0,0,54,1,0,53,0,0
414559,Cosmetology Schools Inc,2012,"Under 1,000",20,20,0,20,20,11,0,9,0,0,20,11,0,9,0,0,0,0,0,0,0,0
414568,ITT Technical Institute-Bessemer,2012,"Under 1,000",584,385,199,463,584,78,12,494,0,0,385,55,7,323,0,0,199,23,5,171,0,0
414586,ITT Technical Institute-Orland Park,2012,"Under 1,000",523,327,196,404,523,39,21,463,0,0,327,31,9,287,0,0,196,8,12,176,0,0
414595,Pacific College of Oriental Medicine-New York,2012,"Under 1,000",561,379,182,450,139,7,0,125,7,422,46,5,0,40,1,333,93,2,0,85,6,89
414708,Baker College Center for Graduate Studies,2012,"5,000 - 9,999",5970,1887,4083,3486,5133,264,482,4289,98,837,1548,1,3,1541,3,339,3585,263,479,2748,95,498
414823,Johnson & Wales University-North Miami,2012,"1,000 - 4,999",1990,1935,55,1957,1990,487,163,1326,14,0,1935,482,163,1277,13,0,55,5,0,49,1,0
414841,ITT Technical Institute-Pittsburgh,2012,"Under 1,000",280,208,72,237,280,38,14,228,0,0,208,32,13,163,0,0,72,6,1,65,0,0
414869,Tricoci University of Beauty Culture-Indianapolis,2012,"Under 1,000",124,60,64,85,124,21,0,103,0,0,60,11,0,49,0,0,64,10,0,54,0,0
414878,Trine University-Regional/Non-Traditional Campuses,2012,"Under 1,000",517,360,157,421,447,4,91,351,1,70,321,4,77,240,0,39,126,0,14,111,1,31
414911,Pennsylvania Highlands Community College,2012,"1,000 - 4,999",3003,1045,1958,1702,3003,289,80,866,1768,0,1045,258,63,590,134,0,1958,31,17,276,1634,0
414939,Nevada Career Institute,2012,"Under 1,000",279,279,0,279,279,82,0,197,0,0,279,82,0,197,0,0,0,0,0,0,0,0
414966,Phillips Theological Seminary,2012,"Under 1,000",150,56,94,92,0,0,0,0,0,150,0,0,0,0,0,56,0,0,0,0,0,94
415039,Empire Beauty School-Hanover,2012,"Under 1,000",119,85,34,98,119,67,0,52,0,0,85,50,0,35,0,0,34,17,0,17,0,0
415057,Industrial Management Training Institute,2012,"Under 1,000",147,147,0,147,147,115,0,32,0,0,147,115,0,32,0,0,0,0,0,0,0,0
415729,Faris Technical Institute Inc,2012,"Under 1,000",20,18,2,19,20,4,0,16,0,0,18,3,0,15,0,0,2,1,0,1,0,0
415774,Four-D College,2012,"Under 1,000",713,504,209,587,713,249,0,464,0,0,504,173,0,331,0,0,209,76,0,133,0,0
415987,Allen School-Jamaica,2012,"Under 1,000",623,443,180,514,623,591,0,32,0,0,443,437,0,6,0,0,180,154,0,26,0,0
416458,Premiere Career College,2012,"Under 1,000",546,546,0,546,546,122,0,424,0,0,546,122,0,424,0,0,0,0,0,0,0,0
416670,Tennessee Academy of Cosmetology-Stage Road,2012,"Under 1,000",189,76,113,121,189,94,0,95,0,0,76,30,0,46,0,0,113,64,0,49,0,0
416801,The University of Texas MD Anderson Cancer Center,2012,"Under 1,000",290,258,32,271,290,0,158,132,0,0,258,0,154,104,0,0,32,0,4,28,0,0
416971,Carousel Beauty College-Springfield,2012,"Under 1,000",56,29,27,40,56,8,0,48,0,0,29,5,0,24,0,0,27,3,0,24,0,0
416980,Carousel Beauty College-Kettering,2012,"Under 1,000",56,28,28,39,56,11,0,45,0,0,28,5,0,23,0,0,28,6,0,22,0,0
417008,Paul Mitchell the School-Huntsville,2012,"Under 1,000",85,85,0,85,85,43,0,42,0,0,85,43,0,42,0,0,0,0,0,0,0,0
417062,Estes Institute of Cosmetology Arts and Science,2012,"Under 1,000",120,120,0,120,120,35,0,85,0,0,120,35,0,85,0,0,0,0,0,0,0,0
417105,Baldwin Park Adult & Community Education,2012,"1,000 - 4,999",1047,872,175,931,1047,385,0,662,0,0,872,334,0,538,0,0,175,51,0,124,0,0
417123,Ventura Adult and Continuing Education,2012,"Under 1,000",120,120,0,120,120,59,0,61,0,0,120,59,0,61,0,0,0,0,0,0,0,0
417132,Marinello Schools of Beauty-Sacramento,2012,"Under 1,000",549,429,120,477,549,135,0,414,0,0,429,125,0,304,0,0,120,10,0,110,0,0
417178,Albert I Prince Technical High School,2012,"Under 1,000",63,63,0,63,63,8,0,55,0,0,63,8,0,55,0,0,0,0,0,0,0,0
417187,Bullard-Havens Technical High School,2012,"Under 1,000",25,25,0,25,25,25,0,0,0,0,25,25,0,0,0,0,0,0,0,0,0,0
417248,Howell Cheney Technical High School,2012,"Under 1,000",53,53,0,53,53,35,0,18,0,0,53,35,0,18,0,0,0,0,0,0,0,0
417257,W F Kaynor Technical High School,2012,"Under 1,000",32,32,0,32,32,32,0,0,0,0,32,32,0,0,0,0,0,0,0,0,0,0
417275,Platt Technical High School,2012,"Under 1,000",18,18,0,18,18,4,0,14,0,0,18,4,0,14,0,0,0,0,0,0,0,0
417318,College of Business and Technology-Kendall,2012,"Under 1,000",97,97,0,97,97,16,0,81,0,0,97,16,0,81,0,0,0,0,0,0,0,0
417327,City College-Altamonte Springs,2012,"Under 1,000",338,241,97,280,338,45,58,235,0,0,241,31,31,179,0,0,97,14,27,56,0,0
417345,Augusta Area Dietetic Internship-University Hospital,2012,"Under 1,000",12,12,0,12,0,0,0,0,0,12,0,0,0,0,0,12,0,0,0,0,0,0
417381,Empire Beauty School-Dunwoody,2012,"Under 1,000",135,110,25,120,135,29,0,106,0,0,110,27,0,83,0,0,25,2,0,23,0,0
417406,Cobb Beauty College Inc,2012,"Under 1,000",62,62,0,62,62,10,0,52,0,0,62,10,0,52,0,0,0,0,0,0,0,0
417442,Career Center of Southern Illinois,2012,"Under 1,000",101,101,0,101,101,19,0,82,0,0,101,19,0,82,0,0,0,0,0,0,0,0
417503,Xenon International Academy-Wichita,2012,"Under 1,000",279,225,54,246,279,39,0,240,0,0,225,36,0,189,0,0,54,3,0,51,0,0
417549,Camelot College,2012,"Under 1,000",303,303,0,303,303,199,0,104,0,0,303,199,0,104,0,0,0,0,0,0,0,0
417600,Hastings Beauty School,2012,"Under 1,000",23,23,0,23,23,19,0,4,0,0,23,19,0,4,0,0,0,0,0,0,0,0
417628,Kirksville Area Technical Center,2012,"Under 1,000",51,49,2,50,51,21,0,30,0,0,49,20,0,29,0,0,2,1,0,1,0,0
417637,South Central Career Center,2012,"Under 1,000",82,82,0,82,82,31,0,51,0,0,82,31,0,51,0,0,0,0,0,0,0,0
417646,Saline County Career Center,2012,"Under 1,000",32,23,9,26,32,13,0,19,0,0,23,8,0,15,0,0,9,5,0,4,0,0
417655,Warrensburg Area Career Center,2012,"Under 1,000",40,40,0,40,40,18,0,22,0,0,40,18,0,22,0,0,0,0,0,0,0,0
417673,Nevada Regional Technical Center,2012,"Under 1,000",32,29,3,30,32,18,0,14,0,0,29,17,0,12,0,0,3,1,0,2,0,0
417682,Cass Career Center,2012,"Under 1,000",30,30,0,30,30,9,0,21,0,0,30,9,0,21,0,0,0,0,0,0,0,0
417716,Applied Technology Services,2012,"Under 1,000",159,159,0,159,159,18,0,141,0,0,159,18,0,141,0,0,0,0,0,0,0,0
417725,Central College of Cosmetology,2012,"Under 1,000",98,98,0,98,98,23,0,75,0,0,98,23,0,75,0,0,0,0,0,0,0,0
417734,Southeast Missouri Hospital College of Nursing and Health Sciences,2012,"Under 1,000",207,38,169,105,207,3,7,188,9,0,38,0,0,34,4,0,169,3,7,154,5,0
417752,Messenger College,2012,"Under 1,000",63,51,12,56,63,16,3,40,4,0,51,14,3,32,2,0,12,2,0,8,2,0
417789,Tennessee Academy of Cosmetology-Shelby Drive,2012,"Under 1,000",172,97,75,127,172,101,0,71,0,0,97,55,0,42,0,0,75,46,0,29,0,0
417804,Durham Beauty Academy,2012,"Under 1,000",81,81,0,81,81,4,0,77,0,0,81,4,0,77,0,0,0,0,0,0,0,0
417831,Union County Vocational Technical School,2012,"Under 1,000",121,121,0,121,121,71,0,50,0,0,121,71,0,50,0,0,0,0,0,0,0,0
417840,Prism Career Institute-Philadelphia,2012,"Under 1,000",298,296,2,297,298,207,0,91,0,0,296,206,0,90,0,0,2,1,0,1,0,0
417868,Clinton Essex Warren Washington BOCES-Practical Nursing Program,2012,"Under 1,000",37,37,0,37,37,35,0,2,0,0,37,35,0,2,0,0,0,0,0,0,0,0
417886,Jefferson Lewis BOCES-Practical Nursing Program,2012,"Under 1,000",76,76,0,76,76,12,0,64,0,0,76,12,0,64,0,0,0,0,0,0,0,0
417901,Rochester General Hospital School of Medical Technology,2012,"Under 1,000",24,24,0,24,24,0,0,24,0,0,24,0,0,24,0,0,0,0,0,0,0,0
417910,Veeb Nassau County School of Practical Nursing,2012,"Under 1,000",198,198,0,198,198,198,0,0,0,0,198,198,0,0,0,0,0,0,0,0,0,0
417947,Syracuse City Schools Practical Nursing Program,2012,"Under 1,000",32,32,0,32,32,5,0,27,0,0,32,5,0,27,0,0,0,0,0,0,0,0
417983,Cattaraugus Allegany BOCES-Practical Nursing Program,2012,"Under 1,000",73,0,73,25,73,41,0,32,0,0,0,0,0,0,0,0,73,41,0,32,0,0
417992,Orange Ulster BOCES-Practical Nursing Program,2012,"Under 1,000",78,42,36,54,78,18,0,60,0,0,42,10,0,32,0,0,36,8,0,28,0,0
418001,Wayne Finger Lakes BOCES-Practical Nursing Program,2012,"Under 1,000",270,270,0,270,270,34,0,236,0,0,270,34,0,236,0,0,0,0,0,0,0,0
418010,Broome Delaware Tioga BOCES-Practical Nursing Program,2012,"Under 1,000",62,22,40,35,62,8,0,54,0,0,22,3,0,19,0,0,40,5,0,35,0,0
418029,Washington Saratoga Warren Hamilton Essex BOCES-Practical Nursing Program,2012,"Under 1,000",59,28,31,38,59,13,0,46,0,0,28,7,0,21,0,0,31,6,0,25,0,0
418038,Albany BOCES-Adult Practical Nursing Program,2012,"Under 1,000",163,163,0,163,163,42,0,121,0,0,163,42,0,121,0,0,0,0,0,0,0,0
418056,Ulster County BOCES-Practical Nursing Program,2012,"Under 1,000",109,78,31,88,109,36,0,73,0,0,78,28,0,50,0,0,31,8,0,23,0,0
418065,Eastern Suffolk BOCES-Practical Nursing Program,2012,"Under 1,000",327,276,51,293,327,110,0,217,0,0,276,93,0,183,0,0,51,17,0,34,0,0
418083,Rockland County BOCES-Practical Nursing Program,2012,"Under 1,000",106,57,49,73,106,20,0,86,0,0,57,10,0,47,0,0,49,10,0,39,0,0
418126,New York College of Health Professions,2012,"Under 1,000",771,416,355,555,530,127,114,284,5,241,262,92,42,126,2,154,268,35,72,158,3,87
418171,Charles Stuart School of Diamond Setting,2012,"Under 1,000",27,27,0,27,27,14,0,13,0,0,27,14,0,13,0,0,0,0,0,0,0,0
418199,Penta County Joint Vocational School,2012,"Under 1,000",101,60,41,74,101,45,0,56,0,0,60,33,0,27,0,0,41,12,0,29,0,0
418205,Career and Technology Education Centers of Licking County,2012,"Under 1,000",248,75,173,133,248,104,0,144,0,0,75,30,0,45,0,0,173,74,0,99,0,0
418223,Willoughby-Eastlake School of Practical Nursing,2012,"Under 1,000",54,54,0,54,54,22,0,32,0,0,54,22,0,32,0,0,0,0,0,0,0,0
418250,Washington County Career Center-Adult Technical Training,2012,"Under 1,000",278,211,67,233,278,146,0,132,0,0,211,81,0,130,0,0,67,65,0,2,0,0
418269,Ohio Center for Broadcasting-Cincinnati,2012,"Under 1,000",62,62,0,62,62,19,0,43,0,0,62,19,0,43,0,0,0,0,0,0,0,0
418278,Vantage Career Center,2012,"Under 1,000",106,49,57,68,106,64,0,42,0,0,49,27,0,22,0,0,57,37,0,20,0,0
418296,Indian Capital Technology Center-Muskogee,2012,"Under 1,000",720,139,581,334,720,431,0,289,0,0,139,64,0,75,0,0,581,367,0,214,0,0
418302,Western Technology Center,2012,"Under 1,000",402,111,291,209,402,73,0,69,260,0,111,48,0,63,0,0,291,25,0,6,260,0
418320,Mid-America Technology Center,2012,"Under 1,000",827,79,748,330,827,71,0,127,629,0,79,23,0,56,0,0,748,48,0,71,629,0
418339,Northeast Technology Center-Pryor,2012,"Under 1,000",392,93,299,193,392,66,0,68,258,0,93,45,0,48,0,0,299,21,0,20,258,0
418348,Eastern Oklahoma County Technology Center,2012,"Under 1,000",496,83,413,222,496,89,0,66,341,0,83,47,0,36,0,0,413,42,0,30,341,0
418357,Wes Watkins Technology Center,2012,"Under 1,000",183,93,90,123,183,31,0,75,77,0,93,24,0,69,0,0,90,7,0,6,77,0
418384,Technical Institute of Cosmetology Arts and Sciences,2012,"Under 1,000",42,42,0,42,42,41,0,1,0,0,42,41,0,1,0,0,0,0,0,0,0,0
418409,York County School of Technology-Adult & Continuing Education,2012,"Under 1,000",111,54,57,73,111,90,0,21,0,0,54,41,0,13,0,0,57,49,0,8,0,0
418427,Chester County Intermediate Unit,2012,"Under 1,000",125,125,0,125,125,11,0,114,0,0,125,11,0,114,0,0,0,0,0,0,0,0
418445,Jefferson County Dubois Area Vocational Technical Practical Nursing Program,2012,"Under 1,000",35,35,0,35,35,18,0,17,0,0,35,18,0,17,0,0,0,0,0,0,0,0
418454,Greater Johnstown Career and Technology Center,2012,"Under 1,000",292,263,29,273,292,250,0,42,0,0,263,233,0,30,0,0,29,17,0,12,0,0
418481,Mifflin-Juniata Career and Technology Center,2012,"Under 1,000",61,61,0,61,61,31,0,30,0,0,61,31,0,30,0,0,0,0,0,0,0,0
418506,Hanover Public School District Practical Nursing Program,2012,"Under 1,000",39,39,0,39,39,36,0,3,0,0,39,36,0,3,0,0,0,0,0,0,0,0
418515,Lenape Technical School Practical Nursing Program,2012,"Under 1,000",79,50,29,60,79,69,0,10,0,0,50,45,0,5,0,0,29,24,0,5,0,0
418524,Venango County Area Vocational Technical School,2012,"Under 1,000",70,70,0,70,70,31,0,39,0,0,70,31,0,39,0,0,0,0,0,0,0,0
418533,Lancaster County Career and Technology Center,2012,"Under 1,000",394,267,127,310,394,160,0,234,0,0,267,104,0,163,0,0,127,56,0,71,0,0
418542,Lebanon County Area Vocational Technical School,2012,"Under 1,000",145,81,64,102,145,68,0,77,0,0,81,29,0,52,0,0,64,39,0,25,0,0
418560,Indiana County Technology Center,2012,"Under 1,000",82,43,39,56,82,36,0,46,0,0,43,21,0,22,0,0,39,15,0,24,0,0
418588,Northern Tier Career Center,2012,"Under 1,000",40,40,0,40,40,16,0,24,0,0,40,16,0,24,0,0,0,0,0,0,0,0
418603,Clarion County Career Center Practical Nursing Program,2012,"Under 1,000",73,48,25,56,73,28,0,45,0,0,48,14,0,34,0,0,25,14,0,11,0,0
418612,Hazleton Area Career Center,2012,"Under 1,000",30,30,0,30,30,5,0,25,0,0,30,5,0,25,0,0,0,0,0,0,0,0
418658,All-State Career School-Pittsburgh,2012,"Under 1,000",358,358,0,358,358,94,0,264,0,0,358,94,0,264,0,0,0,0,0,0,0,0
418755,Colegio Tecnologico y Comercial de Puerto Rico,2012,"Under 1,000",118,118,0,118,118,25,0,93,0,0,118,25,0,93,0,0,0,0,0,0,0,0
418764,Quality Technical and Beauty College,2012,"Under 1,000",103,103,0,103,103,31,0,72,0,0,103,31,0,72,0,0,0,0,0,0,0,0
418773,D'Mart Institute,2012,"1,000 - 4,999",1542,1289,253,1389,1542,748,0,794,0,0,1289,564,0,725,0,0,253,184,0,69,0,0
418782,Automeca Technical College-Aguadilla,2012,"Under 1,000",188,188,0,188,188,103,0,85,0,0,188,103,0,85,0,0,0,0,0,0,0,0
418870,Fortis Institute-Cookeville,2012,"Under 1,000",231,231,0,231,231,20,23,188,0,0,231,20,23,188,0,0,0,0,0,0,0,0
418889,North Central Institute,2012,"Under 1,000",88,64,24,74,88,55,20,13,0,0,64,48,9,7,0,0,24,7,11,6,0,0
418913,Pipo Academy of Hair Design,2012,"Under 1,000",43,43,0,43,43,42,0,1,0,0,43,42,0,1,0,0,0,0,0,0,0,0
418968,Tint School of Makeup and Cosmetology-Dallas,2012,"Under 1,000",82,82,0,82,82,78,0,4,0,0,82,78,0,4,0,0,0,0,0,0,0,0
419031,United Technical Center,2012,"Under 1,000",24,24,0,24,24,7,0,17,0,0,24,7,0,17,0,0,0,0,0,0,0,0
419095,Charles H McCann Technical School,2012,"Under 1,000",56,56,0,56,56,23,0,33,0,0,56,23,0,33,0,0,0,0,0,0,0,0
419147,Ailano School of Cosmetology,2012,"Under 1,000",55,43,12,48,55,45,0,10,0,0,43,37,0,6,0,0,12,8,0,4,0,0
419156,Carsten Institute of Cosmetology,2012,"Under 1,000",51,51,0,51,51,16,0,35,0,0,51,16,0,35,0,0,0,0,0,0,0,0
419183,Central California School,2012,"Under 1,000",367,367,0,367,367,179,0,188,0,0,367,179,0,188,0,0,0,0,0,0,0,0
419217,Mercy Hospital School of Practical Nursing-Plantation General Hospital,2012,"Under 1,000",111,111,0,111,111,3,0,108,0,0,111,3,0,108,0,0,0,0,0,0,0,0
419226,Marion County Community Technical and Adult Education Center,2012,"Under 1,000",308,308,0,308,308,115,0,193,0,0,308,115,0,193,0,0,0,0,0,0,0,0
419235,Rivertown School of Beauty Barber Skin Care and Nails,2012,"Under 1,000",196,196,0,196,196,46,0,150,0,0,196,46,0,150,0,0,0,0,0,0,0,0
419244,Atlanta Institute of Music,2012,"Under 1,000",94,71,23,80,94,85,0,9,0,0,71,63,0,8,0,0,23,22,0,1,0,0
419253,Illinois Center for Broadcasting,2012,"Under 1,000",198,198,0,198,198,52,0,146,0,0,198,52,0,146,0,0,0,0,0,0,0,0
419271,St Louis Hair Academy,2012,"Under 1,000",15,10,5,12,15,9,0,6,0,0,10,7,0,3,0,0,5,2,0,3,0,0
419280,New Dimensions School of Hair Design,2012,"Under 1,000",39,16,23,25,39,6,0,33,0,0,16,1,0,15,0,0,23,5,0,18,0,0
419314,Adirondack Beauty School,2012,"Under 1,000",26,26,0,26,26,12,0,14,0,0,26,12,0,14,0,0,0,0,0,0,0,0
419332,Forbes Road Career and Technology Center,2012,"Under 1,000",21,13,8,16,21,17,0,4,0,0,13,10,0,3,0,0,8,7,0,1,0,0
419341,Jna Institute of Culinary Arts,2012,"Under 1,000",49,49,0,49,49,33,0,16,0,0,49,33,0,16,0,0,0,0,0,0,0,0
419411,Cortiva Institute-Seattle,2012,"Under 1,000",227,111,116,157,227,69,0,158,0,0,111,45,0,66,0,0,116,24,0,92,0,0
419420,Putnam Career and Technical Center,2012,"Under 1,000",146,77,69,100,146,118,0,28,0,0,77,69,0,8,0,0,69,49,0,20,0,0
419457,Argosy University-Washington DC,2012,"1,000 - 4,999",1018,288,730,568,91,13,21,55,2,927,23,3,4,16,0,265,68,10,17,39,2,662
419484,Crawford County Career and Technical Center Practical Nursing Program,2012,"Under 1,000",30,30,0,30,30,17,0,13,0,0,30,17,0,13,0,0,0,0,0,0,0,0
419633,Texas College of Cosmetology-San Angelo,2012,"Under 1,000",104,104,0,104,104,34,0,70,0,0,104,34,0,70,0,0,0,0,0,0,0,0
419660,Beauty Schools of America-Hialeah,2012,"Under 1,000",740,740,0,740,740,214,0,526,0,0,740,214,0,526,0,0,0,0,0,0,0,0
419703,Automeca Technical College-Bayamon,2012,"Under 1,000",728,728,0,728,728,396,0,332,0,0,728,396,0,332,0,0,0,0,0,0,0,0
419712,Automeca Technical College-Caguas,2012,"Under 1,000",295,295,0,295,295,188,0,107,0,0,295,188,0,107,0,0,0,0,0,0,0,0
419721,Automeca Technical College-Ponce,2012,"Under 1,000",267,267,0,267,267,155,0,112,0,0,267,155,0,112,0,0,0,0,0,0,0,0
420006,Everest University-Melbourne,2012,"Under 1,000",591,338,253,437,553,44,26,483,0,38,322,35,25,262,0,16,231,9,1,221,0,22
420024,Centura College-Chesapeake,2012,"Under 1,000",289,153,136,207,289,38,0,251,0,0,153,29,0,124,0,0,136,9,0,127,0,0
420042,University of Phoenix-Hawaii Campus,2012,"1,000 - 4,999",1503,1503,0,1503,1322,26,121,1175,0,181,1322,26,121,1175,0,181,0,0,0,0,0,0
420103,Florida College of Natural Health-Miami,2012,"Under 1,000",248,248,0,248,248,60,5,183,0,0,248,60,5,183,0,0,0,0,0,0,0,0
420130,Prism Career Institute-Cherry Hill,2012,"Under 1,000",118,118,0,118,118,85,0,33,0,0,118,85,0,33,0,0,0,0,0,0,0,0
420194,Amerian National College,2012,"Under 1,000",148,148,0,148,148,63,0,85,0,0,148,63,0,85,0,0,0,0,0,0,0,0
420200,Francois D College of Hair Skin and Nails,2012,"Under 1,000",80,21,59,44,80,32,0,48,0,0,21,7,0,14,0,0,59,25,0,34,0,0
420246,Southwest College of Naturopathic Medicine & Health Sciences,2012,"Under 1,000",412,405,7,408,0,0,0,0,0,412,0,0,0,0,0,405,0,0,0,0,0,7
420255,Escuela de Peritos Electricistas de Isabela Inc,2012,"Under 1,000",66,66,0,66,66,31,0,35,0,0,66,31,0,35,0,0,0,0,0,0,0,0
420307,Virginia College-Birmingham,2012,"1,000 - 4,999",4674,2432,2242,3312,4497,1410,503,2584,0,177,2341,815,229,1297,0,91,2156,595,274,1287,0,86
420316,Virginia College-Huntsville,2012,"Under 1,000",534,342,192,417,534,176,7,351,0,0,342,117,6,219,0,0,192,59,1,132,0,0
420325,Yeshiva D'monsey Rabbinical College,2012,"Under 1,000",43,43,0,43,40,6,6,28,0,3,40,6,6,28,0,3,0,0,0,0,0,0
420343,Lincoln Technical Institute-Mahwah,2012,"Under 1,000",663,545,118,592,663,254,0,409,0,0,545,230,0,315,0,0,118,24,0,94,0,0
420370,Career Technical Institute,2012,"Under 1,000",641,641,0,641,641,501,0,140,0,0,641,501,0,140,0,0,0,0,0,0,0,0
420398,Northwest Vista College,2012,"10,000 - 19,999",15992,3935,12057,7983,15992,2635,1040,8835,3482,0,3935,949,266,2644,76,0,12057,1686,774,6191,3406,0
420404,ITT Technical Institute-Getzville,2012,"Under 1,000",437,336,101,376,437,54,2,381,0,0,336,42,2,292,0,0,101,12,0,89,0,0
420431,Oconee Fall Line Technical College,2012,"1,000 - 4,999",1885,504,1381,968,1885,243,145,1066,431,0,504,79,51,367,7,0,1381,164,94,699,424,0
420440,York County Community College,2012,"1,000 - 4,999",1524,532,992,865,1524,296,80,905,243,0,532,169,36,323,4,0,992,127,44,582,239,0
420459,Northeast Technology Center-Afton,2012,"Under 1,000",381,81,300,182,381,101,0,34,246,0,81,58,0,23,0,0,300,43,0,11,246,0
420468,Western Suffolk BOCES,2012,"Under 1,000",344,223,121,264,344,297,0,47,0,0,223,197,0,26,0,0,121,100,0,21,0,0
420495,Sanford-Brown College-Atlanta,2012,"Under 1,000",488,471,17,478,488,20,36,432,0,0,471,20,36,415,0,0,17,0,0,17,0,0
420501,Sanford-Brown College-Middleburg Heights,2012,"Under 1,000",576,533,43,550,576,74,34,468,0,0,533,74,34,425,0,0,43,0,0,43,0,0
420538,Arkansas State University-Mountain Home,2012,"1,000 - 4,999",1421,922,499,1090,1421,237,176,618,390,0,922,198,121,391,212,0,499,39,55,227,178,0
420556,Columbia Gorge Community College,2012,"1,000 - 4,999",1037,402,635,615,1037,46,8,845,138,0,402,20,3,360,19,0,635,26,5,485,119,0
420574,Arizona State University-Polytechnic,2012,,,,,,,,,,,,,,,,,,,,,,,
420608,Colleen O'Haras Beauty Academy,2012,"Under 1,000",181,170,11,174,181,44,0,137,0,0,170,43,0,127,0,0,11,1,0,10,0,0
420705,Bakke Graduate University,2012,"Under 1,000",183,51,132,101,0,0,0,0,0,183,0,0,0,0,0,51,0,0,0,0,0,132
420723,Tillamook Bay Community College,2012,"Under 1,000",470,136,334,248,470,149,44,273,4,0,136,50,9,77,0,0,334,99,35,196,4,0
420866,Argosy University-Schaumburg,2012,"Under 1,000",568,195,373,338,147,8,35,104,0,421,77,3,23,51,0,118,70,5,12,53,0,303
420981,Manhattan School of Computer Technology,2012,"Under 1,000",439,439,0,439,439,125,0,314,0,0,439,125,0,314,0,0,0,0,0,0,0,0
421513,Brown Mackie College-Hopkinsville,2012,"Under 1,000",331,331,0,331,331,87,28,216,0,0,331,87,28,216,0,0,0,0,0,0,0,0
421540,Indian Capital Technology Center-Sallisaw,2012,"Under 1,000",210,56,154,108,210,133,0,77,0,0,56,50,0,6,0,0,154,83,0,71,0,0
421559,Indian Capital Technology Center-Stilwell,2012,"Under 1,000",151,64,87,93,151,99,0,52,0,0,64,42,0,22,0,0,87,57,0,30,0,0
421586,Globelle Technical Institute,2012,"Under 1,000",123,123,0,123,123,85,0,38,0,0,123,85,0,38,0,0,0,0,0,0,0,0
421610,Hairitage Hair Academy,2012,"Under 1,000",53,33,20,41,53,46,0,7,0,0,33,31,0,2,0,0,20,15,0,5,0,0
421665,Houghton Lake Institute of Cosmetology,2012,"Under 1,000",27,13,14,19,27,7,0,20,0,0,13,5,0,8,0,0,14,2,0,12,0,0
421708,Arizona College-Glendale,2012,"Under 1,000",573,573,0,573,573,188,0,385,0,0,573,188,0,385,0,0,0,0,0,0,0,0
421717,Vanguard-Sentinel Adult Career and Technology Center,2012,"Under 1,000",48,48,0,48,48,13,0,35,0,0,48,13,0,35,0,0,0,0,0,0,0,0
421771,House of Heavilin Beauty College-Raymore,2012,"Under 1,000",62,62,0,62,62,8,0,54,0,0,62,8,0,54,0,0,0,0,0,0,0,0
421832,Living Arts College,2012,"Under 1,000",578,578,0,578,578,158,38,382,0,0,578,158,38,382,0,0,0,0,0,0,0,0
421841,New York Conservatory for Dramatic Arts,2012,"Under 1,000",263,263,0,263,263,83,0,180,0,0,263,83,0,180,0,0,0,0,0,0,0,0
421878,Eastern International College-Jersey City,2012,"Under 1,000",227,167,60,191,227,83,0,144,0,0,167,58,0,109,0,0,60,25,0,35,0,0
421896,Academia Serrant Inc,2012,"Under 1,000",379,379,0,379,379,46,0,333,0,0,379,46,0,333,0,0,0,0,0,0,0,0
422190,Champion Institute of Cosmetology,2012,"Under 1,000",90,10,80,42,90,45,0,45,0,0,10,1,0,9,0,0,80,44,0,36,0,0
422695,Pacific College,2012,"Under 1,000",257,257,0,257,257,5,0,252,0,0,257,5,0,252,0,0,0,0,0,0,0,0
422835,American College of Healthcare,2012,"Under 1,000",372,372,0,372,372,92,0,280,0,0,372,92,0,280,0,0,0,0,0,0,0,0
423120,Compu-Med Vocational Careers Corp,2012,"Under 1,000",821,821,0,821,821,403,0,418,0,0,821,403,0,418,0,0,0,0,0,0,0,0
423397,Professional Electrical School Inc,2012,"Under 1,000",49,49,0,49,49,18,0,31,0,0,49,18,0,31,0,0,0,0,0,0,0,0
423643,Midwestern University-Glendale,2012,"1,000 - 4,999",2936,2912,24,2921,0,0,0,0,0,2936,0,0,0,0,0,2912,0,0,0,0,0,24
423652,Oregon Coast Community College,2012,"Under 1,000",539,159,380,287,539,121,94,299,25,0,159,19,5,135,0,0,380,102,89,164,25,0
423980,Le Cordon Bleu College of Culinary Arts-Pasadena,2012,"1,000 - 4,999",2436,2436,0,2436,2436,358,112,1966,0,0,2436,358,112,1966,0,0,0,0,0,0,0,0
425250,Gwinnett College-Sandy Springs,2012,"Under 1,000",129,55,74,84,129,47,0,82,0,0,55,22,0,33,0,0,74,25,0,49,0,0
425889,Lincoln Technical Institute-Brockton,2012,"Under 1,000",365,302,63,327,365,103,0,262,0,0,302,90,0,212,0,0,63,13,0,50,0,0
425986,Mildred Elley-Pittsfield Campus,2012,"Under 1,000",185,185,0,185,185,54,0,131,0,0,185,54,0,131,0,0,0,0,0,0,0,0
426314,Embry-Riddle Aeronautical University-Worldwide,2012,"10,000 - 19,999",15562,5327,10235,9320,10435,306,512,9363,254,5127,2800,47,64,2677,12,2527,7635,259,448,6686,242,2600
427025,Computer Systems Institute,2012,"1,000 - 4,999",1770,1770,0,1770,1770,631,0,1139,0,0,1770,631,0,1139,0,0,0,0,0,0,0,0
427308,Merkaz Bnos-Business School,2012,"Under 1,000",142,142,0,142,142,104,0,38,0,0,142,104,0,38,0,0,0,0,0,0,0,0
427335,Lia Schorr Institute of Cosmetic Skin Care Training,2012,"Under 1,000",57,27,30,39,57,51,0,6,0,0,27,24,0,3,0,0,30,27,0,3,0,0
427663,ITT Technical Institute-Webster,2012,"Under 1,000",321,248,73,277,321,34,4,283,0,0,248,27,4,217,0,0,73,7,0,66,0,0
427894,CET-Alexandria,2012,"Under 1,000",176,37,139,92,176,33,0,143,0,0,37,10,0,27,0,0,139,23,0,116,0,0
427919,CET-Durham,2012,"Under 1,000",139,98,41,114,139,48,0,91,0,0,98,34,0,64,0,0,41,14,0,27,0,0
427973,Aviation Institute of Maintenance-Chesapeake,2012,"Under 1,000",326,252,74,281,326,50,0,276,0,0,252,47,0,205,0,0,74,3,0,71,0,0
427982,Centura College-Richmond Main,2012,"Under 1,000",300,133,167,199,300,40,0,260,0,0,133,27,0,106,0,0,167,13,0,154,0,0
427991,Technical Education Center-Osceola,2012,"Under 1,000",815,603,212,674,815,363,0,452,0,0,603,292,0,311,0,0,212,71,0,141,0,0
428000,Miami Ad School-Miami Beach,2012,"Under 1,000",171,171,0,171,171,0,0,171,0,0,171,0,0,171,0,0,0,0,0,0,0,0
428019,Green Country Technology Center,2012,"Under 1,000",320,65,255,151,320,55,0,265,0,0,65,53,0,12,0,0,255,2,0,253,0,0
428055,Nova College de Puerto Rico,2012,"Under 1,000",269,269,0,269,269,59,0,210,0,0,269,59,0,210,0,0,0,0,0,0,0,0
428073,Styles and Profiles Beauty College,2012,"Under 1,000",32,32,0,32,32,19,0,13,0,0,32,19,0,13,0,0,0,0,0,0,0,0
428125,John Wesley International Barber and Beauty College,2012,"Under 1,000",104,102,2,103,104,16,0,88,0,0,102,16,0,86,0,0,2,0,0,2,0,0
428143,Platt College-Lawton,2012,"Under 1,000",190,190,0,190,190,115,0,75,0,0,190,115,0,75,0,0,0,0,0,0,0,0
428170,Southeastern College-Greenacres,2012,"1,000 - 4,999",1341,826,515,1030,1341,447,34,859,1,0,826,284,22,520,0,0,515,163,12,339,1,0
428259,Ottawa University-Milwaukee,2012,"Under 1,000",407,1,406,160,331,0,56,275,0,76,0,0,0,0,0,1,331,0,56,275,0,75
428268,Argosy University-Tampa,2012,"Under 1,000",506,107,399,260,83,7,15,60,1,423,29,3,5,21,0,78,54,4,10,39,1,345
428286,The Illinois Institute of Art-Schaumburg,2012,"1,000 - 4,999",1267,947,320,1073,1267,222,190,855,0,0,947,152,146,649,0,0,320,70,44,206,0,0
428295,Star Truck Driving School-Bensenville,2012,"Under 1,000",71,47,24,57,71,65,0,6,0,0,47,43,0,4,0,0,24,22,0,2,0,0
428329,Cambria-Rowe Business College-Indiana,2012,"Under 1,000",87,86,1,86,87,25,10,52,0,0,86,25,10,51,0,0,1,0,0,1,0,0
428392,Klamath Community College,2012,"1,000 - 4,999",1148,385,763,641,1148,202,158,596,192,0,385,85,79,198,23,0,763,117,79,398,169,0
428444,The Art Institute of Phoenix,2012,"1,000 - 4,999",1018,797,221,884,1018,186,161,671,0,0,797,145,111,541,0,0,221,41,50,130,0,0
429012,Aerosim Flight Academy,2012,"Under 1,000",67,67,0,67,67,25,0,42,0,0,67,25,0,42,0,0,0,0,0,0,0,0
429085,American College of Acupuncture and Oriental Med,2012,"Under 1,000",122,73,49,92,0,0,0,0,0,122,0,0,0,0,0,73,0,0,0,0,0,49
429094,AOMA Graduate School of Integrative Medicine,2012,"Under 1,000",201,144,57,166,0,0,0,0,0,201,0,0,0,0,0,144,0,0,0,0,0,57
429100,Arlington Medical Institute,2012,"Under 1,000",73,73,0,73,73,59,0,14,0,0,73,59,0,14,0,0,0,0,0,0,0,0
429128,Urban College of Boston,2012,"Under 1,000",511,14,497,211,511,65,0,397,49,0,14,2,0,12,0,0,497,63,0,385,49,0
429599,ITT Technical Institute-Henderson,2012,"Under 1,000",606,404,202,483,606,68,8,530,0,0,404,53,5,346,0,0,202,15,3,184,0,0
430087,Colorado Technical University-Greenwood Village,2012,"1,000 - 4,999",1076,547,529,754,862,55,83,700,24,214,415,26,42,346,1,132,447,29,41,354,23,82
430096,Branford Hall Career Institute-Windsor Campus,2012,"Under 1,000",429,290,139,345,429,275,0,154,0,0,290,190,0,100,0,0,139,85,0,54,0,0
430148,Heald College-Portland,2012,"Under 1,000",827,631,196,709,827,57,61,709,0,0,631,36,37,558,0,0,196,21,24,151,0,0
430157,Golf Academy of America-Altamonte Springs,2012,"Under 1,000",244,204,40,220,244,69,15,160,0,0,204,58,13,133,0,0,40,11,2,27,0,0
430166,Golf Academy of America-Phoenix,2012,"Under 1,000",194,170,24,180,194,62,11,121,0,0,170,59,9,102,0,0,24,3,2,19,0,0
430175,Everest College-Merrillville,2012,"Under 1,000",637,637,0,637,637,76,0,561,0,0,637,76,0,561,0,0,0,0,0,0,0,0
430184,Strayer University-Maryland,2012,"1,000 - 4,999",3619,630,2989,1795,2499,129,162,2190,18,1120,336,16,29,291,0,294,2163,113,133,1899,18,826
430218,Empire Beauty School-Bordentown,2012,"Under 1,000",130,93,37,108,130,73,0,57,0,0,93,52,0,41,0,0,37,21,0,16,0,0
430227,Empire Beauty School-Monroeville,2012,"Under 1,000",132,98,34,111,132,38,0,94,0,0,98,31,0,67,0,0,34,7,0,27,0,0
430245,Southern Careers Institute-San Antonio,2012,"Under 1,000",925,925,0,925,925,735,0,190,0,0,925,735,0,190,0,0,0,0,0,0,0,0
430254,Virginia School of Massage,2012,"Under 1,000",33,25,8,28,33,10,0,23,0,0,25,8,0,17,0,0,8,2,0,6,0,0
430263,ITT Technical Institute-Miami,2012,"Under 1,000",442,286,156,347,442,38,10,394,0,0,286,30,4,252,0,0,156,8,6,142,0,0
430306,Cayce Reilly School of Massotherapy,2012,"Under 1,000",50,39,11,43,50,36,0,14,0,0,39,28,0,11,0,0,11,8,0,3,0,0
430342,CET-Sacramento,2012,"Under 1,000",135,135,0,135,135,43,0,92,0,0,135,43,0,92,0,0,0,0,0,0,0,0
430351,ITT Technical Institute-Harrisburg,2012,"Under 1,000",262,198,64,223,262,45,7,210,0,0,198,40,7,151,0,0,64,5,0,59,0,0
430360,ITT Technical Institute-Tarentum,2012,"Under 1,000",257,210,47,229,257,40,5,212,0,0,210,33,4,173,0,0,47,7,1,39,0,0
430379,ITT Technical Institute-Norwood,2012,"Under 1,000",435,319,116,365,435,56,5,374,0,0,319,50,5,264,0,0,116,6,0,110,0,0
430388,ITT Technical Institute-Strongsville,2012,"Under 1,000",418,267,151,326,418,44,21,353,0,0,267,35,14,218,0,0,151,9,7,135,0,0
430403,Prism Career Institute-West Atlantic City,2012,"Under 1,000",75,75,0,75,75,20,0,55,0,0,75,20,0,55,0,0,0,0,0,0,0,0
430421,Everest Institute-Marietta,2012,"Under 1,000",322,322,0,322,322,53,0,269,0,0,322,53,0,269,0,0,0,0,0,0,0,0
430485,The Creative Center,2012,"Under 1,000",109,107,2,108,109,34,4,71,0,0,107,33,4,70,0,0,2,1,0,1,0,0
430564,Studio Jewelers,2012,"Under 1,000",62,16,46,34,62,23,0,39,0,0,16,9,0,7,0,0,46,14,0,32,0,0
430582,Praxis Institute,2012,"Under 1,000",429,429,0,429,429,246,0,183,0,0,429,246,0,183,0,0,0,0,0,0,0,0
430591,American College of Traditional Chinese Medicine,2012,"Under 1,000",283,205,78,235,0,0,0,0,0,283,0,0,0,0,0,205,0,0,0,0,0,78
430670,San Juan Bautista School of Medicine,2012,"Under 1,000",262,262,0,262,16,2,14,0,0,246,16,2,14,0,0,246,0,0,0,0,0,0
430704,Texas Health and Science University,2012,"Under 1,000",106,94,12,99,9,0,0,9,0,97,7,0,0,7,0,87,2,0,0,2,0,10
430795,Carver Career Center,2012,"Under 1,000",258,240,18,246,258,70,19,94,75,0,240,56,17,92,75,0,18,14,2,2,0,0
430810,New Hampshire Institute of Art,2012,"Under 1,000",550,486,64,511,543,104,81,356,2,7,479,96,60,321,2,7,64,8,21,35,0,0
430883,Cayuga Onondaga BOCES-Practical Nursing Program,2012,"Under 1,000",34,34,0,34,34,14,0,20,0,0,34,14,0,20,0,0,0,0,0,0,0,0
430908,Clearfield County Career and Technology Center,2012,"Under 1,000",59,48,11,52,59,32,0,27,0,0,48,24,0,24,0,0,11,8,0,3,0,0
430935,Colegio de Cinematografía Artes y Television,2012,"Under 1,000",854,654,200,733,854,239,143,472,0,0,654,229,128,297,0,0,200,10,15,175,0,0
430971,Delaware County Technical School-Practical Nursing Program,2012,"Under 1,000",72,72,0,72,72,20,0,52,0,0,72,20,0,52,0,0,0,0,0,0,0,0
430980,Everest College-Torrance,2012,"Under 1,000",203,203,0,203,203,11,0,192,0,0,203,11,0,192,0,0,0,0,0,0,0,0
431017,Mid-Del Technology Center,2012,"Under 1,000",96,74,22,81,96,78,0,18,0,0,74,63,0,11,0,0,22,15,0,7,0,0
431026,BIR Training Center,2012,"Under 1,000",637,515,122,563,637,606,0,31,0,0,515,499,0,16,0,0,122,107,0,15,0,0
431071,New York Institute of Massage Inc,2012,"Under 1,000",88,53,35,67,88,26,0,62,0,0,53,16,0,37,0,0,35,10,0,25,0,0
431099,Jolie Hair and Beauty Academy-Ludlow,2012,"Under 1,000",163,106,57,129,163,81,0,82,0,0,106,57,0,49,0,0,57,24,0,33,0,0
431105,Dutchess BOCES-Practical Nursing Program,2012,"Under 1,000",155,40,115,79,155,79,0,76,0,0,40,17,0,23,0,0,115,62,0,53,0,0
431123,Escuela Tecnica de Electricidad,2012,"Under 1,000",415,415,0,415,415,88,0,327,0,0,415,88,0,327,0,0,0,0,0,0,0,0
431141,Institute of Technology Inc,2012,"1,000 - 4,999",2763,2733,30,2745,2763,633,70,2038,22,0,2733,633,70,2008,22,0,30,0,0,30,0,0
431169,Garnet Career Center,2012,"Under 1,000",110,110,0,110,110,22,0,88,0,0,110,22,0,88,0,0,0,0,0,0,0,0
431187,Bristol Technical Education Center,2012,"Under 1,000",51,51,0,51,51,51,0,0,0,0,51,51,0,0,0,0,0,0,0,0,0,0
431196,Genesee Valley BOCES-Practical Nursing Program,2012,"Under 1,000",120,120,0,120,120,5,0,115,0,0,120,5,0,115,0,0,0,0,0,0,0,0
431202,Hamilton Fulton Montgomery BOCES-Practical Nursing Program,2012,"Under 1,000",61,0,61,20,61,11,0,50,0,0,0,0,0,0,0,0,61,11,0,50,0,0
431266,Henrico County-Saint Marys Hospital School of Practical Nursing,2012,"Under 1,000",84,19,65,41,84,32,0,52,0,0,19,0,0,19,0,0,65,32,0,33,0,0
431275,Herkimer County BOCES-Practical Nursing Program,2012,"Under 1,000",150,54,96,86,150,34,0,116,0,0,54,12,0,42,0,0,96,22,0,74,0,0
431284,International Beauty College,2012,"Under 1,000",48,17,31,29,48,19,0,29,0,0,17,6,0,11,0,0,31,13,0,18,0,0
431309,Dewey University-Hato Rey,2012,"Under 1,000",203,203,0,203,203,104,0,99,0,0,203,104,0,99,0,0,0,0,0,0,0,0
431558,Cape Coral Institute of Technology,2012,"Under 1,000",341,341,0,341,341,192,0,121,28,0,341,192,0,121,28,0,0,0,0,0,0,0
431594,Massachusetts General Hospital Dietetic Internship,2012,"Under 1,000",18,18,0,18,0,0,0,0,0,18,0,0,0,0,0,18,0,0,0,0,0,0
431600,Mercy Hospital School of Nursing,2012,"Under 1,000",144,144,0,144,144,23,0,121,0,0,144,23,0,121,0,0,0,0,0,0,0,0
431637,American Beauty Academy,2012,"Under 1,000",778,441,337,575,778,222,0,556,0,0,441,121,0,320,0,0,337,101,0,236,0,0
431691,Northland Career Center,2012,"Under 1,000",40,40,0,40,40,16,0,24,0,0,40,16,0,24,0,0,0,0,0,0,0,0
431707,Norwich Technical High School,2012,"Under 1,000",36,36,0,36,36,36,0,0,0,0,36,36,0,0,0,0,0,0,0,0,0,0
431716,Ocean County Vocational-Technical School,2012,"Under 1,000",542,542,0,542,542,286,0,256,0,0,542,286,0,256,0,0,0,0,0,0,0,0
431770,Putnam Westchester BOCES-Practical Nursing Program,2012,"Under 1,000",45,14,31,24,45,35,0,10,0,0,14,13,0,1,0,0,31,22,0,9,0,0
431877,Sullivan County BOCES-Practical Nursing Program,2012,"Under 1,000",37,13,24,21,37,22,0,15,0,0,13,13,0,0,0,0,24,9,0,15,0,0
431886,Kaplan College-San Antonio-Ingram,2012,"Under 1,000",548,548,0,548,548,149,16,383,0,0,548,149,16,383,0,0,0,0,0,0,0,0
431929,Trinity College of Puerto Rico,2012,"Under 1,000",208,203,5,205,208,46,0,162,0,0,203,46,0,157,0,0,5,0,0,5,0,0
431956,Virginia Sewing Machines and School Center,2012,"Under 1,000",34,34,0,34,34,10,0,24,0,0,34,10,0,24,0,0,0,0,0,0,0,0
431965,Vogue Beauty and Barber School,2012,"Under 1,000",122,122,0,122,122,78,0,44,0,0,122,78,0,44,0,0,0,0,0,0,0,0
431983,Yeshiva of the Telshe Alumni,2012,"Under 1,000",97,97,0,97,97,18,1,78,0,0,97,18,1,78,0,0,0,0,0,0,0,0
432074,Northeast Technology Center-Kansas,2012,"Under 1,000",192,72,120,112,192,120,0,72,0,0,72,41,0,31,0,0,120,79,0,41,0,0
432117,Kenneth Shuler School of Cosmetology-Rock Hill,2012,"Under 1,000",114,78,36,92,114,13,0,101,0,0,78,10,0,68,0,0,36,3,0,33,0,0
432223,University of Phoenix-Western Washington Campus,2012,"Under 1,000",897,897,0,897,807,58,113,636,0,90,807,58,113,636,0,90,0,0,0,0,0,0
432241,University of Phoenix-Oregon Campus,2012,"1,000 - 4,999",1061,1061,0,1061,988,59,72,856,1,73,988,59,72,856,1,73,0,0,0,0,0,0
432269,CET-El Paso,2012,"Under 1,000",121,121,0,121,121,36,0,85,0,0,121,36,0,85,0,0,0,0,0,0,0,0
432302,Kaplan College-Riverside,2012,"Under 1,000",310,310,0,310,310,76,6,226,2,0,310,76,6,226,2,0,0,0,0,0,0,0
432348,Appalachian School of Law,2012,"Under 1,000",263,263,0,263,0,0,0,0,0,263,0,0,0,0,0,263,0,0,0,0,0,0
432357,LIU Hudson at Westchester,2012,"Under 1,000",212,75,137,127,0,0,0,0,0,212,0,0,0,0,0,75,0,0,0,0,0,137
432384,Platt College-Ontario,2012,"Under 1,000",559,559,0,559,559,59,41,459,0,0,559,59,41,459,0,0,0,0,0,0,0,0
432524,Delaware College of Art and Design,2012,"Under 1,000",210,191,19,199,210,89,12,109,0,0,191,87,9,95,0,0,19,2,3,14,0,0
432533,The Art Institute of California-Argosy University Los Angeles,2012,"1,000 - 4,999",1949,1212,737,1502,1949,453,188,1306,2,0,1212,307,118,787,0,0,737,146,70,519,2,0
433004,American University of Health Sciences,2012,"Under 1,000",252,252,0,252,247,3,21,223,0,5,247,3,21,223,0,5,0,0,0,0,0,0
433013,Career Networks Institute,2012,"Under 1,000",576,569,7,572,576,46,120,410,0,0,569,45,119,405,0,0,7,1,1,5,0,0
433040,Monty Tech,2012,"Under 1,000",34,34,0,34,34,32,0,2,0,0,34,32,0,2,0,0,0,0,0,0,0,0
433068,CHOICE High School and Technical Center,2012,"Under 1,000",279,214,65,236,279,151,0,128,0,0,214,113,0,101,0,0,65,38,0,27,0,0
433101,Lincoln Technical Institute-Lincoln,2012,"Under 1,000",539,418,121,466,539,147,0,392,0,0,418,119,0,299,0,0,121,28,0,93,0,0
433138,Wayne County Schools Career Center,2012,"Under 1,000",492,260,232,338,492,401,0,91,0,0,260,180,0,80,0,0,232,221,0,11,0,0
433165,Blessing Hospital School of Medical Laboratory Technology,2012,"Under 1,000",4,4,0,4,4,0,0,4,0,0,4,0,0,4,0,0,0,0,0,0,0,0
433174,Carolinas College of Health Sciences,2012,"Under 1,000",440,58,382,186,440,11,119,305,5,0,58,3,18,37,0,0,382,8,101,268,5,0
433217,Lester E Cox Medical Center-School of Medical Technology,2012,"Under 1,000",7,7,0,7,0,0,0,0,0,7,0,0,0,0,0,7,0,0,0,0,0,0
433387,Western Governors University,2012,"20,000 and above",41369,41369,0,41369,31353,52,5233,26068,0,10016,31353,52,5233,26068,0,10016,0,0,0,0,0,0
433420,Santa Barbara Business College-Ventura,2012,"Under 1,000",336,336,0,336,333,32,37,264,0,3,333,32,37,264,0,3,0,0,0,0,0,0
433466,Sullivan and Cogliano Training Center,2012,"Under 1,000",822,795,27,806,822,628,0,194,0,0,795,602,0,193,0,0,27,26,0,1,0,0
433536,Herzing University-Kenner,2012,"Under 1,000",286,180,106,222,286,37,12,237,0,0,180,25,6,149,0,0,106,12,6,88,0,0
433563,Spencerian College-Lexington,2012,"Under 1,000",238,228,10,232,238,34,0,201,3,0,228,34,0,194,0,0,10,0,0,7,3,0
433660,Florida Gulf Coast University,2012,"10,000 - 19,999",13445,10139,3306,11440,12230,2760,1094,8232,144,1215,9724,2687,751,6259,27,415,2506,73,343,1973,117,800
433970,Seacoast Career Schools-Sanford Campus,2012,"Under 1,000",225,154,71,182,225,160,0,65,0,0,154,109,0,45,0,0,71,51,0,20,0,0
434016,Little Priest Tribal College,2012,"Under 1,000",144,76,68,103,144,8,0,110,26,0,76,4,0,72,0,0,68,4,0,38,26,0
434052,ITT Technical Institute-Richardson,2012,"Under 1,000",665,479,186,552,665,70,21,574,0,0,479,57,10,412,0,0,186,13,11,162,0,0
434061,South Louisiana Community College,2012,"1,000 - 4,999",4015,1711,2304,2485,4015,1064,548,1552,851,0,1711,641,212,719,139,0,2304,423,336,833,712,0
434140,Pima Medical Institute-Chula Vista,2012,"Under 1,000",981,981,0,981,981,245,0,708,28,0,981,245,0,708,28,0,0,0,0,0,0,0
434159,Lincoln College of Technology-Marietta,2012,"Under 1,000",294,294,0,294,294,84,0,210,0,0,294,84,0,210,0,0,0,0,0,0,0,0
434274,Academy of Hair Design-Lufkin,2012,"Under 1,000",107,57,50,77,107,83,0,24,0,0,57,53,0,4,0,0,50,30,0,20,0,0
434283,Academy of Hair Design-Beaumont,2012,"Under 1,000",86,86,0,86,86,24,0,62,0,0,86,24,0,62,0,0,0,0,0,0,0,0
434308,Baltimore School of Massage-Linthicum,2012,"Under 1,000",442,259,183,332,442,135,0,307,0,0,259,97,0,162,0,0,183,38,0,145,0,0
434317,Charter College-Canyon Country,2012,"Under 1,000",658,658,0,658,658,429,0,229,0,0,658,429,0,229,0,0,0,0,0,0,0,0
434344,Toni & Guy Hairdressing Academy-Worcester,2012,"Under 1,000",63,63,0,63,63,9,0,54,0,0,63,9,0,54,0,0,0,0,0,0,0,0
434362,Northwest HVAC/R Training Center,2012,"Under 1,000",48,48,0,48,48,34,0,14,0,0,48,34,0,14,0,0,0,0,0,0,0,0
434380,L T International Beauty School,2012,"Under 1,000",59,59,0,59,59,49,0,10,0,0,59,49,0,10,0,0,0,0,0,0,0,0
434414,Michigan Jewish Institute,2012,"1,000 - 4,999",1400,1264,136,1317,1400,623,240,518,19,0,1264,576,215,473,0,0,136,47,25,45,19,0
434432,Myotherapy Institute,2012,"Under 1,000",29,29,0,29,29,18,11,0,0,0,29,18,11,0,0,0,0,0,0,0,0,0
434441,Florida College of Integrative Medicine,2012,"Under 1,000",134,134,0,134,0,0,0,0,0,134,0,0,0,0,0,134,0,0,0,0,0,0
434469,New Professions Technical Institute,2012,"Under 1,000",76,34,42,51,76,40,0,36,0,0,34,15,0,19,0,0,42,25,0,17,0,0
434496,Strand College of Hair Design,2012,"Under 1,000",75,75,0,75,75,72,0,3,0,0,75,72,0,3,0,0,0,0,0,0,0,0
434502,Cosmetology Career Institute,2012,"Under 1,000",134,134,0,134,134,69,0,65,0,0,134,69,0,65,0,0,0,0,0,0,0,0
434520,Branford Hall Career Institute-Southington Campus,2012,"Under 1,000",602,377,225,466,602,431,0,171,0,0,377,256,0,121,0,0,225,175,0,50,0,0
434539,City College-Miami,2012,"Under 1,000",338,249,89,284,338,24,45,269,0,0,249,22,34,193,0,0,89,2,11,76,0,0
434548,ITT Technical Institute-Arnold,2012,"Under 1,000",432,310,122,358,432,37,18,377,0,0,310,34,11,265,0,0,122,3,7,112,0,0
434557,ITT Technical Institute-Oak Brook,2012,"Under 1,000",362,266,96,304,362,39,8,315,0,0,266,30,5,231,0,0,96,9,3,84,0,0
434566,ITT Technical Institute-Albany,2012,"Under 1,000",293,192,101,232,293,37,1,255,0,0,192,31,1,160,0,0,101,6,0,95,0,0
434575,ITT Technical Institute-Liverpool,2012,"Under 1,000",304,234,70,262,304,46,6,252,0,0,234,42,6,186,0,0,70,4,0,66,0,0
434584,Ilisagvik College,2012,"Under 1,000",231,46,185,108,231,38,7,77,109,0,46,15,4,27,0,0,185,23,3,50,109,0
434672,The Community College of Baltimore County,2012,"20,000 and above",25188,8373,16815,14018,25188,4884,2160,16485,1659,0,8373,2539,882,4697,255,0,16815,2345,1278,11788,1404,0
434690,Golf Academy of America-Myrtle Beach,2012,"Under 1,000",330,296,34,309,330,157,13,160,0,0,296,142,13,141,0,0,34,15,0,19,0,0
434715,Florida Coastal School of Law,2012,"1,000 - 4,999",1594,1371,223,1456,0,0,0,0,0,1594,0,0,0,0,0,1371,0,0,0,0,0,223
434751,White Earth Tribal and Community College,2012,"Under 1,000",87,62,25,72,87,15,6,62,4,0,62,15,6,41,0,0,25,0,0,21,4,0
434812,Centura College-North Charleston,2012,"Under 1,000",227,81,146,139,227,27,0,200,0,0,81,17,0,64,0,0,146,10,0,136,0,0
434821,Blue Cliff College-Metairie,2012,"Under 1,000",648,420,228,511,648,198,0,450,0,0,420,148,0,272,0,0,228,50,0,178,0,0
434830,Creative Images Institute of Cosmetology-North Dayton,2012,"Under 1,000",180,110,70,138,180,82,0,98,0,0,110,49,0,61,0,0,70,33,0,37,0,0
434900,Dewey University-Carolina,2012,"Under 1,000",804,804,0,804,804,415,63,326,0,0,804,415,63,326,0,0,0,0,0,0,0,0
434937,Yeshiva College of the Nations Capital,2012,"Under 1,000",45,45,0,45,45,12,4,10,19,0,45,12,4,10,19,0,0,0,0,0,0,0
434973,University of Phoenix-Maryland Campus,2012,"Under 1,000",713,713,0,713,629,19,46,564,0,84,629,19,46,564,0,84,0,0,0,0,0,0
435000,Louisiana State University Health Sciences Center-Shreveport,2012,"Under 1,000",888,836,52,855,50,0,9,41,0,838,49,0,9,40,0,787,1,0,0,1,0,51
436003,Central Career Institute LLC,2012,"Under 1,000",145,99,46,117,145,72,0,73,0,0,99,44,0,55,0,0,46,28,0,18,0,0
436012,Franklin Career Institute,2012,"Under 1,000",868,868,0,868,868,94,0,774,0,0,868,94,0,774,0,0,0,0,0,0,0,0
436021,Montessori Institute of Milwaukee,2012,"Under 1,000",37,37,0,37,0,0,0,0,0,37,0,0,0,0,0,37,0,0,0,0,0,0
436030,Hair Academy II,2012,"Under 1,000",71,47,24,57,71,34,0,37,0,0,47,31,0,16,0,0,24,3,0,21,0,0
436067,Pryor Beauty College,2012,"Under 1,000",57,57,0,57,57,33,0,24,0,0,57,33,0,24,0,0,0,0,0,0,0,0
436094,Argosy University-Phoenix,2012,"Under 1,000",752,253,499,445,191,19,55,115,2,561,96,8,30,58,0,157,95,11,25,57,2,404
436100,Mr Leon's School of Hair Design-Lewiston,2012,"Under 1,000",41,41,0,41,41,40,0,1,0,0,41,40,0,1,0,0,0,0,0,0,0,0
436182,Vatterott College-St Joseph,2012,"Under 1,000",222,222,0,222,222,23,21,178,0,0,222,23,21,178,0,0,0,0,0,0,0,0
436191,Vatterott College-Sunset Hills,2012,"Under 1,000",739,739,0,739,739,76,89,574,0,0,739,76,89,574,0,0,0,0,0,0,0,0
436261,Southwest Acupuncture College-Boulder,2012,"Under 1,000",149,131,18,138,0,0,0,0,0,149,0,0,0,0,0,131,0,0,0,0,0,18
436270,Utah College of Massage Therapy-Utah Valley,2012,"Under 1,000",162,82,80,114,162,93,0,69,0,0,82,47,0,35,0,0,80,46,0,34,0,0
436304,River Parishes Community College,2012,"1,000 - 4,999",3566,1035,2531,1885,3566,445,242,1099,1780,0,1035,312,127,546,50,0,2531,133,115,553,1730,0
436429,Los Angeles Film School,2012,"1,000 - 4,999",2464,2464,0,2464,2464,657,0,1807,0,0,2464,657,0,1807,0,0,0,0,0,0,0,0
436438,Argosy University-Orange County,2012,"Under 1,000",742,282,460,459,238,19,54,165,0,504,134,12,33,89,0,148,104,7,21,76,0,356
436465,Dewey University-Bayamon,2012,"Under 1,000",409,409,0,409,409,261,0,148,0,0,409,261,0,148,0,0,0,0,0,0,0,0
436483,National American University-Bloomington,2012,"Under 1,000",574,94,480,283,574,31,104,439,0,0,94,0,13,81,0,0,480,31,91,358,0,0
436553,Century College,2012,"Under 1,000",269,269,0,269,269,13,0,256,0,0,269,13,0,256,0,0,0,0,0,0,0,0
436599,FINE Mortuary College,2012,"Under 1,000",65,8,57,31,65,19,0,46,0,0,8,4,0,4,0,0,57,15,0,42,0,0
436614,International Baptist College and Seminary,2012,"Under 1,000",68,43,25,53,54,8,2,42,2,14,37,6,2,29,0,6,17,2,0,13,2,8
436632,The Medical Arts School,2012,"Under 1,000",220,131,89,166,220,60,0,160,0,0,131,40,0,91,0,0,89,20,0,69,0,0
436641,Fortis College-Foley,2012,"Under 1,000",184,151,33,164,184,31,0,153,0,0,151,26,0,125,0,0,33,5,0,28,0,0
436650,Medical Training College,2012,"Under 1,000",290,290,0,290,290,34,0,256,0,0,290,34,0,256,0,0,0,0,0,0,0,0
436702,Professional Training Centers,2012,"Under 1,000",574,155,419,320,574,128,1,445,0,0,155,72,1,82,0,0,419,56,0,363,0,0
436775,Toni & Guy Hairdressing Academy-Carrollton,2012,"Under 1,000",198,198,0,198,198,50,0,148,0,0,198,50,0,148,0,0,0,0,0,0,0,0
436818,University of Connecticut-Tri-Campus,2012,"1,000 - 4,999",2631,2061,570,2291,2631,781,202,1510,138,0,2061,762,141,1146,12,0,570,19,61,364,126,0
436827,University of Connecticut-Avery Point,2012,"Under 1,000",765,595,170,664,765,256,80,398,31,0,595,254,58,283,0,0,170,2,22,115,31,0
436836,University of Connecticut-Stamford,2012,"1,000 - 4,999",1377,930,447,1110,1377,264,158,806,149,0,930,255,102,567,6,0,447,9,56,239,143,0
437042,ITT Technical Institute-Saint Rose,2012,"Under 1,000",508,419,89,454,508,57,6,445,0,0,419,50,4,365,0,0,89,7,2,80,0,0
437051,ITT Technical Institute-Richmond,2012,"Under 1,000",585,433,152,493,585,68,11,506,0,0,433,60,7,366,0,0,152,8,4,140,0,0
437060,Vatterott College-Oklahoma City,2012,"Under 1,000",291,291,0,291,291,28,31,232,0,0,291,28,31,232,0,0,0,0,0,0,0,0
437097,University of Management and Technology,2012,"1,000 - 4,999",1061,984,77,1014,790,3,226,553,8,271,761,3,226,524,8,223,29,0,0,29,0,48
437103,Baton Rouge Community College,2012,"5,000 - 9,999",9106,4521,4585,6060,9106,2428,728,5562,388,0,4521,1510,370,2592,49,0,4585,918,358,2970,339,0
437219,ITT Technical Institute-Lathrop,2012,"Under 1,000",544,437,107,479,544,57,2,485,0,0,437,51,1,385,0,0,107,6,1,100,0,0
437237,International Yacht Restoration School,2012,"Under 1,000",69,69,0,69,69,51,0,18,0,0,69,51,0,18,0,0,0,0,0,0,0,0
437316,Linfield College-School of Nursing,2012,"Under 1,000",391,386,5,388,391,0,71,320,0,0,386,0,71,315,0,0,5,0,0,5,0,0
437325,Linfield College-Adult Degree Program,2012,"Under 1,000",547,87,460,267,490,0,72,364,54,57,85,0,25,56,4,2,405,0,47,308,50,55
437529,Star Career Academy-Syosset,2012,"Under 1,000",341,204,137,258,341,283,0,58,0,0,204,172,0,32,0,0,137,111,0,26,0,0
437556,Midwest Technical Institute-Springfield,2012,"Under 1,000",764,764,0,764,764,163,0,601,0,0,764,163,0,601,0,0,0,0,0,0,0,0
437608,Advanced Barber College and Hair Design,2012,"Under 1,000",96,96,0,96,96,62,0,34,0,0,96,62,0,34,0,0,0,0,0,0,0,0
437635,The College of Health Care Professions-Austin,2012,"Under 1,000",196,196,0,196,196,194,1,1,0,0,196,194,1,1,0,0,0,0,0,0,0,0
437653,The English Center,2012,"Under 1,000",118,115,3,116,118,90,0,28,0,0,115,90,0,25,0,0,3,0,0,3,0,0
437662,ICDC College,2012,"1,000 - 4,999",4298,4036,262,4140,4298,952,0,3346,0,0,4036,909,0,3127,0,0,262,43,0,219,0,0
437705,Monteclaro Escuela de Hoteleria y Artes Culinarias,2012,"Under 1,000",5,2,3,3,5,1,0,4,0,0,2,0,0,2,0,0,3,1,0,2,0,0
437732,Dallas Nursing Institute,2012,"Under 1,000",653,653,0,653,653,104,5,544,0,0,653,104,5,544,0,0,0,0,0,0,0,0
437750,Professional Golfers Career College,2012,"Under 1,000",366,366,0,366,366,103,0,263,0,0,366,103,0,263,0,0,0,0,0,0,0,0
437769,Richmond School of Health and Technology,2012,"Under 1,000",196,196,0,196,196,18,0,178,0,0,196,18,0,178,0,0,0,0,0,0,0,0
437778,Milan Institute-San Antonio Ingram,2012,"Under 1,000",316,316,0,316,316,68,0,248,0,0,316,68,0,248,0,0,0,0,0,0,0,0
437848,Westwood College-Anaheim,2012,"Under 1,000",931,726,205,807,931,101,49,781,0,0,726,100,45,581,0,0,205,1,4,200,0,0
437857,Rudae's School of Beauty Culture-Ft Wayne,2012,"Under 1,000",131,113,18,120,131,14,0,117,0,0,113,12,0,101,0,0,18,2,0,16,0,0
437884,InterCoast Colleges-Burbank,2012,"Under 1,000",118,118,0,118,118,38,0,80,0,0,118,38,0,80,0,0,0,0,0,0,0,0
437936,Carrington College California-San Jose,2012,"Under 1,000",646,646,0,646,646,36,97,513,0,0,646,36,97,513,0,0,0,0,0,0,0,0
438151,Stevens-Henager College-Murray,2012,"1,000 - 4,999",3938,3938,0,3938,3757,604,411,2742,0,181,3757,604,411,2742,0,181,0,0,0,0,0,0
438179,Brookline College-Tucson,2012,"Under 1,000",524,524,0,524,524,155,0,369,0,0,524,155,0,369,0,0,0,0,0,0,0,0
438197,Everest Institute-Jonesboro,2012,"Under 1,000",411,411,0,411,411,54,0,357,0,0,411,54,0,357,0,0,0,0,0,0,0,0
438212,McCann School of Business & Technology,2012,"1,000 - 4,999",2994,1732,1262,2233,2994,711,306,1977,0,0,1732,484,198,1050,0,0,1262,227,108,927,0,0
438258,Carrington College California-Pleasant Hill,2012,"Under 1,000",346,346,0,346,346,30,71,245,0,0,346,30,71,245,0,0,0,0,0,0,0,0
438267,Ridley-Lowell Business & Technical Institute-Poughkeepsie,2012,"Under 1,000",442,442,0,442,442,193,0,249,0,0,442,193,0,249,0,0,0,0,0,0,0,0
438285,Florida College of Natural Health-Maitland,2012,"Under 1,000",421,421,0,421,421,109,8,304,0,0,421,109,8,304,0,0,0,0,0,0,0,0
438294,Florida College of Natural Health-Bradenton,2012,"Under 1,000",217,217,0,217,217,51,13,153,0,0,217,51,13,153,0,0,0,0,0,0,0,0
438337,Modern Hairstyling Institute-Carolina,2012,"Under 1,000",228,178,50,198,228,215,0,13,0,0,178,169,0,9,0,0,50,46,0,4,0,0
438498,Stratford University,2012,"1,000 - 4,999",2733,811,1922,1564,2117,682,249,1186,0,616,349,85,40,224,0,462,1768,597,209,962,0,154
438504,Universal Technical Institute of California Inc,2012,"1,000 - 4,999",2709,2709,0,2709,2709,495,0,2214,0,0,2709,495,0,2214,0,0,0,0,0,0,0,0
438586,American InterContinental University-Atlanta,2012,"1,000 - 4,999",1355,554,801,868,1273,230,136,905,2,82,513,80,41,392,0,41,760,150,95,513,2,41
438601,American InterContinental University-South Florida,2012,"Under 1,000",467,277,190,351,389,20,20,346,3,78,236,12,10,214,0,41,153,8,10,132,3,37
438647,Everest College-Chesapeake,2012,"Under 1,000",725,674,51,694,725,113,85,527,0,0,674,106,82,486,0,0,51,7,3,41,0,0
438656,Everest Institute-Greenspoint,2012,"Under 1,000",449,449,0,449,449,80,0,369,0,0,449,80,0,369,0,0,0,0,0,0,0,0
438674,The Academy of Hair Design Six,2012,"Under 1,000",83,83,0,83,83,3,0,80,0,0,83,3,0,80,0,0,0,0,0,0,0,0
438708,Eastern West Virginia Community and Technical College,2012,"Under 1,000",822,303,519,477,822,124,90,320,288,0,303,81,62,159,1,0,519,43,28,161,287,0
438735,Aviation Institute of Maintenance-Indianapolis,2012,"Under 1,000",255,155,100,195,255,28,0,227,0,0,155,27,0,128,0,0,100,1,0,99,0,0
438805,Branford Hall Career Institute-Springfield Campus,2012,"Under 1,000",653,530,123,579,653,621,0,32,0,0,530,502,0,28,0,0,123,119,0,4,0,0
438869,Remington College-Little Rock Campus,2012,"Under 1,000",267,267,0,267,267,79,0,188,0,0,267,79,0,188,0,0,0,0,0,0,0,0
438902,Everest University-Jacksonville,2012,"Under 1,000",721,478,243,573,655,57,82,516,0,66,454,47,74,333,0,24,201,10,8,183,0,42
438984,IVAEM College,2012,"Under 1,000",155,151,4,153,155,75,0,80,0,0,151,75,0,76,0,0,4,0,0,4,0,0
439020,Midwest College of Oriental Medicine-Chicago,2012,"Under 1,000",133,82,51,102,42,0,0,0,42,91,26,0,0,0,26,56,16,0,0,0,16,35
439057,Argosy University-Seattle,2012,"Under 1,000",396,100,296,214,103,11,25,67,0,293,42,2,16,24,0,58,61,9,9,43,0,235
439118,Carrington College-Spokane,2012,"Under 1,000",448,448,0,448,448,60,66,322,0,0,448,60,66,322,0,0,0,0,0,0,0,0
439127,Texas School of Business-Friendswood,2012,"Under 1,000",313,313,0,313,313,89,24,200,0,0,313,89,24,200,0,0,0,0,0,0,0,0
439136,ITT Technical Institute-Wilmington,2012,"Under 1,000",421,328,93,365,421,35,9,377,0,0,328,33,8,287,0,0,93,2,1,90,0,0
439145,Pierce College at Puyallup,2012,"1,000 - 4,999",3413,1474,1939,2125,3413,503,607,1531,772,0,1474,293,194,700,287,0,1939,210,413,831,485,0
439190,Cascadia Community College,2012,"1,000 - 4,999",2736,1446,1290,1879,2736,373,584,1110,669,0,1446,275,310,578,283,0,1290,98,274,532,386,0
439288,Johnson & Wales University-Denver,2012,"1,000 - 4,999",1618,1481,137,1535,1618,369,157,1091,1,0,1481,362,137,982,0,0,137,7,20,109,1,0
439297,University of Phoenix-Cleveland Campus,2012,"Under 1,000",455,455,0,455,405,20,38,347,0,50,405,20,38,347,0,50,0,0,0,0,0,0
439303,Du Bois Business College-Huntingdon,2012,"Under 1,000",63,51,12,56,63,12,7,44,0,0,51,12,5,34,0,0,12,0,2,10,0,0
439312,Du Bois Business College-Oil City,2012,"Under 1,000",42,30,12,35,42,7,5,30,0,0,30,7,3,20,0,0,12,0,2,10,0,0
439367,CBD College,2012,"Under 1,000",227,227,0,227,227,44,11,172,0,0,227,44,11,172,0,0,0,0,0,0,0,0
439394,East West College of Natural Medicine,2012,"Under 1,000",114,114,0,114,0,0,0,0,0,114,0,0,0,0,0,114,0,0,0,0,0,0
439400,Infinity Career College,2012,"Under 1,000",63,40,23,49,63,22,0,41,0,0,40,17,0,23,0,0,23,5,0,18,0,0
439437,Lincoln Technical Institute-Fern Park,2012,"Under 1,000",365,365,0,365,365,57,1,307,0,0,365,57,1,307,0,0,0,0,0,0,0,0
439446,Atlantic Institute of Oriental Medicine,2012,"Under 1,000",156,156,0,156,18,0,0,18,0,138,18,0,0,18,0,138,0,0,0,0,0,0
439455,ATS Institute of Technology,2012,"Under 1,000",538,452,86,486,538,206,0,332,0,0,452,175,0,277,0,0,86,31,0,55,0,0
439473,Bennett Career Institute,2012,"Under 1,000",288,159,129,210,288,90,0,198,0,0,159,44,0,115,0,0,129,46,0,83,0,0
439482,Blue Cliff College-Shreveport,2012,"Under 1,000",407,256,151,316,407,75,0,332,0,0,256,53,0,203,0,0,151,22,0,129,0,0
439491,Blue Cliff College-Lafayette,2012,"Under 1,000",266,264,2,265,266,207,0,59,0,0,264,206,0,58,0,0,2,1,0,1,0,0
439507,Quest College,2012,"Under 1,000",369,369,0,369,369,262,0,107,0,0,369,262,0,107,0,0,0,0,0,0,0,0
439525,Central Florida Institute,2012,"Under 1,000",462,462,0,462,462,239,197,26,0,0,462,239,197,26,0,0,0,0,0,0,0,0
439570,Community Care College,2012,"Under 1,000",679,679,0,679,679,247,48,384,0,0,679,247,48,384,0,0,0,0,0,0,0,0
439589,Marinello Schools of Beauty-Topeka,2012,"Under 1,000",334,265,69,292,334,96,0,238,0,0,265,72,0,193,0,0,69,24,0,45,0,0
439613,Crossroads Bible College,2012,"Under 1,000",219,126,93,163,219,16,58,145,0,0,126,14,39,73,0,0,93,2,19,72,0,0
439622,Erie 1 BOCES,2012,"Under 1,000",154,154,0,154,154,30,0,124,0,0,154,30,0,124,0,0,0,0,0,0,0,0
439631,Fayette Beauty Academy,2012,"Under 1,000",36,36,0,36,36,24,0,12,0,0,36,24,0,12,0,0,0,0,0,0,0,0
439668,HDS Truck Driving Institute,2012,"Under 1,000",143,143,0,143,143,79,0,64,0,0,143,79,0,64,0,0,0,0,0,0,0,0
439686,International Training Careers,2012,"Under 1,000",311,268,43,285,311,97,0,214,0,0,268,70,0,198,0,0,43,27,0,16,0,0
439701,King's University,2012,"Under 1,000",519,225,294,339,270,68,178,24,0,249,119,35,77,7,0,106,151,33,101,17,0,143
439738,Fortis College-Baton Rouge,2012,"Under 1,000",411,411,0,411,411,36,59,316,0,0,411,36,59,316,0,0,0,0,0,0,0,0
439747,My Le's Beauty College,2012,"Under 1,000",54,45,9,49,54,49,0,5,0,0,45,41,0,4,0,0,9,8,0,1,0,0
439774,New Concept Massage and Beauty School,2012,"Under 1,000",41,30,11,34,41,31,0,10,0,0,30,23,0,7,0,0,11,8,0,3,0,0
439783,New York College of Traditional Chinese Medicine,2012,"Under 1,000",141,87,54,108,59,0,15,36,8,82,41,0,13,28,0,46,18,0,2,8,8,36
439792,Fortis College-Orange Park,2012,"Under 1,000",342,342,0,342,342,49,34,259,0,0,342,49,34,259,0,0,0,0,0,0,0,0
439817,Northeastern Seminary,2012,"Under 1,000",173,136,37,150,0,0,0,0,0,173,0,0,0,0,0,136,0,0,0,0,0,37
439826,Bryan College-Gold River,2012,"Under 1,000",544,544,0,544,544,86,0,458,0,0,544,86,0,458,0,0,0,0,0,0,0,0
439844,Omega Institute of Cosmetology,2012,"Under 1,000",58,58,0,58,58,11,0,47,0,0,58,11,0,47,0,0,0,0,0,0,0,0
439862,Pacific Islands University,2012,"Under 1,000",77,52,25,62,75,22,8,39,6,2,52,18,7,27,0,0,23,4,1,12,6,2
439871,PCI College,2012,"Under 1,000",103,103,0,103,103,33,0,70,0,0,103,33,0,70,0,0,0,0,0,0,0,0
439899,Rosedale Bible College,2012,"Under 1,000",56,46,10,50,56,30,6,16,4,0,46,26,6,13,1,0,10,4,0,3,3,0
439905,American Career College at St Francis,2012,"Under 1,000",57,57,0,57,57,7,0,50,0,0,57,7,0,50,0,0,0,0,0,0,0,0
439914,Seattle Institute of Oriental Medicine,2012,"Under 1,000",40,40,0,40,0,0,0,0,0,40,0,0,0,0,0,40,0,0,0,0,0,0
439932,Shawnee Beauty College,2012,"Under 1,000",27,27,0,27,27,21,0,6,0,0,27,21,0,6,0,0,0,0,0,0,0,0
439969,Acupuncture and Massage College,2012,"Under 1,000",172,145,27,156,27,13,0,14,0,145,0,0,0,0,0,145,27,13,0,14,0,0
439978,Southeastern School of Cosmetology,2012,"Under 1,000",137,137,0,137,137,59,0,78,0,0,137,59,0,78,0,0,0,0,0,0,0,0
439996,Universal Therapeutic Massage Institute,2012,"Under 1,000",88,88,0,88,88,70,0,18,0,0,88,70,0,18,0,0,0,0,0,0,0,0
440004,Upper Valley Educators Institute,2012,"Under 1,000",36,36,0,36,0,0,0,0,0,36,0,0,0,0,0,36,0,0,0,0,0,0
440031,Keck Graduate Institute,2012,"Under 1,000",177,166,11,170,0,0,0,0,0,177,0,0,0,0,0,166,0,0,0,0,0,11
440059,Aviation Institute of Maintenance-Atlanta,2012,"Under 1,000",558,454,104,495,558,84,0,474,0,0,454,81,0,373,0,0,104,3,0,101,0,0
440077,National Beauty College,2012,"Under 1,000",47,47,0,47,47,21,0,26,0,0,47,21,0,26,0,0,0,0,0,0,0,0
440086,Star Career Academy-Egg Harbor,2012,"Under 1,000",313,221,92,258,313,225,0,88,0,0,221,161,0,60,0,0,92,64,0,28,0,0
440101,Empire Beauty School-Kennesaw,2012,"Under 1,000",156,99,57,122,156,28,0,128,0,0,99,24,0,75,0,0,57,4,0,53,0,0
440147,Westwood College-River Oaks,2012,"Under 1,000",388,334,54,355,388,30,39,319,0,0,334,29,38,267,0,0,54,1,1,52,0,0
440165,ITT Technical Institute-Green Bay,2012,"Under 1,000",344,235,109,278,344,21,8,315,0,0,235,16,5,214,0,0,109,5,3,101,0,0
440174,Career Training Academy-Pittsburgh,2012,"Under 1,000",70,70,0,70,70,13,11,46,0,0,70,13,11,46,0,0,0,0,0,0,0,0
440217,Huntingdon County Career and Technology Center,2012,"Under 1,000",35,35,0,35,35,20,0,15,0,0,35,20,0,15,0,0,0,0,0,0,0,0
440226,Missouri College of Cosmetology North,2012,"Under 1,000",97,97,0,97,97,42,0,55,0,0,97,42,0,55,0,0,0,0,0,0,0,0
440262,New York Automotive and Diesel Institute,2012,"Under 1,000",393,393,0,393,393,116,0,277,0,0,393,116,0,277,0,0,0,0,0,0,0,0
440271,Remington College-Baton Rouge Campus,2012,"Under 1,000",328,328,0,328,328,97,1,230,0,0,328,97,1,230,0,0,0,0,0,0,0,0
440299,Everest College-Ontario Metro,2012,"1,000 - 4,999",1034,612,422,778,1034,64,39,931,0,0,612,31,15,566,0,0,422,33,24,365,0,0
440323,Kaplan College-Beaumont,2012,"Under 1,000",319,319,0,319,319,53,53,213,0,0,319,53,53,213,0,0,0,0,0,0,0,0
440332,Kaplan College-Laredo,2012,"Under 1,000",287,287,0,287,287,55,37,195,0,0,287,55,37,195,0,0,0,0,0,0,0,0
440341,The Art Institute of Washington,2012,"1,000 - 4,999",1557,1149,408,1309,1557,308,204,1033,12,0,1149,264,145,737,3,0,408,44,59,296,9,0
440369,Everest Institute-Dearborn,2012,"Under 1,000",668,668,0,668,668,61,0,607,0,0,668,61,0,607,0,0,0,0,0,0,0,0
440402,Arkansas State University-Newport,2012,"1,000 - 4,999",2043,845,1198,1247,2043,349,543,408,743,0,845,269,236,269,71,0,1198,80,307,139,672,0
440411,Marlboro College-Graduate School,2012,"Under 1,000",188,64,124,112,16,0,7,9,0,172,3,0,2,1,0,61,13,0,5,8,0,111
440420,University of Phoenix-Boston Campus,2012,"Under 1,000",297,297,0,297,255,4,26,225,0,42,255,4,26,225,0,42,0,0,0,0,0,0
440457,University of Phoenix-Milwaukee Campus,2012,"Under 1,000",425,425,0,425,403,57,49,297,0,22,403,57,49,297,0,22,0,0,0,0,0,0
440466,University of Phoenix-Idaho Campus,2012,"Under 1,000",439,439,0,439,409,10,19,380,0,30,409,10,19,380,0,30,0,0,0,0,0,0
440484,Westwood College-Inland Empire,2012,"1,000 - 4,999",1092,885,207,966,1092,136,40,916,0,0,885,133,36,716,0,0,207,3,4,200,0,0
440642,ITT Technical Institute-Levittown,2012,"Under 1,000",472,385,87,420,472,49,8,415,0,0,385,48,6,331,0,0,87,1,2,84,0,0
440651,Atenas College,2012,"1,000 - 4,999",1390,1120,270,1226,1390,151,420,819,0,0,1120,146,409,565,0,0,270,5,11,254,0,0
440721,Southwest Skill Center-Campus of Estrella Mountain Community College,2012,"Under 1,000",247,126,121,167,247,65,0,182,0,0,126,33,0,93,0,0,121,32,0,89,0,0
440730,Onondaga Cortland Madison BOCES,2012,"Under 1,000",587,587,0,587,587,374,0,213,0,0,587,374,0,213,0,0,0,0,0,0,0,0
440749,National American University-Ellsworth AFB Extension,2012,"Under 1,000",247,42,205,123,247,6,9,116,116,0,42,1,2,36,3,0,205,5,7,80,113,0
440758,National American University-Albuquerque West,2012,"Under 1,000",327,50,277,159,327,26,47,254,0,0,50,5,9,36,0,0,277,21,38,218,0,0
440767,National American University-Brooklyn Center,2012,"Under 1,000",857,74,783,382,857,68,168,617,4,0,74,7,21,46,0,0,783,61,147,571,4,0
440776,Interactive Learning Systems-Pasadena,2012,"Under 1,000",14,14,0,14,14,9,0,5,0,0,14,9,0,5,0,0,0,0,0,0,0,0
440794,Pillar College,2012,"Under 1,000",360,288,72,316,360,57,82,213,8,0,288,52,72,164,0,0,72,5,10,49,8,0
440800,Miami Ad School-Minneapolis,2012,"Under 1,000",29,29,0,29,29,0,0,29,0,0,29,0,0,29,0,0,0,0,0,0,0,0
440819,Miami Ad School-San Francisco,2012,"Under 1,000",111,111,0,111,111,0,0,111,0,0,111,0,0,111,0,0,0,0,0,0,0,0
440828,Oregon State University-Cascades Campus,2012,"Under 1,000",798,232,566,458,659,0,180,457,22,139,160,0,25,135,0,72,499,0,155,322,22,67
440855,Milan Institute-Amarillo,2012,"Under 1,000",150,150,0,150,150,46,0,104,0,0,150,46,0,104,0,0,0,0,0,0,0,0
440873,Vatterott College-Dividend,2012,"1,000 - 4,999",938,938,0,938,938,94,62,782,0,0,938,94,62,782,0,0,0,0,0,0,0,0
440882,Vatterott College-Tulsa,2012,"Under 1,000",172,172,0,172,172,12,10,150,0,0,172,12,10,150,0,0,0,0,0,0,0,0
440891,Vatterott College-Wichita,2012,"Under 1,000",207,207,0,207,207,45,18,144,0,0,207,45,18,144,0,0,0,0,0,0,0,0
440907,Star Career Academy-Newark,2012,"Under 1,000",741,374,367,520,741,724,0,17,0,0,374,362,0,12,0,0,367,362,0,5,0,0
440916,Southern University Law Center,2012,"Under 1,000",757,736,21,744,0,0,0,0,0,757,0,0,0,0,0,736,0,0,0,0,0,21
440925,International Academy of Design and Technology-Orlando,2012,"Under 1,000",460,400,60,424,460,20,17,423,0,0,400,13,13,374,0,0,60,7,4,49,0,0
440952,Lincoln Technical Institute-Lowell,2012,"Under 1,000",354,288,66,314,354,103,0,251,0,0,288,87,0,201,0,0,66,16,0,50,0,0
440989,Texas Barber Colleges and Hairstyling Schools,2012,"Under 1,000",983,983,0,983,983,88,0,895,0,0,983,88,0,895,0,0,0,0,0,0,0,0
441016,Everest Institute-Hobby,2012,"Under 1,000",646,646,0,646,646,132,0,514,0,0,646,132,0,514,0,0,0,0,0,0,0,0
441025,Miller-Motte Technical College-North Charleston,2012,"Under 1,000",691,464,227,554,691,130,96,465,0,0,464,103,73,288,0,0,227,27,23,177,0,0
441052,American Career College-Anaheim,2012,"1,000 - 4,999",1748,1748,0,1748,1748,142,251,1355,0,0,1748,142,251,1355,0,0,0,0,0,0,0,0
441070,Saginaw Chippewa Tribal College,2012,"Under 1,000",127,46,81,73,127,29,5,71,22,0,46,16,2,24,4,0,81,13,3,47,18,0
441089,Wyo Tech-Blairsville,2012,"1,000 - 4,999",1784,1784,0,1784,1784,500,84,1200,0,0,1784,500,84,1200,0,0,0,0,0,0,0,0
441104,Richmont Graduate University,2012,"Under 1,000",256,157,99,195,0,0,0,0,0,256,0,0,0,0,0,157,0,0,0,0,0,99
441131,The Seattle School of Theology & Psychology,2012,"Under 1,000",278,112,166,175,0,0,0,0,0,278,0,0,0,0,0,112,0,0,0,0,0,166
441168,Northwest College-Hillsboro,2012,"Under 1,000",102,102,0,102,102,16,0,86,0,0,102,16,0,86,0,0,0,0,0,0,0,0
441195,American Broadcasting School-Arlington,2012,"Under 1,000",65,65,0,65,65,26,0,39,0,0,65,26,0,39,0,0,0,0,0,0,0,0
441201,Miami-Jacobs Career College-Sharonville,2012,"Under 1,000",170,110,60,134,170,38,22,110,0,0,110,27,14,69,0,0,60,11,8,41,0,0
441210,East Valley Institute of Technology,2012,"Under 1,000",308,142,166,198,308,275,0,33,0,0,142,117,0,25,0,0,166,158,0,8,0,0
441229,West Coast Ultrasound Institute,2012,"Under 1,000",783,783,0,783,783,179,0,494,110,0,783,179,0,494,110,0,0,0,0,0,0,0
441238,Irell & Manella Graduate School of Biological Sciences at City of Hope,2012,"Under 1,000",85,85,0,85,0,0,0,0,0,85,0,0,0,0,0,85,0,0,0,0,0,0
441256,Design's School of Cosmetology,2012,"Under 1,000",65,41,24,51,65,21,0,44,0,0,41,12,0,29,0,0,24,9,0,15,0,0
441274,Paul Mitchell the School-Santa Barbara,2012,"Under 1,000",160,118,42,135,160,38,0,122,0,0,118,33,0,85,0,0,42,5,0,37,0,0
441308,University of the Rockies,2012,"1,000 - 4,999",2015,1712,303,1828,0,0,0,0,0,2015,0,0,0,0,0,1712,0,0,0,0,0,303
441317,Eli Whitney Technical High School,2012,"Under 1,000",55,55,0,55,55,55,0,0,0,0,55,55,0,0,0,0,0,0,0,0,0,0
441335,Vinal Technical High School,2012,"Under 1,000",35,35,0,35,35,0,0,35,0,0,35,0,0,35,0,0,0,0,0,0,0,0
441353,Windham Technical High School,2012,"Under 1,000",14,14,0,14,14,6,0,8,0,0,14,6,0,8,0,0,0,0,0,0,0,0
441362,Harris School of Business-Wilmington Campus,2012,"Under 1,000",525,393,132,445,525,405,0,120,0,0,393,300,0,93,0,0,132,105,0,27,0,0
441371,Ultimate Medical Academy-Clearwater,2012,"Under 1,000",414,343,71,371,414,112,0,302,0,0,343,112,0,231,0,0,71,0,0,71,0,0
441380,Florida Barber Academy,2012,"Under 1,000",281,220,61,244,281,99,0,182,0,0,220,83,0,137,0,0,61,16,0,45,0,0
441405,Jacksonville Beauty Institute,2012,"Under 1,000",13,13,0,13,13,10,0,3,0,0,13,10,0,3,0,0,0,0,0,0,0,0
441414,M-DCPS The English Center,2012,"Under 1,000",505,74,431,219,505,162,0,343,0,0,74,22,0,52,0,0,431,140,0,291,0,0
441423,Florida Education Institute,2012,"Under 1,000",268,268,0,268,268,101,0,167,0,0,268,101,0,167,0,0,0,0,0,0,0,0
441441,Institute of Technical Arts,2012,"Under 1,000",244,242,2,243,244,219,0,25,0,0,242,218,0,24,0,0,2,1,0,1,0,0
441478,National Graduate School of Quality Management,2012,"Under 1,000",294,294,0,294,85,0,85,0,0,209,85,0,85,0,0,209,0,0,0,0,0,0
441487,Texas County Technical College,2012,"Under 1,000",140,104,36,118,140,31,46,63,0,0,104,29,33,42,0,0,36,2,13,21,0,0
441496,Aviation Institute of Maintenance-Kansas City,2012,"Under 1,000",191,133,58,156,191,26,0,165,0,0,133,24,0,109,0,0,58,2,0,56,0,0
441502,Blue Cliff College-Gulfport,2012,"Under 1,000",204,178,26,188,204,113,90,1,0,0,178,102,75,1,0,0,26,11,15,0,0,0
441511,Apex School of Theology,2012,"Under 1,000",873,772,101,811,728,136,0,592,0,145,660,114,0,546,0,112,68,22,0,46,0,33
441548,Institute for Therapeutic Massage,2012,"Under 1,000",121,121,0,121,121,114,0,7,0,0,121,114,0,7,0,0,0,0,0,0,0,0
441575,Metropolitan Learning Institute,2012,"Under 1,000",955,955,0,955,955,198,0,757,0,0,955,198,0,757,0,0,0,0,0,0,0,0
441593,Orleans Niagara BOCES-Practical Nursing Program,2012,"Under 1,000",37,37,0,37,37,4,0,33,0,0,37,4,0,33,0,0,0,0,0,0,0,0
441609,Yeshiva Shaarei Torah of Rockland,2012,"Under 1,000",118,118,0,118,118,2,3,113,0,0,118,2,3,113,0,0,0,0,0,0,0,0
441618,Leon Studio One School of Hair Design,2012,"Under 1,000",38,27,11,31,38,15,0,23,0,0,27,10,0,17,0,0,11,5,0,6,0,0
441627,St Joseph's Medical Center School of Radiography,2012,"Under 1,000",22,22,0,22,22,0,0,22,0,0,22,0,0,22,0,0,0,0,0,0,0,0
441636,American Institute of Alternative Medicine,2012,"Under 1,000",206,144,62,169,206,13,41,152,0,0,144,7,31,106,0,0,62,6,10,46,0,0
441645,Brown Aveda Institute-Mentor,2012,"Under 1,000",125,120,5,122,125,19,0,106,0,0,120,19,0,101,0,0,5,0,0,5,0,0
441663,Institute of Technology Inc,2012,"Under 1,000",332,305,27,316,332,87,0,245,0,0,305,85,0,220,0,0,27,2,0,25,0,0
441672,Susquehanna County Career and Technology Center,2012,"Under 1,000",16,16,0,16,16,11,0,5,0,0,16,11,0,5,0,0,0,0,0,0,0,0
441690,Universidad Pentecostal Mizpa,2012,"Under 1,000",372,151,221,238,340,31,42,256,11,32,132,15,20,97,0,19,208,16,22,159,11,13
441706,Caribbean Forensic and Technical College,2012,"Under 1,000",192,192,0,192,192,111,0,81,0,0,192,111,0,81,0,0,0,0,0,0,0,0
441742,Concorde Career College-Grand Prairie,2012,"Under 1,000",701,701,0,701,701,168,0,533,0,0,701,168,0,533,0,0,0,0,0,0,0,0
441751,Kussad Institute of Court Reporting,2012,"Under 1,000",24,24,0,24,24,3,0,21,0,0,24,3,0,21,0,0,0,0,0,0,0,0
441760,Lamar Institute of Technology,2012,"1,000 - 4,999",2894,1349,1545,1868,2894,756,471,1335,332,0,1349,500,255,553,41,0,1545,256,216,782,291,0
441779,MJ's Beauty Academy Inc,2012,"Under 1,000",56,56,0,56,56,13,0,43,0,0,56,13,0,43,0,0,0,0,0,0,0,0
441788,Aviation Institute of Maintenance-Dallas,2012,"Under 1,000",448,364,84,397,448,69,0,379,0,0,364,67,0,297,0,0,84,2,0,82,0,0
441830,Healing Mountain Massage School,2012,"Under 1,000",57,15,42,32,57,25,0,32,0,0,15,5,0,10,0,0,42,20,0,22,0,0
441858,Career Training Solutions,2012,"Under 1,000",175,95,80,127,175,90,0,75,10,0,95,42,0,53,0,0,80,48,0,22,10,0
441876,Rudy & Kelly Academy of Hair and Nails,2012,"Under 1,000",272,201,71,229,272,141,0,131,0,0,201,96,0,105,0,0,71,45,0,26,0,0
441900,Nevada State College,2012,"1,000 - 4,999",3389,1123,2266,2037,3389,266,472,2222,429,0,1123,157,139,819,8,0,2266,109,333,1403,421,0
441919,Virginia College-Jackson,2012,"Under 1,000",321,226,95,264,321,132,19,170,0,0,226,112,12,102,0,0,95,20,7,68,0,0
441928,Virginia College-Austin,2012,"Under 1,000",549,259,290,374,549,216,15,318,0,0,259,112,7,140,0,0,290,104,8,178,0,0
441937,California State University-Channel Islands,2012,"1,000 - 4,999",4920,4085,835,4419,4736,756,978,2992,10,184,3961,732,755,2466,8,124,775,24,223,526,2,60
441955,ITT Technical Institute-Springfield,2012,"Under 1,000",720,532,188,606,720,57,0,663,0,0,532,46,0,486,0,0,188,11,0,177,0,0
441964,ITT Technical Institute-Chantilly,2012,"Under 1,000",607,430,177,500,607,55,3,549,0,0,430,41,3,386,0,0,177,14,0,163,0,0
441973,The Art Institute of California-Argosy University Orange County,2012,"1,000 - 4,999",1920,995,925,1358,1920,349,251,1320,0,0,995,216,148,631,0,0,925,133,103,689,0,0
441982,Franklin W Olin College of Engineering,2012,"Under 1,000",355,355,0,355,355,81,2,259,13,0,355,81,2,259,13,0,0,0,0,0,0,0
442037,Lincoln Technical Institute-Northeast Philadelphia,2012,"Under 1,000",320,320,0,320,320,29,6,285,0,0,320,29,6,285,0,0,0,0,0,0,0,0
442046,Lincoln Technical Institute-Center City Philadelphia,2012,"Under 1,000",742,671,71,699,742,201,5,536,0,0,671,191,5,475,0,0,71,10,0,61,0,0
442064,Won Institute of Graduate Studies,2012,"Under 1,000",69,59,10,63,0,0,0,0,0,69,0,0,0,0,0,59,0,0,0,0,0,10
442073,Lincoln Technical Institute-Paramus,2012,"Under 1,000",825,486,339,621,825,211,0,614,0,0,486,115,0,371,0,0,339,96,0,243,0,0
442134,Pima Medical Institute-Colorado Springs,2012,"Under 1,000",607,607,0,607,607,144,0,463,0,0,607,144,0,463,0,0,0,0,0,0,0,0
442161,University of Phoenix-Chicago Campus,2012,"1,000 - 4,999",1214,1214,0,1214,1124,54,72,998,0,90,1124,54,72,998,0,90,0,0,0,0,0,0
442204,David's Academy of Beauty,2012,"Under 1,000",243,227,16,233,243,180,0,63,0,0,227,169,0,58,0,0,16,11,0,5,0,0
442213,Birthwise Midwifery School,2012,"Under 1,000",51,19,32,32,51,0,0,51,0,0,19,0,0,19,0,0,32,0,0,32,0,0
442222,Argosy University-Dallas,2012,"Under 1,000",473,75,398,228,166,18,35,112,1,307,48,5,10,33,0,27,118,13,25,79,1,280
442231,Le Cordon Bleu College of Culinary Arts-Orlando,2012,"1,000 - 4,999",1309,1309,0,1309,1309,187,92,1030,0,0,1309,187,92,1030,0,0,0,0,0,0,0,0
442240,Paul Mitchell the School-Costa Mesa,2012,"Under 1,000",295,218,77,249,295,72,0,223,0,0,218,52,0,166,0,0,77,20,0,57,0,0
442295,Ave Maria School of Law,2012,"Under 1,000",391,382,9,385,0,0,0,0,0,391,0,0,0,0,0,382,0,0,0,0,0,9
442329,Tulsa Welding School-Jacksonville,2012,"Under 1,000",634,634,0,634,634,189,0,445,0,0,634,189,0,445,0,0,0,0,0,0,0,0
442338,ITT Technical Institute-Canton,2012,"Under 1,000",519,351,168,417,519,40,25,454,0,0,351,31,24,296,0,0,168,9,1,158,0,0
442347,ITT Technical Institute-Plymouth Meeting,2012,"Under 1,000",296,203,93,240,296,34,7,255,0,0,203,27,6,170,0,0,93,7,1,85,0,0
442356,Pennsylvania College of Health Sciences,2012,"1,000 - 4,999",1375,511,864,850,1375,153,385,803,34,0,511,115,94,302,0,0,864,38,291,501,34,0
442383,West Virginia Junior College-Bridgeport,2012,"Under 1,000",229,208,21,216,229,66,34,129,0,0,208,65,31,112,0,0,21,1,3,17,0,0
442392,Antioch University-PhD Program in Leadership and Change,2012,"Under 1,000",147,147,0,147,0,0,0,0,0,147,0,0,0,0,0,147,0,0,0,0,0,0
442408,Vatterott College-Cleveland,2012,"Under 1,000",238,238,0,238,238,20,16,202,0,0,238,20,16,202,0,0,0,0,0,0,0,0
442426,St Louis College of Health Careers-Fenton,2012,"Under 1,000",256,192,64,217,256,57,141,58,0,0,192,57,92,43,0,0,64,0,49,15,0,0
442435,Interactive College of Technology-Gainesville,2012,"Under 1,000",46,46,0,46,46,21,0,25,0,0,46,21,0,25,0,0,0,0,0,0,0,0
442523,Alaska Christian College,2012,"Under 1,000",40,37,3,38,40,19,0,21,0,0,37,17,0,20,0,0,3,2,0,1,0,0
442569,Grantham University,2012,"5,000 - 9,999",9463,5523,3940,7068,7898,1131,803,5868,96,1565,4267,843,525,2893,6,1256,3631,288,278,2975,90,309
442578,Minnesota School of Business-Plymouth,2012,"Under 1,000",270,83,187,156,270,13,29,223,5,0,83,8,11,64,0,0,187,5,18,159,5,0
442602,Carrington College-Albuquerque,2012,"Under 1,000",628,628,0,628,628,61,113,454,0,0,628,61,113,454,0,0,0,0,0,0,0,0
442611,NASCAR Technical Institute,2012,"1,000 - 4,999",1527,1527,0,1527,1527,346,0,1181,0,0,1527,346,0,1181,0,0,0,0,0,0,0,0
442620,Everest Institute-Tigard,2012,"Under 1,000",332,332,0,332,332,40,0,292,0,0,332,40,0,292,0,0,0,0,0,0,0,0
442639,University of the Potomac-VA Campus,2012,"Under 1,000",19,19,0,19,19,5,0,14,0,0,19,5,0,14,0,0,0,0,0,0,0,0
442657,Milan Institute-Palm Desert,2012,"Under 1,000",247,247,0,247,247,76,0,171,0,0,247,76,0,171,0,0,0,0,0,0,0,0
442718,National American University-Overland Park,2012,"Under 1,000",550,88,462,269,550,41,105,404,0,0,88,3,6,79,0,0,462,38,99,325,0,0
442727,Everest Institute-Austin,2012,"1,000 - 4,999",1063,1063,0,1063,1063,250,0,813,0,0,1063,250,0,813,0,0,0,0,0,0,0,0
442736,Everest College-Burr Ridge,2012,"Under 1,000",350,350,0,350,350,30,0,320,0,0,350,30,0,320,0,0,0,0,0,0,0,0
442745,Medvance Institute-West Palm,2012,"Under 1,000",561,561,0,561,561,102,18,441,0,0,561,102,18,441,0,0,0,0,0,0,0,0
442781,Tohono O'Odham Community College,2012,"Under 1,000",214,62,152,113,214,32,7,135,40,0,62,19,7,34,2,0,152,13,0,101,38,0
442790,Everest College-Dallas,2012,"1,000 - 4,999",1047,821,226,911,1047,122,115,810,0,0,821,113,106,602,0,0,226,9,9,208,0,0
442806,Edward Via College of Osteopathic Medicine,2012,"1,000 - 4,999",1144,1144,0,1144,0,0,0,0,0,1144,0,0,0,0,0,1144,0,0,0,0,0,0
442815,The Salter School-Malden Campus,2012,"Under 1,000",394,281,113,326,394,335,0,59,0,0,281,240,0,41,0,0,113,95,0,18,0,0
442842,Pacific College of Oriental Medicine-Chicago,2012,"Under 1,000",232,125,107,167,85,5,7,71,2,147,14,3,3,8,0,111,71,2,4,63,2,36
442879,Southwest Institute of Healing Arts,2012,"1,000 - 4,999",1171,1171,0,1171,1171,297,0,833,41,0,1171,297,0,833,41,0,0,0,0,0,0,0
442888,InterCoast Colleges-Riverside,2012,"Under 1,000",259,259,0,259,259,61,0,198,0,0,259,61,0,198,0,0,0,0,0,0,0,0
442897,Ottawa University-Jeffersonville,2012,"Under 1,000",138,0,138,54,108,1,11,96,0,30,0,0,0,0,0,0,108,1,11,96,0,30
442930,University of Antelope Valley,2012,"Under 1,000",801,797,4,799,790,184,128,478,0,11,790,184,128,478,0,7,0,0,0,0,0,4
442949,Birthingway College of Midwifery,2012,"Under 1,000",91,36,55,58,91,0,0,76,15,0,36,0,0,36,0,0,55,0,0,40,15,0
442958,Blue Water College of Cosmetology Inc,2012,"Under 1,000",52,20,32,33,52,18,0,34,0,0,20,7,0,13,0,0,32,11,0,21,0,0
442967,Pima Medical Institute-Albuquerque West,2012,"Under 1,000",92,92,0,92,92,45,0,47,0,0,92,45,0,47,0,0,0,0,0,0,0,0
442976,Brighton Center's Center for Employment Training,2012,"Under 1,000",48,48,0,48,48,47,0,1,0,0,48,47,0,1,0,0,0,0,0,0,0,0
442985,California Healing Arts College,2012,"Under 1,000",45,45,0,45,45,21,0,24,0,0,45,21,0,24,0,0,0,0,0,0,0,0
443021,Dallas Barber & Stylist College,2012,"Under 1,000",187,187,0,187,187,121,0,66,0,0,187,121,0,66,0,0,0,0,0,0,0,0
443030,NorthShore University HealthSystem School of Nurse Anesthesia,2012,"Under 1,000",60,60,0,60,0,0,0,0,0,60,0,0,0,0,0,60,0,0,0,0,0,0
443049,Faith Evangelical College & Seminary,2012,"Under 1,000",335,225,110,268,149,22,17,108,2,186,85,11,13,59,2,140,64,11,4,49,0,46
443058,Family of Faith College,2012,"Under 1,000",20,17,3,18,20,1,0,18,1,0,17,1,0,16,0,0,3,0,0,2,1,0
443076,Hood Theological Seminary,2012,"Under 1,000",209,161,48,179,6,2,0,4,0,203,0,0,0,0,0,161,6,2,0,4,0,42
443100,Colegio Educativo Tecnologico Industrial Inc,2012,"Under 1,000",145,145,0,145,145,75,0,70,0,0,145,75,0,70,0,0,0,0,0,0,0,0
443128,International Technological University,2012,"Under 1,000",781,482,299,596,0,0,0,0,0,781,0,0,0,0,0,482,0,0,0,0,0,299
443137,Irene's Myomassology Institute,2012,"Under 1,000",331,331,0,331,331,238,0,93,0,0,331,238,0,93,0,0,0,0,0,0,0,0
443146,Jay's Technical Institute,2012,"Under 1,000",139,112,27,123,139,50,0,89,0,0,112,42,0,70,0,0,27,8,0,19,0,0
443173,Mr John's School of Cosmetology Esthetics & Nails-Jacksonville,2012,"Under 1,000",42,32,10,36,42,5,0,37,0,0,32,3,0,29,0,0,10,2,0,8,0,0
443207,NTMA Training Centers of Southern California,2012,"Under 1,000",172,172,0,172,172,168,0,4,0,0,172,168,0,4,0,0,0,0,0,0,0,0
443216,P C Age-Jersey City,2012,"Under 1,000",175,175,0,175,175,60,0,115,0,0,175,60,0,115,0,0,0,0,0,0,0,0
443225,P C Age-Edison,2012,"Under 1,000",59,59,0,59,59,53,0,6,0,0,59,53,0,6,0,0,0,0,0,0,0,0
443234,American Institute-Margate,2012,"Under 1,000",275,275,0,275,275,187,0,88,0,0,275,187,0,88,0,0,0,0,0,0,0,0
443252,South Florida Institute of Technology,2012,"Under 1,000",812,812,0,812,812,588,0,224,0,0,812,588,0,224,0,0,0,0,0,0,0,0
443261,Southeastern Institute-Charleston,2012,"Under 1,000",218,161,57,184,218,64,0,154,0,0,161,42,0,119,0,0,57,22,0,35,0,0
443270,Southeastern College-Jacksonville,2012,"Under 1,000",194,164,30,176,194,73,1,120,0,0,164,64,1,99,0,0,30,9,0,21,0,0
443289,Toni & Guy Hairdressing Academy-Colorado Springs,2012,"Under 1,000",72,72,0,72,72,56,0,16,0,0,72,56,0,16,0,0,0,0,0,0,0,0
443298,Trend Barber College,2012,"Under 1,000",234,234,0,234,234,5,0,229,0,0,234,5,0,229,0,0,0,0,0,0,0,0
443322,Valley Grande Institute for Academic Studies,2012,"Under 1,000",281,281,0,281,281,91,0,190,0,0,281,91,0,190,0,0,0,0,0,0,0,0
443331,West Coast University-Los Angeles,2012,"1,000 - 4,999",1371,1233,138,1287,1351,12,236,1103,0,20,1218,12,220,986,0,15,133,0,16,117,0,5
443340,Williamson Christian College,2012,"Under 1,000",84,78,6,80,84,4,10,70,0,0,78,4,8,66,0,0,6,0,2,4,0,0
443359,International Barber & Style College,2012,"Under 1,000",169,142,27,153,169,36,0,133,0,0,142,31,0,111,0,0,27,5,0,22,0,0
443377,Triangle Tech Inc-Sunbury,2012,"Under 1,000",108,108,0,108,108,61,13,34,0,0,108,61,13,34,0,0,0,0,0,0,0,0
443410,DigiPen Institute of Technology,2012,"1,000 - 4,999",1054,938,116,983,963,160,143,660,0,91,882,160,126,596,0,56,81,0,17,64,0,35
443438,Fortis Institute-Fort Lauderdale,2012,"Under 1,000",264,264,0,264,264,25,32,207,0,0,264,25,32,207,0,0,0,0,0,0,0,0
443483,Connecticut Center for Massage Therapy-Groton,2012,"Under 1,000",130,0,130,52,130,41,0,89,0,0,0,0,0,0,0,0,130,41,0,89,0,0
443492,Pierpont Community and Technical College,2012,"1,000 - 4,999",2925,1989,936,2303,2925,705,332,1338,550,0,1989,635,271,1066,17,0,936,70,61,272,533,0
443526,ITT Technical Institute-Duluth,2012,"Under 1,000",589,442,147,500,589,61,14,514,0,0,442,57,13,372,0,0,147,4,1,142,0,0
443535,ITT Technical Institute-Hilliard,2012,"Under 1,000",425,265,160,328,425,39,11,375,0,0,265,35,9,221,0,0,160,4,2,154,0,0
443544,University of Phoenix-Indianapolis Campus,2012,"Under 1,000",632,632,0,632,594,74,55,465,0,38,594,74,55,465,0,38,0,0,0,0,0,0
443562,Dewey University-Hato Rey,2012,"1,000 - 4,999",2628,1982,646,2236,2568,591,8,1969,0,60,1935,508,8,1419,0,47,633,83,0,550,0,13
443571,InterCoast Colleges-West Covina,2012,"Under 1,000",205,205,0,205,205,74,0,131,0,0,205,74,0,131,0,0,0,0,0,0,0,0
443599,American College of Healthcare Sciences,2012,"Under 1,000",389,25,364,167,331,27,76,228,0,58,23,6,11,6,0,2,308,21,65,222,0,56
443623,Le Cordon Bleu College of Culinary Arts-Atlanta,2012,"1,000 - 4,999",1262,1262,0,1262,1262,169,110,983,0,0,1262,169,110,983,0,0,0,0,0,0,0,0
443632,Colorado Media School,2012,"Under 1,000",174,174,0,174,174,78,0,96,0,0,174,78,0,96,0,0,0,0,0,0,0,0
443641,Paul Mitchell the School-Rhode Island,2012,"Under 1,000",187,121,66,147,187,69,0,118,0,0,121,48,0,73,0,0,66,21,0,45,0,0
443650,Miller-Motte Technical College-Chattanooga,2012,"Under 1,000",469,285,184,358,469,124,89,249,7,0,285,84,65,129,7,0,184,40,24,120,0,0
443669,Milan Institute-Sparks,2012,"Under 1,000",338,338,0,338,338,115,0,223,0,0,338,115,0,223,0,0,0,0,0,0,0,0
443678,Empire Beauty School-Framingham,2012,"Under 1,000",105,76,29,88,105,48,0,57,0,0,76,34,0,42,0,0,29,14,0,15,0,0
443687,Westwood College-Chicago Loop,2012,"Under 1,000",484,414,70,441,484,35,50,399,0,0,414,34,50,330,0,0,70,1,0,69,0,0
443696,Interactive Learning Systems-North Houston,2012,"Under 1,000",15,15,0,15,15,8,0,7,0,0,15,8,0,7,0,0,0,0,0,0,0,0
443702,Bexley Hall Episcopal Seminary,2012,"Under 1,000",17,14,3,15,0,0,0,0,0,17,0,0,0,0,0,14,0,0,0,0,0,3
443748,Everest Institute-Norcross,2012,"Under 1,000",494,486,8,489,494,89,61,344,0,0,486,89,61,336,0,0,8,0,0,8,0,0
443766,Strayer University-Tennessee,2012,"1,000 - 4,999",2137,179,1958,940,1293,107,174,1012,0,844,63,2,12,49,0,116,1230,105,162,963,0,728
443784,Strayer University-Pennsylvania,2012,"1,000 - 4,999",2592,318,2274,1205,1808,135,162,1501,10,784,160,8,21,129,2,158,1648,127,141,1372,8,626
443827,Kaplan College-Brownsville,2012,"Under 1,000",479,479,0,479,479,125,26,328,0,0,479,125,26,328,0,0,0,0,0,0,0,0
443836,Kaplan College-Corpus Christi,2012,"Under 1,000",492,492,0,492,492,70,29,393,0,0,492,70,29,393,0,0,0,0,0,0,0,0
443845,School of Health,2012,"Under 1,000",720,720,0,720,720,195,0,525,0,0,720,195,0,525,0,0,0,0,0,0,0,0
443854,Everest College-Arlington,2012,"Under 1,000",655,598,57,621,655,101,72,482,0,0,598,96,66,436,0,0,57,5,6,46,0,0
443942,Toni & Guy Hairdressing Academy-Boise,2012,"Under 1,000",103,103,0,103,103,9,0,94,0,0,103,9,0,94,0,0,0,0,0,0,0,0
443951,Charlie's Guard-Detective Bureau and Academy Inc,2012,"Under 1,000",102,102,0,102,102,59,0,43,0,0,102,59,0,43,0,0,0,0,0,0,0,0
443979,PCI Academy-Plymouth,2012,"Under 1,000",44,32,12,37,44,23,0,21,0,0,32,18,0,14,0,0,12,5,0,7,0,0
444024,Everest College-Tacoma,2012,"1,000 - 4,999",1001,956,45,974,1001,105,163,733,0,0,956,102,158,696,0,0,45,3,5,37,0,0
444042,National University College-Rio Grande,2012,"1,000 - 4,999",1613,894,719,1176,1613,371,125,1117,0,0,894,235,79,580,0,0,719,136,46,537,0,0
444051,Creative Images Institute of Cosmetology-South Dayton,2012,"Under 1,000",117,97,20,105,117,69,0,48,0,0,97,57,0,40,0,0,20,12,0,8,0,0
444079,Fortis Institute-Jacksonville,2012,"Under 1,000",296,273,23,282,296,60,0,236,0,0,273,51,0,222,0,0,23,9,0,14,0,0
444088,Brookline College-Albuquerque,2012,"Under 1,000",404,404,0,404,404,122,0,282,0,0,404,122,0,282,0,0,0,0,0,0,0,0
444103,Byzantine Catholic Seminary of Saints Cyril and Methodius,2012,"Under 1,000",14,11,3,12,0,0,0,0,0,14,0,0,0,0,0,11,0,0,0,0,0,3
444130,Northcentral University,2012,"5,000 - 9,999",9252,3178,6074,5501,329,0,21,308,0,8923,78,0,0,78,0,3100,251,0,21,230,0,5823
444158,Colorado Technical University-Online,2012,"20,000 and above",22608,14891,7717,17917,20132,1914,2021,15977,220,2476,12979,1279,1281,10394,25,1912,7153,635,740,5583,195,564
444167,Baker College of Allen Park,2012,"1,000 - 4,999",3993,2187,1806,2896,3991,636,569,2748,38,2,2187,482,338,1367,0,0,1804,154,231,1381,38,2
444194,Bayamon Community College,2012,"Under 1,000",196,196,0,196,196,43,0,153,0,0,196,43,0,153,0,0,0,0,0,0,0,0
444200,Harris School of Business-Dover Campus,2012,"Under 1,000",680,488,192,564,680,637,0,43,0,0,488,459,0,29,0,0,192,178,0,14,0,0
444219,Folsom Lake College,2012,"5,000 - 9,999",8353,2023,6330,4148,8353,1421,1010,5256,666,0,2023,477,59,1391,96,0,6330,944,951,3865,570,0
444228,LeGrand Institute of Cosmetology Inc,2012,"Under 1,000",36,36,0,36,36,14,0,22,0,0,36,14,0,22,0,0,0,0,0,0,0,0
444237,Everest Institute-Detroit,2012,"Under 1,000",480,480,0,480,480,39,0,441,0,0,480,39,0,441,0,0,0,0,0,0,0,0
444255,Daymar Institute-Murfreesboro,2012,"Under 1,000",316,243,73,272,316,17,42,257,0,0,243,14,41,188,0,0,73,3,1,69,0,0
444264,Cambridge Technical Institute,2012,"Under 1,000",140,119,21,127,140,46,0,94,0,0,119,36,0,83,0,0,21,10,0,11,0,0
444282,Empire Beauty School-Midlothian,2012,"Under 1,000",137,107,30,119,137,57,0,80,0,0,107,46,0,61,0,0,30,11,0,19,0,0
444291,Empire Beauty School-Owings Mills,2012,"Under 1,000",134,94,40,110,134,60,0,74,0,0,94,52,0,42,0,0,40,8,0,32,0,0
444307,Empire Beauty School-West Mifflin,2012,"Under 1,000",115,79,36,93,115,53,0,62,0,0,79,40,0,39,0,0,36,13,0,23,0,0
444316,Bold Beauty Academy,2012,"Under 1,000",155,155,0,155,155,127,0,28,0,0,155,127,0,28,0,0,0,0,0,0,0,0
444325,ATI College-Norwalk,2012,"Under 1,000",125,75,50,95,125,101,0,24,0,0,75,59,0,16,0,0,50,42,0,8,0,0
444334,Advance Science Institute,2012,"Under 1,000",8,8,0,8,8,7,0,1,0,0,8,7,0,1,0,0,0,0,0,0,0,0
444343,Advanced College,2012,"Under 1,000",134,134,0,134,134,45,0,89,0,0,134,45,0,89,0,0,0,0,0,0,0,0
444352,Advance Tech College,2012,"Under 1,000",150,150,0,150,150,27,0,123,0,0,150,27,0,123,0,0,0,0,0,0,0,0
444361,Advanced Training Associates,2012,"Under 1,000",82,82,0,82,82,24,0,58,0,0,82,24,0,58,0,0,0,0,0,0,0,0
444370,American Advanced Technicians Institute,2012,"Under 1,000",161,0,161,64,161,40,0,121,0,0,0,0,0,0,0,0,161,40,0,121,0,0
444398,Baptist University of the Americas,2012,"Under 1,000",198,145,53,166,198,25,17,156,0,0,145,23,15,107,0,0,53,2,2,49,0,0
444404,The Beauty Institute,2012,"Under 1,000",75,47,28,58,75,70,0,5,0,0,47,44,0,3,0,0,28,26,0,2,0,0
444413,Beis Medrash Heichal Dovid,2012,"Under 1,000",123,123,0,123,111,48,1,62,0,12,111,48,1,62,0,12,0,0,0,0,0,0
444422,Bellefonte Academy of Beauty,2012,"Under 1,000",157,157,0,157,157,3,0,154,0,0,157,3,0,154,0,0,0,0,0,0,0,0
444440,Blue Cliff Career College,2012,"Under 1,000",92,92,0,92,92,84,0,8,0,0,92,84,0,8,0,0,0,0,0,0,0,0
444468,Career Beauty College,2012,"Under 1,000",24,24,0,24,24,0,0,24,0,0,24,0,0,24,0,0,0,0,0,0,0,0
444486,Paul Mitchell the School-Gastonia,2012,"Under 1,000",355,281,74,310,355,57,0,298,0,0,281,46,0,235,0,0,74,11,0,63,0,0
444510,CES College,2012,"Under 1,000",146,118,28,129,146,32,0,114,0,0,118,18,0,100,0,0,28,14,0,14,0,0
444529,Computer Tutor Business and Technical Institute,2012,"Under 1,000",114,114,0,114,114,75,0,39,0,0,114,75,0,39,0,0,0,0,0,0,0,0
444547,Court Reporting Institute of Louisiana,2012,"Under 1,000",39,20,19,28,39,5,0,34,0,0,20,4,0,16,0,0,19,1,0,18,0,0
444556,Auguste Escoffier School of Culinary Arts-Austin,2012,"Under 1,000",91,91,0,91,91,89,0,2,0,0,91,89,0,2,0,0,0,0,0,0,0,0
444565,Culinary Institute Inc,2012,"Under 1,000",403,248,155,310,403,222,0,181,0,0,248,161,0,87,0,0,155,61,0,94,0,0
444574,Dade Medical College-Miami,2012,"Under 1,000",868,868,0,868,868,114,50,704,0,0,868,114,50,704,0,0,0,0,0,0,0,0
444583,Escuela Hotelera de San Juan,2012,"Under 1,000",818,818,0,818,818,569,0,249,0,0,818,569,0,249,0,0,0,0,0,0,0,0
444592,Expertise Cosmetology Institute,2012,"Under 1,000",47,29,18,36,47,40,0,7,0,0,29,23,0,6,0,0,18,17,0,1,0,0
444608,Paul Mitchell the School-Monroe,2012,"Under 1,000",49,49,0,49,49,18,0,31,0,0,49,18,0,31,0,0,0,0,0,0,0,0
444635,Healing Arts Institute,2012,"Under 1,000",55,0,55,22,55,14,0,41,0,0,0,0,0,0,0,0,55,14,0,41,0,0
444644,Health Works Institute,2012,"Under 1,000",30,30,0,30,30,10,0,20,0,0,30,10,0,20,0,0,0,0,0,0,0,0
444653,In Session Arts of Cosmetology Beauty School,2012,"Under 1,000",73,49,24,59,73,64,0,9,0,0,49,45,0,4,0,0,24,19,0,5,0,0
444662,Moore Career College,2012,"Under 1,000",58,39,19,47,58,18,0,40,0,0,39,18,0,21,0,0,19,0,0,19,0,0
444671,Industrial Technical College,2012,"Under 1,000",215,215,0,215,215,60,0,155,0,0,215,60,0,155,0,0,0,0,0,0,0,0
444680,Institute of Beauty Occupation and Technology Course,2012,"Under 1,000",38,38,0,38,38,18,0,20,0,0,38,18,0,20,0,0,0,0,0,0,0,0
444699,Institute of Clinical Acupuncture & Oriental Med,2012,"Under 1,000",50,42,8,45,0,0,0,0,0,50,0,0,0,0,0,42,0,0,0,0,0,8
444705,Institute of Hair Design,2012,"Under 1,000",28,28,0,28,28,20,0,8,0,0,28,20,0,8,0,0,0,0,0,0,0,0
444714,MedTech Institute-Atlanta Campus,2012,"Under 1,000",574,574,0,574,574,198,27,349,0,0,574,198,27,349,0,0,0,0,0,0,0,0
444723,Jones International University,2012,"1,000 - 4,999",3196,1499,1697,2159,1730,322,110,1247,51,1466,638,205,68,365,0,861,1092,117,42,882,51,605
444732,Leston College,2012,"Under 1,000",156,156,0,156,156,31,0,125,0,0,156,31,0,125,0,0,0,0,0,0,0,0
444769,Medical Professional Institute,2012,"Under 1,000",295,140,155,202,295,36,0,259,0,0,140,4,0,136,0,0,155,32,0,123,0,0
444778,New Life Theological Seminary,2012,"Under 1,000",144,48,96,85,106,13,8,85,0,38,45,4,3,38,0,3,61,9,5,47,0,35
444787,Nightingale College,2012,"Under 1,000",48,48,0,48,48,0,6,42,0,0,48,0,6,42,0,0,0,0,0,0,0,0
444796,Omnitech Institute,2012,"Under 1,000",104,104,0,104,104,93,0,11,0,0,104,93,0,11,0,0,0,0,0,0,0,0
444811,PITC Institute,2012,"Under 1,000",220,125,95,163,220,14,0,206,0,0,125,14,0,111,0,0,95,0,0,95,0,0
444857,Skinworks School of Advanced Skincare,2012,"Under 1,000",64,64,0,64,64,10,0,54,0,0,64,10,0,54,0,0,0,0,0,0,0,0
444866,Southeastern Institute-Columbia,2012,"Under 1,000",143,87,56,109,143,53,0,90,0,0,87,31,0,56,0,0,56,22,0,34,0,0
444893,Technical Learning Centers Inc,2012,"Under 1,000",225,225,0,225,225,157,0,68,0,0,225,157,0,68,0,0,0,0,0,0,0,0
444909,Total Look School of Cosmetology & Massage Therapy,2012,"Under 1,000",11,11,0,11,11,1,0,10,0,0,11,1,0,10,0,0,0,0,0,0,0,0
444927,The Art Institute of Tucson,2012,"Under 1,000",436,295,141,350,436,82,53,301,0,0,295,64,37,194,0,0,141,18,16,107,0,0
444936,Turning Point Beauty College,2012,"Under 1,000",56,56,0,56,56,44,0,12,0,0,56,44,0,12,0,0,0,0,0,0,0,0
444945,Unitech Training Academy-Lafayette,2012,"Under 1,000",92,92,0,92,92,62,0,30,0,0,92,62,0,30,0,0,0,0,0,0,0,0
444954,Mountwest Community and Technical College,2012,"1,000 - 4,999",2608,1476,1132,1856,2608,733,391,1039,445,0,1476,493,244,701,38,0,1132,240,147,338,407,0
444972,Centura College-Columbia,2012,"Under 1,000",212,153,59,176,212,61,0,151,0,0,153,40,0,113,0,0,59,21,0,38,0,0
444990,Flagler College-Tallahassee,2012,"Under 1,000",459,375,84,408,459,0,151,299,9,0,375,0,145,230,0,0,84,0,6,69,9,0
445027,American InterContinental University-Online,2012,"10,000 - 19,999",14170,7649,6521,10205,12271,1098,1343,9826,4,1899,6265,643,790,4832,0,1384,6006,455,553,4994,4,515
445072,Westwood College-Atlanta Midtown,2012,"Under 1,000",549,424,125,473,549,53,66,430,0,0,424,51,64,309,0,0,125,2,2,121,0,0
445081,ITT Technical Institute-Eden Prairie,2012,"Under 1,000",346,257,89,292,346,27,8,311,0,0,257,24,5,228,0,0,89,3,3,83,0,0
445090,Virginia College-Mobile,2012,"Under 1,000",470,348,122,396,470,146,11,313,0,0,348,122,7,219,0,0,122,24,4,94,0,0
445115,Le Cordon Bleu College of Culinary Arts-Las Vegas,2012,"Under 1,000",720,720,0,720,720,138,45,537,0,0,720,138,45,537,0,0,0,0,0,0,0,0
445124,International Academy of Design and Technology-Troy,2012,"Under 1,000",510,381,129,432,510,41,30,437,2,0,381,18,18,345,0,0,129,23,12,92,2,0
445133,American InterContinental University-Houston,2012,"Under 1,000",496,285,211,368,429,67,62,300,0,67,226,37,24,165,0,59,203,30,38,135,0,8
445188,University of California-Merced,2012,"5,000 - 9,999",5760,5690,70,5718,5431,1492,130,3809,0,329,5363,1492,127,3744,0,327,68,0,3,65,0,2
445197,Everest College-Fort Worth,2012,"Under 1,000",526,470,56,492,526,63,66,397,0,0,470,51,59,360,0,0,56,12,7,37,0,0
445203,Remington College-North Houston Campus,2012,"Under 1,000",545,545,0,545,545,183,2,360,0,0,545,183,2,360,0,0,0,0,0,0,0,0
445212,Paul Mitchell the School-Orlando,2012,"Under 1,000",272,191,81,223,272,68,0,204,0,0,191,47,0,144,0,0,81,21,0,60,0,0
445221,Regency Beauty Institute-Maplewood,2012,"Under 1,000",69,50,19,58,69,22,0,47,0,0,50,21,0,29,0,0,19,1,0,18,0,0
445230,Pima Medical Institute-Las Vegas,2012,"1,000 - 4,999",1089,1089,0,1089,1089,254,0,835,0,0,1089,254,0,835,0,0,0,0,0,0,0,0
445249,Remington College-Nashville Campus,2012,"Under 1,000",357,357,0,357,357,110,22,225,0,0,357,110,22,225,0,0,0,0,0,0,0,0
445258,Platt College-North OKC,2012,"Under 1,000",254,254,0,254,254,37,0,217,0,0,254,37,0,217,0,0,0,0,0,0,0,0
445267,Central Methodist University-College of Graduate and Extended Studies,2012,"1,000 - 4,999",4534,1233,3301,2529,4321,0,516,1093,2712,213,1057,0,337,708,12,176,3264,0,179,385,2700,37
445276,Westwood College-Northlake,2012,"Under 1,000",415,325,90,360,415,41,43,331,0,0,325,39,41,245,0,0,90,2,2,86,0,0
445300,University of Phoenix-Jersey City Campus,2012,"Under 1,000",488,488,0,488,488,45,24,419,0,0,488,45,24,419,0,0,0,0,0,0,0,0
445319,University of Phoenix-Minneapolis St Paul Campus,2012,"Under 1,000",277,277,0,277,243,19,34,190,0,34,243,19,34,190,0,34,0,0,0,0,0,0
445328,Kaplan College-Fort Worth,2012,"Under 1,000",268,268,0,268,268,57,16,195,0,0,268,57,16,195,0,0,0,0,0,0,0,0
445346,Kaplan College-Lubbock,2012,"Under 1,000",333,333,0,333,333,72,20,238,3,0,333,72,20,238,3,0,0,0,0,0,0,0
445364,North-West College-Riverside,2012,"Under 1,000",388,388,0,388,388,75,0,313,0,0,388,75,0,313,0,0,0,0,0,0,0,0
445373,Everest Institute-Chelsea,2012,"Under 1,000",398,398,0,398,398,84,0,314,0,0,398,84,0,314,0,0,0,0,0,0,0,0
445382,Everest Institute-Eagan,2012,"Under 1,000",380,380,0,380,380,60,0,320,0,0,380,60,0,320,0,0,0,0,0,0,0,0
445391,University of Phoenix-Louisville Campus,2012,"Under 1,000",237,237,0,237,214,17,19,178,0,23,214,17,19,178,0,23,0,0,0,0,0,0
445434,Everest University-Orange Park,2012,"Under 1,000",758,543,215,627,758,58,97,603,0,0,543,55,87,401,0,0,215,3,10,202,0,0
445461,Everest Institute-Bissonnet,2012,"Under 1,000",908,908,0,908,908,178,0,730,0,0,908,178,0,730,0,0,0,0,0,0,0,0
445470,Everest College-McLean,2012,"Under 1,000",335,273,62,298,335,36,22,277,0,0,273,36,22,215,0,0,62,0,0,62,0,0
445498,Colegio Tecnico de Electricidad Galloza,2012,"Under 1,000",64,64,0,64,64,23,0,41,0,0,64,23,0,41,0,0,0,0,0,0,0,0
445504,Empire Beauty School-St Paul,2012,"Under 1,000",76,51,25,61,76,26,0,50,0,0,51,14,0,37,0,0,25,12,0,13,0,0
445540,Arthur's Beauty School Inc-Conway,2012,"Under 1,000",70,70,0,70,70,15,0,55,0,0,70,15,0,55,0,0,0,0,0,0,0,0
445559,Vatterott College-St Charles,2012,"Under 1,000",282,282,0,282,282,34,28,220,0,0,282,34,28,220,0,0,0,0,0,0,0,0
445577,Anthem Institute-North Brunswick,2012,"Under 1,000",197,197,0,197,197,93,0,104,0,0,197,93,0,104,0,0,0,0,0,0,0,0
445638,Spa Tech Institute-Ipswich,2012,"Under 1,000",74,44,30,56,74,13,0,61,0,0,44,5,0,39,0,0,30,8,0,22,0,0
445647,Spa Tech Institute-Westboro,2012,"Under 1,000",85,54,31,66,85,33,0,52,0,0,54,22,0,32,0,0,31,11,0,20,0,0
445656,Spa Tech Institute-Plymouth,2012,"Under 1,000",121,67,54,88,121,13,0,108,0,0,67,8,0,59,0,0,54,5,0,49,0,0
445665,Milan Institute of Cosmetology-San Antonio Walzem,2012,"Under 1,000",227,227,0,227,227,56,0,171,0,0,227,56,0,171,0,0,0,0,0,0,0,0
445683,Wards Corner Beauty Academy-Virginia Beach,2012,"Under 1,000",35,35,0,35,35,2,0,33,0,0,35,2,0,33,0,0,0,0,0,0,0,0
445692,Neumont University,2012,"Under 1,000",368,368,0,368,368,103,31,234,0,0,368,103,31,234,0,0,0,0,0,0,0,0
445708,Johnson & Wales University-Charlotte,2012,"1,000 - 4,999",2401,2357,44,2374,2401,574,196,1631,0,0,2357,574,196,1587,0,0,44,0,0,44,0,0
445726,L'Ecole Culinaire-St Louis,2012,"Under 1,000",372,372,0,372,372,35,35,302,0,0,372,35,35,302,0,0,0,0,0,0,0,0
445735,Roseman University of Health Sciences,2012,"1,000 - 4,999",1202,1166,36,1180,243,0,104,139,0,959,243,0,104,139,0,923,0,0,0,0,0,36
445744,Fortis Institute-Port Saint Lucie,2012,"Under 1,000",489,489,0,489,489,112,20,357,0,0,489,112,20,357,0,0,0,0,0,0,0,0
445753,Fortis Institute-Miami,2012,"Under 1,000",243,243,0,243,243,21,12,210,0,0,243,21,12,210,0,0,0,0,0,0,0,0
445762,Aviation Institute of Maintenance-Manassas,2012,"Under 1,000",207,142,65,168,207,25,0,182,0,0,142,24,0,118,0,0,65,1,0,64,0,0
445771,Everest College-North Aurora,2012,"Under 1,000",335,335,0,335,335,54,0,281,0,0,335,54,0,281,0,0,0,0,0,0,0,0
445780,Cosmetology School of Arts and Sciences,2012,"Under 1,000",55,55,0,55,55,51,0,4,0,0,55,51,0,4,0,0,0,0,0,0,0,0
445799,Universal Technical Institute of Pennsylvania Inc,2012,"1,000 - 4,999",1768,1768,0,1768,1768,567,0,1201,0,0,1768,567,0,1201,0,0,0,0,0,0,0,0
445814,Heritage College-Kansas City,2012,"Under 1,000",739,739,0,739,739,123,88,528,0,0,739,123,88,528,0,0,0,0,0,0,0,0
445841,Kenneth Shuler School of Cosmetology-Spartanburg,2012,"Under 1,000",129,93,36,107,129,20,0,109,0,0,93,16,0,77,0,0,36,4,0,32,0,0
445850,Kenneth Shuler School of Cosmetology-Columbia,2012,"Under 1,000",119,85,34,98,119,10,0,109,0,0,85,8,0,77,0,0,34,2,0,32,0,0
445869,Institute for the Psychological Sciences,2012,"Under 1,000",84,80,4,82,0,0,0,0,0,84,0,0,0,0,0,80,0,0,0,0,0,4
445911,Lincoln Technical Institute-Shelton,2012,"Under 1,000",569,371,198,450,569,124,0,445,0,0,371,106,0,265,0,0,198,18,0,180,0,0
445920,Minnesota School of Business-Waite Park,2012,"Under 1,000",465,225,240,319,465,30,78,344,13,0,225,22,50,152,1,0,240,8,28,192,12,0
445948,Northwest Career College,2012,"Under 1,000",132,127,5,129,132,39,0,93,0,0,127,36,0,91,0,0,5,3,0,2,0,0
445957,Soma Institute-The National School of Clinical Massage Therapy,2012,"Under 1,000",338,0,338,134,338,138,0,200,0,0,0,0,0,0,0,0,338,138,0,200,0,0
445984,Xtreme Career Institute,2012,"Under 1,000",17,17,0,17,17,16,0,1,0,0,17,16,0,1,0,0,0,0,0,0,0,0
445993,Marinello Schools of Beauty-Niantic,2012,"Under 1,000",355,255,100,295,355,47,0,308,0,0,255,41,0,214,0,0,100,6,0,94,0,0
446002,American Academy of Acupuncture and Oriental Medicine,2012,"Under 1,000",75,51,24,60,0,0,0,0,0,75,0,0,0,0,0,51,0,0,0,0,0,24
446039,Arizona School of Acupuncture and Oriental Medicine,2012,"Under 1,000",41,36,5,38,0,0,0,0,0,41,0,0,0,0,0,36,0,0,0,0,0,5
446048,Ave Maria University,2012,"Under 1,000",976,948,28,959,882,260,113,506,3,94,863,254,112,497,0,85,19,6,1,9,3,9
446057,Blue Sky School of Professional Massage and Therapeutic Bodywork,2012,"Under 1,000",157,149,8,152,157,55,0,102,0,0,149,54,0,95,0,0,8,1,0,7,0,0
446075,Buchanan Beauty College,2012,"Under 1,000",20,20,0,20,20,3,0,17,0,0,20,3,0,17,0,0,0,0,0,0,0,0
446084,CALC Institute of Technology,2012,"Under 1,000",213,19,194,96,213,52,0,161,0,0,19,5,0,14,0,0,194,47,0,147,0,0
446093,Cambridge Junior College-Yuba City,2012,"Under 1,000",129,129,0,129,129,61,26,42,0,0,129,61,26,42,0,0,0,0,0,0,0,0
446109,Cambridge Institute of Allied Health & Technology,2012,"Under 1,000",196,196,0,196,196,73,0,123,0,0,196,73,0,123,0,0,0,0,0,0,0,0
446118,Career Care Institute,2012,"Under 1,000",616,616,0,616,616,322,0,294,0,0,616,322,0,294,0,0,0,0,0,0,0,0
446127,ATA Career Education,2012,"Under 1,000",195,195,0,195,195,2,52,141,0,0,195,2,52,141,0,0,0,0,0,0,0,0
446136,Career Quest Learning Centers-Lansing,2012,"Under 1,000",368,0,368,146,368,228,0,140,0,0,0,0,0,0,0,0,368,228,0,140,0,0
446145,Central State Massage Academy,2012,"Under 1,000",29,21,8,24,29,4,0,25,0,0,21,4,0,17,0,0,8,0,0,8,0,0
446163,Community Christian College,2012,"Under 1,000",110,84,26,94,110,16,0,93,1,0,84,15,0,69,0,0,26,1,0,24,1,0
446190,Crossett School of Cosmetology,2012,"Under 1,000",30,30,0,30,30,21,0,9,0,0,30,21,0,9,0,0,0,0,0,0,0,0
446206,Culpeper Cosmetology Training Center,2012,"Under 1,000",14,12,2,13,14,12,0,2,0,0,12,11,0,1,0,0,2,1,0,1,0,0
446215,Day Spa Career College,2012,"Under 1,000",46,46,0,46,46,2,0,44,0,0,46,2,0,44,0,0,0,0,0,0,0,0
446224,Eastern School of Acupuncture and Traditional Medicine,2012,"Under 1,000",81,80,1,80,81,0,0,81,0,0,80,0,0,80,0,0,1,0,0,1,0,0
446233,Ecclesia College,2012,"Under 1,000",166,118,48,137,166,49,26,70,21,0,118,36,19,48,15,0,48,13,7,22,6,0
446242,Employment Solutions-College for Technical Education,2012,"Under 1,000",149,148,1,148,149,51,0,98,0,0,148,51,0,97,0,0,1,0,0,1,0,0
446251,European Massage Therapy School-Skokie,2012,"Under 1,000",73,73,0,73,73,39,0,34,0,0,73,39,0,34,0,0,0,0,0,0,0,0
446260,Evergreen Beauty and Barber College-Everett,2012,"Under 1,000",160,160,0,160,160,30,0,130,0,0,160,30,0,130,0,0,0,0,0,0,0,0
446288,Paul Mitchell the School-Great Lakes,2012,"Under 1,000",93,60,33,73,93,30,0,63,0,0,60,21,0,39,0,0,33,9,0,24,0,0
446303,Healthcare Training Institute,2012,"Under 1,000",60,32,28,43,60,27,0,33,0,0,32,13,0,19,0,0,28,14,0,14,0,0
446349,John D Rockefeller IV Career Center,2012,"Under 1,000",3,3,0,3,3,2,0,1,0,0,3,2,0,1,0,0,0,0,0,0,0,0
446385,Los Angeles Music Academy,2012,"Under 1,000",138,133,5,135,138,31,33,74,0,0,133,31,33,69,0,0,5,0,0,5,0,0
446394,Maple Springs Baptist Bible College and Seminary,2012,"Under 1,000",99,6,93,42,74,2,2,70,0,25,3,1,0,2,0,3,71,1,2,68,0,22
446400,MCI Institute of Technology,2012,"Under 1,000",285,285,0,285,285,123,0,162,0,0,285,123,0,162,0,0,0,0,0,0,0,0
446446,Centura Institute,2012,"Under 1,000",108,68,40,84,108,32,0,76,0,0,68,19,0,49,0,0,40,13,0,27,0,0
446455,Precision Manufacturing Institute,2012,"Under 1,000",40,40,0,40,40,27,0,13,0,0,40,27,0,13,0,0,0,0,0,0,0,0
446464,Professional Massage Training Center,2012,"Under 1,000",116,116,0,116,116,7,0,109,0,0,116,7,0,109,0,0,0,0,0,0,0,0
446516,Rosslyn Training Academy of Cosmetology,2012,"Under 1,000",18,18,0,18,18,10,0,8,0,0,18,10,0,8,0,0,0,0,0,0,0,0
446525,SAE Institute of Technology-Nashville,2012,"Under 1,000",122,94,28,105,122,71,0,51,0,0,94,52,0,42,0,0,28,19,0,9,0,0
446534,eClips School of Cosmetology and Barbering,2012,"Under 1,000",52,52,0,52,52,47,0,5,0,0,52,47,0,5,0,0,0,0,0,0,0,0
446543,Shear Academy,2012,"Under 1,000",52,52,0,52,52,37,0,15,0,0,52,37,0,15,0,0,0,0,0,0,0,0
446552,Southern Technical College,2012,"1,000 - 4,999",1404,1404,0,1404,1404,1216,0,188,0,0,1404,1216,0,188,0,0,0,0,0,0,0,0
446561,Stanbridge College,2012,"Under 1,000",221,129,92,165,221,205,16,0,0,0,129,117,12,0,0,0,92,88,4,0,0,0
446570,Styletrends Barber and Hairstyling Academy,2012,"Under 1,000",45,8,37,23,45,26,0,19,0,0,8,6,0,2,0,0,37,20,0,17,0,0
446589,Universal Career School,2012,"Under 1,000",68,41,27,52,68,48,0,20,0,0,41,31,0,10,0,0,27,17,0,10,0,0
446598,Universal College of Healing Arts,2012,"Under 1,000",27,27,0,27,27,8,0,19,0,0,27,8,0,19,0,0,0,0,0,0,0,0
446604,Uta Mesivta of Kiryas Joel,2012,"1,000 - 4,999",1510,1510,0,1510,1510,227,196,1087,0,0,1510,227,196,1087,0,0,0,0,0,0,0,0
446613,W L Bonner College,2012,"Under 1,000",60,11,49,30,60,4,7,37,12,0,11,1,2,8,0,0,49,3,5,29,12,0
446640,Harrisburg University of Science and Technology,2012,"Under 1,000",354,268,86,301,287,134,8,130,15,67,259,133,6,120,0,9,28,1,2,10,15,58
446668,The Art Institute of Ohio-Cincinnati,2012,"Under 1,000",791,489,302,608,791,268,87,436,0,0,489,137,39,313,0,0,302,131,48,123,0,0
446677,Stevens-Henager College-Logan,2012,"Under 1,000",165,165,0,165,165,22,9,134,0,0,165,22,9,134,0,0,0,0,0,0,0,0
446729,University of Phoenix-Des Moines Campus,2012,"Under 1,000",58,58,0,58,46,5,6,35,0,12,46,5,6,35,0,12,0,0,0,0,0,0
446774,Blue Ridge Community and Technical College,2012,"1,000 - 4,999",4360,1144,3216,2224,4360,399,174,1393,2394,0,1144,279,83,771,11,0,3216,120,91,622,2383,0
446792,International Academy of Design and Technology-Henderson,2012,"Under 1,000",514,394,120,441,514,66,22,426,0,0,394,46,16,332,0,0,120,20,6,94,0,0
446808,International Academy of Design and Technology-Seattle,2012,"Under 1,000",335,241,94,278,335,29,21,285,0,0,241,14,10,217,0,0,94,15,11,68,0,0
446817,International Academy of Design and Technology-Nashville,2012,"Under 1,000",294,191,103,231,294,28,23,243,0,0,191,19,13,159,0,0,103,9,10,84,0,0
446835,Le Cordon Bleu College of Culinary Arts-Miami,2012,"1,000 - 4,999",1175,1175,0,1175,1175,136,56,983,0,0,1175,136,56,983,0,0,0,0,0,0,0,0
446844,Le Cordon Bleu College of Culinary Arts-Minneapolis,2012,"Under 1,000",868,868,0,868,868,136,50,682,0,0,868,136,50,682,0,0,0,0,0,0,0,0
446880,Career Technical College-Shreveport,2012,"Under 1,000",352,277,75,307,352,100,50,202,0,0,277,76,46,155,0,0,75,24,4,47,0,0
446899,ITT Technical Institute-Kansas City,2012,"Under 1,000",462,348,114,393,462,60,9,393,0,0,348,45,6,297,0,0,114,15,3,96,0,0
446905,ITT Technical Institute-Kennesaw,2012,"Under 1,000",406,319,87,353,406,33,12,361,0,0,319,30,10,279,0,0,87,3,2,82,0,0
446914,ITT Technical Institute-Owings Mills,2012,"Under 1,000",828,596,232,687,828,92,9,727,0,0,596,80,9,507,0,0,232,12,0,220,0,0
446923,ITT Technical Institute-Warrensville Heights,2012,"Under 1,000",474,286,188,360,474,63,16,395,0,0,286,40,9,237,0,0,188,23,7,158,0,0
446932,Union Graduate College,2012,"Under 1,000",454,156,298,270,0,0,0,0,0,454,0,0,0,0,0,156,0,0,0,0,0,298
446996,Chambersburg Beauty School,2012,"Under 1,000",71,44,27,55,71,18,0,53,0,0,44,9,0,35,0,0,27,9,0,18,0,0
447014,Daytona College,2012,"Under 1,000",351,351,0,351,351,93,174,84,0,0,351,93,174,84,0,0,0,0,0,0,0,0
447023,Delta Technical College,2012,"Under 1,000",608,608,0,608,608,203,0,405,0,0,608,203,0,405,0,0,0,0,0,0,0,0
447050,United States University,2012,"Under 1,000",266,97,169,163,197,0,34,119,44,69,71,0,20,50,1,26,126,0,14,69,43,43
447069,Westwood College-Arlington Ballston,2012,"Under 1,000",476,355,121,403,476,55,30,391,0,0,355,53,25,277,0,0,121,2,5,114,0,0
447102,Kaplan College-Bakersfield,2012,"Under 1,000",524,524,0,524,524,103,45,375,1,0,524,103,45,375,1,0,0,0,0,0,0,0
447120,Kaplan College-Fresno,2012,"Under 1,000",376,376,0,376,376,82,22,269,3,0,376,82,22,269,3,0,0,0,0,0,0,0
447148,Empire Beauty School-Avondale,2012,"Under 1,000",277,188,89,223,277,108,0,169,0,0,188,74,0,114,0,0,89,34,0,55,0,0
447166,Empire Beauty School-Littleton,2012,"Under 1,000",76,58,18,65,76,25,0,51,0,0,58,18,0,40,0,0,18,7,0,11,0,0
447175,Empire Beauty School-Aurora,2012,"Under 1,000",128,104,24,114,128,45,0,83,0,0,104,41,0,63,0,0,24,4,0,20,0,0
447209,Everest Institute-Gahanna,2012,"Under 1,000",496,496,0,496,496,48,0,448,0,0,496,48,0,448,0,0,0,0,0,0,0,0
447218,Everest College-Merrionette Park,2012,"Under 1,000",534,534,0,534,534,72,0,462,0,0,534,72,0,462,0,0,0,0,0,0,0,0
447227,Everest College-Earth City,2012,"Under 1,000",615,615,0,615,615,70,0,545,0,0,615,70,0,545,0,0,0,0,0,0,0,0
447236,Everest College-Mesa,2012,"Under 1,000",303,229,74,258,303,39,46,218,0,0,229,33,36,160,0,0,74,6,10,58,0,0
447245,Everest Institute-Silver Spring,2012,"Under 1,000",482,482,0,482,482,144,0,338,0,0,482,144,0,338,0,0,0,0,0,0,0,0
447254,Alvareitas College of Cosmetology-Belleville,2012,"Under 1,000",10,10,0,10,10,8,0,2,0,0,10,8,0,2,0,0,0,0,0,0,0,0
447263,AmeriTech College-Draper,2012,"1,000 - 4,999",1084,1084,0,1084,1084,225,0,859,0,0,1084,225,0,859,0,0,0,0,0,0,0,0
447272,Argosy University-Los Angeles,2012,"Under 1,000",612,172,440,342,277,54,47,174,2,335,107,18,22,67,0,65,170,36,25,107,2,270
447290,Brown Mackie College-Miami,2012,"1,000 - 4,999",1016,1016,0,1016,1016,145,94,777,0,0,1016,145,94,777,0,0,0,0,0,0,0,0
447315,Regency Beauty Institute-Darien,2012,"Under 1,000",42,26,16,32,42,11,0,31,0,0,26,9,0,17,0,0,16,2,0,14,0,0
447324,Regency Beauty Institute-Aurora,2012,"Under 1,000",129,87,42,104,129,47,0,82,0,0,87,36,0,51,0,0,42,11,0,31,0,0
447333,Regency Beauty Institute-Madison,2012,"Under 1,000",58,57,1,57,58,20,0,38,0,0,57,20,0,37,0,0,1,0,0,1,0,0
447342,Regency Beauty Institute-Ridgedale,2012,"Under 1,000",69,49,20,57,69,18,0,51,0,0,49,14,0,35,0,0,20,4,0,16,0,0
447360,Fortis College-Largo,2012,"Under 1,000",388,388,0,388,388,20,23,345,0,0,388,20,23,345,0,0,0,0,0,0,0,0
447379,Platt College-Moore,2012,"Under 1,000",205,205,0,205,205,59,0,146,0,0,205,59,0,146,0,0,0,0,0,0,0,0
447403,Universal Technical Institute of Massachusetts Inc,2012,"1,000 - 4,999",1138,1138,0,1138,1138,342,0,796,0,0,1138,342,0,796,0,0,0,0,0,0,0,0
447421,Eagle Gate College-Layton,2012,"Under 1,000",341,179,162,243,341,103,24,165,49,0,179,63,6,73,37,0,162,40,18,92,12,0
447430,Carsten Institute of Cosmetology,2012,"Under 1,000",128,96,32,109,128,38,0,90,0,0,96,26,0,70,0,0,32,12,0,20,0,0
447449,Academy of Hair Design-Jasper,2012,"Under 1,000",57,35,22,44,57,33,0,24,0,0,35,18,0,17,0,0,22,15,0,7,0,0
447458,Expression College for Digital Arts,2012,"Under 1,000",690,690,0,690,690,37,44,609,0,0,690,37,44,609,0,0,0,0,0,0,0,0
447467,Unitech Training Academy-West Monroe,2012,"Under 1,000",115,115,0,115,115,68,0,47,0,0,115,68,0,47,0,0,0,0,0,0,0,0
447476,Daymar College-Bellevue,2012,"Under 1,000",158,104,54,125,158,9,21,128,0,0,104,5,15,84,0,0,54,4,6,44,0,0
447494,Salter School-Fall River,2012,"Under 1,000",294,211,83,244,294,239,0,55,0,0,211,171,0,40,0,0,83,68,0,15,0,0
447519,Seacoast Career School-Manchester Campus,2012,"Under 1,000",394,271,123,320,394,284,0,110,0,0,271,196,0,75,0,0,123,88,0,35,0,0
447528,Instituto de Educacion Tecnica Ocupacional La Reine-Aguadilla,2012,"Under 1,000",192,192,0,192,192,172,0,20,0,0,192,172,0,20,0,0,0,0,0,0,0,0
447582,New River Community and Technical College,2012,"1,000 - 4,999",2857,1673,1184,2071,2857,538,379,1107,833,0,1673,476,278,870,49,0,1184,62,101,237,784,0
447591,The College of Health Care Professions-Southwest Houston,2012,"Under 1,000",193,193,0,193,193,191,0,2,0,0,193,191,0,2,0,0,0,0,0,0,0,0
447625,Eagle Gate College-Salt Lake City,2012,"Under 1,000",227,92,135,146,227,53,32,104,38,0,92,34,8,24,26,0,135,19,24,80,12,0
447634,Kaplan College-Palm Springs,2012,"Under 1,000",386,386,0,386,386,95,28,262,1,0,386,95,28,262,1,0,0,0,0,0,0,0
447670,Minnesota School of Business-Rochester,2012,"Under 1,000",340,211,129,262,340,28,57,246,9,0,211,20,41,149,1,0,129,8,16,97,8,0
447689,Georgia Gwinnett College,2012,"5,000 - 9,999",9397,6648,2749,7757,9397,2399,1045,5601,352,0,6648,1960,682,3901,105,0,2749,439,363,1700,247,0
447698,Phoenix Institute of Herbal Medicine & Acupuncture,2012,"Under 1,000",110,84,26,94,0,0,0,0,0,110,0,0,0,0,0,84,0,0,0,0,0,26
447704,Tucson College of Beauty,2012,"Under 1,000",63,42,21,50,63,19,0,44,0,0,42,13,0,29,0,0,21,6,0,15,0,0
447713,California Career College,2012,"Under 1,000",99,0,99,39,99,0,0,99,0,0,0,0,0,0,0,0,99,0,0,99,0,0
447722,Palladium Technical Academy,2012,"Under 1,000",58,58,0,58,58,8,0,50,0,0,58,8,0,50,0,0,0,0,0,0,0,0
447731,Palace Beauty College,2012,"Under 1,000",184,56,128,107,184,48,0,136,0,0,56,16,0,40,0,0,128,32,0,96,0,0
447759,National Polytechnic College,2012,"Under 1,000",256,256,0,256,256,54,0,202,0,0,256,54,0,202,0,0,0,0,0,0,0,0
447768,American Career College-Ontario,2012,"1,000 - 4,999",1574,1574,0,1574,1574,190,170,1214,0,0,1574,190,170,1214,0,0,0,0,0,0,0,0
447777,Asher College,2012,"Under 1,000",726,2,724,289,726,73,0,653,0,0,2,0,0,2,0,0,724,73,0,651,0,0
447795,American Institute of Massage Therapy,2012,"Under 1,000",23,23,0,23,23,21,0,2,0,0,23,21,0,2,0,0,0,0,0,0,0,0
447801,University of East-West Medicine,2012,"Under 1,000",196,134,62,158,0,0,0,0,0,196,0,0,0,0,0,134,0,0,0,0,0,62
447810,Blake Austin College,2012,"Under 1,000",282,282,0,282,282,107,0,175,0,0,282,107,0,175,0,0,0,0,0,0,0,0
447847,Aviator College of Aeronautical Science and Technology,2012,"Under 1,000",119,119,0,119,119,14,15,90,0,0,119,14,15,90,0,0,0,0,0,0,0,0
447856,Total International Career Institute,2012,"Under 1,000",213,213,0,213,213,61,0,152,0,0,213,61,0,152,0,0,0,0,0,0,0,0
447865,Trendsetters School of Beauty & Barbering,2012,"Under 1,000",40,17,23,26,40,33,0,7,0,0,17,15,0,2,0,0,23,18,0,5,0,0
447874,CDA Technical Institute,2012,"Under 1,000",106,106,0,106,106,49,0,57,0,0,106,49,0,57,0,0,0,0,0,0,0,0
447883,American Institute of Beauty,2012,"Under 1,000",43,35,8,38,43,33,0,10,0,0,35,27,0,8,0,0,8,6,0,2,0,0
447892,North Florida Cosmetology Institute Inc,2012,"Under 1,000",172,120,52,141,172,40,0,132,0,0,120,29,0,91,0,0,52,11,0,41,0,0
447908,Florida Academy of Health & Beauty,2012,"Under 1,000",26,26,0,26,26,4,0,22,0,0,26,4,0,22,0,0,0,0,0,0,0,0
447917,Augusta School of Massage,2012,"Under 1,000",76,52,24,62,76,40,0,36,0,0,52,26,0,26,0,0,24,14,0,10,0,0
447935,ATA College,2012,"Under 1,000",489,489,0,489,489,46,94,349,0,0,489,46,94,349,0,0,0,0,0,0,0,0
447953,SUM Bible College and Theological Seminary,2012,"Under 1,000",368,338,30,350,352,90,39,223,0,16,327,90,38,199,0,11,25,0,1,24,0,5
447962,Compass Career College,2012,"Under 1,000",158,158,0,158,158,77,0,81,0,0,158,77,0,81,0,0,0,0,0,0,0,0
447971,Hair Expressions Academy,2012,"Under 1,000",51,51,0,51,51,44,0,7,0,0,51,44,0,7,0,0,0,0,0,0,0,0
447980,Nuvo College of Cosmetology,2012,"Under 1,000",51,44,7,47,51,42,0,9,0,0,44,36,0,8,0,0,7,6,0,1,0,0
447999,WellSpring School of Allied Health-Kansas City,2012,"Under 1,000",165,124,41,140,165,43,0,122,0,0,124,34,0,90,0,0,41,9,0,32,0,0
448008,Hair Academy 110,2012,"Under 1,000",22,22,0,22,22,9,0,13,0,0,22,9,0,13,0,0,0,0,0,0,0,0
448017,Healing Touch Career College,2012,"Under 1,000",76,76,0,76,76,9,0,67,0,0,76,9,0,67,0,0,0,0,0,0,0,0
448026,The Salon Professional Academy-Fargo,2012,"Under 1,000",100,100,0,100,100,12,0,88,0,0,100,12,0,88,0,0,0,0,0,0,0,0
448035,Massage Therapy Trainining Institute,2012,"Under 1,000",38,30,8,33,38,9,0,29,0,0,30,7,0,23,0,0,8,2,0,6,0,0
448044,Institute of Professional Careers,2012,"Under 1,000",10,10,0,10,10,4,0,6,0,0,10,4,0,6,0,0,0,0,0,0,0,0
448071,Aveda Institute-New York,2012,"Under 1,000",147,105,42,122,147,42,0,105,0,0,105,32,0,73,0,0,42,10,0,32,0,0
448105,Northwest Regional Technology Institute,2012,"Under 1,000",39,39,0,39,39,16,0,23,0,0,39,16,0,23,0,0,0,0,0,0,0,0
448114,National Massage Therapy Institute,2012,"Under 1,000",678,678,0,678,678,185,10,483,0,0,678,185,10,483,0,0,0,0,0,0,0,0
448123,MyrAngel Beauty Institute,2012,"Under 1,000",121,121,0,121,121,115,0,6,0,0,121,115,0,6,0,0,0,0,0,0,0,0
448141,Institute of Hair Design,2012,"Under 1,000",80,80,0,80,80,6,0,74,0,0,80,6,0,74,0,0,0,0,0,0,0,0
448150,Tennessee Career Institute,2012,"Under 1,000",131,131,0,131,131,18,0,113,0,0,131,18,0,113,0,0,0,0,0,0,0,0
448196,Texas Health School,2012,"Under 1,000",167,134,33,147,167,76,0,91,0,0,134,61,0,73,0,0,33,15,0,18,0,0
448202,Mai-trix Beauty College,2012,"Under 1,000",108,81,27,92,108,48,0,60,0,0,81,37,0,44,0,0,27,11,0,16,0,0
448211,North West Beauty School,2012,"Under 1,000",66,17,49,36,66,62,0,4,0,0,17,16,0,1,0,0,49,46,0,3,0,0
448220,Maximum Style Tec School of Cosmetology,2012,"Under 1,000",53,53,0,53,53,15,0,38,0,0,53,15,0,38,0,0,0,0,0,0,0,0
448239,Careers Unlimited,2012,"Under 1,000",118,118,0,118,118,0,0,118,0,0,118,0,0,118,0,0,0,0,0,0,0,0
448248,Mountainland Applied Technology College,2012,"1,000 - 4,999",1936,228,1708,801,1936,593,0,228,1115,0,228,125,0,40,63,0,1708,468,0,188,1052,0
448257,Avi Career Training,2012,"Under 1,000",36,36,0,36,36,14,0,22,0,0,36,14,0,22,0,0,0,0,0,0,0,0
448275,Mountain State School of Massage,2012,"Under 1,000",26,26,0,26,26,23,0,3,0,0,26,23,0,3,0,0,0,0,0,0,0,0
448284,Doane College-Lincoln Grand Island and Master,2012,"1,000 - 4,999",1637,932,705,1204,772,2,107,656,7,865,537,2,67,467,1,395,235,0,40,189,6,470
448309,Shorter University-College of Adult & Professional Programs,2012,"1,000 - 4,999",1446,1446,0,1446,1252,9,35,1208,0,194,1252,9,35,1208,0,194,0,0,0,0,0,0
448345,The Art Institute of Indianapolis,2012,"Under 1,000",942,485,457,665,942,199,117,626,0,0,485,77,44,364,0,0,457,122,73,262,0,0
448354,Eastern International College-Belleville,2012,"Under 1,000",212,147,65,173,212,89,0,123,0,0,147,62,0,85,0,0,65,27,0,38,0,0
448415,MedTech College,2012,"1,000 - 4,999",1147,741,406,902,1147,174,52,921,0,0,741,107,15,619,0,0,406,67,37,302,0,0
448424,Broken Arrow Beauty College-Tulsa,2012,"Under 1,000",78,64,14,70,78,28,0,50,0,0,64,25,0,39,0,0,14,3,0,11,0,0
448433,Universal Technical Institute of Northern California Inc,2012,"1,000 - 4,999",1953,1953,0,1953,1953,447,0,1506,0,0,1953,447,0,1506,0,0,0,0,0,0,0,0
448442,ITT Technical Institute-Charlotte South,2012,"Under 1,000",453,329,124,378,453,41,8,404,0,0,329,31,5,293,0,0,124,10,3,111,0,0
448451,ITT Technical Institute-Clovis,2012,"Under 1,000",486,404,82,436,486,57,5,424,0,0,404,54,4,346,0,0,82,3,1,78,0,0
448460,ITT Technical Institute-Dunmore,2012,"Under 1,000",185,131,54,152,185,26,3,156,0,0,131,24,1,106,0,0,54,2,2,50,0,0
448479,ITT Technical Institute-Swartz Creek,2012,"Under 1,000",499,336,163,400,499,42,8,449,0,0,336,35,5,296,0,0,163,7,3,153,0,0
448488,ITT Technical Institute-Lexington,2012,"Under 1,000",270,193,77,223,270,41,4,225,0,0,193,35,1,157,0,0,77,6,3,68,0,0
448497,ITT Technical Institute-Maumee,2012,"Under 1,000",323,222,101,262,323,43,5,275,0,0,222,34,3,185,0,0,101,9,2,90,0,0
448503,ITT Technical Institute-Oklahoma City,2012,"Under 1,000",365,246,119,293,365,50,17,298,0,0,246,43,5,198,0,0,119,7,12,100,0,0
448512,ITT Technical Institute-Tulsa,2012,"Under 1,000",522,374,148,432,522,46,23,453,0,0,374,40,19,315,0,0,148,6,4,138,0,0
448567,University of Phoenix-Columbia Campus,2012,"Under 1,000",974,974,0,974,911,67,86,758,0,63,911,67,86,758,0,63,0,0,0,0,0,0
448576,The Art Institute of California-Argosy University Inland Empire,2012,"1,000 - 4,999",2315,1190,1125,1632,2315,690,43,1582,0,0,1190,314,11,865,0,0,1125,376,32,717,0,0
448585,National American University-Zona Rosa,2012,"Under 1,000",512,71,441,244,512,50,132,330,0,0,71,6,9,56,0,0,441,44,123,274,0,0
448594,West Hills College-Lemoore,2012,"1,000 - 4,999",3752,1293,2459,2119,3752,664,519,2349,220,0,1293,335,99,849,10,0,2459,329,420,1500,210,0
448600,Stautzenberger College-Brecksville,2012,"Under 1,000",294,56,238,150,294,97,0,197,0,0,56,17,0,39,0,0,238,80,0,158,0,0
448619,Stone Academy-East Hartford,2012,"Under 1,000",316,177,139,232,316,95,0,221,0,0,177,59,0,118,0,0,139,36,0,103,0,0
448628,Westwood College-Annandale,2012,"Under 1,000",431,351,80,382,431,31,35,365,0,0,351,30,35,286,0,0,80,1,0,79,0,0
448646,Unitech Training Academy-Houma,2012,"Under 1,000",50,50,0,50,50,34,0,16,0,0,50,34,0,16,0,0,0,0,0,0,0,0
448664,Miller-Motte Technical College-Madison,2012,"Under 1,000",417,329,88,364,417,127,54,236,0,0,329,103,46,180,0,0,88,24,8,56,0,0
448673,Rasmussen College-Illinois,2012,"1,000 - 4,999",1756,627,1129,1071,1756,142,213,1328,73,0,627,61,114,452,0,0,1129,81,99,876,73,0
448691,International Institute for Restorative Practices,2012,"Under 1,000",45,2,43,18,0,0,0,0,0,45,0,0,0,0,0,2,0,0,0,0,0,43
448707,Educational Technical College-Recinto de Coamo,2012,"Under 1,000",220,220,0,220,220,159,0,61,0,0,220,159,0,61,0,0,0,0,0,0,0,0
448716,Educational Technical College-Recinto de san Sebastian,2012,"Under 1,000",304,304,0,304,304,213,0,91,0,0,304,213,0,91,0,0,0,0,0,0,0,0
448734,Argosy University-Denver,2012,"Under 1,000",394,92,302,208,106,5,19,81,1,288,52,2,10,40,0,40,54,3,9,41,1,248
448752,College America-Colorado Springs,2012,"Under 1,000",436,436,0,436,436,53,34,349,0,0,436,53,34,349,0,0,0,0,0,0,0,0
448761,College America-Fort Collins,2012,"Under 1,000",234,234,0,234,234,34,0,200,0,0,234,34,0,200,0,0,0,0,0,0,0,0
448770,Automotive Training Center-Warminster,2012,"Under 1,000",353,312,41,328,353,51,0,302,0,0,312,41,0,271,0,0,41,10,0,31,0,0
448798,Empire Beauty School-Milwaukee,2012,"Under 1,000",131,102,29,114,131,43,0,88,0,0,102,35,0,67,0,0,29,8,0,21,0,0
448804,The Robert B Miller College,2012,"Under 1,000",367,82,285,194,367,0,88,277,2,0,82,0,22,60,0,0,285,0,66,217,2,0
448822,University of Phoenix-Fairfield County Campus,2012,"Under 1,000",43,43,0,43,28,4,6,18,0,15,28,4,6,18,0,15,0,0,0,0,0,0
448840,University of South Florida-St Petersburg,2012,"1,000 - 4,999",4587,2903,1684,3566,4076,651,582,2773,70,511,2796,636,376,1776,8,107,1280,15,206,997,62,404
448859,Triangle Tech Inc-Bethlehem,2012,"Under 1,000",130,130,0,130,130,63,14,53,0,0,130,63,14,53,0,0,0,0,0,0,0,0
448886,Arizona State University-Downtown Phoenix,2012,,,,,,,,,,,,,,,,,,,,,,,
448895,Milan Institute-Clovis,2012,"Under 1,000",492,492,0,492,492,117,0,375,0,0,492,117,0,375,0,0,0,0,0,0,0,0
448974,Branford Hall Career Institute-Albany Campus,2012,"Under 1,000",328,215,113,260,328,214,0,114,0,0,215,139,0,76,0,0,113,75,0,38,0,0
448983,Harris School of Business-Linwood Campus,2012,"Under 1,000",370,308,62,333,370,283,0,87,0,0,308,229,0,79,0,0,62,54,0,8,0,0
449010,The Art Institute of Tennessee-Nashville,2012,"Under 1,000",992,903,89,938,992,261,159,572,0,0,903,238,147,518,0,0,89,23,12,54,0,0
449038,Strayer University-Florida,2012,"1,000 - 4,999",3234,583,2651,1617,2259,94,265,1895,5,975,335,11,42,282,0,248,1924,83,223,1613,5,727
449074,Pima Medical Institute-Renton,2012,"Under 1,000",848,848,0,848,848,338,0,510,0,0,848,338,0,510,0,0,0,0,0,0,0,0
449083,College of Business and Technology-Flagler,2012,"Under 1,000",358,358,0,358,358,86,0,248,24,0,358,86,0,248,24,0,0,0,0,0,0,0
449092,College of Business and Technology-Hialeah,2012,"Under 1,000",78,78,0,78,78,70,0,8,0,0,78,70,0,8,0,0,0,0,0,0,0,0
449117,Miller-Motte College-Cary,2012,"Under 1,000",329,227,102,267,329,58,73,198,0,0,227,48,57,122,0,0,102,10,16,76,0,0
449126,Miami-Jacobs Career College-Springboro,2012,"Under 1,000",245,170,75,200,245,56,26,163,0,0,170,46,18,106,0,0,75,10,8,57,0,0
449135,Dewey University-Juana Díaz,2012,"Under 1,000",256,256,0,256,256,125,0,131,0,0,256,125,0,131,0,0,0,0,0,0,0,0
449144,Dewey University-Fajardo,2012,"Under 1,000",218,218,0,218,218,122,0,96,0,0,218,122,0,96,0,0,0,0,0,0,0,0
449153,Dewey University-Arroyo,2012,"Under 1,000",190,190,0,190,190,68,0,122,0,0,190,68,0,122,0,0,0,0,0,0,0,0
449162,Regency Beauty Institute-Independence,2012,"Under 1,000",74,74,0,74,74,25,0,49,0,0,74,25,0,49,0,0,0,0,0,0,0,0
449171,Regency Beauty Institute-St Peters,2012,"Under 1,000",108,72,36,86,108,37,0,71,0,0,72,24,0,48,0,0,36,13,0,23,0,0
449180,Regency Beauty Institute-Peoria,2012,"Under 1,000",88,68,20,76,88,36,0,52,0,0,68,32,0,36,0,0,20,4,0,16,0,0
449199,Regency Beauty Institute-Greenwood,2012,"Under 1,000",55,36,19,44,55,18,0,37,0,0,36,16,0,20,0,0,19,2,0,17,0,0
449205,Regency Beauty Institute-Mehlville,2012,"Under 1,000",59,59,0,59,59,27,0,32,0,0,59,27,0,32,0,0,0,0,0,0,0,0
449214,Regency Beauty Institute-Duluth,2012,"Under 1,000",60,60,0,60,60,20,0,40,0,0,60,20,0,40,0,0,0,0,0,0,0,0
449223,Regency Beauty Institute-Fairview Heights,2012,"Under 1,000",99,99,0,99,99,30,0,69,0,0,99,30,0,69,0,0,0,0,0,0,0,0
449232,Regency Beauty Institute-Champaign,2012,"Under 1,000",97,97,0,97,97,42,0,55,0,0,97,42,0,55,0,0,0,0,0,0,0,0
449241,Regency Beauty Institute-Olathe,2012,"Under 1,000",65,49,16,55,65,15,0,50,0,0,49,13,0,36,0,0,16,2,0,14,0,0
449250,The College of Health Care Professions-San Antonio,2012,"Under 1,000",226,226,0,226,226,206,0,20,0,0,226,206,0,20,0,0,0,0,0,0,0,0
449269,Everest Institute-South Plainfield,2012,"Under 1,000",724,724,0,724,724,164,0,560,0,0,724,164,0,560,0,0,0,0,0,0,0,0
449302,Daymar College-Madisonville,2012,"Under 1,000",55,30,25,40,55,1,1,53,0,0,30,0,1,29,0,0,25,1,0,24,0,0
449311,Brittany Beauty School,2012,"Under 1,000",227,155,72,184,227,95,0,132,0,0,155,63,0,92,0,0,72,32,0,40,0,0
449320,Lincoln Technical Institute-Whitestone,2012,"Under 1,000",888,888,0,888,888,262,0,626,0,0,888,262,0,626,0,0,0,0,0,0,0,0
449339,American Public University System,2012,"20,000 and above",58115,3898,54217,25071,45772,6359,5583,32191,1639,12343,3287,402,463,2421,1,611,42485,5957,5120,29770,1638,11732
449348,Huntsville Bible College,2012,"Under 1,000",102,22,80,53,102,12,8,82,0,0,22,3,2,17,0,0,80,9,6,65,0,0
449357,Beaumont Adult School,2012,"Under 1,000",143,143,0,143,143,36,0,107,0,0,143,36,0,107,0,0,0,0,0,0,0,0
449366,Make-up Designory,2012,"Under 1,000",390,388,2,389,390,311,0,79,0,0,388,309,0,79,0,0,2,2,0,0,0,0
449384,Gnomon School of Visual Effects,2012,"Under 1,000",154,154,0,154,154,4,0,150,0,0,154,4,0,150,0,0,0,0,0,0,0,0
449393,Coachella Valley Beauty College,2012,"Under 1,000",77,77,0,77,77,24,0,53,0,0,77,24,0,53,0,0,0,0,0,0,0,0
449436,Career College of California,2012,"Under 1,000",138,94,44,111,138,125,0,13,0,0,94,86,0,8,0,0,44,39,0,5,0,0
449445,Valley College of Medical Careers,2012,"Under 1,000",63,63,0,63,63,41,0,22,0,0,63,41,0,22,0,0,0,0,0,0,0,0
449454,Academy of Natural Therapy Inc,2012,"Under 1,000",70,55,15,61,70,8,20,42,0,0,55,6,15,34,0,0,15,2,5,8,0,0
449463,Academy Di Capelli-School of Cosmetology,2012,"Under 1,000",29,19,10,23,29,21,0,8,0,0,19,15,0,4,0,0,10,6,0,4,0,0
449472,Delaware Learning Institute of Cosmetology,2012,"Under 1,000",99,99,0,99,99,42,0,57,0,0,99,42,0,57,0,0,0,0,0,0,0,0
449490,Palm Beach Academy of Health & Beauty,2012,"Under 1,000",111,111,0,111,111,26,0,85,0,0,111,26,0,85,0,0,0,0,0,0,0,0
449506,SABER College,2012,"Under 1,000",549,549,0,549,549,102,226,221,0,0,549,102,226,221,0,0,0,0,0,0,0,0
449524,Taylor College,2012,"Under 1,000",198,198,0,198,198,46,0,152,0,0,198,46,0,152,0,0,0,0,0,0,0,0
449533,Pensacola School of Massage Therapy & Health Careers,2012,"Under 1,000",155,155,0,155,155,42,0,113,0,0,155,42,0,113,0,0,0,0,0,0,0,0
449597,Ideal Beauty Academy,2012,"Under 1,000",34,19,15,25,34,17,0,17,0,0,19,9,0,10,0,0,15,8,0,7,0,0
449603,Success Schools,2012,"Under 1,000",169,157,12,162,169,108,0,61,0,0,157,100,0,57,0,0,12,8,0,4,0,0
449612,Louisiana Culinary Institute,2012,"Under 1,000",204,204,0,204,204,44,20,140,0,0,204,44,20,140,0,0,0,0,0,0,0,0
449658,Bais Medrash Toras Chesed,2012,"Under 1,000",126,125,1,125,126,28,0,90,8,0,125,28,0,89,8,0,1,0,0,1,0,0
449667,Center for Natural Wellness School of Massage Therapy,2012,"Under 1,000",58,58,0,58,58,14,0,44,0,0,58,14,0,44,0,0,0,0,0,0,0,0
449676,Ace Computer Training Center,2012,"Under 1,000",105,0,105,42,105,55,0,50,0,0,0,0,0,0,0,0,105,55,0,50,0,0
449685,New Age Training,2012,"Under 1,000",120,120,0,120,120,110,0,10,0,0,120,110,0,10,0,0,0,0,0,0,0,0
449700,Dayton School of Medical Massage,2012,"Under 1,000",483,434,49,453,483,199,0,284,0,0,434,199,0,235,0,0,49,0,0,49,0,0
449719,Northcoast Medical Training Academy,2012,"Under 1,000",188,188,0,188,188,25,0,163,0,0,188,25,0,163,0,0,0,0,0,0,0,0
449728,American Institute of Medical Technology,2012,"Under 1,000",48,48,0,48,48,4,0,44,0,0,48,4,0,44,0,0,0,0,0,0,0,0
449746,Carib Technological Institute,2012,"Under 1,000",86,86,0,86,86,60,0,26,0,0,86,60,0,26,0,0,0,0,0,0,0,0
449764,Visible Music College,2012,"Under 1,000",122,115,7,118,122,25,22,74,1,0,115,25,22,68,0,0,7,0,0,6,1,0
449773,CCI Training Center-Arlington,2012,"Under 1,000",151,133,18,140,151,86,0,65,0,0,133,75,0,58,0,0,18,11,0,7,0,0
449782,Champion Beauty College,2012,"Under 1,000",63,28,35,42,63,51,0,12,0,0,28,21,0,7,0,0,35,30,0,5,0,0
449791,Professional Careers Institute,2012,"Under 1,000",95,95,0,95,95,42,0,53,0,0,95,42,0,53,0,0,0,0,0,0,0,0
449807,Southeast Texas Career Institute,2012,"Under 1,000",182,182,0,182,182,141,0,41,0,0,182,141,0,41,0,0,0,0,0,0,0,0
449816,Southwest Applied Technology Center,2012,"Under 1,000",411,36,375,162,411,43,0,157,211,0,36,7,0,28,1,0,375,36,0,129,210,0
449852,Academy of Cosmetology,2012,"Under 1,000",59,59,0,59,59,35,0,24,0,0,59,35,0,24,0,0,0,0,0,0,0,0
449861,Milwaukee Career College,2012,"Under 1,000",61,61,0,61,61,30,0,31,0,0,61,30,0,31,0,0,0,0,0,0,0,0
449870,University of the West,2012,"Under 1,000",308,206,102,245,128,27,15,33,53,180,91,23,14,26,28,115,37,4,1,7,25,65
449889,American College of Education,2012,"1,000 - 4,999",3423,3423,0,3423,0,0,0,0,0,3423,0,0,0,0,0,3423,0,0,0,0,0,0
449898,South University-Tampa,2012,"Under 1,000",878,554,324,679,610,26,153,431,0,268,481,15,106,360,0,73,129,11,47,71,0,195
449904,Milan Institute of Cosmetology-San Antonio Military,2012,"Under 1,000",270,270,0,270,270,69,0,201,0,0,270,69,0,201,0,0,0,0,0,0,0,0
449922,Appalachian College of Pharmacy,2012,"Under 1,000",223,223,0,223,0,0,0,0,0,223,0,0,0,0,0,223,0,0,0,0,0,0
449931,Averett University-Non-Traditional Programs,2012,"1,000 - 4,999",1403,478,925,838,886,5,31,846,4,517,318,0,4,314,0,160,568,5,27,532,4,357
449959,Paul Mitchell the School-Tampa,2012,"Under 1,000",186,107,79,138,186,57,0,129,0,0,107,29,0,78,0,0,79,28,0,51,0,0
449968,Paul Mitchell the School-San Diego,2012,"Under 1,000",297,212,85,246,297,87,0,210,0,0,212,60,0,152,0,0,85,27,0,58,0,0
449977,Paul Mitchell the School-Michigan,2012,"Under 1,000",219,156,63,181,219,64,0,155,0,0,156,45,0,111,0,0,63,19,0,44,0,0
449986,Paul Mitchell the School-Sherman Oaks,2012,"Under 1,000",270,194,76,224,270,128,0,142,0,0,194,102,0,92,0,0,76,26,0,50,0,0
449995,Paul Mitchell the School-Mclean,2012,"Under 1,000",214,136,78,167,214,60,0,154,0,0,136,36,0,100,0,0,78,24,0,54,0,0
450003,Miami-Jacobs Career College-Troy,2012,"Under 1,000",378,339,39,354,378,69,17,292,0,0,339,69,11,259,0,0,39,0,6,33,0,0
450021,Blue Cliff College-Houma,2012,"Under 1,000",143,134,9,138,143,111,0,32,0,0,134,111,0,23,0,0,9,0,0,9,0,0
450049,The Art Institute of Salt Lake City,2012,"Under 1,000",604,452,152,512,604,76,84,444,0,0,452,65,62,325,0,0,152,11,22,119,0,0
450058,Fortis College-Columbus,2012,"Under 1,000",748,748,0,748,748,131,55,562,0,0,748,131,55,562,0,0,0,0,0,0,0,0
450067,Fortis College-Cincinnati,2012,"Under 1,000",565,565,0,565,565,64,51,450,0,0,565,64,51,450,0,0,0,0,0,0,0,0
450076,Fortis Institute-Baltimore,2012,"Under 1,000",699,699,0,699,699,188,0,511,0,0,699,188,0,511,0,0,0,0,0,0,0,0
450085,The Art Institute of Charleston,2012,"Under 1,000",627,547,80,578,627,143,85,399,0,0,547,130,74,343,0,0,80,13,11,56,0,0
450094,The Art Institute of California-Argosy University Sacramento,2012,"1,000 - 4,999",1285,670,615,912,1285,307,158,820,0,0,670,144,66,460,0,0,615,163,92,360,0,0
450119,Blue Cliff College-Fayetteville,2012,"Under 1,000",264,160,104,201,264,158,0,106,0,0,160,92,0,68,0,0,104,66,0,38,0,0
450128,Blue Cliff College-Alexandria,2012,"Under 1,000",484,252,232,344,484,133,17,334,0,0,252,76,10,166,0,0,232,57,7,168,0,0
450146,StenoTech Career Institute-Piscataway,2012,"Under 1,000",109,108,1,108,109,2,0,107,0,0,108,2,0,106,0,0,1,0,0,1,0,0
450173,Ultimate Medical Academy-Tampa,2012,"10,000 - 19,999",12393,9926,2467,10906,12393,2973,248,9165,7,0,9926,2973,156,6790,7,0,2467,0,92,2375,0,0
450182,Beauty Schools of America-North Miami Beach,2012,"Under 1,000",411,411,0,411,411,106,0,305,0,0,411,106,0,305,0,0,0,0,0,0,0,0
450191,Virginia College-Biloxi,2012,"Under 1,000",406,305,101,345,406,126,24,256,0,0,305,96,14,195,0,0,101,30,10,61,0,0
450207,ITT Technical Institute-St Petersburg,2012,"Under 1,000",205,134,71,162,205,27,7,171,0,0,134,19,3,112,0,0,71,8,4,59,0,0
450216,ITT Technical Institute-Baton Rouge,2012,"Under 1,000",593,464,129,515,593,111,3,479,0,0,464,96,2,366,0,0,129,15,1,113,0,0
450225,ITT Technical Institute-Columbia,2012,"Under 1,000",403,294,109,337,403,54,12,337,0,0,294,46,8,240,0,0,109,8,4,97,0,0
450234,ITT Technical Institute-Wichita,2012,"Under 1,000",406,249,157,311,406,60,11,335,0,0,249,45,9,195,0,0,157,15,2,140,0,0
450243,ITT Technical Institute-Atlanta,2012,"Under 1,000",541,378,163,442,541,61,17,463,0,0,378,49,14,315,0,0,163,12,3,148,0,0
450252,ITT Technical Institute-Mobile,2012,"Under 1,000",567,437,130,488,567,97,17,453,0,0,437,84,12,341,0,0,130,13,5,112,0,0
450261,ITT Technical Institute-Chattanooga,2012,"Under 1,000",197,135,62,159,197,24,3,170,0,0,135,17,2,116,0,0,62,7,1,54,0,0
450270,ITT Technical Institute-South Bend,2012,"Under 1,000",422,293,129,344,422,43,15,364,0,0,293,34,13,246,0,0,129,9,2,118,0,0
450289,Virginia College-School of Business and Health-Chattanooga,2012,"Under 1,000",260,129,131,180,260,108,27,125,0,0,129,57,16,56,0,0,131,51,11,69,0,0
450298,Strayer University-Delaware,2012,"Under 1,000",332,26,306,145,241,27,16,198,0,91,17,0,2,15,0,9,224,27,14,183,0,82
450304,Brite Divinity School,2012,"Under 1,000",211,153,58,175,0,0,0,0,0,211,0,0,0,0,0,153,0,0,0,0,0,58
450377,Strayer University-Alabama,2012,"Under 1,000",941,98,843,424,402,21,59,321,1,539,35,2,11,22,0,63,367,19,48,299,1,476
450395,Brown Aveda Institute-Rocky River,2012,"Under 1,000",151,147,4,149,151,21,0,130,0,0,147,21,0,126,0,0,4,0,0,4,0,0
450401,Clary Sage College,2012,"Under 1,000",339,339,0,339,339,119,14,206,0,0,339,119,14,206,0,0,0,0,0,0,0,0
450429,Broadview University-Layton,2012,"Under 1,000",229,83,146,140,229,21,23,177,8,0,83,11,9,59,4,0,146,10,14,118,4,0
450447,International Academy of Design and Technology-Sacramento,2012,"Under 1,000",302,228,74,257,302,22,24,256,0,0,228,13,15,200,0,0,74,9,9,56,0,0
450456,University of Phoenix-Birmingham Campus,2012,"Under 1,000",489,489,0,489,447,37,39,371,0,42,447,37,39,371,0,42,0,0,0,0,0,0
450465,International Academy of Design and Technology-San Antonio,2012,"Under 1,000",431,328,103,368,431,29,27,375,0,0,328,16,20,292,0,0,103,13,7,83,0,0
450483,University of Phoenix-Washington DC Campus,2012,"Under 1,000",203,203,0,203,203,11,8,184,0,0,203,11,8,184,0,0,0,0,0,0,0,0
450526,Argosy University-Inland Empire,2012,"Under 1,000",730,158,572,380,370,57,83,229,1,360,90,6,26,58,0,68,280,51,57,171,1,292
450535,Argosy University-Nashville,2012,"Under 1,000",552,120,432,286,171,17,53,100,1,381,94,7,31,56,0,26,77,10,22,44,1,355
450544,Argosy University-San Diego,2012,"Under 1,000",437,159,278,266,215,38,41,136,0,222,105,15,17,73,0,54,110,23,24,63,0,168
450571,Rasmussen College-Wisconsin,2012,"1,000 - 4,999",1392,528,864,867,1392,83,179,1122,8,0,528,29,78,421,0,0,864,54,101,701,8,0
450580,Empire Beauty School-Lisle,2012,"Under 1,000",117,81,36,95,117,42,0,75,0,0,81,32,0,49,0,0,36,10,0,26,0,0
450599,Empire Beauty School-Richmond,2012,"Under 1,000",121,112,9,116,121,53,0,68,0,0,112,51,0,61,0,0,9,2,0,7,0,0
450605,Empire Beauty School-North Hills,2012,"Under 1,000",134,87,47,106,134,39,0,95,0,0,87,30,0,57,0,0,47,9,0,38,0,0
450614,Empire Beauty School-Concord,2012,"Under 1,000",129,93,36,107,129,37,0,92,0,0,93,31,0,62,0,0,36,6,0,30,0,0
450623,Empire Beauty School-Arlington Heights,2012,"Under 1,000",169,87,82,120,169,23,0,146,0,0,87,17,0,70,0,0,82,6,0,76,0,0
450632,Lexington Healing Arts Academy,2012,"Under 1,000",155,0,155,62,155,33,0,122,0,0,0,0,0,0,0,0,155,33,0,122,0,0
450641,Empire Beauty School-Hooksett,2012,"Under 1,000",123,92,31,104,123,4,0,119,0,0,92,4,0,88,0,0,31,0,0,31,0,0
450650,The Institute of Beauty and Wellness,2012,"Under 1,000",195,90,105,132,195,79,0,116,0,0,90,40,0,50,0,0,105,39,0,66,0,0
450669,InterCoast Colleges-Carson,2012,"Under 1,000",171,171,0,171,171,68,0,103,0,0,171,68,0,103,0,0,0,0,0,0,0,0
450678,InterCoast Career Institute-South Portland,2012,"Under 1,000",525,525,0,525,525,95,0,430,0,0,525,95,0,430,0,0,0,0,0,0,0,0
450696,Carrington College California-Stockton,2012,"Under 1,000",362,362,0,362,362,46,62,254,0,0,362,46,62,254,0,0,0,0,0,0,0,0
450702,Carrington College California-Citrus Heights,2012,"Under 1,000",412,412,0,412,412,22,75,315,0,0,412,22,75,315,0,0,0,0,0,0,0,0
450720,Euphoria Institute of Beauty Arts & Sciences-Summerlin,2012,"Under 1,000",200,116,84,149,200,21,0,179,0,0,116,12,0,104,0,0,84,9,0,75,0,0
450739,Euphoria Institute of Beauty Arts & Sciences-Green Valley,2012,"Under 1,000",155,89,66,115,155,20,0,135,0,0,89,12,0,77,0,0,66,8,0,58,0,0
450757,Empire Beauty School-Portsmouth,2012,"Under 1,000",122,99,23,108,122,7,0,115,0,0,99,6,0,93,0,0,23,1,0,22,0,0
450766,LIU Riverhead,2012,"Under 1,000",222,54,168,118,51,0,19,32,0,171,40,0,15,25,0,14,11,0,4,7,0,157
450784,Regency Beauty Institute-Lakewood,2012,"Under 1,000",98,69,29,81,98,25,0,73,0,0,69,20,0,49,0,0,29,5,0,24,0,0
450793,Regency Beauty Institute-Westminster,2012,"Under 1,000",147,108,39,123,147,40,0,107,0,0,108,32,0,76,0,0,39,8,0,31,0,0
450809,Regency Beauty Institute-Avon,2012,"Under 1,000",55,55,0,55,55,14,0,41,0,0,55,14,0,41,0,0,0,0,0,0,0,0
450818,Regency Beauty Institute-Joliet,2012,"Under 1,000",63,63,0,63,63,24,0,39,0,0,63,24,0,39,0,0,0,0,0,0,0,0
450827,Regency Beauty Institute-Rockford,2012,"Under 1,000",117,92,25,102,117,39,0,78,0,0,92,32,0,60,0,0,25,7,0,18,0,0
450836,Regency Beauty Institute-Greenfield,2012,"Under 1,000",115,115,0,115,115,45,0,70,0,0,115,45,0,70,0,0,0,0,0,0,0,0
450845,Regency Beauty Institute-Metro Center,2012,"Under 1,000",49,30,19,38,49,11,0,38,0,0,30,9,0,21,0,0,19,2,0,17,0,0
450854,Regency Beauty Institute-East Tucson,2012,"Under 1,000",90,65,25,75,90,20,0,70,0,0,65,18,0,47,0,0,25,2,0,23,0,0
450863,Regency Beauty Institute-Tri-County,2012,"Under 1,000",51,51,0,51,51,23,0,28,0,0,51,23,0,28,0,0,0,0,0,0,0,0
450872,Regency Beauty Institute-Eastgate,2012,"Under 1,000",87,65,22,74,87,33,0,54,0,0,65,24,0,41,0,0,22,9,0,13,0,0
450881,Regency Beauty Institute-Topeka,2012,"Under 1,000",56,56,0,56,56,24,0,32,0,0,56,24,0,32,0,0,0,0,0,0,0,0
450933,Columbia Southern University,2012,"10,000 - 19,999",19933,10934,8999,14469,14802,563,2320,11719,200,5131,5803,200,964,4639,0,5131,8999,363,1356,7080,200,0
450942,Arizona Summit Law School,2012,"1,000 - 4,999",1097,735,362,873,0,0,0,0,0,1097,0,0,0,0,0,735,0,0,0,0,0,362
450951,Arizona Culinary Institute,2012,"Under 1,000",131,131,0,131,131,27,0,104,0,0,131,27,0,104,0,0,0,0,0,0,0,0
450960,InfoTech Career College,2012,"Under 1,000",187,187,0,187,187,168,0,19,0,0,187,168,0,19,0,0,0,0,0,0,0,0
450979,Trident University International,2012,"5,000 - 9,999",6985,3195,3790,4665,3778,27,569,2889,293,3207,1774,3,350,1189,232,1421,2004,24,219,1700,61,1786
450988,Coastline Beauty College,2012,"Under 1,000",164,104,60,128,164,89,0,75,0,0,104,68,0,36,0,0,60,21,0,39,0,0
451006,Career College Consultants,2012,"Under 1,000",119,119,0,119,119,36,0,83,0,0,119,36,0,83,0,0,0,0,0,0,0,0
451015,San Diego College,2012,"Under 1,000",171,171,0,171,171,123,0,48,0,0,171,123,0,48,0,0,0,0,0,0,0,0
451033,Montessori Casa International,2012,"Under 1,000",21,0,21,8,21,0,0,21,0,0,0,0,0,0,0,0,21,0,0,21,0,0
451042,Branford Academy of Hair and Cosmetology,2012,"Under 1,000",84,21,63,46,84,38,0,46,0,0,21,13,0,8,0,0,63,25,0,38,0,0
451051,Academy of Massage and Bodywork,2012,"Under 1,000",83,22,61,46,83,36,0,47,0,0,22,8,0,14,0,0,61,28,0,33,0,0
451060,Digital Media Arts College,2012,"Under 1,000",327,203,124,252,284,54,32,188,10,43,173,29,17,125,2,30,111,25,15,63,8,13
451079,Academy for Five Element Acupuncture,2012,"Under 1,000",84,84,0,84,0,0,0,0,0,84,0,0,0,0,0,84,0,0,0,0,0,0
451097,Academy of Career Training,2012,"Under 1,000",164,40,124,89,164,146,0,18,0,0,40,28,0,12,0,0,124,118,0,6,0,0
451103,Management Resources Institute,2012,"Under 1,000",736,736,0,736,736,244,0,492,0,0,736,244,0,492,0,0,0,0,0,0,0,0
451121,Paul Mitchell the School-Miami,2012,"Under 1,000",149,84,65,110,149,7,0,142,0,0,84,7,0,77,0,0,65,0,0,65,0,0
451130,Wolford College,2012,"Under 1,000",221,218,3,219,0,0,0,0,0,221,0,0,0,0,0,218,0,0,0,0,0,3
451149,Aveda Institute-South Florida,2012,"Under 1,000",821,821,0,821,821,328,0,493,0,0,821,328,0,493,0,0,0,0,0,0,0,0
451158,Aveda Institute-Tallahassee,2012,"Under 1,000",519,519,0,519,519,227,0,292,0,0,519,227,0,292,0,0,0,0,0,0,0,0
451167,Shear Excellence Hair Academy,2012,"Under 1,000",89,67,22,76,89,8,0,81,0,0,67,7,0,60,0,0,22,1,0,21,0,0
451194,Carlson College of Massage Therapy,2012,"Under 1,000",20,20,0,20,20,6,0,14,0,0,20,6,0,14,0,0,0,0,0,0,0,0
451219,SOLEX Medical Academy,2012,"Under 1,000",27,22,5,24,27,14,0,13,0,0,22,14,0,8,0,0,5,0,0,5,0,0
451228,MyComputerCareer.com-Indianapolis,2012,"Under 1,000",184,184,0,184,184,62,0,122,0,0,184,62,0,122,0,0,0,0,0,0,0,0
451237,Z Hair Academy,2012,"Under 1,000",26,26,0,26,26,11,0,15,0,0,26,11,0,15,0,0,0,0,0,0,0,0
451255,DiGrigoli School of Cosmetology,2012,"Under 1,000",23,16,7,19,23,12,0,11,0,0,16,8,0,8,0,0,7,4,0,3,0,0
451264,Millennium Training Institute,2012,"Under 1,000",179,179,0,179,179,20,0,159,0,0,179,20,0,159,0,0,0,0,0,0,0,0
451282,Gallery College of Beauty,2012,"Under 1,000",253,172,81,204,253,46,0,207,0,0,172,31,0,141,0,0,81,15,0,66,0,0
451291,Lakewood School of Therapeutic Massage,2012,"Under 1,000",34,0,34,13,34,17,0,17,0,0,0,0,0,0,0,0,34,17,0,17,0,0
451307,The Salon Spa Academy,2012,"Under 1,000",49,40,9,44,49,3,0,46,0,0,40,2,0,38,0,0,9,1,0,8,0,0
451316,Trend Setters School of Cosmetology,2012,"Under 1,000",24,24,0,24,24,5,0,19,0,0,24,5,0,19,0,0,0,0,0,0,0,0
451334,Academy of Hair Design-Springfield,2012,"Under 1,000",92,85,7,88,92,21,0,71,0,0,85,19,0,66,0,0,7,2,0,5,0,0
451343,Corinth Academy of Cosmetology,2012,"Under 1,000",115,81,34,94,115,10,0,105,0,0,81,7,0,74,0,0,34,3,0,31,0,0
451352,Southeastern Institute-Charlotte,2012,"Under 1,000",330,222,108,265,330,148,0,182,0,0,222,106,0,116,0,0,108,42,0,66,0,0
451361,Gentle Healing School of Massage,2012,"Under 1,000",28,20,8,23,28,19,0,9,0,0,20,14,0,6,0,0,8,5,0,3,0,0
451370,Yeshivas Be'er Yitzchok,2012,"Under 1,000",59,59,0,59,59,3,19,37,0,0,59,3,19,37,0,0,0,0,0,0,0,0
451398,Yeshiva Toras Chaim,2012,"Under 1,000",145,145,0,145,145,60,5,80,0,0,145,60,5,80,0,0,0,0,0,0,0,0
451404,Talmudical Seminary of Bobov,2012,"Under 1,000",248,248,0,248,248,32,62,154,0,0,248,32,62,154,0,0,0,0,0,0,0,0
451413,New York Methodist Hospital Center for Allied Health Education,2012,"Under 1,000",354,354,0,354,354,68,0,286,0,0,354,68,0,286,0,0,0,0,0,0,0,0
451459,Monroe 2 Orleans BOCES-Center for Workforce Development,2012,"Under 1,000",83,83,0,83,83,50,0,33,0,0,83,50,0,33,0,0,0,0,0,0,0,0
451468,Aveda Fredric's Institute-Cincinnati,2012,"Under 1,000",158,158,0,158,158,32,0,126,0,0,158,32,0,126,0,0,0,0,0,0,0,0
451477,MyComputerCareer.com-TechSkills,2012,"Under 1,000",188,188,0,188,188,57,0,131,0,0,188,57,0,131,0,0,0,0,0,0,0,0
451495,CDE Career Institute,2012,"Under 1,000",43,43,0,43,43,12,0,31,0,0,43,12,0,31,0,0,0,0,0,0,0,0
451501,Instituto Educativo Premier,2012,"Under 1,000",64,64,0,64,64,22,0,42,0,0,64,22,0,42,0,0,0,0,0,0,0,0
451510,Charleston School of Law,2012,"Under 1,000",627,416,211,497,0,0,0,0,0,627,0,0,0,0,0,416,0,0,0,0,0,211
451529,Elite College of Cosmetology,2012,"Under 1,000",80,40,40,56,80,68,0,12,0,0,40,35,0,5,0,0,40,33,0,7,0,0
451538,Memphis Institute of Barbering,2012,"Under 1,000",117,117,0,117,117,102,0,15,0,0,117,102,0,15,0,0,0,0,0,0,0,0
451547,Manuel and Theresa's School of Hair Design-Bryan,2012,"Under 1,000",38,38,0,38,38,23,0,15,0,0,38,23,0,15,0,0,0,0,0,0,0,0
451556,Southwest University at El Paso,2012,"1,000 - 4,999",1155,1155,0,1155,1155,439,479,237,0,0,1155,439,479,237,0,0,0,0,0,0,0,0
451565,Paul Mitchell the School-Austin,2012,"Under 1,000",174,126,48,145,174,32,0,142,0,0,126,29,0,97,0,0,48,3,0,45,0,0
451574,Aveda Institute-Provo,2012,"Under 1,000",94,94,0,94,94,27,0,67,0,0,94,27,0,67,0,0,0,0,0,0,0,0
451583,Dixie Applied Technology College,2012,"Under 1,000",180,65,115,104,180,58,0,82,40,0,65,22,0,36,7,0,115,36,0,46,33,0
451617,Dominion School of Hair Design,2012,"Under 1,000",37,33,4,35,37,8,0,29,0,0,33,6,0,27,0,0,4,2,0,2,0,0
451626,Victoria's Academy of Cosmetology,2012,"Under 1,000",98,56,42,73,98,26,0,72,0,0,56,19,0,37,0,0,42,7,0,35,0,0
451635,Inland Massage Institute,2012,"Under 1,000",51,51,0,51,51,25,0,26,0,0,51,25,0,26,0,0,0,0,0,0,0,0
451644,Sunnyside Beauty Academy,2012,"Under 1,000",10,10,0,10,10,7,0,3,0,0,10,7,0,3,0,0,0,0,0,0,0,0
451653,Wisconsin Academy,2012,"Under 1,000",21,21,0,21,21,18,0,3,0,0,21,18,0,3,0,0,0,0,0,0,0,0
451662,The Art Institute of Pittsburgh-Online Division,2012,"10,000 - 19,999",10643,802,9841,4668,10643,1351,1267,8023,2,0,802,98,143,561,0,0,9841,1253,1124,7462,2,0
451671,University of South Florida-Sarasota-Manatee,2012,"1,000 - 4,999",1943,838,1105,1278,1780,0,469,1244,67,163,813,0,263,542,8,25,967,0,206,702,59,138
451699,Brown Mackie College-Indianapolis,2012,"1,000 - 4,999",1299,1299,0,1299,1299,202,203,893,1,0,1299,202,203,893,1,0,0,0,0,0,0,0
451705,College America-Cheyenne,2012,"Under 1,000",75,75,0,75,75,32,38,5,0,0,75,32,38,5,0,0,0,0,0,0,0,0
451714,Paul Mitchell the School-San Antonio,2012,"Under 1,000",282,282,0,282,282,48,0,234,0,0,282,48,0,234,0,0,0,0,0,0,0,0
451741,Centro de Estudios Multidisciplinarios-Bayamon,2012,"Under 1,000",712,625,87,659,712,164,228,320,0,0,625,164,189,272,0,0,87,0,39,48,0,0
451750,Bryant & Stratton College-Wauwatosa,2012,"Under 1,000",768,336,432,506,768,49,425,294,0,0,336,32,200,104,0,0,432,17,225,190,0,0
451769,Minnesota School of Business-Blaine,2012,"Under 1,000",533,207,326,335,533,35,59,426,13,0,207,23,34,148,2,0,326,12,25,278,11,0
451796,The Art Institute of Michigan,2012,"Under 1,000",987,596,391,750,987,267,157,560,3,0,596,180,101,315,0,0,391,87,56,245,3,0
451820,The Art Institute of Austin,2012,"1,000 - 4,999",1555,1127,428,1295,1555,237,262,1056,0,0,1127,176,184,767,0,0,428,61,78,289,0,0
451848,The Art Institute of California-Argosy University-Silicon Valley,2012,"Under 1,000",654,319,335,451,654,121,60,473,0,0,319,69,28,222,0,0,335,52,32,251,0,0
451857,Remington College-Houston Southeast Campus,2012,"Under 1,000",293,293,0,293,293,97,0,196,0,0,293,97,0,196,0,0,0,0,0,0,0,0
451866,Remington College-Shreveport Campus,2012,"Under 1,000",359,359,0,359,359,89,6,264,0,0,359,89,6,264,0,0,0,0,0,0,0,0
451875,National American University-Austin,2012,"Under 1,000",492,51,441,224,492,63,126,303,0,0,51,4,9,38,0,0,441,59,117,265,0,0
451884,National American University-Wichita,2012,"Under 1,000",669,58,611,298,669,57,137,475,0,0,58,2,12,44,0,0,611,55,125,431,0,0
451909,Fortis College-Landover,2012,"Under 1,000",451,451,0,451,451,142,51,258,0,0,451,142,51,258,0,0,0,0,0,0,0,0
451918,Jenny Lea Academy of Cosmetology and Aesthetics,2012,"Under 1,000",140,123,17,130,140,10,0,130,0,0,123,10,0,113,0,0,17,0,0,17,0,0
451936,ITT Technical Institute-Cary,2012,"Under 1,000",313,234,79,265,313,45,5,263,0,0,234,37,4,193,0,0,79,8,1,70,0,0
451945,ITT Technical Institute-Madison,2012,"Under 1,000",392,301,91,337,392,52,18,322,0,0,301,45,15,241,0,0,91,7,3,81,0,0
451954,ITT Technical Institute-Clive,2012,"Under 1,000",210,134,76,164,210,14,5,191,0,0,134,10,3,121,0,0,76,4,2,70,0,0
451963,ITT Technical Institute-Columbus,2012,"Under 1,000",335,236,99,275,335,48,8,279,0,0,236,39,7,190,0,0,99,9,1,89,0,0
451972,ITT Technical Institute-Phoenix,2012,"Under 1,000",331,244,87,278,331,33,7,291,0,0,244,29,7,208,0,0,87,4,0,83,0,0
451981,ITT Technical Institute-Madison,2012,"Under 1,000",229,141,88,176,229,28,5,196,0,0,141,22,2,117,0,0,88,6,3,79,0,0
451990,ITT Technical Institute-High Point,2012,"Under 1,000",398,269,129,320,398,64,20,314,0,0,269,55,11,203,0,0,129,9,9,111,0,0
452009,The Hair Academy,2012,"Under 1,000",44,44,0,44,44,10,0,34,0,0,44,10,0,34,0,0,0,0,0,0,0,0
452018,The Art Institutes International–Kansas City,2012,"Under 1,000",519,387,132,439,519,165,57,297,0,0,387,119,47,221,0,0,132,46,10,76,0,0
452027,The Art Institute of Raleigh-Durham,2012,"Under 1,000",767,595,172,663,767,212,89,466,0,0,595,179,74,342,0,0,172,33,15,124,0,0
452036,Le Cordon Bleu College of Culinary Arts-Sacramento,2012,"Under 1,000",440,440,0,440,440,82,0,358,0,0,440,82,0,358,0,0,0,0,0,0,0,0
452045,Le Cordon Bleu College of Culinary Arts-Seattle,2012,"Under 1,000",477,477,0,477,477,111,0,366,0,0,477,111,0,366,0,0,0,0,0,0,0,0
452054,Le Cordon Bleu College of Culinary Arts-Cambridge,2012,"Under 1,000",621,621,0,621,621,125,53,443,0,0,621,125,53,443,0,0,0,0,0,0,0,0
452063,Le Cordon Bleu College of Culinary Arts-Dallas,2012,"1,000 - 4,999",1202,1202,0,1202,1202,172,80,950,0,0,1202,172,80,950,0,0,0,0,0,0,0,0
452072,Ross Medical Education Center-New Baltimore,2012,"Under 1,000",108,108,0,108,108,30,0,78,0,0,108,30,0,78,0,0,0,0,0,0,0,0
452081,Ross College-Sylvania,2012,"Under 1,000",355,355,0,355,355,74,0,281,0,0,355,74,0,281,0,0,0,0,0,0,0,0
452090,Argosy University-Salt Lake City,2012,"Under 1,000",304,138,166,202,131,11,20,100,0,173,76,6,13,57,0,62,55,5,7,43,0,111
452106,Escuela De Troqueleria Y Herramentaje,2012,"Under 1,000",96,96,0,96,96,32,0,64,0,0,96,32,0,64,0,0,0,0,0,0,0,0
452115,Virginia College-Montgomery,2012,"Under 1,000",607,413,194,490,607,222,11,374,0,0,413,178,10,225,0,0,194,44,1,149,0,0
452124,Fortis Institute-Nashville,2012,"Under 1,000",431,431,0,431,431,59,38,334,0,0,431,59,38,334,0,0,0,0,0,0,0,0
452373,Beckfield College-Tri-County,2012,"Under 1,000",541,260,281,372,541,55,148,338,0,0,260,29,69,162,0,0,281,26,79,176,0,0
452540,Community Technology Learning Center of Portage,2012,"Under 1,000",4,0,4,2,4,2,0,2,0,0,0,0,0,0,0,0,4,2,0,2,0,0
452771,Dental Assistant Pro LLC-Columbus,2012,"Under 1,000",15,0,15,6,15,6,0,9,0,0,0,0,0,0,0,0,15,6,0,9,0,0
452780,Dental Assistant Pro-Lebanon,2012,"Under 1,000",18,0,18,7,18,17,0,1,0,0,0,0,0,0,0,0,18,17,0,1,0,0
452887,Elite Welding Academy,2012,,,,,,,,,,,,,,,,,,,,,,,
452948,Galen College of Nursing-Cincinnati,2012,"Under 1,000",516,285,231,377,516,16,96,404,0,0,285,14,30,241,0,0,231,2,66,163,0,0
453075,Institute of Therapeutic Massage,2012,"Under 1,000",66,61,5,63,66,29,0,37,0,0,61,27,0,34,0,0,5,2,0,3,0,0
453109,Pinnacle Career Institute-North Kansas City,2012,"Under 1,000",153,153,0,153,153,93,0,60,0,0,153,93,0,60,0,0,0,0,0,0,0,0
453163,Strayer University-North Carolina,2012,"1,000 - 4,999",4255,368,3887,1877,2408,173,288,1941,6,1847,165,6,24,132,3,203,2243,167,264,1809,3,1644
453215,Strayer University-New Jersey,2012,"Under 1,000",851,129,722,411,639,54,84,495,6,212,70,3,7,59,1,59,569,51,77,436,5,153
453297,International Culinary Arts and Sciences Institute,2012,"Under 1,000",35,35,0,35,35,2,0,33,0,0,35,2,0,33,0,0,0,0,0,0,0,0
453455,National College-Dayton,2012,"Under 1,000",193,114,79,145,193,8,25,160,0,0,114,5,14,95,0,0,79,3,11,65,0,0
453464,National College-Youngstown,2012,"Under 1,000",221,149,72,178,221,16,30,175,0,0,149,13,22,114,0,0,72,3,8,61,0,0
453473,National College-Cincinnati,2012,"Under 1,000",134,70,64,95,134,5,17,111,1,0,70,5,10,55,0,0,64,0,7,56,1,0
453482,National College-Stow,2012,"Under 1,000",134,79,55,101,134,7,9,118,0,0,79,6,8,65,0,0,55,1,1,53,0,0
453552,Harris School of Business-Hamilton Campus,2012,"Under 1,000",360,247,113,292,360,276,0,84,0,0,247,188,0,59,0,0,113,88,0,25,0,0
453570,Empire Beauty School-Eden Prairie,2012,"Under 1,000",64,64,0,64,64,24,0,40,0,0,64,24,0,40,0,0,0,0,0,0,0,0
453747,Ohio Business College-Hilliard,2012,"Under 1,000",141,105,36,119,141,21,42,78,0,0,105,20,40,45,0,0,36,1,2,33,0,0
453756,Ohio Center for Broadcasting-Columbus,2012,"Under 1,000",99,99,0,99,99,90,0,9,0,0,99,90,0,9,0,0,0,0,0,0,0,0
453817,Ohio Technical College-PowerSport Institute,2012,"Under 1,000",291,291,0,291,291,96,0,195,0,0,291,96,0,195,0,0,0,0,0,0,0,0
454078,Toledo Restaurant Training Center,2012,"Under 1,000",40,40,0,40,40,28,0,12,0,0,40,28,0,12,0,0,0,0,0,0,0,0
454175,Dade Medical College-Miami Lakes,2012,"Under 1,000",456,456,0,456,456,71,50,335,0,0,456,71,50,335,0,0,0,0,0,0,0,0
454184,The King’s College,2012,"Under 1,000",582,565,17,572,582,203,34,335,10,0,565,202,34,328,1,0,17,1,0,7,9,0
454227,Chamberlain College of Nursing-Illinois,2012,"10,000 - 19,999",11898,1948,9950,5836,9877,25,4348,5499,5,2021,1862,17,902,943,0,86,8015,8,3446,4556,5,1935
454236,Chamberlain College of Nursing-Ohio,2012,"Under 1,000",677,258,419,423,677,5,264,403,5,0,258,2,86,170,0,0,419,3,178,233,5,0
454245,Chamberlain College of Nursing-Arizona,2012,"Under 1,000",531,296,235,388,531,7,207,315,2,0,296,6,108,182,0,0,235,1,99,133,2,0
454306,Career Quest Learning Centers-Jackson,2012,"Under 1,000",196,0,196,78,196,80,0,112,4,0,0,0,0,0,0,0,196,80,0,112,4,0
454315,Regency Beauty Institute-Fort Collins,2012,"Under 1,000",100,76,24,86,100,21,0,79,0,0,76,20,0,56,0,0,24,1,0,23,0,0
454324,Regency Beauty Institute-Tolleson,2012,"Under 1,000",56,38,18,45,56,12,0,44,0,0,38,9,0,29,0,0,18,3,0,15,0,0
454333,Regency Beauty Institute-Pasadena,2012,"Under 1,000",89,66,23,75,89,27,0,62,0,0,66,22,0,44,0,0,23,5,0,18,0,0
454342,Regency Beauty Institute-Dayton,2012,"Under 1,000",93,66,27,77,93,29,0,64,0,0,66,22,0,44,0,0,27,7,0,20,0,0
454351,Regency Beauty Institute-Akron,2012,"Under 1,000",129,129,0,129,129,48,0,81,0,0,129,48,0,81,0,0,0,0,0,0,0,0
454360,Regency Beauty Institute-Detroit Southgate,2012,"Under 1,000",175,119,56,141,175,53,0,122,0,0,119,38,0,81,0,0,56,15,0,41,0,0
454379,Regency Beauty Institute-Flint,2012,"Under 1,000",122,122,0,122,122,45,0,77,0,0,122,45,0,77,0,0,0,0,0,0,0,0
454388,Regency Beauty Institute-Grand Rapids,2012,"Under 1,000",93,74,19,82,93,32,0,61,0,0,74,30,0,44,0,0,19,2,0,17,0,0
454397,Regency Beauty Institute-Cypresswood,2012,"Under 1,000",106,75,31,87,106,41,0,65,0,0,75,33,0,42,0,0,31,8,0,23,0,0
454458,Bryan University,2012,"Under 1,000",185,185,0,185,185,33,0,152,0,0,185,33,0,152,0,0,0,0,0,0,0,0
454467,Regency Beauty Institute-Austin,2012,"Under 1,000",86,62,24,72,86,35,0,51,0,0,62,30,0,32,0,0,24,5,0,19,0,0
454476,Regency Beauty Institute-Mesa,2012,"Under 1,000",66,45,21,53,66,17,0,49,0,0,45,16,0,29,0,0,21,1,0,20,0,0
454485,Regency Beauty Institute-Nashville,2012,"Under 1,000",30,30,0,30,30,11,0,19,0,0,30,11,0,19,0,0,0,0,0,0,0,0
454494,Regency Beauty Institute-Charlotte,2012,"Under 1,000",71,71,0,71,71,28,0,43,0,0,71,28,0,43,0,0,0,0,0,0,0,0
454500,Regency Beauty Institute-North Olmsted,2012,"Under 1,000",97,75,22,84,97,41,0,56,0,0,75,36,0,39,0,0,22,5,0,17,0,0
454519,Regency Beauty Institute-Columbus,2012,"Under 1,000",95,69,26,79,95,29,0,66,0,0,69,22,0,47,0,0,26,7,0,19,0,0
454528,Regency Beauty Institute-Elgin,2012,"Under 1,000",82,56,26,66,82,30,0,52,0,0,56,24,0,32,0,0,26,6,0,20,0,0
454537,The Salon Professional Academy-Appleton,2012,"Under 1,000",70,70,0,70,70,40,0,30,0,0,70,40,0,30,0,0,0,0,0,0,0,0
454546,Milan Institute of Cosmetology-Fairfield,2012,"Under 1,000",115,115,0,115,115,21,0,94,0,0,115,21,0,94,0,0,0,0,0,0,0,0
454555,Milan Institute of Cosmetology-Reno,2012,"Under 1,000",254,254,0,254,254,58,0,196,0,0,254,58,0,196,0,0,0,0,0,0,0,0
454573,Milan Institute of Cosmetology-Visalia,2012,"Under 1,000",275,275,0,275,275,52,0,223,0,0,275,52,0,223,0,0,0,0,0,0,0,0
454582,Ottawa University-Online,2012,"Under 1,000",454,2,452,179,386,4,73,301,8,68,2,0,0,2,0,0,384,4,73,299,8,68
454591,Broadview University-Orem,2012,"Under 1,000",167,35,132,87,167,27,11,122,7,0,35,7,1,27,0,0,132,20,10,95,7,0
454607,Paul Mitchell the School-Esani,2012,"Under 1,000",259,259,0,259,259,53,0,206,0,0,259,53,0,206,0,0,0,0,0,0,0,0
454616,Institute of Production and Recording,2012,"Under 1,000",300,171,129,222,300,68,51,167,14,0,171,48,36,86,1,0,129,20,15,81,13,0
454625,Virginia College-Greenville,2012,"Under 1,000",356,218,138,273,356,115,3,238,0,0,218,72,2,144,0,0,138,43,1,94,0,0
454652,Paul Mitchell the School-Birmingham,2012,"Under 1,000",132,132,0,132,132,3,0,129,0,0,132,3,0,129,0,0,0,0,0,0,0,0
454689,Taft University System,2012,"Under 1,000",666,459,207,538,2,1,0,1,0,664,2,1,0,1,0,457,0,0,0,0,0,207
454698,Mayfield College,2012,"Under 1,000",388,388,0,388,388,139,0,249,0,0,388,139,0,249,0,0,0,0,0,0,0,0
454704,International Polytechnic Institute,2012,"Under 1,000",64,64,0,64,64,19,0,45,0,0,64,19,0,45,0,0,0,0,0,0,0,0
454722,Academy of Esthetics and Cosmetology,2012,"Under 1,000",33,27,6,29,33,5,0,28,0,0,27,4,0,23,0,0,6,1,0,5,0,0
454740,International Professional School of Bodywork,2012,"Under 1,000",233,50,183,123,233,5,32,145,51,0,50,1,14,29,6,0,183,4,18,116,45,0
454759,Borner's Barber College,2012,"Under 1,000",19,1,18,8,19,4,0,15,0,0,1,1,0,0,0,0,18,3,0,15,0,0
454768,Paul Mitchell the School-Pasadena,2012,"Under 1,000",163,131,32,144,163,23,0,140,0,0,131,16,0,115,0,0,32,7,0,25,0,0
454777,San Francisco Institute of Esthetics and Cosmetology,2012,"Under 1,000",211,162,49,181,211,13,0,198,0,0,162,11,0,151,0,0,49,2,0,47,0,0
454786,Laurus College,2012,"Under 1,000",649,169,480,360,649,174,0,475,0,0,169,61,0,108,0,0,480,113,0,367,0,0
454795,Healing Hands School of Holistic Health,2012,"Under 1,000",255,137,118,184,255,56,0,199,0,0,137,36,0,101,0,0,118,20,0,98,0,0
454801,Career Development Institute,2012,"Under 1,000",50,27,23,36,50,26,0,24,0,0,27,26,0,1,0,0,23,0,0,23,0,0
454810,Auguste Escoffier School of Culinary Arts-Boulder,2012,"Under 1,000",103,103,0,103,103,98,0,5,0,0,103,98,0,5,0,0,0,0,0,0,0,0
454829,Aspen University,2012,"1,000 - 4,999",1189,169,1020,561,325,74,33,203,15,864,95,38,13,44,0,74,230,36,20,159,15,790
454838,Institute of Taoist Education and Acupuncture,2012,"Under 1,000",37,37,0,37,0,0,0,0,0,37,0,0,0,0,0,37,0,0,0,0,0,0
454847,National Beauty College,2012,"Under 1,000",120,120,0,120,120,94,0,26,0,0,120,94,0,26,0,0,0,0,0,0,0,0
454856,Denver School of Nursing,2012,"Under 1,000",564,564,0,564,564,0,78,486,0,0,564,0,78,486,0,0,0,0,0,0,0,0
454865,Cambridge Institute of Health & Technology,2012,"Under 1,000",218,199,19,207,218,69,0,149,0,0,199,60,0,139,0,0,19,9,0,10,0,0
454874,Cozmo The School,2012,"Under 1,000",66,48,18,55,66,17,0,49,0,0,48,10,0,38,0,0,18,7,0,11,0,0
454883,Allied Health Institute,2012,"Under 1,000",664,664,0,664,664,49,128,479,8,0,664,49,128,479,8,0,0,0,0,0,0,0
454892,North Florida Academy,2012,"Under 1,000",27,14,13,19,27,11,0,16,0,0,14,7,0,7,0,0,13,4,0,9,0,0
454908,Professional Hands Institute,2012,"Under 1,000",135,135,0,135,135,19,0,116,0,0,135,19,0,116,0,0,0,0,0,0,0,0
454917,Celebrity School of Beauty,2012,"Under 1,000",243,192,51,212,243,232,0,11,0,0,192,184,0,8,0,0,51,48,0,3,0,0
454926,Paul Mitchell the School-Atlanta,2012,"Under 1,000",199,199,0,199,199,32,0,167,0,0,199,32,0,167,0,0,0,0,0,0,0,0
454935,Evans Hairstyling College-Rexburg,2012,"Under 1,000",62,62,0,62,62,47,0,15,0,0,62,47,0,15,0,0,0,0,0,0,0,0
454944,Hair Academy Paul Mitchell Partner School,2012,"Under 1,000",132,109,23,118,132,5,0,127,0,0,109,4,0,105,0,0,23,1,0,22,0,0
454953,University of Aesthetics-Chicago,2012,"Under 1,000",32,23,9,27,32,6,0,26,0,0,23,4,0,19,0,0,9,2,0,7,0,0
454962,University of Aesthetics-Downers Grove,2012,"Under 1,000",14,9,5,11,14,3,0,11,0,0,9,2,0,7,0,0,5,1,0,4,0,0
454971,Tricoci University of Beauty Culture-Chicago,2012,"Under 1,000",190,120,70,148,190,24,0,166,0,0,120,19,0,101,0,0,70,5,0,65,0,0
454980,Tricoci University of Beauty Culture-Glendale Heights,2012,"Under 1,000",105,75,30,87,105,31,0,74,0,0,75,21,0,54,0,0,30,10,0,20,0,0
454999,Tricoci University of Beauty Culture-Peoria,2012,"Under 1,000",113,77,36,91,113,17,0,96,0,0,77,11,0,66,0,0,36,6,0,30,0,0
455008,Tricoci University of Beauty Culture-Rockford,2012,"Under 1,000",142,97,45,115,142,16,0,126,0,0,97,16,0,81,0,0,45,0,0,45,0,0
455017,Frederick School of Cosmetology,2012,"Under 1,000",33,24,9,28,33,9,0,24,0,0,24,6,0,18,0,0,9,3,0,6,0,0
455026,Omega Studios' School of Applied Recording Arts & Sciences,2012,"Under 1,000",84,0,84,33,84,24,0,60,0,0,0,0,0,0,0,0,84,24,0,60,0,0
455035,Focus-Hope Information Technologies Center,2012,"Under 1,000",19,19,0,19,19,17,0,2,0,0,19,17,0,2,0,0,0,0,0,0,0,0
455053,International Cosmetology Academy,2012,"Under 1,000",95,15,80,47,95,44,0,51,0,0,15,12,0,3,0,0,80,32,0,48,0,0
455062,French Academy of Cosmetology,2012,"Under 1,000",65,22,43,39,65,5,0,60,0,0,22,3,0,19,0,0,43,2,0,41,0,0
455071,Healing Arts Center,2012,"Under 1,000",101,0,101,40,101,31,0,70,0,0,0,0,0,0,0,0,101,31,0,70,0,0
455080,Paul Mitchell the School-Springfield,2012,"Under 1,000",148,114,34,127,148,107,0,41,0,0,114,80,0,34,0,0,34,27,0,7,0,0
455099,Urshan Graduate School of Theology,2012,"Under 1,000",78,13,65,38,0,0,0,0,0,78,0,0,0,0,0,13,0,0,0,0,0,65
455105,Mississippi Institute of Aesthetics Nails & Cosmetology,2012,"Under 1,000",58,58,0,58,58,12,0,46,0,0,58,12,0,46,0,0,0,0,0,0,0,0
455114,College of Western Idaho,2012,"5,000 - 9,999",9107,4168,4939,5826,9107,1593,3685,2963,866,0,4168,879,1672,1575,42,0,4939,714,2013,1388,824,0
455141,Aveda Institute-Chapel Hill,2012,"Under 1,000",210,210,0,210,210,94,0,116,0,0,210,94,0,116,0,0,0,0,0,0,0,0
455169,Charlotte School of Law,2012,"1,000 - 4,999",1400,1139,261,1239,0,0,0,0,0,1400,0,0,0,0,0,1139,0,0,0,0,0,261
455178,Daoist Traditions College of Chinese Medical Arts,2012,"Under 1,000",77,74,3,75,0,0,0,0,0,77,0,0,0,0,0,74,0,0,0,0,0,3
455187,Total Image Beauty Academy,2012,"Under 1,000",100,89,11,93,100,82,0,18,0,0,89,82,0,7,0,0,11,0,0,11,0,0
455196,Jersey College,2012,"1,000 - 4,999",1199,1199,0,1199,1199,79,248,872,0,0,1199,79,248,872,0,0,0,0,0,0,0,0
455202,American Institute of Medical Sciences & Education,2012,"Under 1,000",78,78,0,78,78,28,0,50,0,0,78,28,0,50,0,0,0,0,0,0,0,0
455211,Casal Institute of Nevada,2012,"Under 1,000",82,76,6,78,82,7,0,75,0,0,76,5,0,71,0,0,6,2,0,4,0,0
455220,Career School of NY,2012,"Under 1,000",61,61,0,61,61,45,0,16,0,0,61,45,0,16,0,0,0,0,0,0,0,0
455239,John Paolo's Xtreme Beauty Institute-Goldwell Product Artistry,2012,"Under 1,000",149,57,92,94,149,106,0,43,0,0,57,41,0,16,0,0,92,65,0,27,0,0
455257,Yeshiva of Machzikai Hadas,2012,"Under 1,000",334,334,0,334,334,71,31,232,0,0,334,71,31,232,0,0,0,0,0,0,0,0
455275,Aveda Institute-Columbus,2012,"Under 1,000",260,260,0,260,260,108,0,152,0,0,260,108,0,152,0,0,0,0,0,0,0,0
455284,Paul Mitchell the School-Cincinnati,2012,"Under 1,000",247,195,52,216,247,56,0,191,0,0,195,49,0,146,0,0,52,7,0,45,0,0
455293,Cutter's Edge School of Cosmetology,2012,"Under 1,000",20,20,0,20,20,5,0,15,0,0,20,5,0,15,0,0,0,0,0,0,0,0
455327,Hands on Therapy,2012,"Under 1,000",77,32,45,50,77,63,0,14,0,0,32,27,0,5,0,0,45,36,0,9,0,0
455336,MediaTech Institute-Dallas,2012,"Under 1,000",180,180,0,180,180,159,0,21,0,0,180,159,0,21,0,0,0,0,0,0,0,0
455345,PCCenter,2012,"Under 1,000",60,60,0,60,60,30,0,30,0,0,60,30,0,30,0,0,0,0,0,0,0,0
455354,Aveda Institute-San Antonio,2012,"Under 1,000",309,309,0,309,309,34,0,275,0,0,309,34,0,275,0,0,0,0,0,0,0,0
455381,Skin Science Institute,2012,"Under 1,000",27,18,9,22,27,22,0,5,0,0,18,15,0,3,0,0,9,7,0,2,0,0
455390,Global Health College,2012,"Under 1,000",265,142,123,191,265,51,46,168,0,0,142,31,14,97,0,0,123,20,32,71,0,0
455406,Pacific Northwest University of Health Sciences,2012,"Under 1,000",300,295,5,297,0,0,0,0,0,300,0,0,0,0,0,295,0,0,0,0,0,5
455424,Brensten Education,2012,"Under 1,000",578,578,0,578,578,72,0,506,0,0,578,72,0,506,0,0,0,0,0,0,0,0
455433,The Chicago School of Professional Psychology at Irvine,2012,"Under 1,000",225,56,169,121,0,0,0,0,0,225,0,0,0,0,0,56,0,0,0,0,0,169
455460,Fortis College-Dothan,2012,"Under 1,000",296,296,0,296,296,44,0,252,0,0,296,44,0,252,0,0,0,0,0,0,0,0
455479,Fortis Institute-Pensacola,2012,"Under 1,000",778,778,0,778,778,93,120,565,0,0,778,93,120,565,0,0,0,0,0,0,0,0
455488,Fortis College-Montgomery,2012,"Under 1,000",510,368,142,424,510,88,64,358,0,0,368,63,38,267,0,0,142,25,26,91,0,0
455512,Woodland Community College,2012,"1,000 - 4,999",2675,598,2077,1295,2675,344,425,1528,378,0,598,123,40,424,11,0,2077,221,385,1104,367,0
455549,Dorsey Business Schools-Farmington Hills,2012,"Under 1,000",80,80,0,80,80,8,0,72,0,0,80,8,0,72,0,0,0,0,0,0,0,0
455558,Dorsey Business Schools-Roseville Culinary Academy,2012,"Under 1,000",197,197,0,197,197,39,0,158,0,0,197,39,0,158,0,0,0,0,0,0,0,0
455567,Vatterott College-Appling Farms,2012,"Under 1,000",339,339,0,339,339,41,28,270,0,0,339,41,28,270,0,0,0,0,0,0,0,0
455585,Minnesota School of Business-Moorhead,2012,"Under 1,000",216,114,102,154,216,20,48,143,5,0,114,11,29,72,2,0,102,9,19,71,3,0
455600,Brown Mackie College-Boise,2012,"Under 1,000",514,514,0,514,514,75,71,368,0,0,514,75,71,368,0,0,0,0,0,0,0,0
455619,Brown Mackie College-Tulsa,2012,"Under 1,000",587,587,0,587,587,78,133,376,0,0,587,78,133,376,0,0,0,0,0,0,0,0
455628,Fortis Institute-Birmingham,2012,"Under 1,000",945,945,0,945,945,69,148,728,0,0,945,69,148,728,0,0,0,0,0,0,0,0
455655,Miller-Motte College-Greenville,2012,"Under 1,000",429,257,172,325,429,165,9,255,0,0,257,100,4,153,0,0,172,65,5,102,0,0
455664,The Chicago School of Professional Psychology at Los Angeles,2012,"Under 1,000",688,363,325,487,0,0,0,0,0,688,0,0,0,0,0,363,0,0,0,0,0,325
455673,Metro Business College-Arnold,2012,"Under 1,000",57,53,4,55,57,11,11,35,0,0,53,10,11,32,0,0,4,1,0,3,0,0
455682,The Chicago School of Professional Psychology at Westwood,2012,"Under 1,000",266,47,219,131,0,0,0,0,0,266,0,0,0,0,0,47,0,0,0,0,0,219
455707,Cardiac and Vascular Institute of Ultrasound,2012,"Under 1,000",43,43,0,43,43,0,0,43,0,0,43,0,0,43,0,0,0,0,0,0,0,0
455716,Virginia College-Jacksonville,2012,"Under 1,000",462,356,106,398,462,192,20,250,0,0,356,157,16,183,0,0,106,35,4,67,0,0
455725,Studio Academy of Beauty,2012,"Under 1,000",193,193,0,193,193,113,0,80,0,0,193,113,0,80,0,0,0,0,0,0,0,0
455734,California Nurses Educational Institute,2012,"Under 1,000",195,195,0,195,195,107,0,88,0,0,195,107,0,88,0,0,0,0,0,0,0,0
455752,RWM Fiber Optics,2012,"Under 1,000",62,62,0,62,62,15,0,47,0,0,62,15,0,47,0,0,0,0,0,0,0,0
455761,Paul Mitchell the School-Sacramento,2012,"Under 1,000",313,224,89,259,313,62,0,251,0,0,224,45,0,179,0,0,89,17,0,72,0,0
455770,Providence Christian College,2012,"Under 1,000",67,64,3,65,67,11,7,49,0,0,64,11,7,46,0,0,3,0,0,3,0,0
455798,Oxford Academy of Hair Design,2012,"Under 1,000",85,45,40,61,85,22,0,63,0,0,45,11,0,34,0,0,40,11,0,29,0,0
455804,Institute of World Politics,2012,"Under 1,000",138,81,57,103,0,0,0,0,0,138,0,0,0,0,0,81,0,0,0,0,0,57
455813,Pontifical John Paul II Institute for Studies on Marriage and Family,2012,"Under 1,000",103,66,37,80,0,0,0,0,0,103,0,0,0,0,0,66,0,0,0,0,0,37
455831,Medical Institute of Palm Beach,2012,"Under 1,000",202,202,0,202,202,43,0,159,0,0,202,43,0,159,0,0,0,0,0,0,0,0
455840,Lake Lanier School of Massage,2012,"Under 1,000",237,237,0,237,237,83,0,154,0,0,237,83,0,154,0,0,0,0,0,0,0,0
455859,Oliver Finley Academy of Cosmetology,2012,"Under 1,000",174,174,0,174,174,39,0,135,0,0,174,39,0,135,0,0,0,0,0,0,0,0
455868,National Career College,2012,"Under 1,000",65,65,0,65,65,14,0,51,0,0,65,14,0,51,0,0,0,0,0,0,0,0
455877,Aveda Institute-Chicago,2012,"Under 1,000",219,219,0,219,219,69,0,150,0,0,219,69,0,150,0,0,0,0,0,0,0,0
455886,Tricoci University of Beauty Culture-Libertyville,2012,"Under 1,000",155,97,58,120,155,30,0,125,0,0,97,25,0,72,0,0,58,5,0,53,0,0
455895,Tricoci University of Beauty Culture-Bridgeview,2012,"Under 1,000",173,119,54,140,173,29,0,144,0,0,119,20,0,99,0,0,54,9,0,45,0,0
455901,The Temple-A Paul Mitchell Partner School,2012,"Under 1,000",196,196,0,196,196,41,0,155,0,0,196,41,0,155,0,0,0,0,0,0,0,0
455910,Center for Massage & Natural Health,2012,"Under 1,000",24,24,0,24,24,11,0,13,0,0,24,11,0,13,0,0,0,0,0,0,0,0
455929,Academy of Hair Design-Oklahoma City,2012,"Under 1,000",46,29,17,36,46,15,0,31,0,0,29,11,0,18,0,0,17,4,0,13,0,0
455947,Pulse Beauty Academy-A Paul Mitchell Partner School,2012,"Under 1,000",138,118,20,126,138,129,0,9,0,0,118,113,0,5,0,0,20,16,0,4,0,0
455956,Liberty Technical College,2012,"Under 1,000",136,136,0,136,136,59,0,77,0,0,136,59,0,77,0,0,0,0,0,0,0,0
455965,Toni & Guy Hairdressing Academy-Cranston,2012,"Under 1,000",132,132,0,132,132,28,0,104,0,0,132,28,0,104,0,0,0,0,0,0,0,0
455974,South Texas Training Center,2012,"Under 1,000",47,47,0,47,47,30,0,17,0,0,47,30,0,17,0,0,0,0,0,0,0,0
455983,Columbia College,2012,"Under 1,000",299,251,48,270,299,182,17,90,10,0,251,148,17,76,10,0,48,34,0,14,0,0
455992,Vermont College of Fine Arts,2012,"Under 1,000",334,334,0,334,0,0,0,0,0,334,0,0,0,0,0,334,0,0,0,0,0,0
456001,Advanced Welding Institute,2012,"Under 1,000",35,35,0,35,35,27,0,8,0,0,35,27,0,8,0,0,0,0,0,0,0,0
456010,The Art Institute of Washington-Dulles,2012,"Under 1,000",234,189,45,207,234,37,25,170,2,0,189,33,21,135,0,0,45,4,4,35,2,0
456029,Paul Mitchell the School-Memphis,2012,"Under 1,000",150,150,0,150,150,34,0,116,0,0,150,34,0,116,0,0,0,0,0,0,0,0
456038,Pima Medical Institute-East Valley,2012,"Under 1,000",502,502,0,502,502,200,0,302,0,0,502,200,0,302,0,0,0,0,0,0,0,0
456056,Virginia College-Charleston,2012,"Under 1,000",369,273,96,311,369,159,11,199,0,0,273,131,8,134,0,0,96,28,3,65,0,0
456065,The Ohio Academy Paul Mitchell Partner School-Cleveland,2012,"Under 1,000",188,137,51,157,188,27,0,161,0,0,137,20,0,117,0,0,51,7,0,44,0,0
456074,The Ohio Academy Paul Mitchell Partner School-Columbus,2012,"Under 1,000",232,195,37,210,232,42,0,190,0,0,195,38,0,157,0,0,37,4,0,33,0,0
456092,Georgia Beauty Academy,2012,"Under 1,000",114,70,44,87,114,33,0,81,0,0,70,25,0,45,0,0,44,8,0,36,0,0
456126,Empire Beauty School-Lauderhill,2012,"Under 1,000",137,106,31,118,137,60,0,77,0,0,106,47,0,59,0,0,31,13,0,18,0,0
456135,Empire Beauty School-Spring Lake Park,2012,"Under 1,000",125,91,34,104,125,32,0,93,0,0,91,26,0,65,0,0,34,6,0,28,0,0
456144,MediaTech Institute-Austin,2012,"Under 1,000",65,65,0,65,65,31,0,34,0,0,65,31,0,34,0,0,0,0,0,0,0,0
456153,MediaTech Institute-Houston,2012,"Under 1,000",137,137,0,137,137,126,0,11,0,0,137,126,0,11,0,0,0,0,0,0,0,0
456180,Fortis College-Phoenix,2012,"Under 1,000",260,260,0,260,260,19,15,226,0,0,260,19,15,226,0,0,0,0,0,0,0,0
456205,Miller-Motte College-Raleigh,2012,"Under 1,000",525,383,142,439,525,103,87,335,0,0,383,88,68,227,0,0,142,15,19,108,0,0
456214,Lamson Institute,2012,"Under 1,000",197,197,0,197,197,174,0,23,0,0,197,174,0,23,0,0,0,0,0,0,0,0
456287,College of Hair Design-East Campus,2012,"Under 1,000",140,140,0,140,140,26,0,114,0,0,140,26,0,114,0,0,0,0,0,0,0,0
456296,International Academy of Design and Technology-Online,2012,"1,000 - 4,999",1387,1169,218,1255,1387,94,109,1184,0,0,1169,86,105,978,0,0,218,8,4,206,0,0
456302,Le Cordon Bleu College of Culinary Arts-St Louis,2012,"Under 1,000",338,338,0,338,338,62,0,276,0,0,338,62,0,276,0,0,0,0,0,0,0,0
456320,Heritage College-Wichita,2012,"Under 1,000",467,467,0,467,467,103,0,364,0,0,467,103,0,364,0,0,0,0,0,0,0,0
456339,Heritage College-Little Rock,2012,"Under 1,000",521,521,0,521,521,123,0,398,0,0,521,123,0,398,0,0,0,0,0,0,0,0
456348,Argosy University-Phoenix Online Division,2012,"10,000 - 19,999",10715,10715,0,10715,7900,1285,927,5671,17,2815,7900,1285,927,5671,17,2815,0,0,0,0,0,0
456357,MedTech College-Greenwood Campus,2012,"Under 1,000",742,700,42,717,742,100,5,637,0,0,700,100,5,595,0,0,42,0,0,42,0,0
456366,MedTech College-Ft Wayne Campus,2012,"Under 1,000",571,351,220,438,571,82,7,482,0,0,351,45,3,303,0,0,220,37,4,179,0,0
456375,MedTech College-Lexington Campus,2012,"Under 1,000",340,198,142,254,340,49,0,291,0,0,198,49,0,149,0,0,142,0,0,142,0,0
456393,ITT Technical Institute-Madison,2012,"Under 1,000",150,112,38,127,150,23,4,123,0,0,112,17,4,91,0,0,38,6,0,32,0,0
456409,ITT Technical Institute-Springfield,2012,"Under 1,000",236,186,50,206,236,37,11,188,0,0,186,29,8,149,0,0,50,8,3,39,0,0
456418,ITT Technical Institute-Huntington,2012,"Under 1,000",348,250,98,289,348,55,4,289,0,0,250,48,4,198,0,0,98,7,0,91,0,0
456427,ITT Technical Institute-Concord,2012,"Under 1,000",314,264,50,284,314,31,2,281,0,0,264,30,2,232,0,0,50,1,0,49,0,0
456436,ITT Technical Institute-Fort Myers,2012,"Under 1,000",323,192,131,243,323,56,14,253,0,0,192,43,6,143,0,0,131,13,8,110,0,0
456445,ITT Technical Institute-Charlotte North,2012,"Under 1,000",393,279,114,324,393,51,6,336,0,0,279,40,5,234,0,0,114,11,1,102,0,0
456454,Fortis College-Salt Lake City,2012,"Under 1,000",388,388,0,388,388,32,34,322,0,0,388,32,34,322,0,0,0,0,0,0,0,0
456481,Polytechnic University of Puerto Rico-Miami,2012,"Under 1,000",122,56,66,82,54,3,3,48,0,68,12,3,1,8,0,44,42,0,2,40,0,24
456490,Polytechnic University of Puerto Rico-Orlando,2012,"Under 1,000",155,29,126,78,112,4,16,92,0,43,27,2,8,17,0,2,85,2,8,75,0,41
456506,Ross Medical Education Center-Fort Wayne,2012,"Under 1,000",84,84,0,84,84,40,0,44,0,0,84,40,0,44,0,0,0,0,0,0,0,0
456515,Ross Medical Education Center-Portage,2012,"Under 1,000",138,138,0,138,138,87,0,51,0,0,138,87,0,51,0,0,0,0,0,0,0,0
456542,The Commonwealth Medical College,2012,"Under 1,000",325,325,0,325,0,0,0,0,0,325,0,0,0,0,0,325,0,0,0,0,0,0
456551,Josef's School of Hair Design Inc-Fargo West,2012,"Under 1,000",42,42,0,42,42,23,0,19,0,0,42,23,0,19,0,0,0,0,0,0,0,0
456560,Northeast Technology Center-Claremore,2012,"Under 1,000",117,30,87,59,117,26,0,28,63,0,30,11,0,19,0,0,87,15,0,9,63,0
456588,Salon Success Academy-Fontana,2012,"Under 1,000",49,49,0,49,49,18,0,31,0,0,49,18,0,31,0,0,0,0,0,0,0,0
456597,Salon Success Academy-Redlands,2012,"Under 1,000",117,115,2,116,117,23,0,94,0,0,115,23,0,92,0,0,2,0,0,2,0,0
456612,Brown Mackie College-Phoenix,2012,"Under 1,000",578,578,0,578,578,118,80,380,0,0,578,118,80,380,0,0,0,0,0,0,0,0
456621,Strayer University-West Virginia,2012,"Under 1,000",220,15,205,95,177,13,21,140,3,43,11,0,2,8,1,4,166,13,19,132,2,39
456719,Regency Beauty Institute-Tinley Park,2012,"Under 1,000",109,109,0,109,109,50,0,59,0,0,109,50,0,59,0,0,0,0,0,0,0,0
456728,Regency Beauty Institute-Columbia,2012,"Under 1,000",41,28,13,33,41,11,0,30,0,0,28,10,0,18,0,0,13,1,0,12,0,0
456737,Regency Beauty Institute-South Bend,2012,"Under 1,000",86,86,0,86,86,29,0,57,0,0,86,29,0,57,0,0,0,0,0,0,0,0
456746,Regency Beauty Institute-Detroit Lakeside,2012,"Under 1,000",112,86,26,96,112,30,0,82,0,0,86,21,0,65,0,0,26,9,0,17,0,0
456755,Regency Beauty Institute-Fort Myers,2012,"Under 1,000",40,30,10,34,40,13,0,27,0,0,30,10,0,20,0,0,10,3,0,7,0,0
456764,Regency Beauty Institute-Arlington,2012,"Under 1,000",94,63,31,75,94,33,0,61,0,0,63,22,0,41,0,0,31,11,0,20,0,0
456773,Regency Beauty Institute-Durham,2012,"Under 1,000",73,73,0,73,73,16,0,57,0,0,73,16,0,57,0,0,0,0,0,0,0,0
456782,Minnesota School of Business-Elk River,2012,"Under 1,000",370,148,222,235,370,33,45,282,10,0,148,15,21,109,3,0,222,18,24,173,7,0
456791,Brown Mackie College-Greenville,2012,"Under 1,000",919,919,0,919,919,112,135,671,1,0,919,112,135,671,1,0,0,0,0,0,0,0
456807,Globe University-Sioux Falls,2012,"Under 1,000",206,119,87,153,206,28,28,139,11,0,119,21,18,78,2,0,87,7,10,61,9,0
456816,Globe University-Eau Claire,2012,"Under 1,000",330,142,188,216,330,39,32,251,8,0,142,27,16,96,3,0,188,12,16,155,5,0
456825,Vanguard College of Cosmetology-Baton Rouge,2012,"Under 1,000",91,91,0,91,91,1,0,90,0,0,91,1,0,90,0,0,0,0,0,0,0,0
456834,Globe University-Minneapolis,2012,"Under 1,000",251,113,138,167,172,9,40,118,5,79,74,6,18,49,1,39,98,3,22,69,4,40
456861,Beauty Schools of America-Homestead,2012,"Under 1,000",696,696,0,696,696,176,0,520,0,0,696,176,0,520,0,0,0,0,0,0,0,0
456922,South Texas Vocational Technical Institute-Brownsville,2012,"Under 1,000",372,372,0,372,372,110,0,262,0,0,372,110,0,262,0,0,0,0,0,0,0,0
456931,South Texas Vocational Technical Institute-Corpus Christi,2012,"Under 1,000",370,370,0,370,370,87,0,283,0,0,370,87,0,283,0,0,0,0,0,0,0,0
456940,L'Ecole Culinaire-Memphis,2012,"Under 1,000",455,455,0,455,455,47,37,371,0,0,455,47,37,371,0,0,0,0,0,0,0,0
456959,University of Minnesota-Rochester,2012,"Under 1,000",414,374,40,390,414,140,21,224,29,0,374,140,21,210,3,0,40,0,0,14,26,0
456968,Health And Style Institute,2012,"Under 1,000",122,120,2,121,122,3,0,119,0,0,120,2,0,118,0,0,2,1,0,1,0,0
456977,CBT College-Cutler Bay,2012,"Under 1,000",216,216,0,216,216,32,0,184,0,0,216,32,0,184,0,0,0,0,0,0,0,0
457004,National College-Columbus,2012,"Under 1,000",106,66,40,82,106,12,19,75,0,0,66,9,10,47,0,0,40,3,9,28,0,0
457022,Herzing University-Toledo,2012,"Under 1,000",243,144,99,183,243,45,5,193,0,0,144,28,4,112,0,0,99,17,1,81,0,0
457031,Capri Beauty College,2012,"Under 1,000",56,56,0,56,56,7,0,49,0,0,56,7,0,49,0,0,0,0,0,0,0,0
457077,Milan Institute-Bakersfield,2012,"Under 1,000",393,393,0,393,393,96,0,297,0,0,393,96,0,297,0,0,0,0,0,0,0,0
457086,Homestead Schools,2012,"Under 1,000",193,143,50,163,193,57,0,136,0,0,143,46,0,97,0,0,50,11,0,39,0,0
457101,Carrington College-Las Vegas,2012,"Under 1,000",182,182,0,182,182,9,52,121,0,0,182,9,52,121,0,0,0,0,0,0,0,0
457110,Carrington College-Reno,2012,"Under 1,000",315,315,0,315,315,10,60,245,0,0,315,10,60,245,0,0,0,0,0,0,0,0
457129,Chamberlain College of Nursing-Florida,2012,"Under 1,000",586,268,318,393,586,0,295,289,2,0,268,0,112,156,0,0,318,0,183,133,2,0
457174,Remington College-Columbia Campus,2012,"Under 1,000",341,341,0,341,341,100,0,241,0,0,341,100,0,241,0,0,0,0,0,0,0,0
457183,Remington College of Nursing Orlando,2012,"Under 1,000",78,78,0,78,78,0,0,78,0,0,78,0,0,78,0,0,0,0,0,0,0,0
457192,Washington Barber College Inc,2012,"Under 1,000",89,89,0,89,89,17,0,72,0,0,89,17,0,72,0,0,0,0,0,0,0,0
457208,InterCoast Colleges-Elk Grove,2012,"Under 1,000",90,90,0,90,90,31,0,59,0,0,90,31,0,59,0,0,0,0,0,0,0,0
457226,Horizon University,2012,"Under 1,000",63,12,51,32,63,2,1,60,0,0,12,1,1,10,0,0,51,1,0,50,0,0
457244,San Diego Culinary Institute,2012,"Under 1,000",145,91,54,112,145,80,0,65,0,0,91,50,0,41,0,0,54,30,0,24,0,0
457253,Beyond 21st Century Beauty Academy,2012,"Under 1,000",62,11,51,31,62,17,0,45,0,0,11,3,0,8,0,0,51,14,0,37,0,0
457271,Academy for Jewish Religion-California,2012,"Under 1,000",64,28,36,42,0,0,0,0,0,64,0,0,0,0,0,28,0,0,0,0,0,36
457299,Angeles College,2012,"Under 1,000",97,97,0,97,97,6,20,71,0,0,97,6,20,71,0,0,0,0,0,0,0,0
457314,Angeles Institute,2012,"Under 1,000",147,147,0,147,147,33,0,114,0,0,147,33,0,114,0,0,0,0,0,0,0,0
457323,Paul Mitchell the School-Temecula,2012,"Under 1,000",299,223,76,253,299,162,0,137,0,0,223,121,0,102,0,0,76,41,0,35,0,0
457332,European Academy of Cosmetology and Hairdressing,2012,"Under 1,000",7,5,2,6,7,5,0,2,0,0,5,4,0,1,0,0,2,1,0,1,0,0
457341,International Institute of Cosmetology,2012,"Under 1,000",141,105,36,119,141,17,0,124,0,0,105,14,0,91,0,0,36,3,0,33,0,0
457350,Florida School of Traditional Midwifery,2012,"Under 1,000",38,0,38,15,38,1,0,37,0,0,0,0,0,0,0,0,38,1,0,37,0,0
457378,Walton Career Development Center,2012,"Under 1,000",96,79,17,85,96,18,0,78,0,0,79,14,0,65,0,0,17,4,0,13,0,0
457387,Immokalee Technical Center,2012,"Under 1,000",385,208,177,267,385,34,0,179,172,0,208,30,0,178,0,0,177,4,0,1,172,0
457396,American Academy of Cosmetology,2012,"Under 1,000",100,56,44,73,100,51,0,49,0,0,56,26,0,30,0,0,44,25,0,19,0,0
457402,University of Fort Lauderdale,2012,"Under 1,000",59,11,48,30,46,2,4,40,0,13,11,0,1,10,0,0,35,2,3,30,0,13
457411,Aviation Institute of Maintenance-Orlando,2012,"Under 1,000",204,186,18,193,204,39,0,165,0,0,186,38,0,148,0,0,18,1,0,17,0,0
457420,The Salon Professional Academy-Tampa,2012,"Under 1,000",135,70,65,96,135,73,0,62,0,0,70,39,0,31,0,0,65,34,0,31,0,0
457439,The Salon Professional Academy-Gainesville,2012,"Under 1,000",30,22,8,25,30,6,0,24,0,0,22,4,0,18,0,0,8,2,0,6,0,0
457448,The Salon Professional Academy-The Villages,2012,"Under 1,000",148,148,0,148,148,25,0,123,0,0,148,25,0,123,0,0,0,0,0,0,0,0
457457,The Hair Academy Inc,2012,"Under 1,000",40,20,20,28,40,22,0,18,0,0,20,19,0,1,0,0,20,3,0,17,0,0
457466,Profile Institute of Barber-Styling,2012,"Under 1,000",66,66,0,66,66,10,0,56,0,0,66,10,0,56,0,0,0,0,0,0,0,0
457475,The Process Institute of Cosmetology,2012,"Under 1,000",82,82,0,82,82,11,0,71,0,0,82,11,0,71,0,0,0,0,0,0,0,0
457484,New Hope Christian College-Honolulu,2012,"Under 1,000",141,77,64,102,120,26,1,85,8,21,73,21,1,51,0,4,47,5,0,34,8,17
457493,D & L Academy of Hair Design,2012,"Under 1,000",26,26,0,26,26,19,0,7,0,0,26,19,0,7,0,0,0,0,0,0,0,0
457509,Master Educators Beauty School,2012,"Under 1,000",39,39,0,39,39,14,0,25,0,0,39,14,0,25,0,0,0,0,0,0,0,0
457527,Ambria College of Nursing,2012,"Under 1,000",397,237,160,301,397,3,62,259,73,0,237,2,48,128,59,0,160,1,14,131,14,0
457536,Midwestern Career College,2012,"Under 1,000",85,85,0,85,85,15,0,70,0,0,85,15,0,70,0,0,0,0,0,0,0,0
457545,Paul Mitchell the School-Normal,2012,"Under 1,000",139,110,29,122,139,51,0,88,0,0,110,44,0,66,0,0,29,7,0,22,0,0
457554,Innovations Design Academy,2012,"Under 1,000",27,21,6,23,27,25,0,2,0,0,21,20,0,1,0,0,6,5,0,1,0,0
457563,Aveda Fredric's Institute-Indianapolis,2012,"Under 1,000",132,132,0,132,132,29,0,103,0,0,132,29,0,103,0,0,0,0,0,0,0,0
457572,The Salon Professional Academy-Anderson,2012,"Under 1,000",118,118,0,118,118,13,0,105,0,0,118,13,0,105,0,0,0,0,0,0,0,0
457581,Eric Fisher Academy,2012,"Under 1,000",159,159,0,159,159,21,0,138,0,0,159,21,0,138,0,0,0,0,0,0,0,0
457590,A & W Healthcare Educators,2012,"Under 1,000",40,30,10,34,40,2,0,38,0,0,30,2,0,28,0,0,10,0,0,10,0,0
457606,My Le's Beauty College,2012,"Under 1,000",57,57,0,57,57,55,0,2,0,0,57,55,0,2,0,0,0,0,0,0,0,0
457615,Blackstone Valley Vocational Regional School District,2012,"Under 1,000",30,0,30,10,30,10,0,20,0,0,0,0,0,0,0,0,30,10,0,20,0,0
457624,Southern Worcester County Regional Voc School District,2012,"Under 1,000",30,30,0,30,30,27,0,3,0,0,30,27,0,3,0,0,0,0,0,0,0,0
457633,L'esprit Academy,2012,"Under 1,000",112,112,0,112,112,45,0,67,0,0,112,45,0,67,0,0,0,0,0,0,0,0
457642,Marketti Academy of Cosmetology,2012,"Under 1,000",77,60,17,67,77,39,0,38,0,0,60,31,0,29,0,0,17,8,0,9,0,0
457651,CenterPoint Massage and Shiatsu Therapy School and Clinic,2012,"Under 1,000",114,56,58,79,114,60,0,54,0,0,56,33,0,23,0,0,58,27,0,31,0,0
457679,Avalon School of Cosmetology,2012,"Under 1,000",52,52,0,52,52,28,0,24,0,0,52,28,0,24,0,0,0,0,0,0,0,0
457688,American Business and Technology University,2012,"Under 1,000",186,186,0,186,186,114,51,21,0,0,186,114,51,21,0,0,0,0,0,0,0,0
457697,City Vision College,2012,"Under 1,000",63,36,27,47,63,6,29,27,1,0,36,3,24,9,0,0,27,3,5,18,1,0
457703,Transformed Barber and Cosmetology Academy,2012,"Under 1,000",106,40,66,66,106,10,0,96,0,0,40,6,0,34,0,0,66,4,0,62,0,0
457721,Bitterroot School of Cosmetology,2012,"Under 1,000",26,26,0,26,26,9,0,17,0,0,26,9,0,17,0,0,0,0,0,0,0,0
457730,Atlanta Beauty & Barber Academy,2012,"Under 1,000",417,390,27,401,417,160,0,257,0,0,390,147,0,243,0,0,27,13,0,14,0,0
457749,The Salon Professional Academy-Great Falls,2012,"Under 1,000",99,86,13,91,99,21,0,78,0,0,86,18,0,68,0,0,13,3,0,10,0,0
457758,Park West Barber School,2012,"Under 1,000",159,71,88,106,159,54,0,105,0,0,71,34,0,37,0,0,88,20,0,68,0,0
457767,National Career Institute,2012,"Under 1,000",230,230,0,230,230,99,0,131,0,0,230,99,0,131,0,0,0,0,0,0,0,0
457776,Toni & Guy Hairdressing Academy-Albuquerque,2012,"Under 1,000",83,83,0,83,83,17,0,66,0,0,83,17,0,66,0,0,0,0,0,0,0,0
457785,International Academy of Style,2012,"Under 1,000",105,105,0,105,105,102,0,3,0,0,105,102,0,3,0,0,0,0,0,0,0,0
457794,EDP School of Computer Programming,2012,"Under 1,000",118,76,42,93,118,54,0,64,0,0,76,26,0,50,0,0,42,28,0,14,0,0
457800,New York Medical Career Training Center,2012,"Under 1,000",381,65,316,190,381,348,0,33,0,0,65,56,0,9,0,0,316,292,0,24,0,0
457819,Institute of Culinary Education,2012,"Under 1,000",538,25,513,229,538,285,0,253,0,0,25,22,0,3,0,0,513,263,0,250,0,0
457828,New Life Business Institute,2012,"Under 1,000",139,139,0,139,139,59,0,80,0,0,139,59,0,80,0,0,0,0,0,0,0,0
457837,The Salon Professional Academy-Tonawanda,2012,"Under 1,000",118,66,52,87,118,39,0,79,0,0,66,23,0,43,0,0,52,16,0,36,0,0
457846,Onondaga School of Therapeutic Massage-Syracuse,2012,"Under 1,000",56,9,47,28,56,19,0,37,0,0,9,2,0,7,0,0,47,17,0,30,0,0
457855,Academy of Cosmetology and Esthetics NYC,2012,"Under 1,000",128,106,22,115,128,25,0,103,0,0,106,21,0,85,0,0,22,4,0,18,0,0
457864,Finger Lakes School of Massage,2012,"Under 1,000",119,65,54,86,119,40,0,79,0,0,65,24,0,41,0,0,54,16,0,38,0,0
457873,Four County Career Center,2012,"Under 1,000",137,28,109,65,137,23,0,114,0,0,28,0,0,28,0,0,109,23,0,86,0,0
457891,Vanity School of Cosmetology,2012,"Under 1,000",21,21,0,21,21,13,0,8,0,0,21,13,0,8,0,0,0,0,0,0,0,0
457916,The Salon Professional Academy-Perrysburg,2012,"Under 1,000",72,57,15,63,72,25,0,47,0,0,57,23,0,34,0,0,15,2,0,13,0,0
457925,Portland Actors Conservatory,2012,"Under 1,000",21,21,0,21,21,10,0,11,0,0,21,10,0,11,0,0,0,0,0,0,0,0
457943,Somerset County Technology Center,2012,"Under 1,000",68,68,0,68,68,62,0,6,0,0,68,62,0,6,0,0,0,0,0,0,0,0
457952,Metro Beauty Academy,2012,"Under 1,000",192,164,28,175,192,114,0,78,0,0,164,97,0,67,0,0,28,17,0,11,0,0
457961,Barone Beauty Academy,2012,"Under 1,000",67,67,0,67,67,19,0,48,0,0,67,19,0,48,0,0,0,0,0,0,0,0
457989,Academy for Careers and Technology,2012,"Under 1,000",54,54,0,54,54,36,0,18,0,0,54,36,0,18,0,0,0,0,0,0,0,0
457998,Aiken School of Cosmetology,2012,"Under 1,000",39,33,6,35,39,25,0,14,0,0,33,22,0,11,0,0,6,3,0,3,0,0
458007,Love Beauty School Inc,2012,"Under 1,000",55,34,21,42,55,39,0,16,0,0,34,25,0,9,0,0,21,14,0,7,0,0
458016,Professional Career Training Institute,2012,"Under 1,000",114,114,0,114,114,91,0,23,0,0,114,91,0,23,0,0,0,0,0,0,0,0
458025,Cannon Institute of Higher Learning,2012,"Under 1,000",24,24,0,24,24,7,0,17,0,0,24,7,0,17,0,0,0,0,0,0,0,0
458034,Cardiotech Ultrasound School,2012,"Under 1,000",58,46,12,51,58,35,0,23,0,0,46,30,0,16,0,0,12,5,0,7,0,0
458043,DuVall's School of Cosmetology,2012,"Under 1,000",103,89,14,95,103,18,0,85,0,0,89,15,0,74,0,0,14,3,0,11,0,0
458052,Advanced Beauty College,2012,"Under 1,000",96,8,88,43,96,25,0,71,0,0,8,2,0,6,0,0,88,23,0,65,0,0
458061,Texas Beauty College,2012,"Under 1,000",110,23,87,58,110,88,0,22,0,0,23,19,0,4,0,0,87,69,0,18,0,0
458070,Avenue Five Institute,2012,"Under 1,000",241,158,83,191,241,29,0,212,0,0,158,21,0,137,0,0,83,8,0,75,0,0
458098,The Salon Professional Academy-Lewisville,2012,"Under 1,000",95,95,0,95,95,29,0,66,0,0,95,29,0,66,0,0,0,0,0,0,0,0
458104,Renaissance Academie,2012,"Under 1,000",94,41,53,62,94,30,0,64,0,0,41,22,0,19,0,0,53,8,0,45,0,0
458113,Bethel College,2012,"Under 1,000",63,41,22,50,63,8,3,52,0,0,41,7,2,32,0,0,22,1,1,20,0,0
458122,Institute of Advanced Medical Esthetics,2012,"Under 1,000",3,3,0,3,3,0,0,3,0,0,3,0,0,3,0,0,0,0,0,0,0,0
458131,Gary Manuel Aveda Institute,2012,"Under 1,000",273,273,0,273,273,104,0,169,0,0,273,104,0,169,0,0,0,0,0,0,0,0
458140,Northwest School of Wooden Boat Building,2012,"Under 1,000",33,33,0,33,33,6,27,0,0,0,33,6,27,0,0,0,0,0,0,0,0,0
458159,Bainbridge Graduate Institute,2012,"Under 1,000",164,133,31,145,0,0,0,0,0,164,0,0,0,0,0,133,0,0,0,0,0,31
458168,The Salon Professional Academy-Onalaska,2012,"Under 1,000",81,81,0,81,81,43,0,38,0,0,81,43,0,38,0,0,0,0,0,0,0,0
458177,Regency Beauty Institute-North Tucson,2012,"Under 1,000",83,59,24,69,83,24,0,59,0,0,59,19,0,40,0,0,24,5,0,19,0,0
458186,Kaplan College-Chula Vista,2012,"Under 1,000",313,313,0,313,313,78,14,221,0,0,313,78,14,221,0,0,0,0,0,0,0,0
458195,InterCoast Colleges-Roseville,2012,"Under 1,000",31,31,0,31,31,3,0,28,0,0,31,3,0,28,0,0,0,0,0,0,0,0
458210,West Coast University-Orange County,2012,"1,000 - 4,999",1527,1357,170,1424,1527,11,260,1256,0,0,1357,11,234,1112,0,0,170,0,26,144,0,0
458229,West Coast University-Ontario,2012,"1,000 - 4,999",1082,994,88,1029,1082,20,172,890,0,0,994,20,170,804,0,0,88,0,2,86,0,0
458247,Dade Medical College-Homestead,2012,"Under 1,000",324,324,0,324,324,45,10,269,0,0,324,45,10,269,0,0,0,0,0,0,0,0
458256,Virginia College-Augusta,2012,"Under 1,000",658,422,236,515,658,291,23,344,0,0,422,183,16,223,0,0,236,108,7,121,0,0
458265,Midwest Technical Institute-East Peoria,2012,"Under 1,000",545,501,44,518,545,225,0,320,0,0,501,194,0,307,0,0,44,31,0,13,0,0
458274,Paul Mitchell the School-Chicago,2012,"Under 1,000",319,239,80,271,319,61,0,258,0,0,239,47,0,192,0,0,80,14,0,66,0,0
458283,Kaplan College-Indianapolis,2012,"Under 1,000",363,344,19,352,363,66,40,257,0,0,344,64,38,242,0,0,19,2,2,15,0,0
458292,Regency Beauty Institute-Evansville,2012,"Under 1,000",71,49,22,58,71,22,0,49,0,0,49,18,0,31,0,0,22,4,0,18,0,0
458317,Regency Beauty Institute-Shreveport,2012,"Under 1,000",106,106,0,106,106,36,0,70,0,0,106,36,0,70,0,0,0,0,0,0,0,0
458326,Regency Beauty Institute-Springfield,2012,"Under 1,000",72,55,17,62,72,24,0,48,0,0,55,22,0,33,0,0,17,2,0,15,0,0
458335,Regency Beauty Institute-Canton,2012,"Under 1,000",105,73,32,86,105,33,0,72,0,0,73,27,0,46,0,0,32,6,0,26,0,0
458344,Regency Beauty Institute-Spartanburg,2012,"Under 1,000",67,52,15,58,67,19,0,48,0,0,52,17,0,35,0,0,15,2,0,13,0,0
458353,Regency Beauty Institute-Chattanooga,2012,"Under 1,000",71,62,9,66,71,27,0,44,0,0,62,24,0,38,0,0,9,3,0,6,0,0
458362,Regency Beauty Institute-Mesquite,2012,"Under 1,000",92,92,0,92,92,42,0,50,0,0,92,42,0,50,0,0,0,0,0,0,0,0
458380,Dorsey Business Schools-Waterford Pontiac,2012,"Under 1,000",280,280,0,280,280,49,0,231,0,0,280,49,0,231,0,0,0,0,0,0,0,0
458399,Regina's College of Beauty-High Point,2012,"Under 1,000",63,53,10,57,63,54,0,9,0,0,53,49,0,4,0,0,10,5,0,5,0,0
458405,Miller-Motte College-Fayetteville,2012,"Under 1,000",667,554,113,599,667,158,119,390,0,0,554,139,106,309,0,0,113,19,13,81,0,0
458414,Drake College of Business-Newark,2012,"1,000 - 4,999",1497,1497,0,1497,1497,1307,0,190,0,0,1497,1307,0,190,0,0,0,0,0,0,0,0
458423,European Massage Therapy School-Las Vegas,2012,"Under 1,000",63,0,63,25,63,8,0,55,0,0,0,0,0,0,0,0,63,8,0,55,0,0
458432,Harrison College-Grove City,2012,"Under 1,000",201,142,59,165,201,26,12,163,0,0,142,19,9,114,0,0,59,7,3,49,0,0
458441,Miller-Motte Technical College-Columbus,2012,"Under 1,000",517,396,121,444,517,179,37,301,0,0,396,151,30,215,0,0,121,28,7,86,0,0
458469,National University College-Ponce,2012,"Under 1,000",987,643,344,778,987,183,137,665,2,0,643,129,93,421,0,0,344,54,44,244,2,0
458478,Fortis Institute-Grand Prairie,2012,"Under 1,000",328,328,0,328,328,46,0,282,0,0,328,46,0,282,0,0,0,0,0,0,0,0
458487,Paul Mitchell the School-St George,2012,"Under 1,000",158,119,39,134,158,24,0,134,0,0,119,21,0,98,0,0,39,3,0,36,0,0
458496,The Art Institute of Virginia Beach,2012,"Under 1,000",550,422,128,472,550,110,92,348,0,0,422,55,73,294,0,0,128,55,19,54,0,0
458502,Bryant & Stratton College-Bayshore,2012,"Under 1,000",569,210,359,351,569,69,215,285,0,0,210,44,95,71,0,0,359,25,120,214,0,0
458557,Daymar College-Online,2012,"Under 1,000",401,289,112,333,401,18,63,320,0,0,289,14,58,217,0,0,112,4,5,103,0,0
458593,Virginia College-Columbia,2012,"Under 1,000",434,266,168,333,434,221,19,194,0,0,266,139,12,115,0,0,168,82,7,79,0,0
458681,Fortis College-Indianapolis,2012,"Under 1,000",176,176,0,176,176,33,10,133,0,0,176,33,10,133,0,0,0,0,0,0,0,0
458690,Kaplan College-Arlington,2012,"Under 1,000",456,456,0,456,456,131,5,320,0,0,456,131,5,320,0,0,0,0,0,0,0,0
458706,Kaplan College-Charlotte,2012,"Under 1,000",393,393,0,393,393,62,60,271,0,0,393,62,60,271,0,0,0,0,0,0,0,0
458715,Kaplan College-Jacksonville,2012,"Under 1,000",269,269,0,269,269,27,10,232,0,0,269,27,10,232,0,0,0,0,0,0,0,0
458733,Globe University-Madison East,2012,"Under 1,000",293,128,165,193,293,35,35,218,5,0,128,20,19,89,0,0,165,15,16,129,5,0
458742,Minnesota School of Business-Lakeville,2012,"Under 1,000",241,127,114,172,241,37,34,162,8,0,127,28,22,76,1,0,114,9,12,86,7,0
458751,Globe University–Green Bay,2012,"Under 1,000",260,121,139,176,260,42,36,171,11,0,121,36,14,70,1,0,139,6,22,101,10,0
458760,Globe University–Madison West,2012,"Under 1,000",283,128,155,189,283,34,44,192,13,0,128,21,26,78,3,0,155,13,18,114,10,0
458779,Globe University–Wausau,2012,"Under 1,000",277,111,166,176,277,31,26,209,11,0,111,16,12,80,3,0,166,15,14,129,8,0
458797,Dade Medical College-Hollywood,2012,"Under 1,000",462,462,0,462,462,35,47,380,0,0,462,35,47,380,0,0,0,0,0,0,0,0
458803,Empire Beauty School-E Memphis,2012,"Under 1,000",182,137,45,155,182,67,0,115,0,0,137,55,0,82,0,0,45,12,0,33,0,0
458812,Empire Beauty School-Nashville,2012,"Under 1,000",82,82,0,82,82,25,0,57,0,0,82,25,0,57,0,0,0,0,0,0,0,0
458821,Empire Beauty School-Jackson,2012,"Under 1,000",66,66,0,66,66,35,0,31,0,0,66,35,0,31,0,0,0,0,0,0,0,0
458830,Empire Beauty School-Springfield,2012,"Under 1,000",283,184,99,223,283,102,0,181,0,0,184,69,0,115,0,0,99,33,0,66,0,0
458849,Empire Beauty School-Paramus,2012,"Under 1,000",151,114,37,129,151,73,0,78,0,0,114,61,0,53,0,0,37,12,0,25,0,0
458858,Empire Beauty School-Speedway,2012,"Under 1,000",150,107,43,124,150,45,0,105,0,0,107,37,0,70,0,0,43,8,0,35,0,0
458867,Empire Beauty School-Morrow,2012,"Under 1,000",218,178,40,194,218,72,0,146,0,0,178,61,0,117,0,0,40,11,0,29,0,0
458885,Strayer University-Arkansas,2012,"Under 1,000",186,18,168,83,103,5,16,82,0,83,1,0,0,1,0,17,102,5,16,81,0,66
458919,Strayer University-Georgia,2012,"5,000 - 9,999",5558,737,4821,2614,3676,261,410,3001,4,1882,431,16,59,356,0,306,3245,245,351,2645,4,1576
458937,Strayer University-Louisiana,2012,"Under 1,000",186,32,154,92,131,11,19,101,0,55,14,0,3,11,0,18,117,11,16,90,0,37
458955,Strayer University-Mississippi,2012,"Under 1,000",326,20,306,139,215,23,42,150,0,111,9,0,2,7,0,11,206,23,40,143,0,100
458964,Strayer University-South Carolina,2012,"1,000 - 4,999",2222,326,1896,1063,1343,100,165,1077,1,879,197,6,17,174,0,129,1146,94,148,903,1,750
458973,Strayer University-Texas,2012,"1,000 - 4,999",1098,205,893,553,777,85,134,557,1,321,117,6,25,86,0,88,660,79,109,471,1,233
458982,The Art Institute of San Antonio,2012,"Under 1,000",953,539,414,702,953,192,234,527,0,0,539,90,97,352,0,0,414,102,137,175,0,0
458991,Globe University-La Crosse,2012,"Under 1,000",315,214,101,254,315,44,52,207,12,0,214,38,34,142,0,0,101,6,18,65,12,0
459000,The Hair Design School-S Memphis,2012,"Under 1,000",139,99,40,115,139,50,0,89,0,0,99,41,0,58,0,0,40,9,0,31,0,0
459019,The Hair Design School-Charlotte,2012,"Under 1,000",143,102,41,118,143,58,0,85,0,0,102,42,0,60,0,0,41,16,0,25,0,0
459028,The Hair Design School-Durham,2012,"Under 1,000",56,45,11,49,56,21,0,35,0,0,45,16,0,29,0,0,11,5,0,6,0,0
459037,The Hair Design School-E Greensboro,2012,"Under 1,000",171,114,57,137,171,52,0,119,0,0,114,37,0,77,0,0,57,15,0,42,0,0
459046,The Hair Design School-Winston-Salem,2012,"Under 1,000",128,89,39,104,128,49,0,79,0,0,89,36,0,53,0,0,39,13,0,26,0,0
459055,Empire Beauty School-West Palm,2012,"Under 1,000",120,81,39,96,120,34,0,86,0,0,81,26,0,55,0,0,39,8,0,31,0,0
459064,Empire Beauty School-Pineville,2012,"Under 1,000",146,108,38,123,146,42,0,104,0,0,108,32,0,76,0,0,38,10,0,28,0,0
459073,The Hair Design School-N Memphis,2012,"Under 1,000",71,71,0,71,71,28,0,43,0,0,71,28,0,43,0,0,0,0,0,0,0,0
459082,Virginia Tech Carilion School of Medicine,2012,,,,,,,,,,,,,,,,,,,,,,,
459091,Broadview Entertainment Arts University,2012,"Under 1,000",122,34,88,69,122,41,27,50,4,0,34,13,12,9,0,0,88,28,15,41,4,0
459107,Bryant & Stratton College-Hampton,2012,"Under 1,000",567,271,296,387,567,109,175,283,0,0,271,76,88,107,0,0,296,33,87,176,0,0
459116,Paul Mitchell the School-Phoenix,2012,"Under 1,000",198,144,54,165,198,24,0,174,0,0,144,15,0,129,0,0,54,9,0,45,0,0
459125,All Beauty College,2012,"Under 1,000",56,56,0,56,56,18,0,38,0,0,56,18,0,38,0,0,0,0,0,0,0,0
459134,Northern California Institute of Cosmetology Inc,2012,"Under 1,000",54,28,26,38,54,45,0,9,0,0,28,22,0,6,0,0,26,23,0,3,0,0
459143,Golden State College of Court Reporting,2012,"Under 1,000",68,60,8,63,68,24,0,44,0,0,60,18,0,42,0,0,8,6,0,2,0,0
459152,Preferred College of Nursing-Los Angeles,2012,"Under 1,000",121,41,80,73,121,24,0,97,0,0,41,9,0,32,0,0,80,15,0,65,0,0
459161,Trinity Vocational Center,2012,"Under 1,000",102,22,80,54,102,12,0,90,0,0,22,3,0,19,0,0,80,9,0,71,0,0
459170,SICE Paul Mitchell Partner School,2012,"Under 1,000",71,47,24,57,71,50,0,21,0,0,47,35,0,12,0,0,24,15,0,9,0,0
459189,Cosmo Beauty Academy,2012,"Under 1,000",84,28,56,50,84,23,0,61,0,0,28,11,0,17,0,0,56,12,0,44,0,0
459198,Paul Mitchell the School-Fresno,2012,"Under 1,000",242,199,43,216,242,41,0,201,0,0,199,38,0,161,0,0,43,3,0,40,0,0
459204,Unitek College,2012,"Under 1,000",680,680,0,680,680,154,69,457,0,0,680,154,69,457,0,0,0,0,0,0,0,0
459213,Gurnick Academy of Medical Arts,2012,"Under 1,000",611,611,0,611,611,198,0,413,0,0,611,198,0,413,0,0,0,0,0,0,0,0
459222,Southern California University SOMA,2012,"Under 1,000",127,110,17,117,26,0,3,7,16,101,19,0,2,5,12,91,7,0,1,2,4,10
459231,Paul Mitchell the School-East Bay,2012,"Under 1,000",326,230,96,268,326,134,0,192,0,0,230,103,0,127,0,0,96,31,0,65,0,0
459259,South University–Richmond,2012,"Under 1,000",633,390,243,485,562,30,159,373,0,71,373,17,105,251,0,17,189,13,54,122,0,54
459268,South University–Virginia Beach,2012,"Under 1,000",635,435,200,513,525,37,217,271,0,110,392,28,171,193,0,43,133,9,46,78,0,67
459277,Aveda Institute-Denver,2012,"Under 1,000",449,449,0,449,449,245,0,204,0,0,449,245,0,204,0,0,0,0,0,0,0,0
459286,Paul Mitchell the School-Colorado Springs,2012,"Under 1,000",295,213,82,246,295,78,0,217,0,0,213,56,0,157,0,0,82,22,0,60,0,0
459295,The Salon Professional Academy-Colorado Springs,2012,"Under 1,000",75,70,5,72,75,21,0,54,0,0,70,21,0,49,0,0,5,0,0,5,0,0
459301,Paul Mitchell the School-Delaware,2012,"Under 1,000",181,129,52,150,181,35,0,146,0,0,129,29,0,100,0,0,52,6,0,46,0,0
459310,Future-Tech Institute,2012,"Under 1,000",11,11,0,11,11,6,0,5,0,0,11,6,0,5,0,0,0,0,0,0,0,0
459329,Marchman Technical Education Center,2012,"Under 1,000",172,163,9,166,172,102,0,70,0,0,163,97,0,66,0,0,9,5,0,4,0,0
459338,Eureka Institute of Health and Beauty,2012,"Under 1,000",72,72,0,72,72,14,0,58,0,0,72,14,0,58,0,0,0,0,0,0,0,0
459347,The Salon Professional Academy-Ft Myers,2012,"Under 1,000",62,49,13,54,62,27,0,35,0,0,49,25,0,24,0,0,13,2,0,11,0,0
459356,SOLEX College,2012,"Under 1,000",102,91,11,95,102,49,13,39,1,0,91,39,13,39,0,0,11,10,0,0,1,0
459365,Unity Cosmetology College,2012,"Under 1,000",50,35,15,41,50,14,0,36,0,0,35,13,0,22,0,0,15,1,0,14,0,0
459374,Universal Spa Training Academy,2012,"Under 1,000",110,67,43,84,110,77,0,33,0,0,67,45,0,22,0,0,43,32,0,11,0,0
459392,The Salon Professional Academy-Evansville,2012,"Under 1,000",119,119,0,119,119,20,0,99,0,0,119,20,0,99,0,0,0,0,0,0,0,0
459408,Tri County Regional Vocational Technical High School,2012,"Under 1,000",68,54,14,59,68,26,0,42,0,0,54,24,0,30,0,0,14,2,0,12,0,0
459417,Compass College of Cinematic Arts,2012,"Under 1,000",80,80,0,80,80,39,35,6,0,0,80,39,35,6,0,0,0,0,0,0,0,0
459426,Nova Academy of Cosmetology,2012,"Under 1,000",92,80,12,85,92,43,0,49,0,0,80,39,0,41,0,0,12,4,0,8,0,0
459435,Victory Trade School,2012,"Under 1,000",26,26,0,26,26,18,0,8,0,0,26,18,0,8,0,0,0,0,0,0,0,0
459444,Starting Points Inc,2012,"Under 1,000",38,24,14,30,38,13,0,25,0,0,24,10,0,14,0,0,14,3,0,11,0,0
459453,The Lab-Paul Mitchell Partner School,2012,"Under 1,000",95,84,11,88,95,3,0,92,0,0,84,3,0,81,0,0,11,0,0,11,0,0
459462,SAE Institute of Technology-New York,2012,"Under 1,000",274,173,101,213,274,260,0,14,0,0,173,165,0,8,0,0,101,95,0,6,0,0
459471,John Paolo's Xtreme Beauty Institute-Goldwell Product Artistry,2012,"Under 1,000",14,9,5,11,14,6,0,8,0,0,9,5,0,4,0,0,5,1,0,4,0,0
459480,The Artisan College of Cosmetology,2012,"Under 1,000",42,42,0,42,42,13,0,29,0,0,42,13,0,29,0,0,0,0,0,0,0,0
459499,Sage School of Massage,2012,"Under 1,000",28,28,0,28,28,21,0,7,0,0,28,21,0,7,0,0,0,0,0,0,0,0
459514,Lawyer's Assistant School of Dallas,2012,"Under 1,000",29,29,0,29,29,12,0,17,0,0,29,12,0,17,0,0,0,0,0,0,0,0
459523,ABC Beauty Academy,2012,"Under 1,000",48,43,5,45,48,7,0,41,0,0,43,7,0,36,0,0,5,0,0,5,0,0
459532,Salon & Spa Institute,2012,"Under 1,000",27,17,10,21,27,25,0,2,0,0,17,16,0,1,0,0,10,9,0,1,0,0
459541,American Beauty Academy,2012,"Under 1,000",50,32,18,39,50,3,0,47,0,0,32,1,0,31,0,0,18,2,0,16,0,0
459550,The Salon Professional Academy-Tacoma,2012,"Under 1,000",142,132,10,136,142,92,0,50,0,0,132,85,0,47,0,0,10,7,0,3,0,0
459569,Academy of Cosmetology,2012,"Under 1,000",8,8,0,8,8,4,0,4,0,0,8,4,0,4,0,0,0,0,0,0,0,0
459578,The Academy Waukesha,2012,"Under 1,000",178,134,44,151,178,42,0,136,0,0,134,38,0,96,0,0,44,4,0,40,0,0
459587,ITT Technical Institute-Merrillville,2012,"Under 1,000",329,200,129,251,329,27,29,273,0,0,200,19,21,160,0,0,129,8,8,113,0,0
459596,ITT Technical Institute-Tallahassee,2012,"Under 1,000",329,213,116,259,329,30,15,284,0,0,213,25,4,184,0,0,116,5,11,100,0,0
459602,ITT Technical Institute-Salem,2012,"Under 1,000",207,133,74,162,207,37,13,157,0,0,133,32,3,98,0,0,74,5,10,59,0,0
459611,ITT Technical Institute-Akron,2012,"Under 1,000",238,151,87,185,238,50,6,182,0,0,151,35,3,113,0,0,87,15,3,69,0,0
459620,ITT Technical Institute-Cedar Rapids,2012,"Under 1,000",105,66,39,81,105,15,2,88,0,0,66,13,1,52,0,0,39,2,1,36,0,0
459639,ITT Technical Institute-Corona,2012,"Under 1,000",444,372,72,400,444,59,2,383,0,0,372,51,2,319,0,0,72,8,0,64,0,0
459648,ITT Technical Institute-Johnson City,2012,"Under 1,000",135,86,49,105,135,21,2,112,0,0,86,11,1,74,0,0,49,10,1,38,0,0
459657,ITT Technical Institute-DeSoto,2012,"Under 1,000",191,136,55,158,191,31,2,158,0,0,136,27,2,107,0,0,55,4,0,51,0,0
459666,ITT Technical Institute-North Charleston,2012,"Under 1,000",218,167,51,187,218,54,3,161,0,0,167,41,1,125,0,0,51,13,2,36,0,0
459675,ITT Technical Institute-Aurora,2012,"Under 1,000",277,206,71,234,277,29,4,244,0,0,206,24,4,178,0,0,71,5,0,66,0,0
459684,ITT Technical Institute-West Covina,2012,"Under 1,000",398,318,80,349,398,50,3,345,0,0,318,44,2,272,0,0,80,6,1,73,0,0
459693,ITT Technical Institute-Culver City,2012,"Under 1,000",336,247,89,282,336,36,0,300,0,0,247,32,0,215,0,0,89,4,0,85,0,0
459709,ITT Technical Institute-Dearborn,2012,"Under 1,000",407,288,119,335,407,54,4,349,0,0,288,45,4,239,0,0,119,9,0,110,0,0
459718,ITT Technical Institute-Las Vegas,2012,"Under 1,000",552,409,143,465,552,61,3,488,0,0,409,53,3,353,0,0,143,8,0,135,0,0
459727,Touro University Worldwide,2012,"Under 1,000",243,107,136,159,99,6,17,46,30,144,59,6,14,38,1,48,40,0,3,8,29,96
459736,Touro University California,2012,"1,000 - 4,999",1387,1194,193,1268,0,0,0,0,0,1387,0,0,0,0,0,1194,0,0,0,0,0,193
459745,The Chicago School of Professional Psychology at Washington DC,2012,"Under 1,000",297,153,144,208,0,0,0,0,0,297,0,0,0,0,0,153,0,0,0,0,0,144
459824,Touro University Nevada,2012,"1,000 - 4,999",1232,1023,209,1103,43,0,0,43,0,1189,30,0,0,30,0,993,13,0,0,13,0,196
459833,National College-Willoughby Hills,2012,"Under 1,000",71,37,34,50,71,3,17,51,0,0,37,3,7,27,0,0,34,0,10,24,0,0
459842,Herzing University-Kenosha,2012,"Under 1,000",371,222,149,281,368,63,17,288,0,3,221,42,12,167,0,1,147,21,5,121,0,2
459851,Herzing University-Brookfield,2012,"Under 1,000",290,219,71,247,287,41,38,208,0,3,218,40,31,147,0,1,69,1,7,61,0,2
459930,Heald College-Modesto,2012,"1,000 - 4,999",1016,810,206,892,1016,145,98,772,1,0,810,94,62,654,0,0,206,51,36,118,1,0
459958,Fortis Institute-Houston,2012,"Under 1,000",452,452,0,452,452,126,0,326,0,0,452,126,0,326,0,0,0,0,0,0,0,0
459967,Southern Careers Institute-Brownsville,2012,"Under 1,000",440,440,0,440,440,430,0,10,0,0,440,430,0,10,0,0,0,0,0,0,0,0
459985,Southern Careers Institute-Harlingen,2012,"Under 1,000",353,353,0,353,353,292,0,61,0,0,353,292,0,61,0,0,0,0,0,0,0,0
459994,Strayer University-Global Region,2012,"1,000 - 4,999",3662,280,3382,1596,2286,428,307,1484,67,1376,113,3,9,101,0,167,2173,425,298,1383,67,1209
460002,Regina's College of Beauty-Charlotte,2012,"Under 1,000",109,65,44,82,109,94,0,15,0,0,65,60,0,5,0,0,44,34,0,10,0,0
460011,Kenneth Shuler School of Cosmetology-Florence,2012,"Under 1,000",161,116,45,134,161,15,0,146,0,0,116,13,0,103,0,0,45,2,0,43,0,0
460020,Fortis College-Columbia,2012,"Under 1,000",446,446,0,446,446,61,45,340,0,0,446,61,45,340,0,0,0,0,0,0,0,0
460039,Brown Mackie College-Albuquerque,2012,"Under 1,000",752,752,0,752,752,225,0,527,0,0,752,225,0,527,0,0,0,0,0,0,0,0
460048,Brown Mackie College-St Louis,2012,"Under 1,000",601,601,0,601,601,79,111,411,0,0,601,79,111,411,0,0,0,0,0,0,0,0
460057,Avant Gard The School,2012,"Under 1,000",40,35,5,37,40,13,0,27,0,0,35,11,0,24,0,0,5,2,0,3,0,0
460066,Toni & Guy Hairdressing Academy-Bellingham,2012,"Under 1,000",70,70,0,70,70,15,0,55,0,0,70,15,0,55,0,0,0,0,0,0,0,0
460075,California University of Management and Sciences,2012,Not reported,,,,,,,,,,,,,,,,,,,,,,
460093,Ross Medical Education Center-Davison,2012,"Under 1,000",220,220,0,220,220,144,0,76,0,0,220,144,0,76,0,0,0,0,0,0,0,0
460109,Ross Medical Education Center-Granger,2012,"Under 1,000",137,137,0,137,137,56,0,81,0,0,137,56,0,81,0,0,0,0,0,0,0,0
460118,Ross Medical Education Center-Niles,2012,"Under 1,000",61,61,0,61,61,25,0,36,0,0,61,25,0,36,0,0,0,0,0,0,0,0
460127,Ross Medical Education Center-Canton,2012,"Under 1,000",124,124,0,124,124,60,0,64,0,0,124,60,0,64,0,0,0,0,0,0,0,0
460136,Pima Medical Institute-Houston,2012,"Under 1,000",574,574,0,574,574,290,0,284,0,0,574,290,0,284,0,0,0,0,0,0,0,0
460145,Illinois Center for Broadcasting–Chicago Campus,2012,"Under 1,000",234,234,0,234,234,94,0,140,0,0,234,94,0,140,0,0,0,0,0,0,0,0
460172,South Texas Vocational Technical Institute-San Antonio,2012,"Under 1,000",210,210,0,210,210,47,0,163,0,0,210,47,0,163,0,0,0,0,0,0,0,0
460181,Concorde Career Institute-Dallas,2012,"Under 1,000",242,242,0,242,242,93,0,149,0,0,242,93,0,149,0,0,0,0,0,0,0,0
460190,Concorde Career Institute-Orlando,2012,"Under 1,000",249,249,0,249,249,82,0,167,0,0,249,82,0,167,0,0,0,0,0,0,0,0
460206,Concorde Career Institute-San Antonio,2012,"Under 1,000",296,296,0,296,296,102,0,194,0,0,296,102,0,194,0,0,0,0,0,0,0,0
460215,Ecotech Institute,2012,"Under 1,000",399,367,32,380,399,145,18,236,0,0,367,138,16,213,0,0,32,7,2,23,0,0
460349,Johnson & Wales University-Online,2012,"Under 1,000",113,47,66,73,113,0,16,97,0,0,47,0,5,42,0,0,66,0,11,55,0,0
460358,Everest College-Fort Worth South,2012,"Under 1,000",515,470,45,488,515,73,46,396,0,0,470,68,37,365,0,0,45,5,9,31,0,0
460367,Everest College-Santa Ana,2012,"Under 1,000",524,524,0,524,524,61,0,463,0,0,524,61,0,463,0,0,0,0,0,0,0,0
460385,Geisinger-Lewistown Hospital School of Nursing,2012,"Under 1,000",122,68,54,89,122,48,0,74,0,0,68,24,0,44,0,0,54,24,0,30,0,0
460394,Moreno Valley College,2012,"5,000 - 9,999",9079,1704,7375,4180,9079,1111,1955,4839,1174,0,1704,287,255,1105,57,0,7375,824,1700,3734,1117,0
460446,Hair Design Institute at Fifth Avenue-New York,2012,"Under 1,000",246,101,145,159,246,46,0,200,0,0,101,27,0,74,0,0,145,19,0,126,0,0
460455,Onondaga School of Therapeutic Massage-Rochester,2012,"Under 1,000",67,10,57,33,67,19,0,48,0,0,10,3,0,7,0,0,57,16,0,41,0,0
460464,Norco College,2012,"5,000 - 9,999",9664,2039,7625,4599,9664,1287,1498,5374,1505,0,2039,476,177,1333,53,0,7625,811,1321,4041,1452,0
460473,Daymar College-Louisville,2012,"Under 1,000",68,38,30,50,68,5,9,54,0,0,38,2,5,31,0,0,30,3,4,23,0,0
460482,Dorsey Business Schools-Saginaw,2012,"Under 1,000",302,302,0,302,302,42,0,260,0,0,302,42,0,260,0,0,0,0,0,0,0,0
460516,Milan Institute of Cosmetology-La Quinta,2012,"Under 1,000",138,138,0,138,138,33,0,105,0,0,138,33,0,105,0,0,0,0,0,0,0,0
460525,Milan Institute-Nampa,2012,"Under 1,000",294,294,0,294,294,85,0,209,0,0,294,85,0,209,0,0,0,0,0,0,0,0
460534,Milan Institute of Cosmetology-El Paso,2012,"Under 1,000",375,375,0,375,375,120,0,255,0,0,375,120,0,255,0,0,0,0,0,0,0,0
460543,Universal Technical Institute - Dallas Fort Worth,2012,"Under 1,000",802,802,0,802,802,153,0,649,0,0,802,153,0,649,0,0,0,0,0,0,0,0
460552,Finger Lakes School of Massage,2012,"Under 1,000",72,52,20,60,72,14,0,58,0,0,52,12,0,40,0,0,20,2,0,18,0,0
460561,Park Avenue School of Cosmetology,2012,"Under 1,000",41,41,0,41,41,38,0,3,0,0,41,38,0,3,0,0,0,0,0,0,0,0
460570,Salter School of Nursing and Allied Health,2012,"Under 1,000",249,177,72,206,249,164,0,85,0,0,177,115,0,62,0,0,72,49,0,23,0,0
460589,Salter School-New Bedford,2012,"Under 1,000",312,238,74,267,312,250,0,62,0,0,238,191,0,47,0,0,74,59,0,15,0,0
460598,Harris School of Business-Upper Darby Campus,2012,"Under 1,000",626,480,146,538,626,190,0,436,0,0,480,151,0,329,0,0,146,39,0,107,0,0
460604,Stratford School of Aviation Maintenance Technicians,2012,"Under 1,000",38,38,0,38,38,18,0,20,0,0,38,18,0,20,0,0,0,0,0,0,0,0
460613,Brown Mackie College-San Antonio,2012,"Under 1,000",724,724,0,724,724,215,53,456,0,0,724,215,53,456,0,0,0,0,0,0,0,0
460631,Hollywood Institute of Beauty Careers,2012,"Under 1,000",135,135,0,135,135,58,0,77,0,0,135,58,0,77,0,0,0,0,0,0,0,0
460640,Cortiva Institute-New Jersey,2012,"Under 1,000",59,42,17,49,59,23,0,36,0,0,42,18,0,24,0,0,17,5,0,12,0,0
460659,Cambridge Junior College-Woodland,2012,"Under 1,000",85,85,0,85,85,46,0,39,0,0,85,46,0,39,0,0,0,0,0,0,0,0
460677,ICPR Junior College-Manati,2012,"Under 1,000",441,435,6,437,441,278,15,148,0,0,435,277,15,143,0,0,6,1,0,5,0,0
460695,Ridley-Lowell Business & Technical Institute-Danbury,2012,"Under 1,000",247,246,1,246,247,105,0,142,0,0,246,105,0,141,0,0,1,0,0,1,0,0
460701,Artistic Nails and Beauty Academy-Lakeland,2012,"Under 1,000",354,164,190,239,354,132,0,222,0,0,164,85,0,79,0,0,190,47,0,143,0,0
460710,Paul Mitchell the School-Murfreesboro,2012,"Under 1,000",187,132,55,154,187,21,0,166,0,0,132,13,0,119,0,0,55,8,0,47,0,0
460729,Allied American University,2012,"1,000 - 4,999",2284,310,1974,1085,2284,1216,183,860,25,0,310,180,37,93,0,0,1974,1036,146,767,25,0
460738,American Sentinel University,2012,"1,000 - 4,999",2969,448,2521,1430,1913,10,359,1499,45,1056,186,2,56,128,0,262,1727,8,303,1371,45,794
460747,Tribeca Flashpoint Media Arts Academy,2012,Not reported,,,,,,,,,,,,,,,,,,,,,,
460756,Hawaii Medical College,2012,"Under 1,000",337,337,0,337,337,64,0,273,0,0,337,64,0,273,0,0,0,0,0,0,0,0
460765,Carolina College of Hair Design,2012,"Under 1,000",36,36,0,36,36,24,0,12,0,0,36,24,0,12,0,0,0,0,0,0,0,0
460774,Virginia College-Baton Rouge,2012,"Under 1,000",486,317,169,384,486,151,25,310,0,0,317,101,13,203,0,0,169,50,12,107,0,0
460783,Remington College-Heathrow Campus,2012,"Under 1,000",247,247,0,247,247,60,0,187,0,0,247,60,0,187,0,0,0,0,0,0,0,0
460808,College of Massage Therapy,2012,"Under 1,000",38,38,0,38,38,33,0,5,0,0,38,33,0,5,0,0,0,0,0,0,0,0
460817,Miller-Motte College-Jacksonville,2012,"Under 1,000",466,307,159,370,466,115,67,284,0,0,307,85,48,174,0,0,159,30,19,110,0,0
460826,Miller-Motte Technical College-Augusta,2012,"Under 1,000",436,256,180,327,436,117,72,247,0,0,256,82,44,130,0,0,180,35,28,117,0,0
460835,Miller-Motte Technical College-Conway,2012,"Under 1,000",773,555,218,642,773,211,131,431,0,0,555,163,96,296,0,0,218,48,35,135,0,0
460844,Virginia College-Macon,2012,"Under 1,000",362,242,120,290,362,123,3,236,0,0,242,75,2,165,0,0,120,48,1,71,0,0
460853,Virginia College-Spartanburg,2012,"Under 1,000",505,282,223,371,505,276,42,187,0,0,282,156,23,103,0,0,223,120,19,84,0,0
460862,Aveda Institute-Portland,2012,"Under 1,000",339,239,100,279,339,30,0,309,0,0,239,20,0,219,0,0,100,10,0,90,0,0
460871,Chamberlain College of Nursing-Virginia,2012,"Under 1,000",348,221,127,271,348,3,120,224,1,0,221,3,72,146,0,0,127,0,48,78,1,0
460899,Stevens-Henager College-Boise,2012,"Under 1,000",473,473,0,473,473,330,0,143,0,0,473,330,0,143,0,0,0,0,0,0,0,0
460905,The Salon Professional Academy-Cincinnati,2012,"Under 1,000",46,46,0,46,46,12,0,34,0,0,46,12,0,34,0,0,0,0,0,0,0,0
460914,Penrose Academy,2012,"Under 1,000",202,202,0,202,202,18,0,184,0,0,202,18,0,184,0,0,0,0,0,0,0,0
460923,Virginia College-Richmond,2012,"Under 1,000",413,318,95,356,413,199,12,202,0,0,318,151,10,157,0,0,95,48,2,45,0,0
460932,Skin Institute,2012,"Under 1,000",56,56,0,56,56,55,0,1,0,0,56,55,0,1,0,0,0,0,0,0,0,0
460941,Northwest Institute of Literary Arts,2012,"Under 1,000",37,31,6,33,0,0,0,0,0,37,0,0,0,0,0,31,0,0,0,0,0,6
460950,Body Therapy Institute,2012,"Under 1,000",29,29,0,29,29,6,0,23,0,0,29,6,0,23,0,0,0,0,0,0,0,0
460969,Beauty Academy of South Florida,2012,"Under 1,000",152,76,76,106,152,132,0,20,0,0,76,63,0,13,0,0,76,69,0,7,0,0
460978,Ogle School Hair Skin Nails-North Dallas,2012,"Under 1,000",166,126,40,142,166,150,0,16,0,0,126,117,0,9,0,0,40,33,0,7,0,0
460987,The Salon Professional Academy-North Little Rock,2012,"Under 1,000",54,36,18,43,54,6,0,48,0,0,36,4,0,32,0,0,18,2,0,16,0,0
460996,The Salon Professional Academy-St Charles,2012,"Under 1,000",90,74,16,80,90,43,0,47,0,0,74,37,0,37,0,0,16,6,0,10,0,0
461005,American Institute,2012,"Under 1,000",169,169,0,169,169,79,0,90,0,0,169,79,0,90,0,0,0,0,0,0,0,0
461014,Mildred Elley-New York Campus,2012,"Under 1,000",617,613,4,615,617,106,26,485,0,0,613,105,24,484,0,0,4,1,2,1,0,0
461023,National Paralegal College,2012,"1,000 - 4,999",1074,1049,25,1059,1074,91,358,625,0,0,1049,91,356,602,0,0,25,0,2,23,0,0
461032,Carolina College of Biblical Studies,2012,"Under 1,000",111,46,65,72,111,6,10,95,0,0,46,4,5,37,0,0,65,2,5,58,0,0
461041,Star Career Academy-Audubon,2012,"Under 1,000",306,241,65,267,306,267,0,39,0,0,241,211,0,30,0,0,65,56,0,9,0,0
461111,Allstate Hairstyling & Barber College,2012,"Under 1,000",39,33,6,35,39,23,0,16,0,0,33,20,0,13,0,0,6,3,0,3,0,0
461120,Oxford Graduate School,2012,"Under 1,000",108,108,0,108,0,0,0,0,0,108,0,0,0,0,0,108,0,0,0,0,0,0
461139,Jung Tao School of Classical Chinese Medicine,2012,"Under 1,000",70,70,0,70,0,0,0,0,0,70,0,0,0,0,0,70,0,0,0,0,0,0
461148,New York Film Academy,2012,"Under 1,000",942,932,10,937,730,677,0,53,0,212,720,668,0,52,0,212,10,9,0,1,0,0
461157,The Collective School Of Music,2012,"Under 1,000",28,28,0,28,28,9,0,19,0,0,28,9,0,19,0,0,0,0,0,0,0,0
461175,International College of Cosmetology,2012,"Under 1,000",185,135,50,155,185,87,0,98,0,0,135,67,0,68,0,0,50,20,0,30,0,0
461193,Bella Capelli Academy,2012,"Under 1,000",91,76,15,82,91,66,0,25,0,0,76,60,0,16,0,0,15,6,0,9,0,0
461218,Institute of Medical Careers,2012,"Under 1,000",14,0,14,6,14,2,0,12,0,0,0,0,0,0,0,0,14,2,0,12,0,0
461227,Toni & Guy Hairdressing Academy-Modesto,2012,"Under 1,000",36,30,6,32,36,30,0,6,0,0,30,25,0,5,0,0,6,5,0,1,0,0
461236,Georgia Christian University,2012,"Under 1,000",222,221,1,221,138,18,17,103,0,84,137,18,17,102,0,84,1,0,0,1,0,0
461245,Flagler Technical Institute,2012,"Under 1,000",370,69,301,170,370,167,0,203,0,0,69,46,0,23,0,0,301,121,0,180,0,0
461254,Galaxy Medical College,2012,"Under 1,000",11,11,0,11,11,7,0,4,0,0,11,7,0,4,0,0,0,0,0,0,0,0
461263,American Medical Sciences Center,2012,"Under 1,000",92,92,0,92,92,7,0,85,0,0,92,7,0,85,0,0,0,0,0,0,0,0
461272,Mandalyn Academy,2012,"Under 1,000",62,39,23,48,62,4,0,58,0,0,39,4,0,35,0,0,23,0,0,23,0,0
461281,Jose Maria Vargas University,2012,"Under 1,000",113,21,92,57,103,3,0,30,70,10,12,2,0,10,0,9,91,1,0,20,70,1
461290,Laird Institute of Spa Therapy,2012,"Under 1,000",62,25,37,40,62,20,0,42,0,0,25,8,0,17,0,0,37,12,0,25,0,0
461306,D A Dorsey Educational Center,2012,"Under 1,000",81,49,32,60,81,23,0,57,1,0,49,17,0,32,0,0,32,6,0,25,1,0
461315,Keweenaw Bay Ojibwa Community College,2012,"Under 1,000",86,52,34,63,86,21,0,60,5,0,52,17,0,35,0,0,34,4,0,25,5,0
461324,Meridian Institute of Surgical Assisting,2012,"Under 1,000",275,275,0,275,275,0,0,275,0,0,275,0,0,275,0,0,0,0,0,0,0,0
461333,Mauna Loa Helicopters,2012,"Under 1,000",28,0,28,11,28,10,0,18,0,0,0,0,0,0,0,0,28,10,0,18,0,0
461342,Acaydia School of Aesthetics,2012,"Under 1,000",19,17,2,18,19,7,0,12,0,0,17,7,0,10,0,0,2,0,0,2,0,0
461351,Manhattan Institute,2012,"Under 1,000",997,34,963,416,997,658,0,339,0,0,34,23,0,11,0,0,963,635,0,328,0,0
461360,Cosmetic Arts Institute,2012,"Under 1,000",57,54,3,55,57,51,0,6,0,0,54,49,0,5,0,0,3,2,0,1,0,0
461379,Holistic Massage Training Institute,2012,"Under 1,000",20,0,20,8,20,11,0,9,0,0,0,0,0,0,0,0,20,11,0,9,0,0
461388,Diamonds Cosmetology College,2012,"Under 1,000",55,55,0,55,55,4,0,51,0,0,55,4,0,51,0,0,0,0,0,0,0,0
461397,Tramy Beauty School,2012,"Under 1,000",227,111,116,157,227,86,0,141,0,0,111,58,0,53,0,0,116,28,0,88,0,0
461412,Northern Virginia School of Therapeutic Massage,2012,"Under 1,000",78,0,78,31,78,22,0,56,0,0,0,0,0,0,0,0,78,22,0,56,0,0
461421,Paul Mitchell the School-St Louis,2012,"Under 1,000",46,42,4,44,46,26,0,20,0,0,42,23,0,19,0,0,4,3,0,1,0,0
461430,Advanced Training Institute,2012,"Under 1,000",180,0,180,71,180,93,0,87,0,0,0,0,0,0,0,0,180,93,0,87,0,0
461449,Cosmopolitan Beauty and Tech School,2012,"Under 1,000",101,67,34,80,101,93,0,8,0,0,67,61,0,6,0,0,34,32,0,2,0,0
461476,Salon 496 Barber Academy,2012,"Under 1,000",18,13,5,15,18,17,0,1,0,0,13,12,0,1,0,0,5,5,0,0,0,0
461485,Shepherds Theological Seminary,2012,"Under 1,000",68,21,47,39,5,2,0,3,0,63,0,0,0,0,0,21,5,2,0,3,0,42
461494,Taylor Andrews Academy of Hair Design-West Jordan,2012,"Under 1,000",44,33,11,37,44,24,0,20,0,0,33,21,0,12,0,0,11,3,0,8,0,0
461500,Santa Ana Beauty Academy,2012,"Under 1,000",37,3,34,16,37,12,0,25,0,0,3,1,0,2,0,0,34,11,0,23,0,0
461528,Grace College of Divinity,2012,"Under 1,000",149,48,101,88,149,43,8,65,33,0,48,19,4,24,1,0,101,24,4,41,32,0
461537,Cosmetology College of Franklin County,2012,"Under 1,000",19,19,0,19,19,9,0,10,0,0,19,9,0,10,0,0,0,0,0,0,0,0
461546,Rochester School of Hair Design,2012,"Under 1,000",48,39,9,43,48,22,0,26,0,0,39,19,0,20,0,0,9,3,0,6,0,0
461555,Aveda Institute-New Mexico,2012,"Under 1,000",175,175,0,175,175,149,0,26,0,0,175,149,0,26,0,0,0,0,0,0,0,0
461564,Nashville Barber and Style Academy,2012,"Under 1,000",58,24,34,37,58,22,0,36,0,0,24,12,0,12,0,0,34,10,0,24,0,0
461573,American Trade School,2012,"Under 1,000",99,99,0,99,99,56,0,43,0,0,99,56,0,43,0,0,0,0,0,0,0,0
461582,Estelle Skin Care and Spa Institute,2012,"Under 1,000",129,64,65,90,129,24,0,105,0,0,64,10,0,54,0,0,65,14,0,51,0,0
461591,Paul Mitchell the School-Honolulu,2012,"Under 1,000",142,130,12,135,142,19,0,123,0,0,130,16,0,114,0,0,12,3,0,9,0,0
461607,Elite Cosmetology School,2012,"Under 1,000",79,76,3,77,79,18,0,61,0,0,76,17,0,59,0,0,3,1,0,2,0,0
461625,American Technical Institute,2012,"Under 1,000",10,10,0,10,10,4,0,6,0,0,10,4,0,6,0,0,0,0,0,0,0,0
461643,Bergin University of Canine Studies,2012,"Under 1,000",38,38,0,38,23,0,21,2,0,15,23,0,21,2,0,15,0,0,0,0,0,0
461652,Aveda Institute-Boise,2012,"Under 1,000",59,44,15,50,59,5,0,54,0,0,44,5,0,39,0,0,15,0,0,15,0,0
461670,American Health Institute,2012,"Under 1,000",73,63,10,67,73,53,0,20,0,0,63,44,0,19,0,0,10,9,0,1,0,0
461689,Pima Medical Institute-South Denver,2012,"Under 1,000",17,17,0,17,17,4,0,13,0,0,17,4,0,13,0,0,0,0,0,0,0,0
461698,Real Barbers College,2012,"Under 1,000",116,82,34,95,116,28,0,88,0,0,82,24,0,58,0,0,34,4,0,30,0,0
461704,Capilo School of Hair Design,2012,"Under 1,000",205,188,17,195,205,71,0,134,0,0,188,70,0,118,0,0,17,1,0,16,0,0
461713,Pure Aesthetics,2012,"Under 1,000",34,7,27,18,34,8,0,26,0,0,7,3,0,4,0,0,27,5,0,22,0,0
461722,Lindsey Institute of Cosmetology,2012,"Under 1,000",79,73,6,75,79,71,0,8,0,0,73,66,0,7,0,0,6,5,0,1,0,0
461731,The Salon Professional Academy-Iowa City,2012,"Under 1,000",67,65,2,66,67,35,0,32,0,0,65,34,0,31,0,0,2,1,0,1,0,0
461740,Buckner Barber School,2012,"Under 1,000",14,14,0,14,14,13,0,1,0,0,14,13,0,1,0,0,0,0,0,0,0,0
461759,Simmons College of Kentucky,2012,"Under 1,000",128,42,86,76,128,6,8,88,26,0,42,1,0,18,23,0,86,5,8,70,3,0
461768,Atelier Esthetique Institute of Esthetics,2012,"Under 1,000",111,53,58,76,111,75,0,36,0,0,53,36,0,17,0,0,58,39,0,19,0,0
461777,Ashdown College of Health Sciences,2012,"Under 1,000",45,45,0,45,45,18,3,24,0,0,45,18,3,24,0,0,0,0,0,0,0,0
461786,Advanced College of Cosmetology,2012,"Under 1,000",48,48,0,48,48,33,0,15,0,0,48,33,0,15,0,0,0,0,0,0,0,0
461795,North American University,2012,"Under 1,000",304,293,11,297,304,126,26,152,0,0,293,124,24,145,0,0,11,2,2,7,0,0
461801,Entourage Institute of Beauty and Esthetics,2012,"Under 1,000",40,40,0,40,40,2,0,38,0,0,40,2,0,38,0,0,0,0,0,0,0,0
461810,United Beauty College,2012,"Under 1,000",26,13,13,18,26,12,0,14,0,0,13,7,0,6,0,0,13,5,0,8,0,0
461829,Cinta Aveda Institute,2012,"Under 1,000",210,210,0,210,210,68,0,142,0,0,210,68,0,142,0,0,0,0,0,0,0,0
461838,Long Island Nail & Skin Care Institute,2012,"Under 1,000",124,47,77,78,124,12,0,112,0,0,47,6,0,41,0,0,77,6,0,71,0,0
461847,Mesivta Keser Torah,2012,"Under 1,000",39,39,0,39,39,10,18,11,0,0,39,10,18,11,0,0,0,0,0,0,0,0
461856,Southern California Health Institute,2012,"Under 1,000",307,307,0,307,307,223,0,84,0,0,307,223,0,84,0,0,0,0,0,0,0,0
461865,Best Care Training Institute,2012,"Under 1,000",63,63,0,63,63,47,0,16,0,0,63,47,0,16,0,0,0,0,0,0,0,0
461874,First Class Cosmetology School,2012,"Under 1,000",60,60,0,60,60,21,0,39,0,0,60,21,0,39,0,0,0,0,0,0,0,0
461883,Millennia Atlantic University,2012,"Under 1,000",92,48,44,65,55,9,0,46,0,37,31,8,0,23,0,17,24,1,0,23,0,20
461892,Abcott Institute,2012,"Under 1,000",159,134,25,144,159,82,0,77,0,0,134,75,0,59,0,0,25,7,0,18,0,0
461908,The Salon Professional Academy-Kenosha,2012,"Under 1,000",145,90,55,112,145,28,0,117,0,0,90,20,0,70,0,0,55,8,0,47,0,0
461917,Paul Mitchell the School-Indianapolis,2012,"Under 1,000",216,152,64,173,216,54,0,162,0,0,152,42,0,110,0,0,64,12,0,52,0,0
461926,Taylor Andrews Academy-St George,2012,"Under 1,000",138,93,45,111,138,81,0,57,0,0,93,60,0,33,0,0,45,21,0,24,0,0
461935,Seymour Beauty Academy,2012,"Under 1,000",37,36,1,36,37,8,0,29,0,0,36,7,0,29,0,0,1,1,0,0,0,0
461944,Protege Academy,2012,"Under 1,000",84,84,0,84,84,25,0,59,0,0,84,25,0,59,0,0,0,0,0,0,0,0
461953,Colorado Academy of Veterinary Technology,2012,"Under 1,000",60,60,0,60,60,6,9,45,0,0,60,6,9,45,0,0,0,0,0,0,0,0
461962,Northeast Technical Institute,2012,"Under 1,000",384,197,187,271,384,297,0,87,0,0,197,150,0,47,0,0,187,147,0,40,0,0
461971,Salinas Beauty College Inc,2012,"Under 1,000",77,54,23,63,77,18,0,59,0,0,54,17,0,37,0,0,23,1,0,22,0,0
461980,Academy for Salon Professionals,2012,"Under 1,000",113,66,47,85,113,101,0,12,0,0,66,55,0,11,0,0,47,46,0,1,0,0
461999,Elite School of Cosmetology,2012,"Under 1,000",40,40,0,40,40,29,0,11,0,0,40,29,0,11,0,0,0,0,0,0,0,0
462008,Paul Mitchell the School-Las Vegas,2012,"Under 1,000",260,193,67,220,260,42,0,218,0,0,193,37,0,156,0,0,67,5,0,62,0,0
462017,The Salon Professional Academy-Kokomo,2012,"Under 1,000",92,90,2,91,92,14,0,78,0,0,90,14,0,76,0,0,2,0,0,2,0,0
462026,Hair Academy,2012,"Under 1,000",26,26,0,26,26,4,0,22,0,0,26,4,0,22,0,0,0,0,0,0,0,0
462035,Florida Academy,2012,"Under 1,000",113,93,20,101,113,82,0,31,0,0,93,63,0,30,0,0,20,19,0,1,0,0
462044,Institute for Doctoral Studies in the Visual Arts,2012,"Under 1,000",37,24,13,29,0,0,0,0,0,37,0,0,0,0,0,24,0,0,0,0,0,13
462053,State Career College,2012,"Under 1,000",47,47,0,47,47,21,0,26,0,0,47,21,0,26,0,0,0,0,0,0,0,0
462062,Academy for Salon Professionals,2012,"Under 1,000",84,53,31,65,84,17,0,67,0,0,53,9,0,44,0,0,31,8,0,23,0,0
462071,Paul Mitchell the School-Spokane,2012,"Under 1,000",249,178,71,206,249,27,0,222,0,0,178,22,0,156,0,0,71,5,0,66,0,0
462309,J Renee Career Facilitation,2012,"Under 1,000",103,68,35,82,103,25,0,78,0,0,68,9,0,59,0,0,35,16,0,19,0,0
462318,National Personal Training Institute of Colorado,2012,"Under 1,000",125,125,0,125,125,74,0,51,0,0,125,74,0,51,0,0,0,0,0,0,0,0
462327,National Personal Training Institute of Colorado,2012,"Under 1,000",53,53,0,53,53,21,0,32,0,0,53,21,0,32,0,0,0,0,0,0,0,0
462336,International College of Beauty Arts & Sciences,2012,"Under 1,000",31,13,18,20,31,17,0,14,0,0,13,5,0,8,0,0,18,12,0,6,0,0
462345,The Salon Professional Academy-Shorewood,2012,"Under 1,000",57,41,16,47,57,53,0,4,0,0,41,38,0,3,0,0,16,15,0,1,0,0
462354,John Paul the Great Catholic University,2012,"Under 1,000",182,133,49,152,138,40,15,67,16,44,118,39,15,64,0,15,20,1,0,3,16,29
462363,ITT Technical Institute-Durham,2012,"Under 1,000",121,69,52,89,121,20,8,93,0,0,69,12,5,52,0,0,52,8,3,41,0,0
462372,ITT Technical Institute-Hanover,2012,"Under 1,000",191,159,32,172,191,42,11,138,0,0,159,38,9,112,0,0,32,4,2,26,0,0
462390,University of Phoenix-Jackson Campus,2012,"Under 1,000",88,88,0,88,88,14,12,62,0,0,88,14,12,62,0,0,0,0,0,0,0,0
465812,Independence University,2012,"Under 1,000",969,969,0,969,922,301,90,531,0,47,922,301,90,531,0,47,0,0,0,0,0,0
466152,National American University-Tulsa,2012,"Under 1,000",257,3,254,103,257,53,81,123,0,0,3,0,0,3,0,0,254,53,81,120,0,0
466161,National American University-Centennial,2012,"Under 1,000",131,9,122,57,131,12,38,81,0,0,9,1,1,7,0,0,122,11,37,74,0,0
466170,National American University-Lee's Summit,2012,"Under 1,000",366,19,347,155,366,53,83,230,0,0,19,2,8,9,0,0,347,51,75,221,0,0
466189,National American University-Colorado Springs South,2012,"Under 1,000",219,53,166,118,219,32,87,100,0,0,53,8,19,26,0,0,166,24,68,74,0,0
466514,Globe University-Appleton,2012,"Under 1,000",291,152,139,207,291,49,32,201,9,0,152,36,21,93,2,0,139,13,11,108,7,0
466523,Salter College-Chicopee,2012,"Under 1,000",110,67,43,84,110,16,0,94,0,0,67,14,0,53,0,0,43,2,0,41,0,0
466921,Chamberlain College of Nursing-Missouri,2012,"Under 1,000",540,368,172,436,540,9,199,328,4,0,368,9,155,204,0,0,172,0,44,124,4,0
466930,Chamberlain College of Nursing-Texas,2012,"Under 1,000",231,103,128,153,231,2,98,131,0,0,103,0,26,77,0,0,128,2,72,54,0,0
467058,ITT Technical Institute-Oakland,2012,"Under 1,000",131,102,29,113,131,29,2,100,0,0,102,24,1,77,0,0,29,5,1,23,0,0
467094,Continental School of Beauty Culture-Mattydale,2012,"Under 1,000",243,126,117,172,243,17,0,226,0,0,126,13,0,113,0,0,117,4,0,113,0,0
467155,Everest College-Bedford Park,2012,"Under 1,000",971,971,0,971,971,187,0,784,0,0,971,187,0,784,0,0,0,0,0,0,0,0
467340,Fortis College-Akron,2012,"Under 1,000",111,111,0,111,111,25,0,86,0,0,111,25,0,86,0,0,0,0,0,0,0,0
467368,Carrington College California-Pomona,2012,"Under 1,000",206,206,0,206,206,24,30,152,0,0,206,24,30,152,0,0,0,0,0,0,0,0
467508,Regency Beauty Institute-Copperwood,2012,"Under 1,000",83,50,33,63,83,22,0,61,0,0,50,15,0,35,0,0,33,7,0,26,0,0
467517,Regency Beauty Institute-Little Rock,2012,"Under 1,000",95,84,11,88,95,26,0,69,0,0,84,25,0,59,0,0,11,1,0,10,0,0
467526,Regency Beauty Institute-Baltimore Golden Ring,2012,"Under 1,000",70,70,0,70,70,28,0,42,0,0,70,28,0,42,0,0,0,0,0,0,0,0
467535,Regency Beauty Institute-El Paso,2012,"Under 1,000",148,98,50,118,148,28,0,120,0,0,98,25,0,73,0,0,50,3,0,47,0,0
467544,Regency Beauty Institute-Jacksonville Regency,2012,"Under 1,000",36,36,0,36,36,18,0,18,0,0,36,18,0,18,0,0,0,0,0,0,0,0
467553,Regency Beauty Institute-Knoxville,2012,"Under 1,000",54,44,10,48,54,18,0,36,0,0,44,17,0,27,0,0,10,1,0,9,0,0
467562,Regency Beauty Institute-Fayetteville,2012,"Under 1,000",59,43,16,49,59,27,0,32,0,0,43,24,0,19,0,0,16,3,0,13,0,0
467571,Regency Beauty Institute-Lansing,2012,"Under 1,000",93,73,20,81,93,30,0,63,0,0,73,24,0,49,0,0,20,6,0,14,0,0
467580,Regency Beauty Institute-Jacksonville Orange Park,2012,"Under 1,000",26,26,0,26,26,11,0,15,0,0,26,11,0,15,0,0,0,0,0,0,0,0
467599,Regency Beauty Institute-Crystal Lake,2012,"Under 1,000",68,54,14,60,68,17,0,51,0,0,54,17,0,37,0,0,14,0,0,14,0,0
467605,Regency Beauty Institute-Manassas,2012,"Under 1,000",91,70,21,78,91,28,0,63,0,0,70,23,0,47,0,0,21,5,0,16,0,0
467614,Regency Beauty Institute-Castleton,2012,"Under 1,000",71,51,20,59,71,21,0,50,0,0,51,17,0,34,0,0,20,4,0,16,0,0
467623,Regency Beauty Institute-North Nashville,2012,"Under 1,000",69,56,13,61,69,25,0,44,0,0,56,23,0,33,0,0,13,2,0,11,0,0
467632,Regency Beauty Institute-Round Rock,2012,"Under 1,000",92,64,28,75,92,31,0,61,0,0,64,22,0,42,0,0,28,9,0,19,0,0
467641,Regency Beauty Institute-Merrillville,2012,"Under 1,000",148,109,39,124,148,49,0,99,0,0,109,41,0,68,0,0,39,8,0,31,0,0
467650,Regency Beauty Institute-Roanoke,2012,"Under 1,000",81,65,16,71,81,29,0,52,0,0,65,26,0,39,0,0,16,3,0,13,0,0
467669,Regency Beauty Institute-Toledo,2012,"Under 1,000",91,91,0,91,91,34,0,57,0,0,91,34,0,57,0,0,0,0,0,0,0,0
467678,Regency Beauty Institute-SW Houston,2012,"Under 1,000",76,76,0,76,76,34,0,42,0,0,76,34,0,42,0,0,0,0,0,0,0,0
467784,Everest College-Atlanta West,2012,"Under 1,000",681,681,0,681,681,90,0,591,0,0,681,90,0,591,0,0,0,0,0,0,0,0
467793,Broadview University-Boise,2012,"Under 1,000",147,60,87,94,147,29,26,86,6,0,60,14,13,32,1,0,87,15,13,54,5,0
467809,Advanced Institute of Hair Design-Madison,2012,"Under 1,000",97,97,0,97,97,30,0,67,0,0,97,30,0,67,0,0,0,0,0,0,0,0
467863,Paul Mitchell the School-Columbia,2012,"Under 1,000",210,164,46,182,210,50,0,160,0,0,164,47,0,117,0,0,46,3,0,43,0,0
467872,Paul Mitchell the School-Charleston,2012,"Under 1,000",200,151,49,170,200,35,0,165,0,0,151,31,0,120,0,0,49,4,0,45,0,0
467881,Everest College-Melrose Park,2012,"Under 1,000",630,630,0,630,630,71,0,559,0,0,630,71,0,559,0,0,0,0,0,0,0,0
467906,Kenneth Shuler School of Cosmetology-Greenville,2012,"Under 1,000",165,120,45,138,165,15,0,150,0,0,120,14,0,106,0,0,45,1,0,44,0,0
468006,South University-Accelerated Graduate Programs,2012,"Under 1,000",82,60,22,68,0,0,0,0,0,82,0,0,0,0,0,60,0,0,0,0,0,22
468015,South University-The Art Institute of Fort Worth,2012,"Under 1,000",398,280,118,326,398,77,63,257,1,0,280,60,42,178,0,0,118,17,21,79,1,0
468024,South University-Novi,2012,"Under 1,000",281,110,171,176,188,22,66,100,0,93,101,10,32,59,0,9,87,12,34,41,0,84
468246,Northwest College-Eugene,2012,"Under 1,000",226,226,0,226,226,27,0,199,0,0,226,27,0,199,0,0,0,0,0,0,0,0
468255,Northwest College-Tualatin,2012,"Under 1,000",133,133,0,133,133,17,0,116,0,0,133,17,0,116,0,0,0,0,0,0,0,0
468398,Harrison College-Morrisville,2012,"Under 1,000",192,165,27,176,192,24,25,143,0,0,165,21,19,125,0,0,27,3,6,18,0,0
468705,Trend Setters' Academy of Beauty Culture-Louisville,2012,"Under 1,000",121,89,32,102,121,57,0,64,0,0,89,40,0,49,0,0,32,17,0,15,0,0
468723,National University College-Caguas,2012,"Under 1,000",492,370,122,418,492,114,159,219,0,0,370,92,127,151,0,0,122,22,32,68,0,0
468732,Beauty Schools of America,2012,"Under 1,000",353,353,0,353,353,102,0,251,0,0,353,102,0,251,0,0,0,0,0,0,0,0
468769,CET-Soledad,2012,"Under 1,000",78,78,0,78,78,21,0,57,0,0,78,21,0,57,0,0,0,0,0,0,0,0
468866,MarJon School of Beauty ltd-Lockport,2012,"Under 1,000",31,31,0,31,31,29,0,2,0,0,31,29,0,2,0,0,0,0,0,0,0,0
468875,Houston Training Schools-Southwest,2012,"Under 1,000",211,211,0,211,211,117,0,94,0,0,211,117,0,94,0,0,0,0,0,0,0,0
468893,Vanguard College of Cosmetology-Metairie,2012,"Under 1,000",123,123,0,123,123,13,0,110,0,0,123,13,0,110,0,0,0,0,0,0,0,0
468963,New England Tractor Trailer Training School of Massachusetts,2012,"Under 1,000",212,212,0,212,212,204,0,8,0,0,212,204,0,8,0,0,0,0,0,0,0,0
469054,Heritage College-Columbus,2012,"Under 1,000",457,457,0,457,457,108,0,349,0,0,457,108,0,349,0,0,0,0,0,0,0,0
469124,Utah College of Massage Therapy-Vegas,2012,"Under 1,000",375,203,172,271,375,203,0,172,0,0,203,129,0,74,0,0,172,74,0,98,0,0
469133,Utah College of Massage Therapy-Tempe,2012,"Under 1,000",346,173,173,242,346,170,0,176,0,0,173,104,0,69,0,0,173,66,0,107,0,0
469142,Utah College of Massage Therapy-Phoenix,2012,"Under 1,000",414,213,201,293,414,169,0,245,0,0,213,95,0,118,0,0,201,74,0,127,0,0
469151,Utah College of Massage Therapy-Westminster,2012,"Under 1,000",207,103,104,144,207,73,0,134,0,0,103,42,0,61,0,0,104,31,0,73,0,0
469160,Utah College of Massage Therapy-Aurora,2012,"Under 1,000",193,103,90,139,193,93,0,100,0,0,103,51,0,52,0,0,90,42,0,48,0,0
469197,Tint School of Makeup and Cosmetology-Grand Prairie,2012,"Under 1,000",91,91,0,91,91,89,0,2,0,0,91,89,0,2,0,0,0,0,0,0,0,0
469407,Dewey University-Hatillo,2012,"Under 1,000",303,303,0,303,303,190,0,113,0,0,303,190,0,113,0,0,0,0,0,0,0,0
469416,Dewey University-Manati,2012,"Under 1,000",333,333,0,333,333,183,0,150,0,0,333,183,0,150,0,0,0,0,0,0,0,0
469586,Baltimore School of Massage-York,2012,"Under 1,000",32,25,7,28,32,12,0,20,0,0,25,10,0,15,0,0,7,2,0,5,0,0
469610,Allen School-Phoenix,2012,"Under 1,000",661,661,0,661,661,555,0,106,0,0,661,555,0,106,0,0,0,0,0,0,0,0
469629,Oklahoma Technical College,2012,"Under 1,000",153,153,0,153,153,38,2,113,0,0,153,38,2,113,0,0,0,0,0,0,0,0
469638,Midwest Technical Institute-Moline,2012,"Under 1,000",288,282,6,284,288,113,0,175,0,0,282,111,0,171,0,0,6,2,0,4,0,0
469647,Star Career Academy-Clifton,2012,"Under 1,000",359,185,174,254,359,72,0,287,0,0,185,42,0,143,0,0,174,30,0,144,0,0
469911,Unitech Training Academy-Alexandria,2012,"Under 1,000",83,83,0,83,83,48,0,35,0,0,83,48,0,35,0,0,0,0,0,0,0,0
469920,Unitech Training Academy-Lake Charles,2012,"Under 1,000",82,82,0,82,82,75,0,7,0,0,82,75,0,7,0,0,0,0,0,0,0,0
469957,Aveda Institute-Los Angeles,2012,"Under 1,000",196,196,0,196,196,56,0,140,0,0,196,56,0,140,0,0,0,0,0,0,0,0
469993,Buchanan Beauty College,2012,"Under 1,000",32,25,7,28,32,3,0,29,0,0,25,2,0,23,0,0,7,1,0,6,0,0
470047,WellSpring School of Allied Health-Lawrence,2012,"Under 1,000",24,15,9,19,24,7,0,17,0,0,15,5,0,10,0,0,9,2,0,7,0,0
470092,The Art Institute of Wisconsin,2012,"Under 1,000",426,211,215,295,426,110,89,227,0,0,211,40,38,133,0,0,215,70,51,94,0,0
470162,Brown Mackie College-Birmingham,2012,"Under 1,000",821,821,0,821,821,285,84,452,0,0,821,285,84,452,0,0,0,0,0,0,0,0
470223,Regina's College of Beauty,2012,"Under 1,000",23,19,4,21,23,18,0,5,0,0,19,17,0,2,0,0,4,1,0,3,0,0
470296,Manuel and Theresa's School of Hair Design-Victoria,2012,"Under 1,000",21,21,0,21,21,19,0,2,0,0,21,19,0,2,0,0,0,0,0,0,0,0
470302,Coast Career Institute,2012,"Under 1,000",223,223,0,223,223,58,0,165,0,0,223,58,0,165,0,0,0,0,0,0,0,0
470393,Tricoci University of Beauty Culture-Chicago NE,2012,"Under 1,000",82,55,27,66,82,14,0,68,0,0,55,13,0,42,0,0,27,1,0,26,0,0
470852,ITT Technical Institute-Bradenton,2012,"Under 1,000",99,60,39,75,99,16,6,77,0,0,60,12,5,43,0,0,39,4,1,34,0,0
470861,ITT Technical Institute-Phoenix West,2012,"Under 1,000",196,161,35,175,196,28,5,163,0,0,161,21,5,135,0,0,35,7,0,28,0,0
470870,ITT Technical Institute-Brooklyn Center,2012,"Under 1,000",126,101,25,111,126,34,1,91,0,0,101,28,0,73,0,0,25,6,1,18,0,0
470889,ITT Technical Institute-Orlando,2012,"Under 1,000",329,251,78,282,329,55,8,266,0,0,251,43,6,202,0,0,78,12,2,64,0,0
470898,ITT Technical Institute-Waco,2012,"Under 1,000",225,174,51,194,225,39,4,182,0,0,174,32,2,140,0,0,51,7,2,42,0,0
470904,ITT Technical Institute-Myrtle Beach,2012,"Under 1,000",135,121,14,126,135,34,3,98,0,0,121,32,2,87,0,0,14,2,1,11,0,0
474863,Azusa Pacific Online University,2012,"Under 1,000",505,466,39,481,505,80,282,141,2,0,466,75,267,122,2,0,39,5,15,19,0,0
474881,Minneapolis Media Institute,2012,"Under 1,000",92,92,0,92,92,19,0,73,0,0,92,19,0,73,0,0,0,0,0,0,0,0
474890,College America-Phoenix,2012,"Under 1,000",382,382,0,382,382,311,0,71,0,0,382,311,0,71,0,0,0,0,0,0,0,0
474906,CollegeAmerica-Stevens Henager College,2012,"Under 1,000",55,55,0,55,55,13,7,35,0,0,55,13,7,35,0,0,0,0,0,0,0,0
474915,Avalon School of Cosmetology-Phoenix,2012,"Under 1,000",236,139,97,178,236,141,0,95,0,0,139,87,0,52,0,0,97,54,0,43,0,0
474924,Avalon School of Cosmetology-Layton,2012,"Under 1,000",147,70,77,101,147,123,0,24,0,0,70,62,0,8,0,0,77,61,0,16,0,0
474933,Hair Design Institute,2012,"Under 1,000",82,27,55,49,82,6,0,76,0,0,27,4,0,23,0,0,55,2,0,53,0,0
474942,Hair Design Institute,2012,"Under 1,000",148,48,100,88,148,15,0,133,0,0,48,4,0,44,0,0,100,11,0,89,0,0
474997,All-State Career School-Allied Health Campus,2012,"Under 1,000",432,432,0,432,432,360,0,72,0,0,432,360,0,72,0,0,0,0,0,0,0,0
475015,Aveda Institute-Des Moines,2012,"Under 1,000",230,230,0,230,230,23,0,207,0,0,230,23,0,207,0,0,0,0,0,0,0,0
475024,Fortis Institute-Lawrenceville,2012,"Under 1,000",238,238,0,238,238,55,0,183,0,0,238,55,0,183,0,0,0,0,0,0,0,0
475033,Relay Graduate School of Education,2012,"Under 1,000",570,0,570,218,0,0,0,0,0,570,0,0,0,0,0,0,0,0,0,0,0,570
475042,Brown Mackie College-Oklahoma City,2012,"Under 1,000",255,255,0,255,255,99,51,105,0,0,255,99,51,105,0,0,0,0,0,0,0,0
475060,Miller-Motte Technical College-Macon,2012,"Under 1,000",232,174,58,197,232,35,53,144,0,0,174,27,41,106,0,0,58,8,12,38,0,0
475079,Miller-Motte Technical College-Gulfport,2012,"Under 1,000",215,153,62,178,215,35,47,133,0,0,153,23,37,93,0,0,62,12,10,40,0,0
475097,International Culinary Center-California,2012,"Under 1,000",82,53,29,65,82,34,0,48,0,0,53,21,0,32,0,0,29,13,0,16,0,0
475121,South University–Savannah Online,2012,"10,000 - 19,999",12364,12364,0,12364,11470,1403,1185,8859,23,894,11470,1403,1185,8859,23,894,0,0,0,0,0,0
475130,Fortis College-Montgomery,2012,"Under 1,000",93,93,0,93,93,26,21,46,0,0,93,26,21,46,0,0,0,0,0,0,0,0
475185,Rio Grande Bible Institute,2012,"Under 1,000",125,102,23,111,125,16,15,78,16,0,102,16,14,69,3,0,23,0,1,9,13,0
475194,Miller-Motte Technical College-Roanoke,2012,"Under 1,000",255,187,68,214,255,65,39,151,0,0,187,49,34,104,0,0,68,16,5,47,0,0
475200,Whitworth University-Adult Degree Programs,2012,"Under 1,000",347,37,310,159,332,0,52,280,0,15,31,0,1,30,0,6,301,0,51,250,0,9
475228,The Santa Barbara and Ventura Colleges of Law–Santa Barbara,2012,"Under 1,000",87,0,87,33,0,0,0,0,0,87,0,0,0,0,0,0,0,0,0,0,0,87
475255,American Broadcasting School-Online Program,2012,"Under 1,000",62,62,0,62,62,21,0,41,0,0,62,21,0,41,0,0,0,0,0,0,0,0
475273,Springfield College-School of Human Services,2012,"1,000 - 4,999",1856,1406,450,1581,1367,0,0,1367,0,489,1040,0,0,1040,0,366,327,0,0,327,0,123
475282,Marian Health Careers Center-Van Nuys Campus,2012,"Under 1,000",109,109,0,109,109,11,0,98,0,0,109,11,0,98,0,0,0,0,0,0,0,0
475291,Brown College-Brooklyn Center,2012,"Under 1,000",185,77,108,119,185,13,20,152,0,0,77,6,7,64,0,0,108,7,13,88,0,0
475325,Milan Institute-Las Vegas,2012,"Under 1,000",313,313,0,313,313,93,0,220,0,0,313,93,0,220,0,0,0,0,0,0,0,0
475352,Virginia College-Savannah,2012,"Under 1,000",573,381,192,457,573,289,8,276,0,0,381,201,6,174,0,0,192,88,2,102,0,0
475370,Virginia College-Columbus,2012,"Under 1,000",467,323,144,380,467,179,45,243,0,0,323,117,38,168,0,0,144,62,7,75,0,0
475389,Donna's Academy of Hair Design,2012,"Under 1,000",42,42,0,42,42,20,0,22,0,0,42,20,0,22,0,0,0,0,0,0,0,0
475398,Catholic Distance University,2012,,,,,,,,,,,,,,,,,,,,,,,
475404,New York School of Esthetics & Day Spa,2012,"Under 1,000",65,40,25,50,65,6,0,59,0,0,40,6,0,34,0,0,25,0,0,25,0,0
475413,Panache Academy of Beauty,2012,"Under 1,000",36,31,5,33,36,7,0,29,0,0,31,7,0,24,0,0,5,0,0,5,0,0
475422,Finger Lakes Health College of Nursing,2012,"Under 1,000",109,13,96,51,109,3,58,48,0,0,13,3,9,1,0,0,96,0,49,47,0,0
475431,ASI Career Institute,2012,"Under 1,000",7,7,0,7,7,7,0,0,0,0,7,7,0,0,0,0,0,0,0,0,0,0
475459,Midwest Technical Institute-Ridgeland,2012,"Under 1,000",411,411,0,411,411,131,0,280,0,0,411,131,0,280,0,0,0,0,0,0,0,0
475468,Christine Valmy International School of Esthetics & Cosmetology,2012,"Under 1,000",103,57,46,75,103,20,0,83,0,0,57,18,0,39,0,0,46,2,0,44,0,0
475477,City College-Hollywood,2012,"Under 1,000",84,50,34,63,84,17,18,49,0,0,50,7,14,29,0,0,34,10,4,20,0,0
475486,Paul Mitchell the School-Arlington,2012,"Under 1,000",190,190,0,190,190,37,0,153,0,0,190,37,0,153,0,0,0,0,0,0,0,0
475495,Rocky Mountain University of Health Professions,2012,"Under 1,000",439,439,0,439,0,0,0,0,0,439,0,0,0,0,0,439,0,0,0,0,0,0
475501,MediaTech Institute-Oceanside,2012,"Under 1,000",43,43,0,43,43,42,0,1,0,0,43,42,0,1,0,0,0,0,0,0,0,0
475510,Christie's Education,2012,"Under 1,000",80,44,36,58,0,0,0,0,0,80,0,0,0,0,0,44,0,0,0,0,0,36
475529,Prince Institute-Great Lakes,2012,"Under 1,000",40,38,2,39,40,28,0,12,0,0,38,27,0,11,0,0,2,1,0,1,0,0
475538,Palmetto Beauty School,2012,"Under 1,000",80,64,16,70,80,73,0,7,0,0,64,59,0,5,0,0,16,14,0,2,0,0
475547,Paul Mitchell the School-Fort Myers,2012,"Under 1,000",109,86,23,95,109,7,0,102,0,0,86,6,0,80,0,0,23,1,0,22,0,0
475556,Paul Mitchell the School-Raleigh,2012,"Under 1,000",147,112,35,126,147,21,0,126,0,0,112,16,0,96,0,0,35,5,0,30,0,0
475565,Stella and Charles Guttman Community College,2012,"Under 1,000",289,289,0,289,289,289,0,0,0,0,289,289,0,0,0,0,0,0,0,0,0,0
475574,Lil Lou's Barber College,2012,"Under 1,000",44,25,19,33,44,11,0,33,0,0,25,5,0,20,0,0,19,6,0,13,0,0
475583,Bryan University,2012,"Under 1,000",37,37,0,37,37,18,0,19,0,0,37,18,0,19,0,0,0,0,0,0,0,0
475592,Virginia College-Tulsa,2012,"Under 1,000",77,61,16,67,77,39,6,32,0,0,61,29,4,28,0,0,16,10,2,4,0,0
475608,Criswell College,2012,"Under 1,000",318,177,141,232,234,44,19,156,15,84,135,31,15,89,0,42,99,13,4,67,15,42
475617,Virginia College-Knoxville,2012,"Under 1,000",324,229,95,266,324,201,11,112,0,0,229,147,9,73,0,0,95,54,2,39,0,0
475626,Columbia Academy of Cosmetology,2012,"Under 1,000",34,34,0,34,34,0,0,34,0,0,34,0,0,34,0,0,0,0,0,0,0,0
475635,Academy of Couture Art,2012,"Under 1,000",22,14,8,17,22,8,14,0,0,0,14,6,8,0,0,0,8,2,6,0,0,0
475644,Global Institute,2012,"Under 1,000",27,27,0,27,27,8,0,19,0,0,27,8,0,19,0,0,0,0,0,0,0,0
475653,Shear Learning Academy of Cosmetology,2012,"Under 1,000",23,23,0,23,23,10,0,13,0,0,23,10,0,13,0,0,0,0,0,0,0,0
475662,University of Cosmetology Arts & Sciences-La Joya,2012,"Under 1,000",91,34,57,57,91,6,0,85,0,0,34,5,0,29,0,0,57,1,0,56,0,0
475680,Preferred College of Nursing-Van Nuys,2012,"Under 1,000",22,22,0,22,22,5,0,17,0,0,22,5,0,17,0,0,0,0,0,0,0,0
475699,Bryant & Stratton College-Akron,2012,"Under 1,000",154,79,75,108,154,19,94,41,0,0,79,14,51,14,0,0,75,5,43,27,0,0
475705,Annenberg School of Nursing,2012,"Under 1,000",14,14,0,14,14,2,0,12,0,0,14,2,0,12,0,0,0,0,0,0,0,0
475714,American Medical Academy,2012,"Under 1,000",220,111,109,154,220,35,29,156,0,0,111,19,12,80,0,0,109,16,17,76,0,0
475723,Tooele Applied Technology College,2012,Not reported,,,,,,,,,,,,,,,,,,,,,,
475732,Chamberlain College of Nursing-Georgia,2012,"Under 1,000",381,165,216,250,381,4,313,63,1,0,165,2,129,34,0,0,216,2,184,29,1,0
475741,Chamberlain College of Nursing-Indiana,2012,"Under 1,000",124,66,58,89,124,2,115,5,2,0,66,1,61,4,0,0,58,1,54,1,2,0
475750,Carrington College-Mesquite,2012,"Under 1,000",179,179,0,179,179,40,0,139,0,0,179,40,0,139,0,0,0,0,0,0,0,0
475811,Universidad Internacional Iberoamericana,2012,"Under 1,000",47,47,0,47,0,0,0,0,0,47,0,0,0,0,0,47,0,0,0,0,0,0
475839,Sessions College for Professional Design,2012,"Under 1,000",39,23,16,29,39,0,6,33,0,0,23,0,4,19,0,0,16,0,2,14,0,0
475866,Virginia College-Shreveport Bossier City,2012,"Under 1,000",61,37,24,46,61,27,4,30,0,0,37,17,3,17,0,0,24,10,1,13,0,0
476063,Tulsa Welding School-Jacksonville,2012,"Under 1,000",209,209,0,209,209,68,0,141,0,0,209,68,0,141,0,0,0,0,0,0,0,0
476090,Regency Beauty Institute-Hoover,2012,"Under 1,000",46,46,0,46,46,16,0,30,0,0,46,16,0,30,0,0,0,0,0,0,0,0
476106,Regency Beauty Institute-San Antonio,2012,"Under 1,000",21,21,0,21,21,8,0,13,0,0,21,8,0,13,0,0,0,0,0,0,0,0
476115,Regency Beauty Institute-Carrollwood,2012,"Under 1,000",26,26,0,26,26,11,0,15,0,0,26,11,0,15,0,0,0,0,0,0,0,0
476124,Regency Beauty Institute-Clearwater,2012,"Under 1,000",20,20,0,20,20,9,0,11,0,0,20,9,0,11,0,0,0,0,0,0,0,0
476133,Regency Beauty Institute-Newport News,2012,"Under 1,000",118,118,0,118,118,35,0,83,0,0,118,35,0,83,0,0,0,0,0,0,0,0
476142,Regency Beauty Institute-Lewisville,2012,"Under 1,000",39,39,0,39,39,12,0,27,0,0,39,12,0,27,0,0,0,0,0,0,0,0
476151,Regency Beauty Institute-Dallas,2012,"Under 1,000",26,26,0,26,26,8,0,18,0,0,26,8,0,18,0,0,0,0,0,0,0,0
476160,Regency Beauty Institute-Plano,2012,"Under 1,000",39,39,0,39,39,15,0,24,0,0,39,15,0,24,0,0,0,0,0,0,0,0
476179,Empire Beauty School-Virginia Beach,2012,"Under 1,000",59,47,12,52,59,17,0,42,0,0,47,13,0,34,0,0,12,4,0,8,0,0
476230,Ross Medical Education Center-Morgantown,2012,"Under 1,000",52,52,0,52,52,17,0,35,0,0,52,17,0,35,0,0,0,0,0,0,0,0
476294,Paul Mitchell the School-Ogden,2012,"Under 1,000",54,34,20,42,54,20,0,34,0,0,34,13,0,21,0,0,20,7,0,13,0,0
476328,Everest Institute-Bensalem,2012,"Under 1,000",401,401,0,401,401,74,0,327,0,0,401,74,0,327,0,0,0,0,0,0,0,0
476337,Golf Academy of America-Farmers Branch,2012,"Under 1,000",104,91,13,96,104,42,4,58,0,0,91,37,4,50,0,0,13,5,0,8,0,0
476346,Utah College of Massage Therapy-Dallas,2012,"Under 1,000",251,147,104,188,251,147,0,104,0,0,147,88,0,59,0,0,104,59,0,45,0,0
476355,Miami Ad School-New York,2012,"Under 1,000",58,58,0,58,58,0,0,58,0,0,58,0,0,58,0,0,0,0,0,0,0,0
476382,Dade Medical College-West Palm Beach,2012,"Under 1,000",140,140,0,140,140,20,31,89,0,0,140,20,31,89,0,0,0,0,0,0,0,0
476391,Dade Medical College-Jacksonville,2012,"Under 1,000",23,23,0,23,23,3,18,2,0,0,23,3,18,2,0,0,0,0,0,0,0,0
476470,WestMed College,2012,"Under 1,000",270,270,0,270,270,253,0,17,0,0,270,253,0,17,0,0,0,0,0,0,0,0
476489,Larry's Barber College,2012,"Under 1,000",71,71,0,71,71,71,0,0,0,0,71,71,0,0,0,0,0,0,0,0,0,0
476498,Futura Career Institute,2012,"Under 1,000",135,135,0,135,135,34,0,101,0,0,135,34,0,101,0,0,0,0,0,0,0,0
476504,Access Careers,2012,"Under 1,000",273,68,205,149,273,173,0,100,0,0,68,32,0,36,0,0,205,141,0,64,0,0
476513,Flair Beauty College,2012,"Under 1,000",67,67,0,67,67,16,0,51,0,0,67,16,0,51,0,0,0,0,0,0,0,0
476522,Eternity Cosmetology School,2012,"Under 1,000",214,57,157,119,214,37,0,177,0,0,57,28,0,29,0,0,157,9,0,148,0,0
476531,Tri-State Institute of Hair Design,2012,"Under 1,000",32,25,7,28,32,7,0,25,0,0,25,5,0,20,0,0,7,2,0,5,0,0
476540,Vogue College of Cosmetology-San Antonio Fredericksburg,2012,"Under 1,000",154,100,54,121,154,56,0,98,0,0,100,24,0,76,0,0,54,32,0,22,0,0
476559,Vogue College of Cosmetology,2012,"Under 1,000",227,159,68,186,227,146,0,81,0,0,159,101,0,58,0,0,68,45,0,23,0,0
476568,Tomorrow's Image Barber Academy of Virginia,2012,"Under 1,000",18,18,0,18,18,11,0,7,0,0,18,11,0,7,0,0,0,0,0,0,0,0
476577,Excel Learning Center,2012,"Under 1,000",77,77,0,77,77,11,0,66,0,0,77,11,0,66,0,0,0,0,0,0,0,0
476586,College of International Esthetics Inc,2012,"Under 1,000",107,62,45,80,107,18,0,89,0,0,62,11,0,51,0,0,45,7,0,38,0,0
476595,Medical Allied Career Center,2012,"Under 1,000",38,28,10,32,38,11,0,27,0,0,28,11,0,17,0,0,10,0,0,10,0,0
476601,Bais HaMedrash and Mesivta of Baltimore,2012,"Under 1,000",42,42,0,42,42,17,4,21,0,0,42,17,4,21,0,0,0,0,0,0,0,0
476610,Long Island Barber Institute,2012,"Under 1,000",51,49,2,50,51,17,0,34,0,0,49,17,0,32,0,0,2,0,0,2,0,0
476629,Toni & Guy Hairdressing Academy-Toledo,2012,"Under 1,000",89,89,0,89,89,39,0,50,0,0,89,39,0,50,0,0,0,0,0,0,0,0
476638,American Institute of Medical Sonography,2012,"Under 1,000",34,34,0,34,34,0,0,34,0,0,34,0,0,34,0,0,0,0,0,0,0,0
476674,Curve Metric School of Hair Design,2012,"Under 1,000",62,7,55,29,62,33,0,29,0,0,7,5,0,2,0,0,55,28,0,27,0,0
476683,Athena Career Academy,2012,"Under 1,000",143,143,0,143,143,10,0,133,0,0,143,10,0,133,0,0,0,0,0,0,0,0
476692,Yeshiva Gedolah Zichron Leyma,2012,"Under 1,000",26,26,0,26,26,3,4,18,1,0,26,3,4,18,1,0,0,0,0,0,0,0
476708,The Barber School,2012,"Under 1,000",136,80,56,102,136,57,0,79,0,0,80,32,0,48,0,0,56,25,0,31,0,0
476717,Be'er Yaakov Talmudic Seminary,2012,"Under 1,000",255,255,0,255,255,99,1,155,0,0,255,99,1,155,0,0,0,0,0,0,0,0
476726,RGV Careers,2012,"Under 1,000",30,28,2,29,30,27,0,3,0,0,28,26,0,2,0,0,2,1,0,1,0,0
476735,Alexander Academy,2012,"Under 1,000",47,47,0,47,47,36,0,11,0,0,47,36,0,11,0,0,0,0,0,0,0,0
476744,LeMelange Academy of Hair,2012,"Under 1,000",50,26,24,36,50,46,0,4,0,0,26,23,0,3,0,0,24,23,0,1,0,0
476753,Aveda Institute-Tucson,2012,"Under 1,000",109,86,23,95,109,63,0,46,0,0,86,53,0,33,0,0,23,10,0,13,0,0
476762,Velvet Touch Academy of Cosmetology,2012,"Under 1,000",59,59,0,59,59,8,0,51,0,0,59,8,0,51,0,0,0,0,0,0,0,0
476771,Ambiance Beauty & Barber Academy Inc,2012,"Under 1,000",34,26,8,29,34,7,0,27,0,0,26,6,0,20,0,0,8,1,0,7,0,0
476780,Diamond Beauty College,2012,"Under 1,000",182,97,85,131,182,111,0,71,0,0,97,75,0,22,0,0,85,36,0,49,0,0
476799,NCP College of Nursing-South San Francisco,2012,"Under 1,000",87,87,0,87,87,0,0,87,0,0,87,0,0,87,0,0,0,0,0,0,0,0
476805,University Academy of Hair Design,2012,"Under 1,000",27,27,0,27,27,5,0,22,0,0,27,5,0,22,0,0,0,0,0,0,0,0
476814,Florida Institute of Recording Sound and Technology,2012,"Under 1,000",135,0,135,54,135,18,0,117,0,0,0,0,0,0,0,0,135,18,0,117,0,0
476823,New Dimensions Beauty Academy Inc,2012,"Under 1,000",40,39,1,39,40,4,0,36,0,0,39,4,0,35,0,0,1,0,0,1,0,0
476832,Jolei's Hair Institute,2012,"Under 1,000",28,24,4,26,28,14,0,14,0,0,24,12,0,12,0,0,4,2,0,2,0,0
476841,Paul Mitchell the School-Reno,2012,"Under 1,000",203,144,59,167,203,39,0,164,0,0,144,27,0,117,0,0,59,12,0,47,0,0
476850,Boise Barber College,2012,"Under 1,000",62,60,2,61,62,59,0,3,0,0,60,58,0,2,0,0,2,1,0,1,0,0
476869,Austin Kade Academy,2012,"Under 1,000",147,147,0,147,147,138,0,9,0,0,147,138,0,9,0,0,0,0,0,0,0,0
476878,Aesthetic Science Institute,2012,"Under 1,000",81,32,49,51,81,56,0,25,0,0,32,20,0,12,0,0,49,36,0,13,0,0
476887,Elaine Sterling Institute,2012,"Under 1,000",87,26,61,50,87,84,0,3,0,0,26,25,0,1,0,0,61,59,0,2,0,0
476896,Wade Gordon Hairdressing Academy,2012,"Under 1,000",69,69,0,69,69,13,0,56,0,0,69,13,0,56,0,0,0,0,0,0,0,0
476902,Mitsu Sato Hair Academy,2012,"Under 1,000",29,23,6,25,29,7,0,22,0,0,23,6,0,17,0,0,6,1,0,5,0,0
476911,SAE Institute of Technology-Los Angeles,2012,"Under 1,000",156,88,68,115,156,117,0,39,0,0,88,65,0,23,0,0,68,52,0,16,0,0
476939,Florida Vocational Institute,2012,"Under 1,000",75,0,75,30,75,39,0,36,0,0,0,0,0,0,0,0,75,39,0,36,0,0
476948,SAE Institute of Technology-Atlanta,2012,"Under 1,000",113,93,20,101,113,37,33,43,0,0,93,29,27,37,0,0,20,8,6,6,0,0
476957,Academy di Firenze,2012,"Under 1,000",10,10,0,10,10,7,0,3,0,0,10,7,0,3,0,0,0,0,0,0,0,0
476966,SAE Institute of Technology-Miami,2012,"Under 1,000",52,29,23,38,52,50,0,2,0,0,29,28,0,1,0,0,23,22,0,1,0,0
476975,Colorado State University-Global Campus,2012,"5,000 - 9,999",5258,2132,3126,3359,3854,0,1321,2365,168,1404,1550,0,436,1104,10,582,2304,0,885,1261,158,822
476984,Paul Mitchell the School-Overland Park,2012,"Under 1,000",123,94,29,106,123,6,0,117,0,0,94,2,0,92,0,0,29,4,0,25,0,0
476993,Medspa Academies,2012,"Under 1,000",100,93,7,96,100,24,0,76,0,0,93,20,0,73,0,0,7,4,0,3,0,0
477002,Brighton Institute of Cosmetology,2012,"Under 1,000",52,43,9,47,52,19,0,33,0,0,43,12,0,31,0,0,9,7,0,2,0,0
477039,West Coast University-Dallas,2012,"Under 1,000",168,155,13,160,168,2,122,44,0,0,155,2,117,36,0,0,13,0,5,8,0,0
477950,Stevens-Henager College-St George,2012,"Under 1,000",101,101,0,101,101,16,14,71,0,0,101,16,14,71,0,0,0,0,0,0,0,0
477996,National American University-Bellevue,2012,"Under 1,000",168,13,155,74,168,25,83,60,0,0,13,1,4,8,0,0,155,24,79,52,0,0
478005,National American University-Burnsville,2012,"Under 1,000",122,9,113,53,122,22,42,58,0,0,9,3,1,5,0,0,113,19,41,53,0,0
478014,National American University-Mesquite,2012,"Under 1,000",199,9,190,84,199,34,94,71,0,0,9,0,6,3,0,0,190,34,88,68,0,0
478582,Empire Beauty School-Savannah,2012,"Under 1,000",154,112,42,129,154,48,0,106,0,0,112,33,0,79,0,0,42,15,0,27,0,0
478591,Ogle School Hair Skin Nails-Denton,2012,"Under 1,000",133,112,21,120,133,123,0,10,0,0,112,103,0,9,0,0,21,20,0,1,0,0
478616,Empire Beauty School-West Greensboro,2012,"Under 1,000",66,66,0,66,66,20,0,46,0,0,66,20,0,46,0,0,0,0,0,0,0,0
478634,California College San Diego,2012,,,,,,,,,,,,,,,,,,,,,,,
478643,Old Town Barber College-Topeka,2012,"Under 1,000",39,39,0,39,39,39,0,0,0,0,39,39,0,0,0,0,0,0,0,0,0,0
478661,Jolie Hair and Beauty Academy-Northfield,2012,"Under 1,000",129,93,36,107,129,97,0,32,0,0,93,69,0,24,0,0,36,28,0,8,0,0
478917,Hays Academy of Hair Design,2012,"Under 1,000",36,36,0,36,36,13,0,23,0,0,36,13,0,23,0,0,0,0,0,0,0,0
478953,Bellus Academy,2012,"Under 1,000",212,183,29,195,212,21,0,191,0,0,183,19,0,164,0,0,29,2,0,27,0,0
479053,Cortiva Institute-Seattle,2012,"Under 1,000",117,38,79,69,117,38,0,79,0,0,38,13,0,25,0,0,79,25,0,54,0,0
479062,MotoRing Technical Training Institute,2012,"Under 1,000",10,10,0,10,10,9,0,1,0,0,10,9,0,1,0,0,0,0,0,0,0,0
479123,Leon Studio One School of Hair Design & Career Training Center,2012,"Under 1,000",26,26,0,26,26,8,0,18,0,0,26,8,0,18,0,0,0,0,0,0,0,0
479248,Columbia College,2012,"Under 1,000",120,108,12,113,120,99,0,21,0,0,108,89,0,19,0,0,12,10,0,2,0,0
479424,NCP College of Nursing-Hayward,2012,"Under 1,000",80,80,0,80,80,0,0,80,0,0,80,0,0,80,0,0,0,0,0,0,0,0
479549,ITT Technical Institute-Philadelphia,2012,"Under 1,000",262,217,45,235,262,102,6,154,0,0,217,81,5,131,0,0,45,21,1,23,0,0
479558,ITT Technical Institute-Marlton,2012,"Under 1,000",146,122,24,132,146,39,16,91,0,0,122,38,13,71,0,0,24,1,3,20,0,0
479567,ITT Technical Institute-Germantown,2012,"Under 1,000",46,42,4,44,46,17,1,28,0,0,42,17,0,25,0,0,4,0,1,3,0,0
479585,ITT Technical Institute-Southfield,2012,"Under 1,000",64,58,6,60,64,29,0,35,0,0,58,25,0,33,0,0,6,4,0,2,0,0
479594,ITT Technical Institute-West Palm Beach,2012,"Under 1,000",153,83,70,110,153,34,12,107,0,0,83,21,6,56,0,0,70,13,6,51,0,0
479600,ITT Technical Institute-Salem,2012,"Under 1,000",88,76,12,81,88,39,1,48,0,0,76,36,1,39,0,0,12,3,0,9,0,0
479619,ITT Technical Institute-Deerfield Beach,2012,"Under 1,000",82,68,14,73,82,16,9,57,0,0,68,15,6,47,0,0,14,1,3,10,0,0
479628,ITT Technical Institute-Indianapolis East,2012,"Under 1,000",230,163,67,189,230,79,3,148,0,0,163,55,3,105,0,0,67,24,0,43,0,0
479637,ITT Technical Institute-Douglasville,2012,"Under 1,000",76,67,9,71,76,46,3,27,0,0,67,38,3,26,0,0,9,8,0,1,0,0
479646,ITT Technical Institute-Overland Park,2012,"Under 1,000",60,45,15,51,60,28,1,31,0,0,45,22,1,22,0,0,15,6,0,9,0,0
479655,ITT Technical Institute-Springfield,2012,"Under 1,000",105,92,13,97,105,60,1,44,0,0,92,51,1,40,0,0,13,9,0,4,0,0
479664,ITT Technical Institute-West Chester,2012,"Under 1,000",43,34,9,38,43,21,2,20,0,0,34,20,0,14,0,0,9,1,2,6,0,0
479956,Pennsylvania State University-World Campus,2012,"5,000 - 9,999",8488,1386,7102,4099,4791,172,524,3570,525,3697,1337,66,176,1043,52,49,3454,106,348,2527,473,3648
479965,Medical Career Institute,2012,"Under 1,000",52,52,0,52,52,28,0,24,0,0,52,28,0,24,0,0,0,0,0,0,0,0
479974,Advance Beauty Techs Academy,2012,"Under 1,000",50,41,9,45,50,18,0,32,0,0,41,16,0,25,0,0,9,2,0,7,0,0
479983,Longs Peak Academy,2012,"Under 1,000",47,26,21,34,47,19,0,28,0,0,26,9,0,17,0,0,21,10,0,11,0,0
479992,Brand College,2012,"Under 1,000",30,3,27,14,30,5,0,25,0,0,3,2,0,1,0,0,27,3,0,24,0,0
480000,Hinton Barber College,2012,"Under 1,000",37,22,15,28,37,6,0,31,0,0,22,2,0,20,0,0,15,4,0,11,0,0
480019,Advanced Career Institute,2012,"Under 1,000",169,144,25,154,169,93,0,76,0,0,144,79,0,65,0,0,25,14,0,11,0,0
480028,Digital Film Academy,2012,"Under 1,000",35,35,0,35,35,1,0,34,0,0,35,1,0,34,0,0,0,0,0,0,0,0
480037,MyComputerCareer.com-Raleigh,2012,"Under 1,000",580,580,0,580,580,118,0,462,0,0,580,118,0,462,0,0,0,0,0,0,0,0
480064,Kaplan University-Augusta Campus,2012,"Under 1,000",85,47,38,62,84,42,40,0,2,1,46,24,22,0,0,1,38,18,18,0,2,0
480073,South University-Austin,2012,"Under 1,000",110,72,38,87,107,18,41,48,0,3,72,13,28,31,0,0,35,5,13,17,0,3
480082,South University-Cleveland,2012,"Under 1,000",105,62,43,79,98,15,65,18,0,7,57,10,36,11,0,5,41,5,29,7,0,2
480091,Bryant & Stratton College-Online,2012,"1,000 - 4,999",2017,1143,874,1486,2017,144,835,1035,3,0,1143,106,519,518,0,0,874,38,316,517,3,0
480107,Virginia College-Florence,2012,"Under 1,000",169,108,61,132,169,60,16,93,0,0,108,34,13,61,0,0,61,26,3,32,0,0
480125,Ogle School Hair Skin Nails-San Antonio,2012,"Under 1,000",120,98,22,107,120,106,0,14,0,0,98,86,0,12,0,0,22,20,0,2,0,0
480134,Elizabethtown College School of Continuing and Professional Studies,2012,"Under 1,000",540,0,540,212,487,0,37,416,34,53,0,0,0,0,0,0,487,0,37,416,34,53
480143,Fortis College-Cutler Bay,2012,"Under 1,000",65,65,0,65,65,7,16,42,0,0,65,7,16,42,0,0,0,0,0,0,0,0
480161,Ideal Beauty Academy,2012,"Under 1,000",4,3,1,3,4,1,0,3,0,0,3,1,0,2,0,0,1,0,0,1,0,0
480170,Minnesota School of Cosmetology-Plymouth Campus,2012,"Under 1,000",90,90,0,90,90,21,0,69,0,0,90,21,0,69,0,0,0,0,0,0,0,0
480189,Mercyhurst University-North East Campus,2012,"1,000 - 4,999",1141,846,295,963,1141,307,188,646,0,0,846,284,134,428,0,0,295,23,54,218,0,0
480198,Warner Pacific College Adult Degree Program,2012,"1,000 - 4,999",1064,1064,0,1064,984,18,415,551,0,80,984,18,415,551,0,80,0,0,0,0,0,0
480204,Platt College-Riverside,2012,"Under 1,000",161,161,0,161,161,73,17,71,0,0,161,73,17,71,0,0,0,0,0,0,0,0
480301,Savannah Law School,2012,"Under 1,000",42,29,13,34,0,0,0,0,0,42,0,0,0,0,0,29,0,0,0,0,0,13
480310,Empire Beauty School-Glen Burnie,2012,"Under 1,000",86,86,0,86,86,44,0,42,0,0,86,44,0,42,0,0,0,0,0,0,0,0
480329,Everest College-Woodbridge,2012,"Under 1,000",163,163,0,163,163,67,0,96,0,0,163,67,0,96,0,0,0,0,0,0,0,0
480338,Everest College-Kansas City,2012,"Under 1,000",289,289,0,289,289,41,0,248,0,0,289,41,0,248,0,0,0,0,0,0,0,0
480347,International School of Cosmetology-Toni & Guy Hairdressing Academy,2012,"Under 1,000",60,60,0,60,60,23,0,37,0,0,60,23,0,37,0,0,0,0,0,0,0,0
480356,InterCoast Career Institute-Salem,2012,"Under 1,000",69,69,0,69,69,23,0,46,0,0,69,23,0,46,0,0,0,0,0,0,0,0
480480,National College-Canton,2012,"Under 1,000",26,23,3,24,26,3,16,7,0,0,23,3,14,6,0,0,3,0,2,1,0,0
480499,Shiloh University,2012,"Under 1,000",39,0,39,15,10,0,1,5,4,29,0,0,0,0,0,0,10,0,1,5,4,29
480514,Vatterott College-Fairview Heights,2012,"Under 1,000",329,329,0,329,329,42,80,207,0,0,329,42,80,207,0,0,0,0,0,0,0,0
480523,Ross Medical Education Center-Dayton,2012,"Under 1,000",93,93,0,93,93,44,0,49,0,0,93,44,0,49,0,0,0,0,0,0,0,0
480532,Ross Medical Education Center-Ontario,2012,"Under 1,000",50,50,0,50,50,22,0,28,0,0,50,22,0,28,0,0,0,0,0,0,0,0
480550,Ross Medical Education Center-Bowling Green,2012,"Under 1,000",15,15,0,15,15,15,0,0,0,0,15,15,0,0,0,0,0,0,0,0,0,0
480569,Florida Institute of Technology-Online,2012,"1,000 - 4,999",3431,1370,2061,2168,2309,0,431,1854,24,1122,1359,0,300,1057,2,11,950,0,131,797,22,1111
