"unitid","institution name","year","HD2013.Institution size category","DRVEF2013.Total  enrollment","DRVEF2013.Full-time enrollment","DRVEF2013.Part-time enrollment","DRVEF2013.Full-time equivalent fall enrollment","DRVEF2013.Undergraduate enrollment","DRVEF2013.First-time degree/certificate-seeking undergraduate enrollment","DRVEF2013.Transfer-in degree/certificate-seeking undergraduate enrollment","DRVEF2013.Continuing degree/certificate-seeking undergraduate enrollment","DRVEF2013.Nondegree/certificate-seeking undergraduate enrollment","DRVEF2013.Graduate enrollment","DRVEF2013.Full-time undergraduate enrollment","DRVEF2013.Full-time first-time degree/certificate-seeking undergraduate enrollment","DRVEF2013.Full-time transfer-in degree/certificate-seeking undergraduate enrollment","DRVEF2013.Full-time continuing degree/certificate-seeking undergraduate enrollment","DRVEF2013.Full-time nondegree/certificate-seeking undergraduate enrollment","DRVEF2013.Full-time graduate enrollment","DRVEF2013.Part-time undergraduate enrollment","DRVEF2013.Part-time first-time degree/certificate-seeking undergraduate enrollment","DRVEF2013.Part-time transfer-in degree/certificate-seeking undergraduate enrollment","DRVEF2013.Part-time continuing degree/certificate-seeking undergraduate enrollment","DRVEF2013.Part-time nondegree/certificate-seeking undergraduate enrollment","DRVEF2013.Part-time graduate enrollment"
"100654","Alabama A & M University","2013","5,000 - 9,999","5020","4439","581","4660","4051","1103","166","2782","0","969","3799","1088","152","2559","0","640","252","15","14","223","0","329"
"100663","University of Alabama at Birmingham","2013","10,000 - 19,999","18568","11961","6607","14482","11502","1773","1397","8030","302","7066","8357","1732","887","5693","45","3604","3145","41","510","2337","257","3462"
"100690","Amridge University","2013","Under 1,000","631","323","308","442","322","7","0","315","0","309","202","3","0","199","0","121","120","4","0","116","0","188"
"100706","University of Alabama in Huntsville","2013","5,000 - 9,999","7376","4802","2574","5794","5696","651","705","4169","171","1680","4237","638","546","3018","35","565","1459","13","159","1151","136","1115"
"100724","Alabama State University","2013","5,000 - 9,999","6075","5182","893","5525","5356","1545","223","3586","2","719","4872","1520","198","3153","1","310","484","25","25","433","1","409"
"100751","The University of Alabama","2013","20,000 and above","34752","29498","5254","31519","29440","6454","1474","20764","748","5312","26548","6428","1144","18675","301","2950","2892","26","330","2089","447","2362"
"100760","Central Alabama Community College","2013","1,000 - 4,999","1906","953","953","1273","1906","561","90","1128","127","0","953","470","45","435","3","0","953","91","45","693","124","0"
"100812","Athens State University","2013","1,000 - 4,999","3170","1350","1820","2084","3170","0","738","2261","171","0","1350","0","421","928","1","0","1820","0","317","1333","170","0"
"100830","Auburn University at Montgomery","2013","5,000 - 9,999","5084","3223","1861","3951","4322","671","434","3217","0","762","2999","589","315","2095","0","224","1323","82","119","1122","0","538"
"100858","Auburn University","2013","20,000 and above","24864","21093","3771","22532","19799","3726","1052","14983","38","5065","18011","3696","942","13340","33","3082","1788","30","110","1643","5","1983"
"100937","Birmingham Southern College","2013","1,000 - 4,999","1188","1167","21","1175","1188","356","27","798","7","0","1167","356","27","784","0","0","21","0","0","14","7","0"
"101028","Chattahoochee Valley Community College","2013","1,000 - 4,999","1837","1053","784","1316","1837","421","328","1020","68","0","1053","333","167","551","2","0","784","88","161","469","66","0"
"101073","Concordia College Alabama","2013","Under 1,000","600","543","57","565","600","149","42","332","77","0","543","147","39","304","53","0","57","2","3","28","24","0"
"101116","South University-Montgomery","2013","Under 1,000","682","313","369","457","599","43","144","412","0","83","311","27","63","221","0","2","288","16","81","191","0","81"
"101143","Enterprise State Community College","2013","1,000 - 4,999","2333","1318","1015","1659","2333","414","329","1241","349","0","1318","340","205","737","36","0","1015","74","124","504","313","0"
"101161","James H Faulkner State Community College","2013","1,000 - 4,999","4362","2573","1789","3174","4362","1288","498","2396","180","0","2573","1078","292","1195","8","0","1789","210","206","1201","172","0"
"101189","Faulkner University","2013","1,000 - 4,999","3193","2321","872","2663","2617","298","460","1600","259","576","1803","287","303","1213","0","518","814","11","157","387","259","58"
"101240","Gadsden State Community College","2013","5,000 - 9,999","5797","3185","2612","4062","5797","1388","381","3711","317","0","3185","1143","209","1747","86","0","2612","245","172","1964","231","0"
"101277","New Beginning College of Cosmetology","2013","Under 1,000","89","89","0","89","89","32","0","57","0","0","89","32","0","57","0","0","0","0","0","0","0","0"
"101286","George C Wallace State Community College-Dothan","2013","1,000 - 4,999","4686","2294","2392","3097","4686","1044","352","2897","393","0","2294","840","193","1253","8","0","2392","204","159","1644","385","0"
"101295","George C Wallace State Community College-Hanceville","2013","5,000 - 9,999","5281","2954","2327","3735","5281","1194","327","3383","377","0","2954","997","196","1724","37","0","2327","197","131","1659","340","0"
"101301","George C Wallace State Community College-Selma","2013","1,000 - 4,999","1745","1068","677","1295","1745","408","178","1018","141","0","1068","371","110","586","1","0","677","37","68","432","140","0"
"101365","Herzing University-Birmingham","2013","Under 1,000","320","160","160","223","320","51","65","202","2","0","160","25","18","117","0","0","160","26","47","85","2","0"
"101435","Huntingdon College","2013","1,000 - 4,999","1110","902","208","984","1110","261","51","788","10","0","902","261","51","586","4","0","208","0","0","202","6","0"
"101453","Heritage Christian University","2013","Under 1,000","94","33","61","57","69","8","17","42","2","25","32","7","8","17","0","1","37","1","9","25","2","24"
"101462","J F Drake State Community and Technical College","2013","1,000 - 4,999","1383","635","748","886","1383","213","232","595","343","0","635","142","144","349","0","0","748","71","88","246","343","0"
"101471","J F Ingram State Technical College","2013","Under 1,000","513","421","92","452","513","284","1","219","9","0","421","246","0","166","9","0","92","38","1","53","0","0"
"101480","Jacksonville State University","2013","5,000 - 9,999","8693","5982","2711","7038","7588","1158","634","5403","393","1105","5779","1142","409","4113","115","203","1809","16","225","1290","278","902"
"101499","Jefferson Davis Community College","2013","1,000 - 4,999","1091","618","473","777","1091","299","130","608","54","0","618","246","73","294","5","0","473","53","57","314","49","0"
"101505","Jefferson State Community College","2013","5,000 - 9,999","8542","2891","5651","4788","8542","1658","935","4901","1048","0","2891","1053","385","1423","30","0","5651","605","550","3478","1018","0"
"101514","John C Calhoun State Community College","2013","10,000 - 19,999","11186","4254","6932","6581","11186","2081","839","7050","1216","0","4254","1225","346","2631","52","0","6932","856","493","4419","1164","0"
"101541","Judson College","2013","Under 1,000","347","262","85","295","347","67","38","226","16","0","262","66","22","173","1","0","85","1","16","53","15","0"
"101569","Lawson State Community College-Birmingham Campus","2013","1,000 - 4,999","3028","1788","1240","2204","3028","699","318","1877","134","0","1788","585","182","1020","1","0","1240","114","136","857","133","0"
"101587","University of West Alabama","2013","1,000 - 4,999","4427","3890","537","4097","1999","380","252","1356","11","2428","1696","375","219","1100","2","2194","303","5","33","256","9","234"
"101602","Lurleen B Wallace Community College","2013","1,000 - 4,999","1570","972","598","1173","1570","464","124","784","198","0","972","410","82","477","3","0","598","54","42","307","195","0"
"101648","Marion Military Institute","2013","Under 1,000","418","411","7","413","418","249","27","135","7","0","411","249","27","135","0","0","7","0","0","0","7","0"
"101675","Miles College","2013","1,000 - 4,999","1666","1577","89","1612","1666","406","156","1101","3","0","1577","404","147","1025","1","0","89","2","9","76","2","0"
"101693","University of Mobile","2013","1,000 - 4,999","1610","1288","322","1413","1481","259","128","1085","9","129","1257","258","113","886","0","31","224","1","15","199","9","98"
"101709","University of Montevallo","2013","1,000 - 4,999","3062","2526","536","2731","2618","531","173","1906","8","444","2350","519","158","1671","2","176","268","12","15","235","6","268"
"101736","Northwest-Shoals Community College","2013","1,000 - 4,999","3854","1840","2014","2516","3854","811","237","2187","619","0","1840","668","138","1028","6","0","2014","143","99","1159","613","0"
"101879","University of North Alabama","2013","5,000 - 9,999","6931","5133","1798","5829","5881","970","523","4043","345","1050","4795","953","449","3382","11","338","1086","17","74","661","334","712"
"101897","Northeast Alabama Community College","2013","1,000 - 4,999","2834","1450","1384","1915","2834","664","102","1610","458","0","1450","538","69","825","18","0","1384","126","33","785","440","0"
"101912","Oakwood University","2013","1,000 - 4,999","1903","1810","93","1847","1861","365","75","1414","7","42","1771","364","74","1332","1","39","90","1","1","82","6","3"
"101949","Alabama Southern Community College","2013","1,000 - 4,999","1349","886","463","1041","1349","469","112","637","131","0","886","427","79","380","0","0","463","42","33","257","131","0"
"101958","Prince Institute-Southeast","2013","Under 1,000","102","102","0","102","102","4","0","98","0","0","102","4","0","98","0","0","0","0","0","0","0","0"
"101994","Reid State Technical College","2013","Under 1,000","517","260","257","346","517","77","74","263","103","0","260","68","47","145","0","0","257","9","27","118","103","0"
"102030","Bishop State Community College","2013","1,000 - 4,999","3896","2171","1725","2750","3896","965","399","1999","533","0","2171","835","276","1059","1","0","1725","130","123","940","532","0"
"102049","Samford University","2013","1,000 - 4,999","4833","4361","472","4543","3013","765","148","2082","18","1820","2850","755","127","1962","6","1511","163","10","21","120","12","309"
"102058","Selma University","2013","Under 1,000","611","478","133","530","582","240","97","110","135","29","455","190","60","70","135","23","127","50","37","40","0","6"
"102067","Shelton State Community College","2013","5,000 - 9,999","5068","2468","2600","3341","5068","1356","445","3058","209","0","2468","877","227","1350","14","0","2600","479","218","1708","195","0"
"102076","Snead State Community College","2013","1,000 - 4,999","2295","1541","754","1794","2295","716","177","1268","134","0","1541","656","111","771","3","0","754","60","66","497","131","0"
"102094","University of South Alabama","2013","10,000 - 19,999","15065","12028","3037","13233","11307","1878","952","8218","259","3758","8767","1834","779","6141","13","3261","2540","44","173","2077","246","497"
"102234","Spring Hill College","2013","1,000 - 4,999","1422","1210","212","1292","1292","435","47","787","23","130","1205","432","44","729","0","5","87","3","3","58","23","125"
"102261","Southeastern Bible College","2013","Under 1,000","161","130","31","142","161","17","30","113","1","0","130","16","25","89","0","0","31","1","5","24","1","0"
"102270","Stillman College","2013","Under 1,000","863","808","55","830","863","163","81","619","0","0","808","163","62","583","0","0","55","0","19","36","0","0"
"102298","Talladega College","2013","Under 1,000","932","849","83","882","932","276","5","613","38","0","849","256","5","588","0","0","83","20","0","25","38","0"
"102313","H Councill Trenholm State Technical College","2013","1,000 - 4,999","1351","711","640","926","1351","270","183","809","89","0","711","201","112","397","1","0","640","69","71","412","88","0"
"102368","Troy University","2013","20,000 and above","20573","10334","10239","14338","16316","2121","1331","12756","108","4257","9141","1613","647","6849","32","1193","7175","508","684","5907","76","3064"
"102377","Tuskegee University","2013","1,000 - 4,999","3118","2954","164","3018","2584","659","55","1870","0","534","2468","645","54","1769","0","486","116","14","1","101","0","48"
"102395","United States Sports Academy","2013","Under 1,000","347","89","258","188","95","0","26","54","15","252","14","0","2","12","0","75","81","0","24","42","15","177"
"102429","Bevill State Community College","2013","1,000 - 4,999","3490","1808","1682","2373","3490","905","264","2043","278","0","1808","753","115","936","4","0","1682","152","149","1107","274","0"
"102553","University of Alaska Anchorage","2013","10,000 - 19,999","17363","7904","9459","11689","16380","1965","613","10538","3264","983","7679","1411","359","5423","486","225","8701","554","254","5115","2778","758"
"102580","Alaska Bible College","2013","Under 1,000","42","21","21","29","42","13","0","13","16","0","21","12","0","9","0","0","21","1","0","4","16","0"
"102614","University of Alaska Fairbanks","2013","5,000 - 9,999","9166","4283","4883","6231","7989","981","462","4286","2260","1177","3654","775","288","2492","99","629","4335","206","174","1794","2161","548"
"102632","University of Alaska Southeast","2013","1,000 - 4,999","2996","889","2107","1727","2645","228","174","1086","1157","351","821","159","101","499","62","68","1824","69","73","587","1095","283"
"102669","Alaska Pacific University","2013","Under 1,000","669","323","346","457","387","32","63","245","47","282","245","31","33","145","36","78","142","1","30","100","11","204"
"102711","AVTEC-Alaska's Institute of Technology","2013","1,000 - 4,999","1347","301","1046","652","1347","359","0","988","0","0","301","180","0","121","0","0","1046","179","0","867","0","0"
"102845","Charter College-Anchorage","2013","1,000 - 4,999","2191","2191","0","2191","2191","1053","0","1138","0","0","2191","1053","0","1138","0","0","0","0","0","0","0","0"
"103501","Alaska Career College","2013","Under 1,000","335","335","0","335","335","102","4","229","0","0","335","102","4","229","0","0","0","0","0","0","0","0"
"103644","Everest College-Phoenix","2013","1,000 - 4,999","2761","1488","1273","1988","2761","110","712","1939","0","0","1488","97","351","1040","0","0","1273","13","361","899","0","0"
"103723","Collins College","2013","Under 1,000","254","206","48","225","254","0","0","254","0","0","206","0","0","206","0","0","48","0","0","48","0","0"
"103732","Empire Beauty School-Paradise Valley","2013","Under 1,000","43","34","9","38","43","13","0","30","0","0","34","10","0","24","0","0","9","3","0","6","0","0"
"103741","Empire Beauty School-Tucson","2013","Under 1,000","175","140","35","154","175","65","0","110","0","0","140","58","0","82","0","0","35","7","0","28","0","0"
"103778","Thunderbird School of Global Management","2013","1,000 - 4,999","1022","534","488","720","2","2","0","0","0","1020","0","0","0","0","0","534","2","2","0","0","0","486"
"103787","American Indian College of the Assemblies of God Inc","2013","Under 1,000","79","68","11","72","79","15","4","58","2","0","68","15","4","49","0","0","11","0","0","9","2","0"
"103811","American Institute of Technology","2013","Under 1,000","278","278","0","278","278","15","0","263","0","0","278","15","0","263","0","0","0","0","0","0","0","0"
"103893","Carrington College-Phoenix","2013","Under 1,000","676","676","0","676","676","132","57","487","0","0","676","132","57","487","0","0","0","0","0","0","0","0"
"103909","Carrington College-Mesa","2013","Under 1,000","691","624","67","651","691","100","64","527","0","0","624","100","64","460","0","0","67","0","0","67","0","0"
"103927","Carrington College-Tucson","2013","Under 1,000","440","437","3","438","440","84","33","323","0","0","437","84","33","320","0","0","3","0","0","3","0","0"
"103945","College America-Flagstaff","2013","Under 1,000","209","209","0","209","209","126","0","83","0","0","209","126","0","83","0","0","0","0","0","0","0","0"
"103954","Arizona Academy of Beauty-East","2013","Under 1,000","47","47","0","47","47","3","0","44","0","0","47","3","0","44","0","0","0","0","0","0","0","0"
"103963","Arizona Automotive Institute","2013","Under 1,000","505","505","0","505","505","162","0","343","0","0","505","162","0","343","0","0","0","0","0","0","0","0"
"104090","Brookline College-Phoenix","2013","Under 1,000","844","844","0","844","828","402","0","426","0","16","828","402","0","426","0","16","0","0","0","0","0","0"
"104151","Arizona State University-Tempe","2013","20,000 and above","48702","42498","6204","44899","38730","7171","3354","27955","250","9972","34989","7114","2863","24875","137","7509","3741","57","491","3080","113","2463"
"104160","Arizona Western College","2013","5,000 - 9,999","8000","2803","5197","4548","8000","1786","270","5386","558","0","2803","844","102","1794","63","0","5197","942","168","3592","495","0"
"104179","University of Arizona","2013","20,000 and above","40621","35388","5233","37418","31670","6881","1984","22534","271","8951","28401","6272","1549","20468","112","6987","3269","609","435","2066","159","1964"
"104188","Southwest University of Visual Arts-Tucson","2013","Under 1,000","221","131","90","166","216","48","7","161","0","5","126","30","2","94","0","5","90","18","5","67","0","0"
"104346","Central Arizona College","2013","5,000 - 9,999","6445","2129","4316","3578","6445","1270","822","3370","983","0","2129","544","244","1214","127","0","4316","726","578","2156","856","0"
"104364","Brown Mackie College-Tucson","2013","Under 1,000","684","684","0","684","684","80","116","488","0","0","684","80","116","488","0","0","0","0","0","0","0","0"
"104391","Charles of Italy Beauty College","2013","Under 1,000","83","83","0","83","83","73","0","10","0","0","83","73","0","10","0","0","0","0","0","0","0","0"
"104425","Cochise College","2013","1,000 - 4,999","4453","1649","2804","2590","4453","803","301","2683","666","0","1649","494","129","944","82","0","2804","309","172","1739","584","0"
"104434","Empire Beauty School-Flagstaff","2013","Under 1,000","53","53","0","53","53","29","0","24","0","0","53","29","0","24","0","0","0","0","0","0","0","0"
"104443","Empire Beauty School-Chandler","2013","Under 1,000","113","86","27","97","113","32","0","81","0","0","86","27","0","59","0","0","27","5","0","22","0","0"
"104504","Cortiva Institute-Tucson","2013","Under 1,000","143","96","47","115","143","67","0","76","0","0","96","41","0","55","0","0","47","26","0","21","0","0"
"104568","Avalon School of Cosmetology-Mesa","2013","Under 1,000","273","177","96","215","273","243","0","30","0","0","177","159","0","18","0","0","96","84","0","12","0","0"
"104577","Eastern Arizona College","2013","5,000 - 9,999","6602","1953","4649","3514","6602","1297","76","3439","1790","0","1953","502","31","1391","29","0","4649","795","45","2048","1761","0"
"104586","Embry-Riddle Aeronautical University-Prescott","2013","1,000 - 4,999","1921","1786","135","1839","1879","448","109","1245","77","42","1753","443","107","1137","66","33","126","5","2","108","11","9"
"104665","Frank Lloyd Wright School of Architecture","2013","Under 1,000","10","10","0","10","2","0","0","2","0","8","2","0","0","2","0","8","0","0","0","0","0","0"
"104708","Glendale Community College","2013","20,000 and above","20872","7224","13648","11806","20872","3519","1335","11769","4249","0","7224","2057","428","4027","712","0","13648","1462","907","7742","3537","0"
"104717","Grand Canyon University","2013","20,000 and above","55497","8023","47474","26455","35205","3264","8919","22460","562","20292","7984","1554","2339","4082","9","39","27221","1710","6580","18378","553","20253"
"104911","International Academy of Hair Design","2013","Under 1,000","210","210","0","210","210","71","0","139","0","0","210","71","0","139","0","0","0","0","0","0","0","0"
"105145","GateWay Community College","2013","5,000 - 9,999","6440","1345","5095","3056","6440","782","939","3932","787","0","1345","334","176","779","56","0","5095","448","763","3153","731","0"
"105154","Mesa Community College","2013","20,000 and above","23678","7550","16128","12965","23678","3474","1744","14902","3558","0","7550","1942","496","4602","510","0","16128","1532","1248","10300","3048","0"
"105163","ITT Technical Institute-Tucson","2013","Under 1,000","409","305","104","346","409","58","10","341","0","0","305","44","9","252","0","0","104","14","1","89","0","0"
"105172","ITT Technical Institute-Tempe","2013","Under 1,000","498","392","106","434","498","76","15","407","0","0","392","73","11","308","0","0","106","3","4","99","0","0"
"105206","Mohave Community College","2013","5,000 - 9,999","5227","1433","3794","2707","5227","981","215","3563","468","0","1433","231","71","1064","67","0","3794","750","144","2499","401","0"
"105215","Universal Technical Institute of Arizona Inc-Motorcycle Mechanics Institute Division","2013","1,000 - 4,999","2049","2049","0","2049","2049","277","0","1772","0","0","2049","277","0","1772","0","0","0","0","0","0","0","0"
"105297","Dine College","2013","1,000 - 4,999","1466","912","554","1136","1466","232","32","1138","64","0","912","187","25","692","8","0","554","45","7","446","56","0"
"105330","Northern Arizona University","2013","20,000 and above","26594","20533","6061","22875","22160","4728","2478","14805","149","4434","18577","4348","1733","12494","2","1956","3583","380","745","2311","147","2478"
"105349","Northland Pioneer College","2013","1,000 - 4,999","3233","674","2559","1533","3233","181","530","930","1592","0","674","54","127","260","233","0","2559","127","403","670","1359","0"
"105367","Ottawa University-Phoenix","2013","Under 1,000","653","6","647","257","345","0","70","265","10","308","2","0","0","2","0","4","343","0","70","263","10","304"
"105428","Phoenix College","2013","10,000 - 19,999","12676","3421","9255","6528","12676","1786","1367","7081","2442","0","3421","733","348","2034","306","0","9255","1053","1019","5047","2136","0"
"105482","Cortiva Institute-Scottsdale","2013","Under 1,000","87","48","39","63","87","21","0","66","0","0","48","12","0","36","0","0","39","9","0","30","0","0"
"105525","Pima Community College","2013","20,000 and above","30082","10776","19306","17258","30082","5264","1844","19492","3482","0","10776","2675","731","7021","349","0","19306","2589","1113","12471","3133","0"
"105534","Pima Medical Institute-Tucson","2013","1,000 - 4,999","1726","1726","0","1726","1726","416","0","1310","0","0","1726","416","0","1310","0","0","0","0","0","0","0","0"
"105543","Pima Medical Institute-Albuquerque","2013","Under 1,000","930","930","0","930","930","250","0","680","0","0","930","250","0","680","0","0","0","0","0","0","0","0"
"105589","Prescott College","2013","Under 1,000","943","572","371","715","545","40","96","404","5","398","444","40","78","321","5","128","101","0","18","83","0","270"
"105659","Refrigeration School Inc","2013","Under 1,000","621","621","0","621","621","201","0","420","0","0","621","201","0","420","0","0","0","0","0","0","0","0"
"105668","Rio Salado College","2013","20,000 and above","21472","3054","18418","9238","21472","572","2093","7552","11255","0","3054","172","430","1386","1066","0","18418","400","1663","6166","10189","0"
"105677","Roberto-Venn School of Luthiery","2013","Under 1,000","39","39","0","39","39","15","0","24","0","0","39","15","0","24","0","0","0","0","0","0","0","0"
"105701","Hair Academy of Safford","2013","Under 1,000","64","64","0","64","64","15","0","49","0","0","64","15","0","49","0","0","0","0","0","0","0","0"
"105747","Scottsdale Community College","2013","10,000 - 19,999","10313","3159","7154","5561","10313","1366","992","5329","2626","0","3159","898","340","1787","134","0","7154","468","652","3542","2492","0"
"105792","South Mountain Community College","2013","1,000 - 4,999","4718","1437","3281","2539","4718","864","464","2652","738","0","1437","439","113","834","51","0","3281","425","351","1818","687","0"
"105899","Arizona Christian University","2013","Under 1,000","635","454","181","525","635","90","58","343","144","0","454","90","50","312","2","0","181","0","8","31","142","0"
"105987","Tucson College","2013","Under 1,000","284","284","0","284","284","134","0","150","0","0","284","134","0","150","0","0","0","0","0","0","0","0"
"106041","Universal Technical Institute of Arizona Inc","2013","1,000 - 4,999","2337","2337","0","2337","2337","449","160","1728","0","0","2337","449","160","1728","0","0","0","0","0","0","0","0"
"106102","Western International University","2013","1,000 - 4,999","2042","2042","0","2042","1497","2","0","1367","128","545","1497","2","0","1367","128","545","0","0","0","0","0","0"
"106111","Empire Beauty School-NW Phoenix","2013","Under 1,000","172","130","42","147","172","44","0","128","0","0","130","36","0","94","0","0","42","8","0","34","0","0"
"106148","Yavapai College","2013","5,000 - 9,999","8197","2224","5973","4229","8197","900","398","4774","2125","0","2224","440","173","1589","22","0","5973","460","225","3185","2103","0"
"106245","University of Arkansas at Little Rock","2013","10,000 - 19,999","12377","6632","5745","8895","9970","667","1165","6672","1466","2407","5552","633","817","3811","291","1080","4418","34","348","2861","1175","1327"
"106263","University of Arkansas for Medical Sciences","2013","1,000 - 4,999","2867","2059","808","2361","791","0","247","508","36","2076","564","0","174","389","1","1495","227","0","73","119","35","581"
"106281","ABC Beauty College Inc","2013","Under 1,000","32","27","5","29","32","20","0","12","0","0","27","16","0","11","0","0","5","4","0","1","0","0"
"106306","Arkansas Baptist College","2013","1,000 - 4,999","1027","867","160","930","1027","237","130","655","5","0","867","206","108","548","5","0","160","31","22","107","0","0"
"106315","Arkansas Beauty School","2013","Under 1,000","37","27","10","31","37","7","0","30","0","0","27","7","0","20","0","0","10","0","0","10","0","0"
"106324","Arkansas Beauty College","2013","Under 1,000","46","44","2","45","46","26","0","20","0","0","44","25","0","19","0","0","2","1","0","1","0","0"
"106342","Lyon College","2013","Under 1,000","592","562","30","574","592","174","40","356","22","0","562","174","38","349","1","0","30","0","2","7","21","0"
"106351","Arkansas College of Barbering and Hair Design","2013","Under 1,000","134","127","7","130","134","14","0","120","0","0","127","14","0","113","0","0","7","0","0","7","0","0"
"106360","Arthur's Beauty College Inc-Fort Smith","2013","Under 1,000","50","50","0","50","50","9","0","41","0","0","50","9","0","41","0","0","0","0","0","0","0","0"
"106397","University of Arkansas","2013","20,000 and above","25341","20379","4962","22276","21009","4339","1282","15155","233","4332","18565","4300","1044","13111","110","1814","2444","39","238","2044","123","2518"
"106412","University of Arkansas at Pine Bluff","2013","1,000 - 4,999","2615","2328","287","2441","2521","568","152","1783","18","94","2300","557","136","1607","0","28","221","11","16","176","18","66"
"106449","Arkansas State University-Beebe","2013","1,000 - 4,999","4380","2220","2160","2945","4380","839","138","2240","1163","0","2220","779","96","1314","31","0","2160","60","42","926","1132","0"
"106458","Arkansas State University-Main Campus","2013","10,000 - 19,999","13552","8384","5168","10356","10098","1619","886","6820","773","3454","7645","1575","610","5372","88","739","2453","44","276","1448","685","2715"
"106467","Arkansas Tech University","2013","10,000 - 19,999","11369","7283","4086","8904","10482","1755","615","6364","1748","887","7063","1678","421","4956","8","220","3419","77","194","1408","1740","667"
"106485","University of Arkansas at Monticello","2013","1,000 - 4,999","3893","2546","1347","3085","3706","679","186","2159","682","187","2477","623","166","1681","7","69","1229","56","20","478","675","118"
"106494","Arthur's Beauty College Inc-Jacksonville","2013","Under 1,000","64","64","0","64","64","11","0","53","0","0","64","11","0","53","0","0","0","0","0","0","0","0"
"106546","Baptist Health Schools-Little Rock","2013","Under 1,000","918","802","116","848","918","37","0","881","0","0","802","37","0","765","0","0","116","0","0","116","0","0"
"106625","Black River Technical College","2013","1,000 - 4,999","2248","1412","836","1693","2248","390","126","1378","354","0","1412","344","94","963","11","0","836","46","32","415","343","0"
"106704","University of Central Arkansas","2013","10,000 - 19,999","11534","9045","2489","10007","9754","2202","640","6419","493","1780","8285","2177","557","5503","48","760","1469","25","83","916","445","1020"
"106713","Central Baptist College","2013","Under 1,000","827","650","177","720","827","129","122","518","58","0","650","119","86","443","2","0","177","10","36","75","56","0"
"106795","Cossatot Community College of the University of Arkansas","2013","1,000 - 4,999","1597","652","945","969","1597","328","49","752","468","0","652","255","16","371","10","0","945","73","33","381","458","0"
"106810","Crowley's Ridge College","2013","Under 1,000","200","143","57","165","200","47","11","95","47","0","143","44","8","91","0","0","57","3","3","4","47","0"
"106829","Crowley's Ridge Technical Institute","2013","Under 1,000","286","258","28","267","286","99","0","187","0","0","258","85","0","173","0","0","28","14","0","14","0","0"
"106883","East Arkansas Community College","2013","1,000 - 4,999","1386","610","776","871","1386","286","114","522","464","0","610","224","31","346","9","0","776","62","83","176","455","0"
"106892","Eastern College of Health Vocations-Little Rock","2013","Under 1,000","302","302","0","302","302","81","0","221","0","0","302","81","0","221","0","0","0","0","0","0","0","0"
"106908","Imagine-Paul Mitchell Partner School","2013","Under 1,000","482","385","97","424","482","67","0","415","0","0","385","58","0","327","0","0","97","9","0","88","0","0"
"106980","National Park Community College","2013","1,000 - 4,999","3246","1525","1721","2103","3246","545","136","1764","801","0","1525","410","109","956","50","0","1721","135","27","808","751","0"
"106999","University of Arkansas Community College-Batesville","2013","1,000 - 4,999","1353","784","569","975","1353","290","57","743","263","0","784","258","24","497","5","0","569","32","33","246","258","0"
"107044","Harding University","2013","5,000 - 9,999","6238","4820","1418","5365","4428","1041","219","3168","0","1810","4105","1030","204","2871","0","715","323","11","15","297","0","1095"
"107071","Henderson State University","2013","1,000 - 4,999","3583","2953","630","3194","3199","704","294","2192","9","384","2878","698","244","1934","2","75","321","6","50","258","7","309"
"107080","Hendrix College","2013","1,000 - 4,999","1444","1434","10","1438","1431","450","19","959","3","13","1422","450","19","953","0","12","9","0","0","6","3","1"
"107099","Hot Springs Beauty College","2013","Under 1,000","43","43","0","43","43","9","0","34","0","0","43","9","0","34","0","0","0","0","0","0","0","0"
"107123","Jefferson Regional Medical Center School of Nursing","2013","Under 1,000","76","76","0","76","76","0","0","76","0","0","76","0","0","76","0","0","0","0","0","0","0","0"
"107141","John Brown University","2013","1,000 - 4,999","2596","1698","898","2047","2080","303","179","1288","310","516","1571","303","151","1117","0","127","509","0","28","171","310","389"
"107211","Lees School of Cosmetology","2013","Under 1,000","27","27","0","27","27","8","0","19","0","0","27","8","0","19","0","0","0","0","0","0","0","0"
"107220","Career Academy of Hair Design","2013","Under 1,000","364","228","136","282","364","258","0","106","0","0","228","166","0","62","0","0","136","92","0","44","0","0"
"107293","Academy of Salon and Spa","2013","Under 1,000","75","75","0","75","75","31","0","44","0","0","75","31","0","44","0","0","0","0","0","0","0","0"
"107318","Mid-South Community College","2013","1,000 - 4,999","1793","703","1090","1069","1793","326","108","829","530","0","703","238","47","382","36","0","1090","88","61","447","494","0"
"107327","Arkansas Northeastern College","2013","1,000 - 4,999","1425","619","806","890","1425","283","99","759","284","0","619","223","45","346","5","0","806","60","54","413","279","0"
"107363","Margaret's Hair Academy Inc","2013","Under 1,000","65","65","0","65","65","42","0","23","0","0","65","42","0","23","0","0","0","0","0","0","0","0"
"107442","New Tyler Barber College Inc","2013","Under 1,000","79","79","0","79","79","62","0","17","0","0","79","62","0","17","0","0","0","0","0","0","0","0"
"107460","North Arkansas College","2013","1,000 - 4,999","2167","1079","1088","1444","2167","484","147","1254","282","0","1079","375","75","625","4","0","1088","109","72","629","278","0"
"107488","Northwest Technical Institute","2013","Under 1,000","252","244","8","247","252","233","0","19","0","0","244","227","0","17","0","0","8","6","0","2","0","0"
"107512","Ouachita Baptist University","2013","1,000 - 4,999","1543","1507","36","1521","1543","393","47","1073","30","0","1507","393","47","1063","4","0","36","0","0","10","26","0"
"107521","College of the Ouachitas","2013","1,000 - 4,999","1501","584","917","892","1501","147","96","574","684","0","584","120","64","369","31","0","917","27","32","205","653","0"
"107549","Ozarka College","2013","1,000 - 4,999","1489","873","616","1080","1489","265","474","487","263","0","873","218","295","347","13","0","616","47","179","140","250","0"
"107558","University of the Ozarks","2013","Under 1,000","585","571","14","576","585","159","14","395","17","0","571","159","14","392","6","0","14","0","0","3","11","0"
"107585","University of Arkansas Community College-Morrilton","2013","1,000 - 4,999","2149","1270","879","1565","2149","586","207","1284","72","0","1270","467","102","699","2","0","879","119","105","585","70","0"
"107600","Philander Smith College","2013","Under 1,000","556","523","33","536","556","135","41","378","2","0","523","134","35","354","0","0","33","1","6","24","2","0"
"107619","Phillips Community College of the University of Arkansas","2013","1,000 - 4,999","2029","757","1272","1184","2029","234","58","694","1043","0","757","198","32","438","89","0","1272","36","26","256","954","0"
"107637","Southeast Arkansas College","2013","1,000 - 4,999","1601","850","751","1102","1601","332","108","975","186","0","850","251","69","499","31","0","751","81","39","476","155","0"
"107655","Professional Cosmetology Education Center","2013","Under 1,000","50","50","0","50","50","17","0","33","0","0","50","17","0","33","0","0","0","0","0","0","0","0"
"107664","Pulaski Technical College","2013","10,000 - 19,999","10527","5062","5465","6897","10527","1366","812","7302","1047","0","5062","1053","497","3435","77","0","5465","313","315","3867","970","0"
"107725","University of Arkansas Community College-Hope","2013","1,000 - 4,999","1460","732","728","976","1460","306","96","755","303","0","732","235","47","441","9","0","728","71","49","314","294","0"
"107743","Rich Mountain Community College","2013","Under 1,000","957","411","546","594","957","152","46","355","404","0","411","137","28","238","8","0","546","15","18","117","396","0"
"107789","Paul Mitchell the School-Arkansas","2013","Under 1,000","96","82","14","88","96","14","0","82","0","0","82","12","0","70","0","0","14","2","0","12","0","0"
"107831","Searcy Beauty College Inc","2013","Under 1,000","104","57","47","76","104","1","0","103","0","0","57","1","0","56","0","0","47","0","0","47","0","0"
"107840","Shorter College","2013","Under 1,000","330","262","68","289","330","81","207","42","0","0","262","68","152","42","0","0","68","13","55","0","0","0"
"107877","Williams Baptist College","2013","Under 1,000","574","486","88","521","574","154","36","311","73","0","486","154","36","296","0","0","88","0","0","15","73","0"
"107974","South Arkansas Community College","2013","1,000 - 4,999","1632","717","915","1024","1632","238","188","880","326","0","717","161","106","427","23","0","915","77","82","453","303","0"
"107983","Southern Arkansas University Main Campus","2013","1,000 - 4,999","3404","2561","843","2885","2960","663","226","1751","320","444","2497","658","185","1577","77","64","463","5","41","174","243","380"
"107992","Southern Arkansas University Tech","2013","1,000 - 4,999","1730","653","1077","1015","1730","218","108","568","836","0","653","207","95","348","3","0","1077","11","13","220","833","0"
"108065","Velvatex College of Beauty Culture","2013","Under 1,000","25","19","6","21","25","19","0","6","0","0","19","16","0","3","0","0","6","3","0","3","0","0"
"108092","University of Arkansas-Fort Smith","2013","5,000 - 9,999","7170","5116","2054","5945","7170","1343","490","4675","662","0","5116","1265","415","3407","29","0","2054","78","75","1268","633","0"
"108232","Academy of Art University","2013","10,000 - 19,999","16001","9038","6963","11750","10508","1027","841","8432","208","5493","5727","667","454","4570","36","3311","4781","360","387","3862","172","2182"
"108250","ITT Technical Institute-Rancho Cordova","2013","Under 1,000","510","387","123","435","510","45","7","458","0","0","387","42","7","338","0","0","123","3","0","120","0","0"
"108269","Academy of Chinese Culture and Health Sciences","2013","Under 1,000","132","113","19","120","0","0","0","0","0","132","0","0","0","0","0","113","0","0","0","0","0","19"
"108348","The Academy of Radio and TV Broadcasting","2013","Under 1,000","44","44","0","44","44","38","0","6","0","0","44","38","0","6","0","0","0","0","0","0","0","0"
"108649","Avalon School of Cosmetology-Alameda","2013","Under 1,000","186","83","103","124","186","93","0","93","0","0","83","43","0","40","0","0","103","50","0","53","0","0"
"108667","College of Alameda","2013","5,000 - 9,999","5799","716","5083","2423","5799","915","977","3255","652","0","716","195","43","449","29","0","5083","720","934","2806","623","0"
"108807","Allan Hancock College","2013","10,000 - 19,999","10885","3395","7490","5910","10885","1700","796","7196","1193","0","3395","917","179","2220","79","0","7490","783","617","4976","1114","0"
"108852","American Academy of Dramatic Arts-Los Angeles","2013","Under 1,000","258","258","0","258","258","134","0","124","0","0","258","134","0","124","0","0","0","0","0","0","0","0"
"108861","American Baptist Seminary of the West","2013","Under 1,000","49","29","20","37","0","0","0","0","0","49","0","0","0","0","0","29","0","0","0","0","0","20"
"108870","American Film Institute Conservatory","2013","Under 1,000","348","287","61","310","0","0","0","0","0","348","0","0","0","0","0","287","0","0","0","0","0","61"
"108977","American Beauty College","2013","Under 1,000","45","21","24","31","45","16","0","29","0","0","21","9","0","12","0","0","24","7","0","17","0","0"
"109040","American Career College-Los Angeles","2013","1,000 - 4,999","1770","1770","0","1770","1770","253","208","1309","0","0","1770","253","208","1309","0","0","0","0","0","0","0","0"
"109086","American Conservatory Theater","2013","Under 1,000","31","31","0","31","0","0","0","0","0","31","0","0","0","0","0","31","0","0","0","0","0","0"
"109208","American River College","2013","20,000 and above","29701","7560","22141","14994","29701","3893","3477","19962","2369","0","7560","1434","582","5256","288","0","22141","2459","2895","14706","2081","0"
"109350","Antelope Valley College","2013","10,000 - 19,999","14262","4509","9753","7783","14262","2236","662","9518","1846","0","4509","978","239","3123","169","0","9753","1258","423","6395","1677","0"
"109651","Art Center College of Design","2013","1,000 - 4,999","1985","1657","328","1785","1767","164","194","1384","25","218","1499","164","192","1119","24","158","268","0","2","265","1","60"
"109721","Associated Technical College-Los Angeles","2013","Under 1,000","404","404","0","404","404","366","0","38","0","0","404","366","0","38","0","0","0","0","0","0","0","0"
"109730","Associated Technical College-San Diego","2013","Under 1,000","110","110","0","110","110","78","0","32","0","0","110","78","0","32","0","0","0","0","0","0","0","0"
"109785","Azusa Pacific University","2013","10,000 - 19,999","10755","7783","2972","8928","6543","1225","658","4660","0","4212","5683","1217","504","3962","0","2100","860","8","154","698","0","2112"
"109819","Bakersfield College","2013","10,000 - 19,999","17770","5615","12155","9696","17770","3118","878","11858","1916","0","5615","1578","291","3589","157","0","12155","1540","587","8269","1759","0"
"109907","Barstow Community College","2013","1,000 - 4,999","3211","1172","2039","1857","3211","586","519","1761","345","0","1172","265","143","748","16","0","2039","321","376","1013","329","0"
"109934","Bellus Academy-National City","2013","Under 1,000","185","185","0","185","185","27","0","158","0","0","185","27","0","158","0","0","0","0","0","0","0","0"
"110060","Bethesda University of California","2013","Under 1,000","353","268","85","301","259","68","3","188","0","94","204","63","3","138","0","64","55","5","0","50","0","30"
"110097","Biola University","2013","5,000 - 9,999","6301","5107","1194","5565","4331","903","312","3109","7","1970","4184","900","303","2977","4","923","147","3","9","132","3","1047"
"110185","Brooks Institute","2013","Under 1,000","518","405","113","449","492","81","28","383","0","26","385","33","16","336","0","20","107","48","12","47","0","6"
"110194","Brownson Technical School","2013","Under 1,000","45","45","0","45","45","42","0","3","0","0","45","42","0","3","0","0","0","0","0","0","0","0"
"110219","Bryan University","2013","Under 1,000","927","927","0","927","879","158","0","721","0","48","879","158","0","721","0","48","0","0","0","0","0","0"
"110246","Butte College","2013","10,000 - 19,999","12163","5816","6347","7947","12163","2022","849","8252","1040","0","5816","1299","424","3948","145","0","6347","723","425","4304","895","0"
"110307","Phillips Graduate Institute","2013","Under 1,000","206","177","29","188","0","0","0","0","0","206","0","0","0","0","0","177","0","0","0","0","0","29"
"110316","California Institute of Integral Studies","2013","1,000 - 4,999","1271","988","283","1096","75","0","47","28","0","1196","68","0","46","22","0","920","7","0","1","6","0","276"
"110334","Cabrillo College","2013","10,000 - 19,999","13666","4625","9041","7660","13666","2002","661","10061","942","0","4625","1081","238","3243","63","0","9041","921","423","6818","879","0"
"110361","California Baptist University","2013","5,000 - 9,999","7144","5864","1280","6361","5797","993","769","4035","0","1347","5086","967","652","3467","0","778","711","26","117","568","0","569"
"110370","California College of the Arts","2013","1,000 - 4,999","1949","1825","124","1873","1502","232","190","1041","39","447","1410","232","187","971","20","415","92","0","3","70","19","32"
"110398","University of California-Hastings College of Law","2013","1,000 - 4,999","1088","1072","16","1078","0","0","0","0","0","1088","0","0","0","0","0","1072","0","0","0","0","0","16"
"110404","California Institute of Technology","2013","1,000 - 4,999","2181","2181","0","2181","977","248","7","722","0","1204","977","248","7","722","0","1204","0","0","0","0","0","0"
"110413","California Lutheran University","2013","1,000 - 4,999","4282","3740","542","3949","2888","540","320","2022","6","1394","2717","540","296","1876","5","1023","171","0","24","146","1","371"
"110422","California Polytechnic State University-San Luis Obispo","2013","10,000 - 19,999","19703","18775","928","19139","18739","4773","936","12955","75","964","18058","4765","911","12316","66","717","681","8","25","639","9","247"
"110468","Alliant International University","2013","1,000 - 4,999","4201","2038","2163","2872","917","26","142","86","663","3284","179","25","81","65","8","1859","738","1","61","21","655","1425"
"110486","California State University-Bakersfield","2013","5,000 - 9,999","8371","7190","1181","7652","7350","1342","693","5191","124","1021","6519","1323","603","4581","12","671","831","19","90","610","112","350"
"110495","California State University-Stanislaus","2013","5,000 - 9,999","8917","7256","1661","7907","7754","1224","1108","5419","3","1163","6547","1181","893","4470","3","709","1207","43","215","949","0","454"
"110510","California State University-San Bernardino","2013","10,000 - 19,999","18398","15213","3185","16444","16191","2358","1949","11580","304","2207","14299","2319","1661","10215","104","914","1892","39","288","1365","200","1293"
"110529","California State Polytechnic University-Pomona","2013","20,000 and above","22501","18995","3506","20369","20952","3257","2487","15113","95","1549","18410","3169","2164","13050","27","585","2542","88","323","2063","68","964"
"110538","California State University-Chico","2013","10,000 - 19,999","16356","14960","1396","15510","15290","2340","1599","11167","184","1066","14207","2316","1476","10324","91","753","1083","24","123","843","93","313"
"110547","California State University-Dominguez Hills","2013","10,000 - 19,999","14670","9599","5071","11597","12481","1556","2632","7706","587","2189","8574","1460","1690","5421","3","1025","3907","96","942","2285","584","1164"
"110556","California State University-Fresno","2013","20,000 and above","23060","19511","3549","20909","20295","3265","2305","14341","384","2765","17571","3166","1860","12524","21","1940","2724","99","445","1817","363","825"
"110565","California State University-Fullerton","2013","20,000 and above","38325","29023","9302","32657","33116","4667","4752","23581","116","5209","26682","4512","3445","18665","60","2341","6434","155","1307","4916","56","2868"
"110574","California State University-East Bay","2013","10,000 - 19,999","14526","11733","2793","12810","12146","1512","2064","8503","67","2380","10546","1477","1742","7289","38","1187","1600","35","322","1214","29","1193"
"110583","California State University-Long Beach","2013","20,000 and above","35586","28440","7146","31225","30593","4343","3284","22813","153","4993","25815","4119","2829","18729","138","2625","4778","224","455","4084","15","2368"
"110592","California State University-Los Angeles","2013","20,000 and above","23258","18104","5154","20107","19589","3021","3264","13240","64","3669","16280","2895","2233","11117","35","1824","3309","126","1031","2123","29","1845"
"110608","California State University-Northridge","2013","20,000 and above","38310","30423","7887","33509","33771","5818","5242","22521","190","4539","28200","5760","3968","18418","54","2223","5571","58","1274","4103","136","2316"
"110617","California State University-Sacramento","2013","20,000 and above","28811","22735","6076","25142","26094","3366","4353","18272","103","2717","21094","3202","3170","14656","66","1641","5000","164","1183","3616","37","1076"
"110635","University of California-Berkeley","2013","20,000 and above","36198","34675","1523","35256","25951","4706","2241","19004","0","10247","25220","4677","2191","18352","0","9455","731","29","50","652","0","792"
"110644","University of California-Davis","2013","20,000 and above","33307","31986","1321","32493","26533","5113","3087","18283","50","6774","25826","5063","3028","17685","50","6160","707","50","59","598","0","614"
"110653","University of California-Irvine","2013","20,000 and above","28895","28046","849","28370","23530","5460","1998","16059","13","5365","23127","5449","1968","15697","13","4919","403","11","30","362","0","446"
"110662","University of California-Los Angeles","2013","20,000 and above","40795","39794","1001","40181","28674","5697","2821","20149","7","12121","28084","5684","2780","19613","7","11710","590","13","41","536","0","411"
"110671","University of California-Riverside","2013","20,000 and above","21207","20653","554","20871","18621","4203","1312","13097","9","2586","18205","4187","1279","12731","8","2448","416","16","33","366","1","138"
"110680","University of California-San Diego","2013","20,000 and above","29517","28606","911","28963","23805","5228","2699","15865","13","5712","23152","5218","2654","15275","5","5454","653","10","45","590","8","258"
"110699","University of California-San Francisco","2013","1,000 - 4,999","3079","3079","0","3079","0","0","0","0","0","3079","0","0","0","0","0","3079","0","0","0","0","0","0"
"110705","University of California-Santa Barbara","2013","20,000 and above","22225","21771","454","21947","19362","4624","1495","13243","0","2863","19076","4597","1452","13027","0","2695","286","27","43","216","0","168"
"110714","University of California-Santa Cruz","2013","10,000 - 19,999","17203","16755","448","16933","15695","3302","1001","11392","0","1508","15323","3295","978","11050","0","1432","372","7","23","342","0","76"
"110778","Sofia University","2013","Under 1,000","453","399","54","420","20","0","20","0","0","433","20","0","20","0","0","379","0","0","0","0","0","54"
"110875","California Beauty School","2013","Under 1,000","114","88","26","98","114","32","0","82","0","0","88","31","0","57","0","0","26","1","0","25","0","0"
"110918","California Christian College","2013","Under 1,000","30","18","12","23","30","4","6","20","0","0","18","2","3","13","0","0","12","2","3","7","0","0"
"111009","Le Cordon Bleu College of Culinary Arts-San Francisco","2013","Under 1,000","489","489","0","489","489","96","18","375","0","0","489","96","18","375","0","0","0","0","0","0","0","0"
"111054","California Hair Design Academy","2013","Under 1,000","219","219","0","219","219","30","0","189","0","0","219","30","0","189","0","0","0","0","0","0","0","0"
"111081","California Institute of the Arts","2013","1,000 - 4,999","1489","1472","17","1479","995","172","149","666","8","494","982","172","148","654","8","490","13","0","1","12","0","4"
"111188","California Maritime Academy","2013","1,000 - 4,999","1045","1008","37","1023","1045","202","87","755","1","0","1008","199","87","721","1","0","37","3","0","34","0","0"
"111391","California Western School of Law","2013","Under 1,000","704","610","94","646","0","0","0","0","0","704","0","0","0","0","0","610","0","0","0","0","0","94"
"111434","Canada College","2013","5,000 - 9,999","6620","1202","5418","3021","6620","683","846","3688","1403","0","1202","279","89","779","55","0","5418","404","757","2909","1348","0"
"111461","College of the Canyons","2013","10,000 - 19,999","18508","6446","12062","10496","18508","3092","1388","12304","1724","0","6446","1611","448","4270","117","0","12062","1481","940","8034","1607","0"
"111513","Career Academy of Beauty","2013","Under 1,000","167","74","93","111","167","79","0","88","0","0","74","44","0","30","0","0","93","35","0","58","0","0"
"111638","Casa Loma College-Van Nuys","2013","Under 1,000","606","606","0","606","606","46","79","481","0","0","606","46","79","481","0","0","0","0","0","0","0","0"
"111708","CET-San Diego","2013","Under 1,000","267","158","109","201","267","73","0","194","0","0","158","41","0","117","0","0","109","32","0","77","0","0"
"111717","CET-Sobrato","2013","Under 1,000","345","324","21","332","345","103","0","242","0","0","324","103","0","221","0","0","21","0","0","21","0","0"
"111726","CET-El Centro","2013","Under 1,000","234","234","0","234","234","83","0","151","0","0","234","83","0","151","0","0","0","0","0","0","0","0"
"111744","CET-San Bernardino","2013","Under 1,000","103","103","0","103","103","28","0","75","0","0","103","28","0","75","0","0","0","0","0","0","0","0"
"111762","CET-Watsonville","2013","Under 1,000","88","88","0","88","88","30","0","58","0","0","88","30","0","58","0","0","0","0","0","0","0","0"
"111799","CET-Salinas","2013","Under 1,000","65","65","0","65","65","28","0","37","0","0","65","28","0","37","0","0","0","0","0","0","0","0"
"111887","Cerritos College","2013","20,000 and above","21404","6958","14446","11808","21404","3497","1679","14835","1393","0","6958","1435","471","4938","114","0","14446","2062","1208","9897","1279","0"
"111896","Cerro Coso Community College","2013","1,000 - 4,999","4523","944","3579","2146","4523","594","815","2620","494","0","944","225","97","611","11","0","3579","369","718","2009","483","0"
"111920","Chabot College","2013","10,000 - 19,999","13142","3939","9203","7029","13142","1961","1323","8798","1060","0","3939","823","236","2830","50","0","9203","1138","1087","5968","1010","0"
"111939","Chaffey College","2013","10,000 - 19,999","19211","5664","13547","10212","19211","3656","1252","12309","1994","0","5664","1247","316","3971","130","0","13547","2409","936","8338","1864","0"
"111948","Chapman University","2013","5,000 - 9,999","7892","7071","821","7387","6005","1289","394","4257","65","1887","5753","1284","382","4067","20","1318","252","5","12","190","45","569"
"111966","Charles R Drew University of Medicine and Science","2013","Under 1,000","515","390","125","438","85","5","28","50","2","430","41","4","24","13","0","349","44","1","4","37","2","81"
"112075","Concordia University-Irvine","2013","1,000 - 4,999","4046","3345","701","3615","1944","373","224","1319","28","2102","1746","373","220","1149","4","1599","198","0","4","170","24","503"
"112084","San Diego Christian College","2013","Under 1,000","914","817","97","855","892","125","155","609","3","22","795","125","131","539","0","22","97","0","24","70","3","0"
"112127","Church Divinity School of the Pacific","2013","Under 1,000","79","45","34","58","0","0","0","0","0","79","0","0","0","0","0","45","0","0","0","0","0","34"
"112172","Citrus College","2013","10,000 - 19,999","12920","4931","7989","7613","12920","2312","938","8244","1426","0","4931","1217","343","3204","167","0","7989","1095","595","5040","1259","0"
"112181","Citrus Heights Beauty College","2013","Under 1,000","96","89","7","92","96","28","0","68","0","0","89","28","0","61","0","0","7","0","0","7","0","0"
"112190","City College of San Francisco","2013","20,000 and above","26706","9198","17508","15076","26706","3505","1743","19414","2044","0","9198","1572","469","7045","112","0","17508","1933","1274","12369","1932","0"
"112251","Claremont Graduate University","2013","1,000 - 4,999","2204","1532","672","1789","0","0","0","0","0","2204","0","0","0","0","0","1532","0","0","0","0","0","672"
"112260","Claremont McKenna College","2013","1,000 - 4,999","1328","1324","4","1326","1316","337","18","956","5","12","1312","337","18","952","5","12","4","0","0","4","0","0"
"112288","Milan Institute-Visalia","2013","Under 1,000","354","354","0","354","354","126","0","228","0","0","354","126","0","228","0","0","0","0","0","0","0","0"
"112367","Clovis Adult Education","2013","Under 1,000","608","366","242","447","608","446","0","162","0","0","366","251","0","115","0","0","242","195","0","47","0","0"
"112385","Coastline Community College","2013","10,000 - 19,999","10378","1476","8902","4465","10378","1279","2177","5543","1379","0","1476","182","218","981","95","0","8902","1097","1959","4562","1284","0"
"112394","Cogswell College","2013","Under 1,000","472","322","150","381","462","103","43","311","5","10","315","73","31","210","1","7","147","30","12","101","4","3"
"112446","Coleman University","2013","Under 1,000","833","734","99","773","532","65","3","464","0","301","433","65","3","365","0","301","99","0","0","99","0","0"
"112455","COBA Academy","2013","Under 1,000","40","40","0","40","40","10","0","30","0","0","40","10","0","30","0","0","0","0","0","0","0","0"
"112525","Western University of Health Sciences","2013","1,000 - 4,999","3748","3684","64","3708","0","0","0","0","0","3748","0","0","0","0","0","3684","0","0","0","0","0","64"
"112561","Columbia College","2013","1,000 - 4,999","2626","843","1783","1442","2626","592","227","1606","201","0","843","298","47","489","9","0","1783","294","180","1117","192","0"
"112570","Columbia College-Hollywood","2013","Under 1,000","314","285","29","296","314","44","26","244","0","0","285","44","25","216","0","0","29","0","1","28","0","0"
"112686","El Camino College-Compton Center","2013","5,000 - 9,999","7693","1896","5797","3842","7693","943","1204","4699","847","0","1896","412","220","1226","38","0","5797","531","984","3473","809","0"
"112826","Contra Costa College","2013","5,000 - 9,999","6865","2153","4712","3735","6865","683","512","4273","1397","0","2153","313","122","1545","173","0","4712","370","390","2728","1224","0"
"113096","Cosumnes River College","2013","10,000 - 19,999","13949","3333","10616","6897","13949","2171","1563","9118","1097","0","3333","734","203","2297","99","0","10616","1437","1360","6821","998","0"
"113111","Crafton Hills College","2013","5,000 - 9,999","5697","1991","3706","3235","5697","888","492","3336","981","0","1991","366","100","1186","339","0","3706","522","392","2150","642","0"
"113193","Cuesta College","2013","5,000 - 9,999","9256","3837","5419","5656","9256","1539","836","5589","1292","0","3837","1019","413","2358","47","0","5419","520","423","3231","1245","0"
"113218","Cuyamaca College","2013","5,000 - 9,999","8859","2099","6760","4369","8859","1365","1061","5352","1081","0","2099","600","136","1225","138","0","6760","765","925","4127","943","0"
"113236","Cypress College","2013","10,000 - 19,999","15881","5079","10802","8706","15881","2908","1671","10344","958","0","5079","1084","260","3698","37","0","10802","1824","1411","6646","921","0"
"113333","De Anza College","2013","20,000 and above","23261","10774","12487","14966","23261","4068","1670","14758","2765","0","10774","2754","593","6984","443","0","12487","1314","1077","7774","2322","0"
"113397","Marinello Schools of Beauty-Hemet","2013","1,000 - 4,999","1330","1047","283","1159","1330","350","0","980","0","0","1047","284","0","763","0","0","283","66","0","217","0","0"
"113449","International School of Beauty Inc","2013","Under 1,000","229","229","0","229","229","43","0","186","0","0","229","43","0","186","0","0","0","0","0","0","0","0"
"113537","Dell'Arte International School of Physical Theatre","2013","Under 1,000","29","29","0","29","14","1","13","0","0","15","14","1","13","0","0","15","0","0","0","0","0","0"
"113573","College of the Desert","2013","5,000 - 9,999","9259","3629","5630","5519","9259","1520","390","6420","929","0","3629","753","143","2692","41","0","5630","767","247","3728","888","0"
"113582","Design Institute of San Diego","2013","Under 1,000","181","119","62","143","181","20","28","133","0","0","119","19","18","82","0","0","62","1","10","51","0","0"
"113634","Diablo Valley College","2013","20,000 and above","20286","7690","12596","11919","20286","2858","1366","14342","1720","0","7690","1429","324","5788","149","0","12596","1429","1042","8554","1571","0"
"113698","Dominican University of California","2013","1,000 - 4,999","2147","1603","544","1814","1603","306","141","1120","36","544","1298","306","67","916","9","305","305","0","74","204","27","239"
"113704","Dominican School of Philosophy & Theology","2013","Under 1,000","89","54","35","67","0","0","0","0","0","89","0","0","0","0","0","54","0","0","0","0","0","35"
"113856","East Los Angeles College","2013","20,000 and above","36606","7090","29516","17000","36606","4853","1571","27015","3167","0","7090","1331","273","5404","82","0","29516","3522","1298","21611","3085","0"
"113908","Marinello Schools of Beauty-Santa Clara","2013","Under 1,000","566","345","221","433","566","152","0","414","0","0","345","110","0","235","0","0","221","42","0","179","0","0"
"113980","El Camino Community College District","2013","20,000 and above","23996","7866","16130","13281","23996","4322","1500","16400","1774","0","7866","2216","316","5253","81","0","16130","2106","1184","11147","1693","0"
"114044","Elegance International","2013","Under 1,000","205","205","0","205","205","78","0","127","0","0","205","78","0","127","0","0","0","0","0","0","0","0"
"114071","Marinello Schools of Beauty-Burbank","2013","Under 1,000","397","297","100","337","397","98","0","299","0","0","297","66","0","231","0","0","100","32","0","68","0","0"
"114080","Marinello Schools of Beauty-Moreno Valley","2013","Under 1,000","254","225","29","237","254","90","0","164","0","0","225","85","0","140","0","0","29","5","0","24","0","0"
"114114","Emperor's College of Traditional Oriental Medicine","2013","Under 1,000","203","109","94","145","0","0","0","0","0","203","0","0","0","0","0","109","0","0","0","0","0","94"
"114123","Empire College School of Business","2013","Under 1,000","419","409","10","413","419","300","14","98","7","0","409","293","14","95","7","0","10","7","0","3","0","0"
"114266","Evergreen Valley College","2013","5,000 - 9,999","9211","2789","6422","4945","9211","1156","687","5629","1739","0","2789","595","135","1813","246","0","6422","561","552","3816","1493","0"
"114354","Fashion Institute of Design & Merchandising-Los Angeles","2013","1,000 - 4,999","3459","3072","387","3224","3459","523","552","2384","0","0","3072","517","542","2013","0","0","387","6","10","371","0","0"
"114390","Fashion Institute of Design & Merchandising-San Francisco","2013","Under 1,000","637","580","57","602","637","112","128","397","0","0","580","111","126","343","0","0","57","1","2","54","0","0"
"114415","Fashion Institute of Design & Merchandising-Orange County","2013","Under 1,000","214","205","9","209","214","115","62","37","0","0","205","113","62","30","0","0","9","2","0","7","0","0"
"114433","Feather River Community College District","2013","1,000 - 4,999","1782","636","1146","1021","1782","354","278","812","338","0","636","203","65","368","0","0","1146","151","213","444","338","0"
"114460","Federico Beauty Institute","2013","Under 1,000","246","169","77","200","246","115","0","131","0","0","169","84","0","85","0","0","77","31","0","46","0","0"
"114549","Fielding Graduate University","2013","1,000 - 4,999","1190","963","227","1050","0","0","0","0","0","1190","0","0","0","0","0","963","0","0","0","0","0","227"
"114585","Five Branches University","2013","Under 1,000","402","308","94","344","0","0","0","0","0","402","0","0","0","0","0","308","0","0","0","0","0","94"
"114637","REDONDO BEACH BEAUTY COLLEGE","2013",,,,,,,,,,,,,,,,,,,,,,,
"114716","Foothill College","2013","10,000 - 19,999","14814","5266","9548","8472","14814","2201","2269","8892","1452","0","5266","1200","569","3395","102","0","9548","1001","1700","5497","1350","0"
"114734","Franciscan School of Theology","2013","Under 1,000","44","20","24","29","0","0","0","0","0","44","0","0","0","0","0","20","0","0","0","0","0","24"
"114761","Fredrick and Charles Beauty College","2013","Under 1,000","83","80","3","81","83","32","0","51","0","0","80","32","0","48","0","0","3","0","0","3","0","0"
"114789","Fresno City College","2013","20,000 and above","21344","7815","13529","12357","21344","3823","1597","13468","2456","0","7815","2057","454","4812","492","0","13529","1766","1143","8656","1964","0"
"114813","Fresno Pacific University","2013","1,000 - 4,999","3393","2423","970","2798","2586","213","513","1770","90","807","2137","210","419","1505","3","286","449","3","94","265","87","521"
"114840","Fuller Theological Seminary in California","2013","1,000 - 4,999","2694","724","1970","1477","0","0","0","0","0","2694","0","0","0","0","0","724","0","0","0","0","0","1970"
"114859","Fullerton College","2013","20,000 and above","24301","8440","15861","13765","24301","4785","2398","15112","2006","0","8440","2157","612","5548","123","0","15861","2628","1786","9564","1883","0"
"114938","Gavilan College","2013","5,000 - 9,999","5834","1855","3979","3191","5834","1022","639","3606","567","0","1855","412","146","1209","88","0","3979","610","493","2397","479","0"
"114947","Gemological Institute of America-Carlsbad","2013","Under 1,000","192","192","0","192","192","85","0","107","0","0","192","85","0","107","0","0","0","0","0","0","0","0"
"115001","Glendale Community College","2013","10,000 - 19,999","15744","7164","8580","10045","15744","2441","852","10809","1642","0","7164","1288","263","5182","431","0","8580","1153","589","5627","1211","0"
"115010","Glendale Career College","2013","Under 1,000","293","293","0","293","293","202","0","91","0","0","293","202","0","91","0","0","0","0","0","0","0","0"
"115083","Golden Gate University-San Francisco","2013","1,000 - 4,999","3227","1130","2097","1935","475","0","93","377","5","2752","104","0","25","79","0","1026","371","0","68","298","5","1726"
"115126","Golden West College","2013","10,000 - 19,999","12717","4534","8183","7281","12717","2262","1553","7874","1028","0","4534","1173","329","2932","100","0","8183","1089","1224","4942","928","0"
"115214","Graduate Theological Union","2013","Under 1,000","253","232","21","240","0","0","0","0","0","253","0","0","0","0","0","232","0","0","0","0","0","21"
"115296","Grossmont College","2013","10,000 - 19,999","18618","6654","11964","10671","18618","3256","1734","12052","1576","0","6654","1600","488","4267","299","0","11964","1656","1246","7785","1277","0"
"115357","Salon Success Academy-San Bernardino","2013","Under 1,000","30","30","0","30","30","7","0","23","0","0","30","7","0","23","0","0","0","0","0","0","0","0"
"115393","Hartnell College","2013","5,000 - 9,999","9439","3413","6026","5436","9439","1787","681","6361","610","0","3413","798","163","2424","28","0","6026","989","518","3937","582","0"
"115409","Harvey Mudd College","2013","Under 1,000","807","805","2","806","807","217","1","585","4","0","805","217","1","583","4","0","2","0","0","2","0","0"
"115454","Heald College-Rancho Cordova","2013","1,000 - 4,999","1150","888","262","992","1150","127","107","912","4","0","888","75","58","754","1","0","262","52","49","158","3","0"
"115472","Heald College-Fresno","2013","1,000 - 4,999","1791","1342","449","1520","1791","218","152","1421","0","0","1342","145","74","1123","0","0","449","73","78","298","0","0"
"115490","Heald College-San Jose","2013","1,000 - 4,999","1671","1169","502","1368","1671","166","142","1360","3","0","1169","82","75","1012","0","0","502","84","67","348","3","0"
"115515","Heald College-San Francisco","2013","1,000 - 4,999","1074","693","381","844","1074","117","90","863","4","0","693","62","50","581","0","0","381","55","40","282","4","0"
"115533","Heald College-Concord","2013","1,000 - 4,999","1503","1110","393","1266","1503","167","142","1193","1","0","1110","111","79","920","0","0","393","56","63","273","1","0"
"115658","Hilltop Beauty School","2013","Under 1,000","126","18","108","61","126","23","0","103","0","0","18","1","0","17","0","0","108","22","0","86","0","0"
"115728","Holy Names University","2013","1,000 - 4,999","1343","827","516","1026","888","87","74","639","88","455","677","85","73","436","83","150","211","2","1","203","5","305"
"115746","Pacifica Graduate Institute","2013","1,000 - 4,999","1060","590","470","770","0","0","0","0","0","1060","0","0","0","0","0","590","0","0","0","0","0","470"
"115755","Humboldt State University","2013","5,000 - 9,999","8293","7631","662","7892","7767","1368","971","5409","19","526","7256","1344","919","4978","15","375","511","24","52","431","4","151"
"115773","Humphreys College-Stockton and Modesto Campuses","2013","Under 1,000","990","517","473","702","757","59","77","621","0","233","402","32","28","342","0","115","355","27","49","279","0","118"
"115861","Imperial Valley College","2013","5,000 - 9,999","7701","3832","3869","5131","7701","1530","13","5120","1038","0","3832","1048","6","2368","410","0","3869","482","7","2752","628","0"
"115931","Institute for Business and Technology","2013","Under 1,000","173","173","0","173","173","172","0","1","0","0","173","172","0","1","0","0","0","0","0","0","0","0"
"116226","Interior Designers Institute","2013","Under 1,000","296","70","226","159","295","15","0","278","2","1","70","0","0","70","0","0","225","15","0","208","2","1"
"116350","Toni & Guy Hairdressing Academy-Santa Monica","2013","Under 1,000","268","268","0","268","268","67","0","201","0","0","268","67","0","201","0","0","0","0","0","0","0","0"
"116439","Irvine Valley College","2013","10,000 - 19,999","13362","4495","8867","7472","13362","2529","1479","7717","1637","0","4495","1294","249","2848","104","0","8867","1235","1230","4869","1533","0"
"116466","ITT Technical Institute-National City","2013","1,000 - 4,999","1209","1063","146","1120","1209","156","36","1017","0","0","1063","149","36","878","0","0","146","7","0","139","0","0"
"116475","ITT Technical Institute-San Dimas","2013","Under 1,000","534","449","85","482","534","62","4","468","0","0","449","57","3","389","0","0","85","5","1","79","0","0"
"116484","ITT Technical Institute-Orange","2013","Under 1,000","823","653","170","720","823","90","18","715","0","0","653","78","18","557","0","0","170","12","0","158","0","0"
"116563","Bellus Academy-El Cajon","2013","Under 1,000","184","184","0","184","184","36","0","148","0","0","184","36","0","148","0","0","0","0","0","0","0","0"
"116712","John F Kennedy University","2013","1,000 - 4,999","1356","580","776","879","279","0","82","189","8","1077","75","0","23","44","8","505","204","0","59","145","0","572"
"116846","American Jewish University","2013","Under 1,000","229","188","41","204","112","7","13","89","3","117","108","7","12","89","0","80","4","0","1","0","3","37"
"117052","Reedley College","2013","10,000 - 19,999","13807","5328","8479","8175","13807","2884","1180","8017","1726","0","5328","1770","307","2833","418","0","8479","1114","873","5184","1308","0"
"117104","Life Pacific College","2013","Under 1,000","627","447","180","518","577","78","61","336","102","50","402","76","53","263","10","45","175","2","8","73","92","5"
"117113","The Art Institute of California-Argosy University San Diego","2013","1,000 - 4,999","1869","1466","403","1624","1869","247","350","1272","0","0","1466","205","267","994","0","0","403","42","83","278","0","0"
"117140","University of La Verne","2013","5,000 - 9,999","8796","5550","3246","6807","5216","565","641","3922","88","3580","3641","561","377","2681","22","1909","1575","4","264","1241","66","1671"
"117168","Laguna College of Art and Design","2013","Under 1,000","544","491","53","512","514","68","73","373","0","30","466","67","69","330","0","25","48","1","4","43","0","5"
"117195","Lake Tahoe Community College","2013","1,000 - 4,999","2426","765","1661","1323","2426","332","242","1581","271","0","765","134","86","515","30","0","1661","198","156","1066","241","0"
"117238","Lancaster Beauty School","2013","Under 1,000","93","93","0","93","93","9","0","84","0","0","93","9","0","84","0","0","0","0","0","0","0","0"
"117247","Laney College","2013","10,000 - 19,999","11362","1907","9455","5081","11362","1671","1520","6949","1222","0","1907","400","155","1301","51","0","9455","1271","1365","5648","1171","0"
"117274","Lassen Community College","2013","1,000 - 4,999","2494","600","1894","1236","2494","815","323","1152","204","0","600","170","50","374","6","0","1894","645","273","778","198","0"
"117520","Life Chiropractic College West","2013","Under 1,000","456","431","25","441","0","0","0","0","0","456","0","0","0","0","0","431","0","0","0","0","0","25"
"117557","Lincoln University","2013","Under 1,000","492","436","56","458","116","14","12","71","19","376","64","9","12","35","8","372","52","5","0","36","11","4"
"117575","Southern California Seminary","2013","Under 1,000","189","68","121","115","69","4","9","55","1","120","19","2","1","16","0","49","50","2","8","39","1","71"
"117627","La Sierra University","2013","1,000 - 4,999","2440","2112","328","2239","2105","477","233","1350","45","335","1912","466","197","1232","17","200","193","11","36","118","28","135"
"117636","Loma Linda University","2013","1,000 - 4,999","4693","3711","982","4089","1260","0","239","862","159","3433","959","0","223","728","8","2752","301","0","16","134","151","681"
"117645","Long Beach City College","2013","20,000 and above","24020","9530","14490","14395","24020","4308","1879","16288","1545","0","9530","2335","613","6451","131","0","14490","1973","1266","9837","1414","0"
"117672","Southern California University of Health Sciences","2013","Under 1,000","968","157","811","471","404","0","0","0","404","564","0","0","0","0","0","157","404","0","0","0","404","407"
"117690","Los Angeles Harbor College","2013","10,000 - 19,999","10098","2535","7563","5074","10098","1405","897","6417","1379","0","2535","500","133","1872","30","0","7563","905","764","4545","1349","0"
"117706","Los Angeles Pierce College","2013","20,000 and above","20080","4489","15591","9723","20080","3156","1473","12899","2552","0","4489","865","182","3359","83","0","15591","2291","1291","9540","2469","0"
"117715","Los Angeles Southwest College","2013","5,000 - 9,999","7864","1333","6531","3526","7864","918","1120","4091","1735","0","1333","220","177","916","20","0","6531","698","943","3175","1715","0"
"117724","Los Angeles Trade Technical College","2013","10,000 - 19,999","13879","3447","10432","6949","13879","1896","1561","8576","1846","0","3447","415","239","2736","57","0","10432","1481","1322","5840","1789","0"
"117733","Los Angeles Valley College","2013","10,000 - 19,999","18762","4526","14236","9306","18762","2550","1607","11954","2651","0","4526","804","242","3369","111","0","14236","1746","1365","8585","2540","0"
"117751","The Master's College and Seminary","2013","1,000 - 4,999","1499","1105","394","1257","1112","188","127","797","0","387","981","188","100","693","0","124","131","0","27","104","0","263"
"117788","Los Angeles City College","2013","10,000 - 19,999","19635","4462","15173","9556","19635","2472","2478","11535","3150","0","4462","716","377","3105","264","0","15173","1756","2101","8430","2886","0"
"117803","Los Angeles County College of Nursing and Allied Health","2013","Under 1,000","185","0","185","62","185","0","37","145","3","0","0","0","0","0","0","0","185","0","37","145","3","0"
"117867","Los Angeles Mission College","2013","5,000 - 9,999","8990","1941","7049","4308","8990","1112","709","6110","1059","0","1941","302","82","1509","48","0","7049","810","627","4601","1011","0"
"117894","Los Medanos College","2013","5,000 - 9,999","8525","2709","5816","4662","8525","1260","635","5607","1023","0","2709","535","146","1956","72","0","5816","725","489","3651","951","0"
"117928","The Art Institute of California-Argosy University San Francisco","2013","1,000 - 4,999","1317","820","497","1015","1304","240","190","874","0","13","813","162","112","539","0","7","491","78","78","335","0","6"
"117946","Loyola Marymount University","2013","5,000 - 9,999","9661","8710","951","9076","6205","1341","375","4371","118","3456","5935","1340","364","4215","16","2775","270","1","11","156","102","681"
"117955","Lu Ross Academy","2013","Under 1,000","186","186","0","186","186","53","0","133","0","0","186","53","0","133","0","0","0","0","0","0","0","0"
"118116","Manchester Beauty College","2013","Under 1,000","67","7","60","31","67","57","0","10","0","0","7","5","0","2","0","0","60","52","0","8","0","0"
"118125","Tulare Beauty College","2013","Under 1,000","36","10","26","20","36","30","0","6","0","0","10","9","0","1","0","0","26","21","0","5","0","0"
"118134","Lyles Bakersfield College of Beauty","2013","Under 1,000","67","45","22","54","67","9","0","58","0","0","45","4","0","41","0","0","22","5","0","17","0","0"
"118143","Lyles Fresno College of Beauty","2013","Under 1,000","56","35","21","43","56","5","0","51","0","0","35","4","0","31","0","0","21","1","0","20","0","0"
"118161","Lytles Redwood Empire Beauty College Inc","2013","Under 1,000","126","126","0","126","126","16","0","110","0","0","126","16","0","110","0","0","0","0","0","0","0","0"
"118189","MTI Business College Inc","2013","Under 1,000","138","138","0","138","138","126","0","12","0","0","138","126","0","12","0","0","0","0","0","0","0","0"
"118198","MTI College","2013","Under 1,000","594","594","0","594","594","253","264","77","0","0","594","253","264","77","0","0","0","0","0","0","0","0"
"118259","Kaplan College-Sacramento","2013","Under 1,000","547","547","0","547","547","65","45","410","27","0","547","65","45","410","27","0","0","0","0","0","0","0"
"118277","Kaplan College-San Diego","2013","1,000 - 4,999","1354","1354","0","1354","1354","113","208","1014","19","0","1354","113","208","1014","19","0","0","0","0","0","0","0"
"118286","Kaplan College-Vista","2013","Under 1,000","896","896","0","896","896","180","62","648","6","0","896","180","62","648","6","0","0","0","0","0","0","0"
"118347","College of Marin","2013","5,000 - 9,999","6077","1281","4796","2891","6077","811","409","3820","1037","0","1281","265","84","884","48","0","4796","546","325","2936","989","0"
"118356","Marinello Schools of Beauty-Los Angeles","2013","1,000 - 4,999","2405","1872","533","2084","2405","750","0","1655","0","0","1872","565","0","1307","0","0","533","185","0","348","0","0"
"118541","Marymount California University","2013","1,000 - 4,999","1037","1006","31","1018","1033","290","92","651","0","4","1002","288","80","634","0","4","31","2","12","17","0","0"
"118684","Mendocino College","2013","1,000 - 4,999","3729","1256","2473","2086","3729","417","256","2457","599","0","1256","240","87","903","26","0","2473","177","169","1554","573","0"
"118693","Menlo College","2013","Under 1,000","745","712","33","725","745","134","93","515","3","0","712","134","92","486","0","0","33","0","1","29","3","0"
"118718","Merced College","2013","10,000 - 19,999","10205","4882","5323","6669","10205","1737","438","6988","1042","0","4882","1067","177","3400","238","0","5323","670","261","3588","804","0"
"118772","Merritt College","2013","5,000 - 9,999","5887","838","5049","2533","5887","818","1132","3485","452","0","838","161","127","539","11","0","5049","657","1005","2946","441","0"
"118888","Mills College","2013","1,000 - 4,999","1595","1424","171","1490","985","217","117","640","11","610","922","217","108","597","0","502","63","0","9","43","11","108"
"118912","MiraCosta College","2013","10,000 - 19,999","14537","6438","8099","9157","14537","2695","1484","9667","691","0","6438","1459","535","4400","44","0","8099","1236","949","5267","647","0"
"118921","Marinello Schools of Beauty-San Francisco","2013","Under 1,000","616","456","160","520","616","198","0","418","0","0","456","135","0","321","0","0","160","63","0","97","0","0"
"118930","Mission College","2013","5,000 - 9,999","9130","2417","6713","4671","9130","907","1085","5475","1663","0","2417","371","163","1663","220","0","6713","536","922","3812","1443","0"
"118958","Modern Beauty Academy","2013","Under 1,000","48","48","0","48","48","7","0","41","0","0","48","7","0","41","0","0","0","0","0","0","0","0"
"118967","Kaplan College-North Hollywood","2013","Under 1,000","792","792","0","792","792","96","58","632","6","0","792","96","58","632","6","0","0","0","0","0","0","0"
"118976","Modesto Junior College","2013","10,000 - 19,999","17084","6241","10843","9881","17084","3239","747","11918","1180","0","6241","1629","252","4252","108","0","10843","1610","495","7666","1072","0"
"118994","Moler Barber College","2013","Under 1,000","76","76","0","76","76","5","0","71","0","0","76","5","0","71","0","0","0","0","0","0","0","0"
"119058","Monterey Institute of International Studies","2013","Under 1,000","731","651","80","682","22","0","8","14","0","709","20","0","8","12","0","631","2","0","0","2","0","78"
"119067","Monterey Peninsula College","2013","5,000 - 9,999","9519","2320","7199","4737","9519","1801","1041","5939","738","0","2320","415","190","1697","18","0","7199","1386","851","4242","720","0"
"119137","Moorpark College","2013","10,000 - 19,999","14206","5708","8498","8561","14206","3051","1073","9313","769","0","5708","1826","277","3570","35","0","8498","1225","796","5743","734","0"
"119164","Mt San Antonio College","2013","20,000 and above","28481","10499","17982","16536","28481","4835","1579","19386","2681","0","10499","2604","482","7204","209","0","17982","2231","1097","12182","2472","0"
"119173","Mount St Mary's College","2013","1,000 - 4,999","3274","2508","766","2806","2625","559","264","1794","8","649","2092","554","178","1359","1","416","533","5","86","435","7","233"
"119216","Mt San Jacinto Community College District","2013","10,000 - 19,999","14170","5105","9065","8148","14170","2536","972","9816","846","0","5105","943","276","3827","59","0","9065","1593","696","5989","787","0"
"119234","Mueller College","2013","Under 1,000","105","24","81","56","105","93","0","12","0","0","24","21","0","3","0","0","81","72","0","9","0","0"
"119270","Musicians Institute","2013","1,000 - 4,999","1204","1037","167","1103","1204","450","78","638","38","0","1037","440","76","504","17","0","167","10","2","134","21","0"
"119331","Napa Valley College","2013","5,000 - 9,999","6308","2376","3932","3696","6308","1090","460","4157","601","0","2376","517","159","1666","34","0","3932","573","301","2491","567","0"
"119359","Everest College-Reseda","2013","Under 1,000","696","675","21","683","696","132","44","520","0","0","675","132","42","501","0","0","21","0","2","19","0","0"
"119456","Everest College-Gardena","2013","Under 1,000","494","494","0","494","494","87","0","407","0","0","494","87","0","407","0","0","0","0","0","0","0","0"
"119465","Everest College-Alhambra","2013","Under 1,000","561","561","0","561","561","71","0","490","0","0","561","71","0","490","0","0","0","0","0","0","0","0"
"119508","Everest College-San Bernardino","2013","Under 1,000","747","688","59","711","747","119","83","545","0","0","688","119","66","503","0","0","59","0","17","42","0","0"
"119544","The National Hispanic University","2013","Under 1,000","813","389","424","554","509","32","43","359","75","304","238","27","22","189","0","151","271","5","21","170","75","153"
"119553","National Holistic Institute","2013","Under 1,000","764","735","29","747","764","176","0","588","0","0","735","176","0","559","0","0","29","0","0","29","0","0"
"119605","National University","2013","10,000 - 19,999","18207","8877","9330","12510","10074","809","3995","4984","286","8133","3724","143","1375","2192","14","5153","6350","666","2620","2792","272","2980"
"119678","Naval Postgraduate School","2013","1,000 - 4,999","2870","1674","1196","2107","0","0","0","0","0","2870","0","0","0","0","0","1674","0","0","0","0","0","1196"
"119775","Newschool of Architecture and Design","2013","Under 1,000","514","445","69","472","375","28","64","283","0","139","334","26","59","249","0","111","41","2","5","34","0","28"
"119845","Newberry School of Beauty","2013","Under 1,000","153","102","51","122","153","32","0","121","0","0","102","26","0","76","0","0","51","6","0","45","0","0"
"119951","Adrian's College of Beauty Modesto","2013","Under 1,000","275","275","0","275","275","43","0","232","0","0","275","43","0","232","0","0","0","0","0","0","0","0"
"120069","North-West College-Pomona","2013","Under 1,000","280","280","0","280","280","71","0","209","0","0","280","71","0","209","0","0","0","0","0","0","0","0"
"120078","North-West College-West Covina","2013","Under 1,000","550","550","0","550","550","176","0","374","0","0","550","176","0","374","0","0","0","0","0","0","0","0"
"120087","North-West College-Pasadena","2013","Under 1,000","193","193","0","193","193","39","0","154","0","0","193","39","0","154","0","0","0","0","0","0","0","0"
"120184","Notre Dame de Namur University","2013","1,000 - 4,999","2030","1071","959","1442","1213","172","168","869","4","817","826","172","92","562","0","245","387","0","76","307","4","572"
"120254","Occidental College","2013","1,000 - 4,999","2128","2113","15","2119","2128","548","33","1520","27","0","2113","548","32","1509","24","0","15","0","1","11","3","0"
"120272","Oceanside College of Beauty","2013","Under 1,000","70","70","0","70","70","14","0","56","0","0","70","14","0","56","0","0","0","0","0","0","0","0"
"120290","Ohlone College","2013","10,000 - 19,999","10310","3219","7091","5600","10310","1839","998","6347","1126","0","3219","776","157","2192","94","0","7091","1063","841","4155","1032","0"
"120342","Orange Coast College","2013","20,000 and above","21886","8497","13389","12992","21886","3677","1874","14970","1365","0","8497","1930","435","6021","111","0","13389","1747","1439","8949","1254","0"
"120403","Otis College of Art and Design","2013","1,000 - 4,999","1086","1061","25","1071","1032","160","109","760","3","54","1018","160","109","746","3","43","14","0","0","14","0","11"
"120421","Oxnard College","2013","5,000 - 9,999","6939","1933","5006","3614","6939","1055","802","4593","489","0","1933","523","128","1260","22","0","5006","532","674","3333","467","0"
"120537","Hope International University","2013","1,000 - 4,999","1356","935","421","1099","925","85","129","658","53","431","678","76","90","505","7","257","247","9","39","153","46","174"
"120661","Concorde Career College-San Diego","2013","Under 1,000","895","895","0","895","895","266","0","629","0","0","895","266","0","629","0","0","0","0","0","0","0","0"
"120698","Palo Alto University","2013","Under 1,000","948","870","78","900","191","0","115","76","0","757","188","0","115","73","0","682","3","0","0","3","0","75"
"120740","Pacific Lutheran Theological Seminary","2013","Under 1,000","99","90","9","93","0","0","0","0","0","99","0","0","0","0","0","90","0","0","0","0","0","9"
"120768","Pacific Oaks College","2013","1,000 - 4,999","1072","81","991","464","415","0","151","264","0","657","53","0","18","35","0","28","362","0","133","229","0","629"
"120795","Pacific School of Religion","2013","Under 1,000","183","118","65","143","0","0","0","0","0","183","0","0","0","0","0","118","0","0","0","0","0","65"
"120838","Pacific States University","2013","Under 1,000","173","173","0","173","14","0","3","11","0","159","14","0","3","11","0","159","0","0","0","0","0","0"
"120865","Pacific Union College","2013","1,000 - 4,999","1647","1456","191","1531","1645","335","141","1125","44","2","1454","334","136","984","0","2","191","1","5","141","44","0"
"120883","University of the Pacific","2013","5,000 - 9,999","6421","5749","672","6007","3877","958","178","2733","8","2544","3780","958","173","2646","3","1969","97","0","5","87","5","575"
"120953","Palo Verde College","2013","1,000 - 4,999","3253","424","2829","1374","3253","731","193","2022","307","0","424","62","8","328","26","0","2829","669","185","1694","281","0"
"120971","Palomar College","2013","20,000 and above","24665","8252","16413","13762","24665","4166","1805","16564","2130","0","8252","2029","520","5558","145","0","16413","2137","1285","11006","1985","0"
"121017","Paris Beauty College","2013","Under 1,000","99","28","71","56","99","44","0","55","0","0","28","13","0","15","0","0","71","31","0","40","0","0"
"121044","Pasadena City College","2013","20,000 and above","25268","9463","15805","14769","25268","6090","1688","15659","1831","0","9463","3343","379","5636","105","0","15805","2747","1309","10023","1726","0"
"121150","Pepperdine University","2013","5,000 - 9,999","7315","5414","1901","6144","3538","784","162","2570","22","3777","3172","783","116","2266","7","2242","366","1","46","304","15","1535"
"121257","Pitzer College","2013","1,000 - 4,999","1081","1044","37","1059","1081","265","26","790","0","0","1044","265","23","756","0","0","37","0","3","34","0","0"
"121275","Platt College-San Diego","2013","Under 1,000","370","370","0","370","370","72","0","297","1","0","370","72","0","297","1","0","0","0","0","0","0","0"
"121309","Point Loma Nazarene University","2013","1,000 - 4,999","3359","2669","690","2933","2556","647","144","1752","13","803","2483","645","140","1697","1","186","73","2","4","55","12","617"
"121345","Pomona College","2013","1,000 - 4,999","1610","1596","14","1601","1610","397","13","1177","23","0","1596","396","13","1174","13","0","14","1","0","3","10","0"
"121363","Porterville College","2013","1,000 - 4,999","3810","1662","2148","2383","3810","678","184","2477","471","0","1662","433","66","1101","62","0","2148","245","118","1376","409","0"
"121381","Westwood College-South Bay","2013","Under 1,000","571","459","112","503","571","51","0","520","0","0","459","49","0","410","0","0","112","2","0","110","0","0"
"121433","Professional Institute of Beauty","2013","Under 1,000","108","108","0","108","108","15","0","93","0","0","108","15","0","93","0","0","0","0","0","0","0","0"
"121619","Santa Ana College","2013","20,000 and above","28598","3435","25163","11883","28598","3936","1968","19655","3039","0","3435","1011","194","2178","52","0","25163","2925","1774","17477","2987","0"
"121628","Pardee RAND Graduate School","2013","Under 1,000","102","102","0","102","0","0","0","0","0","102","0","0","0","0","0","102","0","0","0","0","0","0"
"121637","Shasta School of Cosmetology","2013","Under 1,000","71","71","0","71","71","15","0","56","0","0","71","15","0","56","0","0","0","0","0","0","0","0"
"121691","University of Redlands","2013","5,000 - 9,999","5147","3907","1240","4391","3607","663","197","2602","145","1540","2702","662","98","1934","8","1205","905","1","99","668","137","335"
"121707","College of the Redwoods","2013","1,000 - 4,999","4938","1901","3037","2921","4938","582","273","1730","2353","0","1901","310","137","665","789","0","3037","272","136","1065","1564","0"
"121859","Salon Success Academy-Upland","2013","Under 1,000","228","156","72","185","228","75","0","153","0","0","156","41","0","115","0","0","72","34","0","38","0","0"
"121868","Salon Success Academy-Corona","2013","Under 1,000","129","128","1","128","129","47","0","82","0","0","128","46","0","82","0","0","1","1","0","0","0","0"
"121886","Rio Hondo College","2013","10,000 - 19,999","16548","4389","12159","8471","16548","2638","1181","10890","1839","0","4389","966","233","3085","105","0","12159","1672","948","7805","1734","0"
"121901","Riverside City College","2013","10,000 - 19,999","18165","4863","13302","9329","18165","3265","1424","11554","1922","0","4863","1415","269","3064","115","0","13302","1850","1155","8490","1807","0"
"121983","Argosy University-San Francisco Bay Area","2013","Under 1,000","559","114","445","286","171","7","34","127","3","388","27","0","7","18","2","87","144","7","27","109","1","301"
"121992","Rosemead Beauty School","2013","Under 1,000","210","175","35","189","210","203","0","7","0","0","175","171","0","4","0","0","35","32","0","3","0","0"
"122117","Dongguk University-Los Angeles","2013","Under 1,000","179","123","56","144","9","0","0","9","0","170","8","0","0","8","0","115","1","0","0","1","0","55"
"122126","RUDOLF STEINER COLLEGE","2013",,,,,,,,,,,,,,,,,,,,,,,
"122180","Sacramento City College","2013","20,000 and above","23509","6144","17365","11974","23509","4645","2422","14698","1744","0","6144","1271","448","4250","175","0","17365","3374","1974","10448","1569","0"
"122205","Saddleback College","2013","20,000 and above","20871","6334","14537","11215","20871","3394","1704","14131","1642","0","6334","1596","384","4259","95","0","14537","1798","1320","9872","1547","0"
"122296","Samuel Merritt University","2013","1,000 - 4,999","1542","1172","370","1314","589","0","110","396","83","953","494","0","110","382","2","678","95","0","0","14","81","275"
"122339","San Diego City College","2013","10,000 - 19,999","16310","3828","12482","8019","16310","2220","2310","9524","2256","0","3828","866","332","2478","152","0","12482","1354","1978","7046","2104","0"
"122366","Golf Academy of America-Carlsbad","2013","Under 1,000","230","215","15","221","230","80","0","150","0","0","215","76","0","139","0","0","15","4","0","11","0","0"
"122375","San Diego Mesa College","2013","20,000 and above","24251","6409","17842","12399","24251","3690","3259","14365","2937","0","6409","1412","661","4206","130","0","17842","2278","2598","10159","2807","0"
"122384","San Diego Miramar College","2013","10,000 - 19,999","11891","2271","9620","5501","11891","1687","1950","7072","1182","0","2271","600","279","1316","76","0","9620","1087","1671","5756","1106","0"
"122409","San Diego State University","2013","20,000 and above","31899","26859","5040","28810","27099","4671","3431","18523","474","4800","24037","4432","2998","16409","198","2822","3062","239","433","2114","276","1978"
"122436","University of San Diego","2013","5,000 - 9,999","8321","7066","1255","7547","5665","1238","319","4016","92","2656","5486","1238","306","3886","56","1580","179","0","13","130","36","1076"
"122454","San Francisco Art Institute","2013","Under 1,000","680","622","58","645","478","72","88","308","10","202","444","72","83","285","4","178","34","0","5","23","6","24"
"122506","San Francisco Conservatory of Music","2013","Under 1,000","399","396","3","397","174","33","15","124","2","225","171","33","15","123","0","225","3","0","0","1","2","0"
"122597","San Francisco State University","2013","20,000 and above","29905","24422","5483","26574","26156","3612","3766","17893","885","3749","22111","3550","3112","15174","275","2311","4045","62","654","2719","610","1438"
"122603","San Francisco Theological Seminary","2013","Under 1,000","167","69","98","106","0","0","0","0","0","167","0","0","0","0","0","69","0","0","0","0","0","98"
"122612","University of San Francisco","2013","10,000 - 19,999","10112","9255","857","9585","6392","1148","517","4643","84","3720","6111","1146","491","4437","37","3144","281","2","26","206","47","576"
"122649","San Joaquin College of Law","2013","Under 1,000","194","44","150","101","0","0","0","0","0","194","0","0","0","0","0","44","0","0","0","0","0","150"
"122658","San Joaquin Delta College","2013","10,000 - 19,999","17629","7062","10567","10610","17629","2899","783","11711","2236","0","7062","1683","284","4824","271","0","10567","1216","499","6887","1965","0"
"122685","San Joaquin Valley College-Visalia","2013","1,000 - 4,999","1616","1616","0","1616","1616","148","170","1298","0","0","1616","148","170","1298","0","0","0","0","0","0","0","0"
"122728","William Jessup University","2013","1,000 - 4,999","1095","859","236","951","1047","165","188","676","18","48","837","160","154","523","0","22","210","5","34","153","18","26"
"122746","San Jose City College","2013","5,000 - 9,999","9446","2432","7014","4787","9446","1078","1229","5653","1486","0","2432","521","254","1509","148","0","7014","557","975","4144","1338","0"
"122755","San Jose State University","2013","20,000 and above","31278","24196","7082","26967","25862","3736","3766","18221","139","5416","20852","3644","2569","14559","80","3344","5010","92","1197","3662","59","2072"
"122791","College of San Mateo","2013","5,000 - 9,999","9377","2521","6856","4823","9377","1650","1128","5600","999","0","2521","838","185","1456","42","0","6856","812","943","4144","957","0"
"122834","Santa Barbara Business College-Bakersfield","2013","Under 1,000","543","543","0","543","543","63","220","260","0","0","543","63","220","260","0","0","0","0","0","0","0","0"
"122843","Westwood College-Los Angeles","2013","Under 1,000","672","496","176","565","661","60","1","600","0","11","494","59","1","434","0","2","167","1","0","166","0","9"
"122852","Santa Barbara Business College-Santa Maria","2013","Under 1,000","188","188","0","188","188","19","95","74","0","0","188","19","95","74","0","0","0","0","0","0","0","0"
"122889","Santa Barbara City College","2013","10,000 - 19,999","19331","8516","10815","12147","19331","3460","1315","11267","3289","0","8516","2366","500","5376","274","0","10815","1094","815","5891","3015","0"
"122931","Santa Clara University","2013","5,000 - 9,999","8770","7225","1545","7816","5435","1291","146","3967","31","3335","5338","1291","144","3879","24","1887","97","0","2","88","7","1448"
"122977","Santa Monica College","2013","20,000 and above","29999","10720","19279","17193","29999","6128","1881","19738","2252","0","10720","3102","444","7002","172","0","19279","3026","1437","12736","2080","0"
"123013","Santa Rosa Junior College","2013","20,000 and above","22094","6712","15382","11876","22094","2866","1074","15593","2561","0","6712","1395","297","4880","140","0","15382","1471","777","10713","2421","0"
"123095","Saybrook University","2013","Under 1,000","589","589","0","589","0","0","0","0","0","589","0","0","0","0","0","589","0","0","0","0","0","0"
"123165","Scripps College","2013","1,000 - 4,999","1009","996","13","1001","990","272","4","704","10","19","979","272","4","699","4","17","11","0","0","5","6","2"
"123208","Wyotech-Fremont","2013","1,000 - 4,999","1199","1199","0","1199","1199","133","86","980","0","0","1199","133","86","980","0","0","0","0","0","0","0","0"
"123217","College of the Sequoias","2013","10,000 - 19,999","10720","4928","5792","6873","10720","2124","527","7096","973","0","4928","1371","201","3235","121","0","5792","753","326","3861","852","0"
"123280","Shasta Bible College and Graduate School","2013","Under 1,000","53","32","21","40","46","14","0","31","1","7","30","10","0","20","0","2","16","4","0","11","1","5"
"123299","Shasta College","2013","5,000 - 9,999","8479","3817","4662","5382","8479","1454","392","5512","1121","0","3817","867","170","2629","151","0","4662","587","222","2883","970","0"
"123341","Sierra College","2013","10,000 - 19,999","18374","6951","11423","10786","18374","3497","1274","12424","1179","0","6951","1764","412","4585","190","0","11423","1733","862","7839","989","0"
"123350","Sierra College of Beauty","2013","Under 1,000","181","152","29","164","181","34","0","147","0","0","152","34","0","118","0","0","29","0","0","29","0","0"
"123396","Sierra Valley College of Court Reporting","2013","Under 1,000","137","137","0","137","137","9","0","128","0","0","137","9","0","128","0","0","0","0","0","0","0","0"
"123448","Trinity Law School","2013","Under 1,000","216","142","74","170","0","0","0","0","0","216","0","0","0","0","0","142","0","0","0","0","0","74"
"123457","Simpson University","2013","1,000 - 4,999","1255","1088","167","1152","1024","149","181","694","0","231","993","149","166","678","0","95","31","0","15","16","0","136"
"123484","College of the Siskiyous","2013","1,000 - 4,999","2533","1002","1531","1516","2533","510","308","1350","365","0","1002","244","111","616","31","0","1531","266","197","734","334","0"
"123493","Charles A Jones Career and Education Center","2013","1,000 - 4,999","1032","869","163","924","1032","749","0","283","0","0","869","663","0","206","0","0","163","86","0","77","0","0"
"123509","Skyline College","2013","10,000 - 19,999","10067","2598","7469","5106","10067","1321","1239","6299","1208","0","2598","598","206","1729","65","0","7469","723","1033","4570","1143","0"
"123527","San Bernardino Valley College","2013","10,000 - 19,999","12329","4413","7916","7071","12329","1981","893","8183","1272","0","4413","804","260","3261","88","0","7916","1177","633","4922","1184","0"
"123554","Saint Mary's College of California","2013","1,000 - 4,999","4257","3490","767","3786","3055","622","171","2246","16","1202","2823","622","170","2027","4","667","232","0","1","219","12","535"
"123563","Solano Community College","2013","5,000 - 9,999","9583","3249","6334","5376","9583","1410","668","6263","1242","0","3249","785","208","2161","95","0","6334","625","460","4102","1147","0"
"123572","Sonoma State University","2013","5,000 - 9,999","9120","8052","1068","8468","8391","1807","852","5662","70","729","7679","1767","704","5187","21","373","712","40","148","475","49","356"
"123581","Pinnacle College","2013","Under 1,000","147","147","0","147","147","36","0","111","0","0","147","36","0","111","0","0","0","0","0","0","0","0"
"123633","South Baylo University","2013","Under 1,000","647","647","0","647","125","0","24","101","0","522","125","0","24","101","0","522","0","0","0","0","0","0"
"123642","South Coast College","2013","Under 1,000","374","243","131","295","374","41","74","259","0","0","243","30","49","164","0","0","131","11","25","95","0","0"
"123651","Vanguard University of Southern California","2013","1,000 - 4,999","2415","1678","737","1966","2135","401","252","1404","78","280","1576","390","115","1071","0","102","559","11","137","333","78","178"
"123679","Concorde Career College-Garden Grove","2013","Under 1,000","898","898","0","898","898","217","0","681","0","0","898","217","0","681","0","0","0","0","0","0","0","0"
"123800","Southwestern College","2013","10,000 - 19,999","19591","7672","11919","11674","19591","3161","1203","13247","1980","0","7672","1743","349","5209","371","0","11919","1418","854","8038","1609","0"
"123855","St John's Seminary","2013","Under 1,000","108","97","11","101","0","0","0","0","0","108","0","0","0","0","0","97","0","0","0","0","0","11"
"123916","Starr King School for Ministry","2013","Under 1,000","90","34","56","55","0","0","0","0","0","90","0","0","0","0","0","34","0","0","0","0","0","56"
"123943","Marshall B Ketchum University","2013","Under 1,000","397","397","0","397","0","0","0","0","0","397","0","0","0","0","0","397","0","0","0","0","0","0"
"123952","Southern California Institute of Architecture","2013","Under 1,000","493","478","15","484","237","32","0","205","0","256","227","32","0","195","0","251","10","0","0","10","0","5"
"123961","University of Southern California","2013","20,000 and above","41368","35895","5473","37994","18445","2922","1448","13717","358","22923","17729","2920","1438","13220","151","18166","716","2","10","497","207","4757"
"123970","Southwestern Law School","2013","1,000 - 4,999","1146","720","426","883","0","0","0","0","0","1146","0","0","0","0","0","720","0","0","0","0","0","426"
"124113","Taft College","2013","5,000 - 9,999","5444","1193","4251","2620","5444","1279","800","2968","397","0","1193","342","87","696","68","0","4251","937","713","2272","329","0"
"124283","Claremont School of Theology","2013","Under 1,000","272","118","154","177","0","0","0","0","0","272","0","0","0","0","0","118","0","0","0","0","0","154"
"124292","Thomas Aquinas College","2013","Under 1,000","366","366","0","366","366","88","15","263","0","0","366","88","15","263","0","0","0","0","0","0","0","0"
"124344","Marinello Schools of Beauty-Lake Forest","2013","Under 1,000","567","536","31","548","567","134","0","433","0","0","536","134","0","402","0","0","31","0","0","31","0","0"
"124487","Epic Bible College","2013","Under 1,000","265","90","175","159","265","29","14","220","2","0","90","4","3","83","0","0","175","25","11","137","2","0"
"124681","United Education Institute-Huntington Park Campus","2013","1,000 - 4,999","2732","2732","0","2732","2732","925","0","1807","0","0","2732","925","0","1807","0","0","0","0","0","0","0","0"
"124706","Concorde Career College-San Bernardino","2013","Under 1,000","753","753","0","753","753","182","0","571","0","0","753","182","0","571","0","0","0","0","0","0","0","0"
"124779","Universal College of Beauty Inc-Los Angeles 1","2013","Under 1,000","33","29","4","31","33","5","0","28","0","0","29","3","0","26","0","0","4","2","0","2","0","0"
"124937","Concorde Career College-North Hollywood","2013","Under 1,000","925","925","0","925","925","304","0","621","0","0","925","304","0","621","0","0","0","0","0","0","0","0"
"125028","Ventura College","2013","10,000 - 19,999","12908","4387","8521","7248","12908","2224","896","8664","1124","0","4387","1283","159","2899","46","0","8521","941","737","5765","1078","0"
"125037","The Santa Barbara and Ventura Colleges of Law-Ventura","2013","Under 1,000","107","0","107","41","0","0","0","0","0","107","0","0","0","0","0","0","0","0","0","0","0","107"
"125082","Victor Valley Beauty College Inc","2013","Under 1,000","105","101","4","103","105","29","0","76","0","0","101","28","0","73","0","0","4","1","0","3","0","0"
"125091","Victor Valley College","2013","10,000 - 19,999","11504","4030","7474","6539","11504","2051","656","7274","1523","0","4030","992","261","2632","145","0","7474","1059","395","4642","1378","0"
"125170","Berkeley City College","2013","5,000 - 9,999","6471","1049","5422","2869","6471","1260","1175","3601","435","0","1049","309","135","597","8","0","5422","951","1040","3004","427","0"
"125231","Walden University","2013","20,000 and above","51016","29437","21579","37761","8205","229","1451","6384","141","42811","815","3","24","787","1","28622","7390","226","1427","5597","140","14189"
"125310","Waynes College of Beauty","2013","Under 1,000","42","30","12","35","42","10","0","32","0","0","30","6","0","24","0","0","12","4","0","8","0","0"
"125462","West Hills College-Coalinga","2013","1,000 - 4,999","3055","951","2104","1657","3055","638","427","1728","262","0","951","278","81","585","7","0","2104","360","346","1143","255","0"
"125471","West Los Angeles College","2013","10,000 - 19,999","10767","2160","8607","5050","10767","1401","1574","6489","1303","0","2160","338","194","1597","31","0","8607","1063","1380","4892","1272","0"
"125499","West Valley College","2013","5,000 - 9,999","9636","3065","6571","5271","9636","1335","1021","6114","1166","0","3065","682","252","1989","142","0","6571","653","769","4125","1024","0"
"125532","Carrington College California-Sacramento","2013","1,000 - 4,999","1267","1145","122","1193","1267","60","166","1041","0","0","1145","59","137","949","0","0","122","1","29","92","0","0"
"125718","Westminster Theological Seminary in California","2013","Under 1,000","143","111","32","123","0","0","0","0","0","143","0","0","0","0","0","111","0","0","0","0","0","32"
"125727","Westmont College","2013","1,000 - 4,999","1321","1311","10","1315","1308","279","55","961","13","13","1298","279","55","958","6","13","10","0","0","3","7","0"
"125763","Whittier College","2013","1,000 - 4,999","2339","2065","274","2170","1656","441","57","1153","5","683","1623","440","56","1123","4","442","33","1","1","30","1","241"
"125897","Woodbury University","2013","1,000 - 4,999","1607","1393","214","1477","1357","100","192","1061","4","250","1175","96","173","906","0","218","182","4","19","155","4","32"
"126012","The Wright Institute","2013","Under 1,000","434","434","0","434","0","0","0","0","0","434","0","0","0","0","0","434","0","0","0","0","0","0"
"126030","Western State College of Law at Argosy University","2013","Under 1,000","431","280","151","338","0","0","0","0","0","431","0","0","0","0","0","280","0","0","0","0","0","151"
"126049","Thomas Jefferson School of Law","2013","1,000 - 4,999","1036","606","430","770","0","0","0","0","0","1036","0","0","0","0","0","606","0","0","0","0","0","430"
"126076","Yeshiva Ohr Elchonon Chabad West Coast Talmudical Seminary","2013","Under 1,000","131","131","0","131","131","46","26","59","0","0","131","46","26","59","0","0","0","0","0","0","0","0"
"126119","Yuba College","2013","5,000 - 9,999","6874","2672","4202","4083","6874","1329","515","4501","529","0","2672","671","130","1816","55","0","4202","658","385","2685","474","0"
"126164","The Salon Professional Academy-Grand Junction","2013","Under 1,000","90","90","0","90","90","14","0","76","0","0","90","14","0","76","0","0","0","0","0","0","0","0"
"126182","Adams State University","2013","1,000 - 4,999","3211","2185","1026","2573","2284","527","257","1443","57","927","1873","513","169","1186","5","312","411","14","88","257","52","615"
"126207","Aims Community College","2013","1,000 - 4,999","4955","2056","2899","3029","4955","663","436","2753","1103","0","2056","378","230","1354","94","0","2899","285","206","1399","1009","0"
"126289","Arapahoe Community College","2013","10,000 - 19,999","11621","2295","9326","5426","11621","983","1091","6846","2701","0","2295","407","298","1440","150","0","9326","576","793","5406","2551","0"
"126359","Bel-Rea Institute of Animal Technology","2013","Under 1,000","576","576","0","576","576","116","0","460","0","0","576","116","0","460","0","0","0","0","0","0","0","0"
"126401","Everest College-Colorado Springs","2013","Under 1,000","389","310","79","341","389","28","69","292","0","0","310","24","55","231","0","0","79","4","14","61","0","0"
"126562","University of Colorado Denver","2013","20,000 and above","22206","11800","10406","15783","13010","1180","1645","7645","2540","9196","7782","1081","1263","5415","23","4018","5228","99","382","2230","2517","5178"
"126580","University of Colorado Colorado Springs","2013","10,000 - 19,999","11321","7450","3871","8945","9220","1618","1122","6148","332","2101","6962","1515","795","4636","16","488","2258","103","327","1512","316","1613"
"126605","Redstone College","2013","Under 1,000","434","392","42","409","434","91","0","343","0","0","392","90","0","302","0","0","42","1","0","41","0","0"
"126614","University of Colorado Boulder","2013","20,000 and above","32017","26242","5775","28421","26096","5840","1290","18331","635","5921","23948","5789","1202","16802","155","2294","2148","51","88","1529","480","3627"
"126669","Colorado Christian University","2013","5,000 - 9,999","5368","1583","3785","3067","4973","530","529","2555","1359","395","1472","360","121","936","55","111","3501","170","408","1619","1304","284"
"126678","Colorado College","2013","1,000 - 4,999","2061","2044","17","2051","2041","522","36","1467","16","20","2025","522","36","1467","0","19","16","0","0","0","16","1"
"126687","Concorde Career College-Aurora","2013","Under 1,000","847","847","0","847","847","189","0","658","0","0","847","189","0","658","0","0","0","0","0","0","0","0"
"126702","The Art Institute of Colorado","2013","1,000 - 4,999","1794","1145","649","1400","1794","289","334","1171","0","0","1145","225","230","690","0","0","649","64","104","481","0","0"
"126711","Colorado Mountain College","2013","5,000 - 9,999","5893","1990","3903","3565","5893","640","300","2619","2334","0","1990","402","192","1099","297","0","3903","238","108","1520","2037","0"
"126748","Colorado Northwestern Community College","2013","1,000 - 4,999","1138","490","648","708","1138","170","124","355","489","0","490","129","77","222","62","0","648","41","47","133","427","0"
"126775","Colorado School of Mines","2013","5,000 - 9,999","5790","5188","602","5415","4291","954","144","3099","94","1499","4080","954","132","2940","54","1108","211","0","12","159","40","391"
"126784","Colorado School of Trades","2013","Under 1,000","182","182","0","182","182","60","0","122","0","0","182","60","0","122","0","0","0","0","0","0","0","0"
"126818","Colorado State University-Fort Collins","2013","20,000 and above","31186","23371","7815","26329","23548","4435","1426","16621","1066","7638","20400","4322","1216","14642","220","2971","3148","113","210","1979","846","4667"
"126827","Colorado Technical University-Colorado Springs","2013","1,000 - 4,999","2049","1296","753","1589","1216","78","126","996","16","833","713","57","88","559","9","583","503","21","38","437","7","250"
"126854","Empire Beauty School-Lakewood","2013","Under 1,000","62","62","0","62","62","25","0","37","0","0","62","25","0","37","0","0","0","0","0","0","0","0"
"126863","Community College of Aurora","2013","5,000 - 9,999","7874","1636","6238","3730","7874","1087","723","3884","2180","0","1636","358","218","905","155","0","6238","729","505","2979","2025","0"
"126872","College America-Denver","2013","Under 1,000","497","497","0","497","497","107","5","385","0","0","497","107","5","385","0","0","0","0","0","0","0","0"
"126915","Delta Montrose Technical College","2013","Under 1,000","423","129","294","228","423","193","0","69","161","0","129","103","0","26","0","0","294","90","0","43","161","0"
"126942","Community College of Denver","2013","10,000 - 19,999","10432","2415","8017","5107","10432","1504","905","5594","2429","0","2415","407","259","1622","127","0","8017","1097","646","3972","2302","0"
"126951","Lincoln College of Technology-Denver","2013","1,000 - 4,999","1262","1262","0","1262","1262","335","1","926","0","0","1262","335","1","926","0","0","0","0","0","0","0","0"
"126979","Denver Seminary","2013","Under 1,000","990","553","437","720","0","0","0","0","0","990","0","0","0","0","0","553","0","0","0","0","0","437"
"127024","Westwood College-Denver North","2013","Under 1,000","438","310","128","360","438","33","0","405","0","0","310","28","0","282","0","0","128","5","0","123","0","0"
"127060","University of Denver","2013","10,000 - 19,999","11778","8411","3367","9702","5517","1407","221","3877","12","6261","5129","1399","182","3538","10","3282","388","8","39","339","2","2979"
"127158","Emily Griffith Technical College","2013","1,000 - 4,999","2802","502","2300","1274","2802","497","0","2305","0","0","502","177","0","325","0","0","2300","320","0","1980","0","0"
"127185","Fort Lewis College","2013","1,000 - 4,999","4021","3670","351","3810","3984","873","414","2572","125","37","3670","862","382","2348","78","0","314","11","32","224","47","37"
"127200","Front Range Community College","2013","10,000 - 19,999","19619","6120","13499","10652","19619","2511","1899","11887","3322","0","6120","1088","683","3942","407","0","13499","1423","1216","7945","2915","0"
"127219","Glenwood Beauty Academy","2013","Under 1,000","53","46","7","49","53","25","0","28","0","0","46","22","0","24","0","0","7","3","0","4","0","0"
"127228","Hair Dynamics Education Center","2013","Under 1,000","174","174","0","174","174","55","0","119","0","0","174","55","0","119","0","0","0","0","0","0","0","0"
"127273","Iliff School of Theology","2013","Under 1,000","349","182","167","246","0","0","0","0","0","349","0","0","0","0","0","182","0","0","0","0","0","167"
"127316","International Salon and Spa Academy","2013","Under 1,000","205","136","69","163","205","13","0","192","0","0","136","11","0","125","0","0","69","2","0","67","0","0"
"127389","Lamar Community College","2013","Under 1,000","902","463","439","610","902","162","64","312","364","0","463","142","44","207","70","0","439","20","20","105","294","0"
"127556","Colorado Mesa University","2013","5,000 - 9,999","9676","7284","2392","8246","9576","2208","579","5946","843","100","7267","2081","469","4662","55","17","2309","127","110","1284","788","83"
"127565","Metropolitan State University of Denver","2013","20,000 and above","22752","13508","9244","17232","22289","2234","2860","16602","593","463","13202","1726","1784","9520","172","306","9087","508","1076","7082","421","157"
"127617","Morgan Community College","2013","1,000 - 4,999","1851","425","1426","904","1851","193","59","685","914","0","425","53","21","263","88","0","1426","140","38","422","826","0"
"127653","Naropa University","2013","Under 1,000","992","799","193","873","383","37","92","251","3","609","358","37","87","232","2","441","25","0","5","19","1","168"
"127680","National American University-Colorado Springs","2013","Under 1,000","281","57","224","145","281","21","55","205","0","0","57","4","12","41","0","0","224","17","43","164","0","0"
"127699","National American University-Denver","2013","Under 1,000","258","55","203","135","258","15","64","179","0","0","55","1","10","44","0","0","203","14","54","135","0","0"
"127714","Nazarene Bible College","2013","Under 1,000","889","174","715","455","889","39","236","614","0","0","174","14","26","134","0","0","715","25","210","480","0","0"
"127732","Northeastern Junior College","2013","1,000 - 4,999","1962","966","996","1300","1962","313","72","872","705","0","966","267","46","644","9","0","996","46","26","228","696","0"
"127741","University of Northern Colorado","2013","10,000 - 19,999","12710","9735","2975","10862","9947","1982","798","6745","422","2763","8733","1967","630","6047","89","1002","1214","15","168","698","333","1761"
"127778","Otero Junior College","2013","1,000 - 4,999","1449","679","770","938","1449","249","115","647","438","0","679","211","62","380","26","0","770","38","53","267","412","0"
"127787","Everest College-Thornton","2013","Under 1,000","371","288","83","321","371","33","44","294","0","0","288","33","35","220","0","0","83","0","9","74","0","0"
"127820","Pikes Peak Community College","2013","10,000 - 19,999","14634","5547","9087","8598","14634","2547","1442","8758","1887","0","5547","1206","600","3456","285","0","9087","1341","842","5302","1602","0"
"127839","Intellitec Medical Institute","2013","Under 1,000","339","339","0","339","339","11","12","316","0","0","339","11","12","316","0","0","0","0","0","0","0","0"
"127884","Pueblo Community College","2013","5,000 - 9,999","6718","2521","4197","3930","6718","849","425","3648","1796","0","2521","394","150","1497","480","0","4197","455","275","2151","1316","0"
"127909","Red Rocks Community College","2013","5,000 - 9,999","8599","2765","5834","4724","8599","1330","1105","5789","375","0","2765","505","349","1849","62","0","5834","825","756","3940","313","0"
"127918","Regis University","2013","5,000 - 9,999","9722","5251","4471","6988","5172","390","507","4033","242","4550","2508","389","183","1926","10","2743","2664","1","324","2107","232","1807"
"127945","Rocky Mountain College of Art and Design","2013","Under 1,000","775","562","213","645","739","64","222","436","17","36","554","47","139","367","1","8","185","17","83","69","16","28"
"127954","Montessori Education Center of the Rockies","2013","Under 1,000","79","79","0","79","11","3","0","8","0","68","11","3","0","8","0","68","0","0","0","0","0","0"
"128106","Colorado State University-Pueblo","2013","5,000 - 9,999","7089","4051","3038","5211","5207","793","411","3171","832","1882","3742","765","307","2656","14","309","1465","28","104","515","818","1573"
"128151","Pickens Technical College","2013","1,000 - 4,999","1184","1054","130","1098","1184","128","0","1056","0","0","1054","106","0","948","0","0","130","22","0","108","0","0"
"128179","Intellitec College-Colorado Springs","2013","Under 1,000","815","815","0","815","815","182","0","633","0","0","815","182","0","633","0","0","0","0","0","0","0","0"
"128188","Intellitec College-Grand Junction","2013","Under 1,000","536","536","0","536","536","74","81","381","0","0","536","74","81","381","0","0","0","0","0","0","0","0"
"128258","Trinidad State Junior College","2013","1,000 - 4,999","1791","900","891","1199","1791","320","151","836","484","0","900","266","105","504","25","0","891","54","46","332","459","0"
"128328","United States Air Force Academy","2013","1,000 - 4,999","3993","3993","0","3993","3993","1154","0","2839","0","0","3993","1154","0","2839","0","0","0","0","0","0","0","0"
"128337","Empire Beauty School-Thornton","2013","Under 1,000","161","121","40","137","161","61","0","100","0","0","121","47","0","74","0","0","40","14","0","26","0","0"
"128391","Western State Colorado University","2013","1,000 - 4,999","2404","1993","411","2155","2193","469","155","1332","237","211","1869","466","148","1233","22","124","324","3","7","99","215","87"
"128425","Yeshiva Toras Chaim Talmudical Seminary","2013","Under 1,000","18","18","0","18","16","7","0","9","0","2","16","7","0","9","0","2","0","0","0","0","0","0"
"128498","Albertus Magnus College","2013","1,000 - 4,999","1582","1469","113","1513","1278","143","144","991","0","304","1199","137","138","924","0","270","79","6","6","67","0","34"
"128540","Paul Mitchell the School-Danbury","2013","Under 1,000","127","89","38","104","127","15","0","112","0","0","89","10","0","79","0","0","38","5","0","33","0","0"
"128577","Asnuntuck Community College","2013","1,000 - 4,999","1715","703","1012","1043","1715","298","170","892","355","0","703","228","86","383","6","0","1012","70","84","509","349","0"
"128586","Bais Binyomin Academy","2013","Under 1,000","59","59","0","59","59","15","0","44","0","0","59","15","0","44","0","0","0","0","0","0","0","0"
"128674","Branford Hall Career Institute-Branford Campus","2013","Under 1,000","524","357","167","423","524","363","0","161","0","0","357","245","0","112","0","0","167","118","0","49","0","0"
"128683","Lincoln College of New England-Southington","2013","Under 1,000","837","494","343","629","837","179","80","578","0","0","494","166","52","276","0","0","343","13","28","302","0","0"
"128726","Bridgeport Hospital School of Nursing","2013","Under 1,000","171","158","13","163","171","116","0","55","0","0","158","105","0","53","0","0","13","11","0","2","0","0"
"128744","University of Bridgeport","2013","1,000 - 4,999","4842","3159","1683","3811","2835","542","254","2039","0","2007","2035","538","215","1282","0","1124","800","4","39","757","0","883"
"128771","Central Connecticut State University","2013","10,000 - 19,999","11865","8208","3657","9621","9771","1293","1072","7147","259","2094","7624","1278","814","5510","22","584","2147","15","258","1637","237","1510"
"128780","Charter Oak State College","2013","1,000 - 4,999","1580","301","1279","817","1580","0","463","1008","109","0","301","0","116","182","3","0","1279","0","347","826","106","0"
"128896","Connecticut Center for Massage Therapy-Newington","2013","Under 1,000","304","67","237","161","304","74","0","230","0","0","67","20","0","47","0","0","237","54","0","183","0","0"
"128902","Connecticut College","2013","1,000 - 4,999","1922","1881","41","1897","1915","489","14","1375","37","7","1877","489","14","1370","4","4","38","0","0","5","33","3"
"128957","Marinello Schools of Beauty-East Hartford","2013","Under 1,000","151","115","36","129","151","10","0","141","0","0","115","6","0","109","0","0","36","4","0","32","0","0"
"129002","Porter and Chester Institute of Branford","2013","Under 1,000","298","182","116","228","298","66","0","232","0","0","182","48","0","134","0","0","116","18","0","98","0","0"
"129020","University of Connecticut","2013","20,000 and above","25911","22482","3429","23756","18032","3755","785","13144","348","7879","17219","3741","754","12588","136","5263","813","14","31","556","212","2616"
"129154","Goodwin College","2013","1,000 - 4,999","3388","593","2795","1691","3388","250","708","2311","119","0","593","116","154","312","11","0","2795","134","554","1999","108","0"
"129181","Lincoln Technical Institute-East Windsor","2013","Under 1,000","655","456","199","535","655","274","0","381","0","0","456","155","0","301","0","0","199","119","0","80","0","0"
"129215","Eastern Connecticut State University","2013","5,000 - 9,999","5368","4462","906","4823","5179","985","499","3436","259","189","4395","963","426","3005","1","67","784","22","73","431","258","122"
"129242","Fairfield University","2013","1,000 - 4,999","4919","3930","989","4311","3873","963","41","2717","152","1046","3546","963","41","2537","5","384","327","0","0","180","147","662"
"129349","Northhaven Academy","2013","Under 1,000","156","126","30","138","156","36","0","120","0","0","126","33","0","93","0","0","30","3","0","27","0","0"
"129367","Capital Community College","2013","1,000 - 4,999","4168","993","3175","2059","4168","660","347","2725","436","0","993","312","104","568","9","0","3175","348","243","2157","427","0"
"129428","Rensselaer Hartford Graduate Center Inc","2013","Under 1,000","281","11","270","114","0","0","0","0","0","281","0","0","0","0","0","11","0","0","0","0","0","270"
"129482","Fox Institute of Business-West Hartford","2013","Under 1,000","327","327","0","327","327","41","0","286","0","0","327","41","0","286","0","0","0","0","0","0","0","0"
"129491","Hartford Seminary","2013","Under 1,000","123","36","87","69","0","0","0","0","0","123","0","0","0","0","0","36","0","0","0","0","0","87"
"129525","University of Hartford","2013","5,000 - 9,999","6820","5213","1607","5834","5187","1267","226","3533","161","1633","4495","1267","190","3033","5","718","692","0","36","500","156","915"
"129534","Holy Apostles College and Seminary","2013","Under 1,000","385","123","262","223","58","1","2","45","10","327","36","0","2","33","1","87","22","1","0","12","9","240"
"129543","Housatonic Community College","2013","5,000 - 9,999","5813","1843","3970","3176","5813","994","377","3917","525","0","1843","574","154","1108","7","0","3970","420","223","2809","518","0"
"129695","Manchester Community College","2013","5,000 - 9,999","7571","2712","4859","4343","7571","1616","820","4337","798","0","2712","958","291","1407","56","0","4859","658","529","2930","742","0"
"129729","Naugatuck Valley Community College","2013","5,000 - 9,999","7294","2603","4691","4178","7294","1527","541","4559","667","0","2603","949","255","1383","16","0","4691","578","286","3176","651","0"
"129756","Middlesex Community College","2013","1,000 - 4,999","2900","1089","1811","1697","2900","566","320","1517","497","0","1089","346","117","576","50","0","1811","220","203","941","447","0"
"129774","Mitchell College","2013","Under 1,000","866","747","119","794","866","178","76","548","64","0","747","176","71","500","0","0","119","2","5","48","64","0"
"129808","Three Rivers Community College","2013","1,000 - 4,999","4749","1609","3140","2663","4749","938","340","3106","365","0","1609","550","148","888","23","0","3140","388","192","2218","342","0"
"129923","Lincoln Technical Institute-New Britain","2013","Under 1,000","465","279","186","353","465","109","0","356","0","0","279","77","0","202","0","0","186","32","0","154","0","0"
"129932","New England Tractor Trailer Training School of Connecticut","2013","Under 1,000","302","160","142","216","302","235","0","67","0","0","160","142","0","18","0","0","142","93","0","49","0","0"
"129941","University of New Haven","2013","5,000 - 9,999","6555","5342","1213","5810","4864","1174","263","3322","105","1691","4407","1159","241","3007","0","935","457","15","22","315","105","756"
"129969","Ridley-Lowell Business & Technical Institute-New London","2013","Under 1,000","295","295","0","295","295","111","0","184","0","0","295","111","0","184","0","0","0","0","0","0","0","0"
"130004","Norwalk Community College","2013","5,000 - 9,999","6556","2180","4376","3649","6556","981","425","3727","1423","0","2180","646","187","1183","164","0","4376","335","238","2544","1259","0"
"130040","Northwestern Connecticut Community College","2013","1,000 - 4,999","1549","457","1092","824","1549","260","146","827","316","0","457","192","57","208","0","0","1092","68","89","619","316","0"
"130110","Paier College of Art Inc","2013","Under 1,000","155","112","43","129","155","20","12","105","18","0","112","18","6","76","12","0","43","2","6","29","6","0"
"130129","Marinello Schools of Beauty-Meriden","2013","Under 1,000","503","402","101","442","503","55","0","448","0","0","402","43","0","359","0","0","101","12","0","89","0","0"
"130174","Porter and Chester Institute of Stratford","2013","1,000 - 4,999","2630","1756","874","2103","2630","721","0","1909","0","0","1756","523","0","1233","0","0","874","198","0","676","0","0"
"130183","Post University","2013","5,000 - 9,999","8082","3155","4927","5086","7371","1036","909","4671","755","711","2903","460","306","2055","82","252","4468","576","603","2616","673","459"
"130217","Quinebaug Valley Community College","2013","1,000 - 4,999","1929","677","1252","1097","1929","477","161","1158","133","0","677","279","64","330","4","0","1252","198","97","828","129","0"
"130226","Quinnipiac University","2013","5,000 - 9,999","8803","7602","1201","8063","6542","1800","207","4479","56","2261","6307","1795","188","4324","0","1295","235","5","19","155","56","966"
"130253","Sacred Heart University","2013","5,000 - 9,999","6983","4542","2441","5482","4489","1267","102","3040","80","2494","3773","1267","97","2407","2","769","716","0","5","633","78","1725"
"130314","University of Saint Joseph","2013","1,000 - 4,999","2640","1220","1420","1765","1049","153","97","721","78","1591","794","153","53","587","1","426","255","0","44","134","77","1165"
"130396","Gateway Community College","2013","5,000 - 9,999","8186","2689","5497","4535","8186","1570","880","4825","911","0","2689","835","359","1428","67","0","5497","735","521","3397","844","0"
"130448","St Vincent's College","2013","Under 1,000","827","165","662","425","827","18","124","630","55","0","165","14","56","82","13","0","662","4","68","548","42","0"
"130493","Southern Connecticut State University","2013","10,000 - 19,999","10804","7892","2912","8997","8257","1380","922","5955","0","2547","7016","1361","764","4891","0","876","1241","19","158","1064","0","1671"
"130509","Stone Academy-Hamden","2013","Under 1,000","422","311","111","355","422","185","0","237","0","0","311","151","0","160","0","0","111","34","0","77","0","0"
"130581","Tri-State College of Acupuncture","2013","Under 1,000","112","90","22","98","0","0","0","0","0","112","0","0","0","0","0","90","0","0","0","0","0","22"
"130590","Trinity College","2013","1,000 - 4,999","2390","2188","202","2266","2301","604","30","1605","62","89","2184","604","15","1520","45","4","117","0","15","85","17","85"
"130606","Tunxis Community College","2013","1,000 - 4,999","4547","1688","2859","2648","4547","803","369","2609","766","0","1688","526","173","935","54","0","2859","277","196","1674","712","0"
"130624","United States Coast Guard Academy","2013","Under 1,000","902","902","0","902","902","217","0","685","0","0","902","217","0","685","0","0","0","0","0","0","0","0"
"130697","Wesleyan University","2013","1,000 - 4,999","3205","3091","114","3135","2906","741","50","2097","18","299","2899","741","50","2097","11","192","7","0","0","0","7","107"
"130776","Western Connecticut State University","2013","5,000 - 9,999","6025","4465","1560","5075","5492","797","567","3820","308","533","4394","784","451","3153","6","71","1098","13","116","667","302","462"
"130785","Yale-New Haven Hospital Dietetic Internship","2013","Under 1,000","10","10","0","10","0","0","0","0","0","10","0","0","0","0","0","10","0","0","0","0","0","0"
"130794","Yale University","2013","10,000 - 19,999","12109","11927","182","11997","5430","1358","26","4038","8","6679","5424","1358","26","4032","8","6503","6","0","0","6","0","176"
"130837","Beebe Medical Center Margaret H Rollins School of Nursing","2013","Under 1,000","55","55","0","55","55","0","0","55","0","0","55","0","0","55","0","0","0","0","0","0","0","0"
"130873","Dawn Career Institute Inc","2013","Under 1,000","638","638","0","638","638","81","0","557","0","0","638","81","0","557","0","0","0","0","0","0","0","0"
"130891","Delaware Technical Community College-Owens","2013","1,000 - 4,999","4429","1980","2449","2802","4429","881","165","2932","451","0","1980","733","90","1152","5","0","2449","148","75","1780","446","0"
"130907","Delaware Technical Community College-Terry","2013","1,000 - 4,999","3031","1444","1587","1977","3031","659","145","2053","174","0","1444","523","82","826","13","0","1587","136","63","1227","161","0"
"130916","Delaware Technical Community College-Stanton/Wilmington","2013","5,000 - 9,999","7030","2615","4415","4097","7030","1304","288","4900","538","0","2615","953","147","1469","46","0","4415","351","141","3431","492","0"
"130934","Delaware State University","2013","1,000 - 4,999","4336","3926","410","4087","3892","922","216","2581","173","444","3579","907","181","2399","92","347","313","15","35","182","81","97"
"130943","University of Delaware","2013","20,000 and above","22166","19685","2481","20651","18487","4224","484","13021","758","3679","16852","4210","422","12214","6","2833","1635","14","62","807","752","846"
"130989","Goldey-Beacom College","2013","1,000 - 4,999","1868","429","1439","980","554","100","58","390","6","1314","401","93","43","265","0","28","153","7","15","125","6","1286"
"131061","Schilling-Douglas School of Hair Design","2013","Under 1,000","146","95","51","115","146","70","0","76","0","0","95","53","0","42","0","0","51","17","0","34","0","0"
"131098","Wesley College","2013","1,000 - 4,999","1655","1463","192","1538","1600","463","132","886","119","55","1416","463","123","821","9","47","184","0","9","65","110","8"
"131113","Wilmington University","2013","10,000 - 19,999","13621","4698","8923","8162","8611","840","1406","6229","136","5010","3509","368","668","2471","2","1189","5102","472","738","3758","134","3821"
"131159","American University","2013","10,000 - 19,999","12818","10233","2585","11224","7340","1626","271","4932","511","5478","6985","1623","248","4722","392","3248","355","3","23","210","119","2230"
"131283","Catholic University of America","2013","5,000 - 9,999","6725","4756","1969","5511","3713","837","93","2711","72","3012","3456","836","90","2520","10","1300","257","1","3","191","62","1712"
"131399","University of the District of Columbia","2013","5,000 - 9,999","5011","2199","2812","3330","4712","562","386","3539","225","299","1986","241","218","1509","18","213","2726","321","168","2030","207","86"
"131405","Pontifical Faculty of the Immaculate Conception at the Dominican House of Studies","2013","Under 1,000","119","84","35","97","0","0","0","0","0","119","0","0","0","0","0","84","0","0","0","0","0","35"
"131450","Gallaudet University","2013","1,000 - 4,999","1561","1367","194","1442","1077","201","85","767","24","484","1006","200","84","722","0","361","71","1","1","45","24","123"
"131469","George Washington University","2013","20,000 and above","25264","17109","8155","20233","10357","2356","438","7327","236","14907","9609","2348","338","6839","84","7500","748","8","100","488","152","7407"
"131496","Georgetown University","2013","10,000 - 19,999","17849","14407","3442","15726","7636","1594","225","5442","375","10213","7300","1593","225","5239","243","7107","336","1","0","203","132","3106"
"131520","Howard University","2013","10,000 - 19,999","10297","9123","1174","9577","6974","1594","340","4921","119","3323","6495","1576","296","4563","60","2628","479","18","44","358","59","695"
"131742","Medtech Institute","2013","1,000 - 4,999","1373","1373","0","1373","1373","442","53","878","0","0","1373","442","53","878","0","0","0","0","0","0","0","0"
"131803","Strayer University-District of Columbia","2013","1,000 - 4,999","1372","236","1136","678","883","105","79","687","12","489","111","10","11","88","2","125","772","95","68","599","10","364"
"131830","National Conservatory of Dramatic Arts","2013","Under 1,000","37","37","0","37","37","4","0","33","0","0","37","4","0","33","0","0","0","0","0","0","0","0"
"131876","Trinity Washington University","2013","1,000 - 4,999","2506","1301","1205","1768","1853","274","260","1276","43","653","1199","266","137","796","0","102","654","8","123","480","43","551"
"131973","Wesley Theological Seminary","2013","Under 1,000","628","393","235","483","0","0","0","0","0","628","0","0","0","0","0","393","0","0","0","0","0","235"
"132268","Wyotech-Daytona","2013","Under 1,000","689","689","0","689","689","197","5","487","0","0","689","197","5","487","0","0","0","0","0","0","0","0"
"132338","The Art Institute of Fort Lauderdale","2013","1,000 - 4,999","1924","1112","812","1431","1924","422","182","1320","0","0","1112","337","140","635","0","0","812","85","42","685","0","0"
"132374","Atlantic Technical Center","2013","Under 1,000","902","902","0","902","902","512","0","390","0","0","902","512","0","390","0","0","0","0","0","0","0","0"
"132408","The Baptist College of Florida","2013","Under 1,000","529","398","131","449","507","48","56","395","8","22","387","43","41","301","2","11","120","5","15","94","6","11"
"132471","Barry University","2013","5,000 - 9,999","9030","5887","3143","7096","4341","564","709","3011","57","4689","3619","562","506","2524","27","2268","722","2","203","487","30","2421"
"132523","Gooding Institute of Nurse Anesthesia","2013","Under 1,000","35","35","0","35","0","0","0","0","0","35","0","0","0","0","0","35","0","0","0","0","0","0"
"132602","Bethune-Cookman University","2013","1,000 - 4,999","3787","3671","116","3717","3724","1023","173","2527","1","63","3611","1017","167","2426","1","60","113","6","6","101","0","3"
"132657","Lynn University","2013","1,000 - 4,999","2297","1945","352","2081","1785","456","173","1103","53","512","1634","451","162","1020","1","311","151","5","11","83","52","201"
"132666","GUTI The Premier Beauty & Wellness Academy","2013","Under 1,000","129","129","0","129","129","8","0","121","0","0","129","8","0","121","0","0","0","0","0","0","0","0"
"132675","Bradford-Union Technical Center","2013","Under 1,000","140","120","20","127","140","92","0","47","1","0","120","82","0","38","0","0","20","10","0","9","1","0"
"132693","Eastern Florida State College","2013","10,000 - 19,999","16711","5929","10782","10280","16711","2501","656","9579","3975","0","5929","1581","324","3445","579","0","10782","920","332","6134","3396","0"
"132709","Broward College","2013","20,000 and above","43883","13342","30541","25667","43883","8052","1878","29232","4721","0","13342","4003","615","7942","782","0","30541","4049","1263","21290","3939","0"
"132806","Fortis College-Winter Park","2013","Under 1,000","59","59","0","59","59","0","0","59","0","0","59","0","0","59","0","0","0","0","0","0","0","0"
"132842","Carlos Albizu University-Miami","2013","Under 1,000","991","591","400","745","294","10","53","200","31","697","175","9","34","104","28","416","119","1","19","96","3","281"
"132851","College of Central Florida","2013","5,000 - 9,999","8162","3048","5114","5112","8162","1375","188","5550","1049","0","3048","827","65","1948","208","0","5114","548","123","3602","841","0"
"132879","Johnson University Florida","2013","Under 1,000","302","232","70","259","302","47","38","214","3","0","232","44","26","162","0","0","70","3","12","52","3","0"
"132903","University of Central Florida","2013","20,000 and above","59589","39966","19623","47696","51333","6047","7531","37341","414","8256","36229","5833","4499","25764","133","3737","15104","214","3032","11577","281","4519"
"132976","Charlotte Technical Center","2013","Under 1,000","567","225","342","340","567","128","0","97","342","0","225","128","0","97","0","0","342","0","0","0","342","0"
"133021","Chipola College","2013","1,000 - 4,999","2160","942","1218","1434","2160","407","122","1106","525","0","942","340","53","516","33","0","1218","67","69","590","492","0"
"133085","Clearwater Christian College","2013","Under 1,000","505","479","26","489","495","126","47","318","4","10","475","125","46","303","1","4","20","1","1","15","3","6"
"133155","Lorenzo Walker Institute of Technology","2013","Under 1,000","614","307","307","410","614","303","0","311","0","0","307","144","0","163","0","0","307","159","0","148","0","0"
"133386","Daytona State College","2013","10,000 - 19,999","14865","6156","8709","9670","14865","2325","909","9759","1872","0","6156","1497","457","3754","448","0","8709","828","452","6005","1424","0"
"133465","South University-West Palm Beach","2013","1,000 - 4,999","1109","488","621","731","973","61","237","674","1","136","467","31","91","345","0","21","506","30","146","329","1","115"
"133492","Eckerd College","2013","1,000 - 4,999","2173","1947","226","2036","2173","455","88","1620","10","0","1947","452","68","1421","6","0","226","3","20","199","4","0"
"133508","Edison State College","2013","10,000 - 19,999","15423","5040","10383","9230","15423","2926","722","9202","2573","0","5040","1779","270","2668","323","0","10383","1147","452","6534","2250","0"
"133526","Edward Waters College","2013","Under 1,000","862","845","17","852","862","208","10","644","0","0","845","204","10","631","0","0","17","4","0","13","0","0"
"133553","Embry-Riddle Aeronautical University-Daytona Beach","2013","5,000 - 9,999","5279","4831","448","5006","4679","944","282","3440","13","600","4359","941","277","3137","4","472","320","3","5","303","9","128"
"133650","Florida Agricultural and Mechanical University","2013","10,000 - 19,999","10743","9597","1146","10049","8930","1277","396","7152","105","1813","8040","1273","344","6405","18","1557","890","4","52","747","87","256"
"133669","Florida Atlantic University","2013","20,000 and above","30759","17779","12980","22888","25790","3458","3276","17951","1105","4969","15891","3298","1584","10684","325","1888","9899","160","1692","7267","780","3081"
"133702","Florida State College at Jacksonville","2013","20,000 and above","28134","9217","18917","16851","28134","3866","1561","19591","3116","0","9217","1923","634","6119","541","0","18917","1943","927","13472","2575","0"
"133711","Flagler College-St Augustine","2013","1,000 - 4,999","2839","2746","93","2783","2839","708","186","1945","0","0","2746","708","184","1854","0","0","93","0","2","91","0","0"
"133809","Florida College","2013","Under 1,000","558","533","25","543","558","198","27","333","0","0","533","196","26","311","0","0","25","2","1","22","0","0"
"133845","Concorde Career Institute-Jacksonville","2013","Under 1,000","630","630","0","630","630","174","0","456","0","0","630","174","0","456","0","0","0","0","0","0","0","0"
"133854","Concorde Career Institute-Miramar","2013","Under 1,000","508","508","0","508","508","126","0","382","0","0","508","126","0","382","0","0","0","0","0","0","0","0"
"133863","Concorde Career Institute-Tampa","2013","Under 1,000","454","454","0","454","454","121","0","333","0","0","454","121","0","333","0","0","0","0","0","0","0","0"
"133872","Adventist University of Health Sciences","2013","1,000 - 4,999","2293","737","1556","1348","2160","59","448","1557","96","133","604","45","178","374","7","133","1556","14","270","1183","89","0"
"133881","Florida Institute of Technology","2013","5,000 - 9,999","5644","4138","1506","4715","3257","783","239","2169","66","2387","3068","781","224","2058","5","1070","189","2","15","111","61","1317"
"133942","Florida Institute of Ultrasound Inc","2013","Under 1,000","68","68","0","68","68","0","0","68","0","0","68","0","0","68","0","0","0","0","0","0","0","0"
"133951","Florida International University","2013","20,000 and above","47663","31932","15731","38174","39142","4524","5614","28096","908","8521","25954","4304","3658","17683","309","5978","13188","220","1956","10413","599","2543"
"133960","Florida Keys Community College","2013","1,000 - 4,999","1139","435","704","671","1139","223","18","723","175","0","435","143","7","264","21","0","704","80","11","459","154","0"
"133979","Florida Memorial University","2013","1,000 - 4,999","1560","1430","130","1481","1517","412","89","1016","0","43","1414","400","83","931","0","16","103","12","6","85","0","27"
"133997","Florida Career College-Miami","2013","5,000 - 9,999","5818","5818","0","5818","5818","3134","0","2684","0","0","5818","3134","0","2684","0","0","0","0","0","0","0","0"
"134024","Florida School of Massage","2013","Under 1,000","70","69","1","69","70","19","0","51","0","0","69","19","0","50","0","0","1","0","0","1","0","0"
"134079","Florida Southern College","2013","1,000 - 4,999","2619","2283","336","2415","2416","635","157","1587","37","203","2126","633","112","1379","2","157","290","2","45","208","35","46"
"134097","Florida State University","2013","20,000 and above","40909","34882","6027","37213","32528","6032","2348","23706","442","8381","28910","5980","1961","20768","201","5972","3618","52","387","2938","241","2409"
"134112","Florida Technical College","2013","1,000 - 4,999","4330","4330","0","4330","4330","3789","0","541","0","0","4330","3789","0","541","0","0","0","0","0","0","0","0"
"134121","University of Southernmost Florida","2013","Under 1,000","103","103","0","103","99","18","16","65","0","4","99","18","16","65","0","4","0","0","0","0","0","0"
"134130","University of Florida","2013","20,000 and above","49878","42490","7388","45282","33168","6370","1806","24170","822","16710","30314","6348","1583","22123","260","12176","2854","22","223","2047","562","4534"
"134149","Everest University-Pompano Beach","2013","1,000 - 4,999","2054","1166","888","1512","1746","37","313","1396","0","308","1080","36","227","817","0","86","666","1","86","579","0","222"
"134228","Fort Pierce Beauty Academy","2013","Under 1,000","28","24","4","26","28","23","0","5","0","0","24","20","0","4","0","0","4","3","0","1","0","0"
"134237","Full Sail University","2013","20,000 and above","20949","20949","0","20949","18880","2807","0","16073","0","2069","18880","2807","0","16073","0","2069","0","0","0","0","0","0"
"134291","George Stone Technical Center","2013","Under 1,000","675","556","119","596","675","377","0","298","0","0","556","312","0","244","0","0","119","65","0","54","0","0"
"134307","George T Baker Aviation School","2013","Under 1,000","710","321","389","452","710","208","0","502","0","0","321","118","0","203","0","0","389","90","0","299","0","0"
"134343","Gulf Coast State College","2013","5,000 - 9,999","6271","2224","4047","3857","6271","853","165","2625","2628","0","2224","536","78","1045","565","0","4047","317","87","1580","2063","0"
"134422","Key College","2013","Under 1,000","68","68","0","68","68","14","9","45","0","0","68","14","9","45","0","0","0","0","0","0","0","0"
"134495","Hillsborough Community College","2013","20,000 and above","26590","11532","15058","16588","26590","4977","2033","16586","2994","0","11532","3385","1103","6714","330","0","15058","1592","930","9872","2664","0"
"134510","Hobe Sound Bible College","2013","Under 1,000","200","95","105","136","200","34","17","143","6","0","95","19","3","73","0","0","105","15","14","70","6","0"
"134529","Hollywood Institute of Beauty Careers","2013","Under 1,000","73","73","0","73","73","18","0","55","0","0","73","18","0","55","0","0","0","0","0","0","0","0"
"134574","Cortiva Institute-Florida","2013","Under 1,000","173","108","65","134","173","66","0","107","0","0","108","39","0","69","0","0","65","27","0","38","0","0"
"134608","Indian River State College","2013","10,000 - 19,999","17248","5940","11308","10503","17248","2564","453","10976","3255","0","5940","1519","185","3622","614","0","11308","1045","268","7354","2641","0"
"134680","International Academy of Design and Technology-Tampa","2013","Under 1,000","474","397","77","427","474","45","23","406","0","0","397","35","20","342","0","0","77","10","3","64","0","0"
"134714","International Academy","2013","Under 1,000","257","104","153","165","257","83","0","174","0","0","104","34","0","70","0","0","153","49","0","104","0","0"
"134811","AI Miami International University of Art and Design","2013","1,000 - 4,999","3208","2435","773","2738","3167","494","429","2244","0","41","2426","446","360","1620","0","9","741","48","69","624","0","32"
"134909","ITT Technical Institute-Tampa","2013","Under 1,000","463","314","149","373","463","60","5","398","0","0","314","52","4","258","0","0","149","8","1","140","0","0"
"134945","Jacksonville University","2013","1,000 - 4,999","4157","2388","1769","3077","3425","539","607","2214","65","732","2201","532","268","1395","6","187","1224","7","339","819","59","545"
"135063","Jones College-Jacksonville","2013","Under 1,000","449","64","385","215","449","15","36","394","4","0","64","3","10","51","0","0","385","12","26","343","4","0"
"135081","Keiser University-Ft Lauderdale","2013","10,000 - 19,999","17129","12264","4865","14166","16039","2289","224","13275","251","1090","12007","2014","82","9802","109","257","4032","275","142","3473","142","833"
"135124","Heritage Institute-Ft Myers","2013","Under 1,000","614","614","0","614","614","178","15","421","0","0","614","178","15","421","0","0","0","0","0","0","0","0"
"135142","La Belle Beauty School","2013","Under 1,000","290","49","241","145","290","72","0","218","0","0","49","7","0","42","0","0","241","65","0","176","0","0"
"135160","Florida Gateway College","2013","1,000 - 4,999","3057","951","2106","1801","3057","583","161","1490","823","0","951","318","60","460","113","0","2106","265","101","1030","710","0"
"135179","Lake Technical Center","2013","Under 1,000","637","428","209","498","637","337","0","300","0","0","428","264","0","164","0","0","209","73","0","136","0","0"
"135188","Lake-Sumter State College","2013","1,000 - 4,999","4288","1246","3042","2474","4288","895","136","2479","778","0","1246","474","52","662","58","0","3042","421","84","1817","720","0"
"135267","Fort Myers Institute of Technology","2013","Under 1,000","816","705","111","742","816","327","0","378","111","0","705","327","0","378","0","0","111","0","0","0","111","0"
"135276","Lively Technical Center","2013","1,000 - 4,999","1017","700","317","806","1017","558","0","459","0","0","700","377","0","323","0","0","317","181","0","136","0","0"
"135294","Lindsey Hopkins Technical Education Center","2013","Under 1,000","890","574","316","680","890","382","0","508","0","0","574","193","0","381","0","0","316","189","0","127","0","0"
"135337","Loraines Academy Inc","2013","Under 1,000","209","151","58","174","209","12","0","197","0","0","151","10","0","141","0","0","58","2","0","56","0","0"
"135364","Luther Rice University & Seminary","2013","1,000 - 4,999","1277","285","992","668","511","19","83","408","1","766","122","3","13","106","0","163","389","16","70","302","1","603"
"135391","State College of Florida-Manatee-Sarasota","2013","10,000 - 19,999","10533","4381","6152","6864","10533","1790","545","7086","1112","0","4381","1121","231","2726","303","0","6152","669","314","4360","809","0"
"135407","Manatee Technical Institute","2013","1,000 - 4,999","1252","1249","3","1250","1252","905","0","347","0","0","1249","903","0","346","0","0","3","2","0","1","0","0"
"135416","Manhattan Hairstyling Academy","2013","Under 1,000","254","254","0","254","254","50","0","204","0","0","254","50","0","204","0","0","0","0","0","0","0","0"
"135522","Traviss Career Center","2013","Under 1,000","446","325","121","366","446","236","0","210","0","0","325","205","0","120","0","0","121","31","0","90","0","0"
"135559","Merryfield School of Pet Grooming","2013",,,,,,,,,,,,,,,,,,,,,,,
"135610","Trinity International University-Florida","2013","Under 1,000","347","113","234","204","258","0","13","244","1","89","106","0","0","106","0","7","152","0","13","138","1","82"
"135647","Miami Lakes Educational Center","2013","1,000 - 4,999","1158","747","411","885","1158","368","0","790","0","0","747","272","0","475","0","0","411","96","0","315","0","0"
"135717","Miami Dade College","2013","20,000 and above","66298","26579","39719","42607","66298","12642","1613","47429","4614","0","26579","8738","759","16602","480","0","39719","3904","854","30827","4134","0"
"135726","University of Miami","2013","10,000 - 19,999","16935","15597","1338","16116","11380","2151","599","8496","134","5555","10637","2115","551","7851","120","4960","743","36","48","645","14","595"
"135735","Mid Florida Tech","2013","1,000 - 4,999","2025","1289","736","1536","2025","515","0","945","565","0","1289","404","0","831","54","0","736","111","0","114","511","0"
"135771","Beauty Schools of America-Miami","2013","Under 1,000","631","631","0","631","631","141","0","490","0","0","631","141","0","490","0","0","0","0","0","0","0","0"
"135939","Remington College-Tampa Campus","2013","Under 1,000","189","189","0","189","189","65","4","120","0","0","189","65","4","120","0","0","0","0","0","0","0","0"
"135957","Everest Institute-North Miami","2013","Under 1,000","768","669","99","708","768","98","66","604","0","0","669","98","53","518","0","0","99","0","13","86","0","0"
"136048","Academy of Healing Arts Massage & Facial Skin Care","2013","Under 1,000","98","63","35","77","98","27","0","71","0","0","63","21","0","42","0","0","35","6","0","29","0","0"
"136066","Lincoln College of Technology-West Palm Beach","2013","Under 1,000","738","681","57","703","738","190","0","548","0","0","681","180","0","501","0","0","57","10","0","47","0","0"
"136109","Paul Mitchell the School-Jacksonville","2013","Under 1,000","166","106","60","130","166","28","0","138","0","0","106","24","0","82","0","0","60","4","0","56","0","0"
"136145","North Florida Community College","2013","1,000 - 4,999","1179","482","697","716","1179","239","52","607","281","0","482","168","22","261","31","0","697","71","30","346","250","0"
"136172","University of North Florida","2013","10,000 - 19,999","16083","10829","5254","12904","14263","1609","1964","10433","257","1820","10088","1573","1331","7086","98","741","4175","36","633","3347","159","1079"
"136206","Northwood University-Florida","2013","Under 1,000","646","555","91","591","612","124","126","359","3","34","538","124","115","297","2","17","74","0","11","62","1","17"
"136215","Nova Southeastern University","2013","20,000 and above","25670","13390","12280","18100","5156","654","853","3546","103","20514","3452","614","584","2254","0","9938","1704","40","269","1292","103","10576"
"136233","Northwest Florida State College","2013","5,000 - 9,999","6708","2677","4031","4304","6708","949","455","4145","1159","0","2677","629","197","1705","146","0","4031","320","258","2440","1013","0"
"136288","Everest University-North Orlando","2013","Under 1,000","759","563","196","640","714","38","92","584","0","45","539","35","73","431","0","24","175","3","19","153","0","21"
"136303","Orlando Tech","2013","Under 1,000","540","225","315","331","540","233","0","159","148","0","225","136","0","89","0","0","315","97","0","70","148","0"
"136330","Palm Beach Atlantic University","2013","1,000 - 4,999","3764","2989","775","3291","2887","578","320","1603","386","877","2358","578","301","1479","0","631","529","0","19","124","386","246"
"136358","Palm Beach State College","2013","20,000 and above","29763","9460","20303","17653","29763","5328","1518","19260","3657","0","9460","2506","584","5983","387","0","20303","2822","934","13277","3270","0"
"136400","Pasco-Hernando Community College","2013","10,000 - 19,999","10206","4004","6202","6086","10206","2367","318","5526","1995","0","4004","1525","133","2179","167","0","6202","842","185","3347","1828","0"
"136473","Pensacola State College","2013","10,000 - 19,999","11235","4467","6768","7198","11235","1784","692","6550","2209","0","4467","1207","299","2519","442","0","6768","577","393","4031","1767","0"
"136491","Pinellas Technical Education Center-Clearwater","2013","1,000 - 4,999","1044","1024","20","1031","1044","207","0","837","0","0","1024","205","0","819","0","0","20","2","0","18","0","0"
"136516","Polk State College","2013","10,000 - 19,999","11085","3841","7244","6764","11085","1736","477","7230","1642","0","3841","977","185","2375","304","0","7244","759","292","4855","1338","0"
"136659","Radford M Locklin Technical Center","2013","Under 1,000","744","157","587","354","744","168","0","109","467","0","157","83","0","74","0","0","587","85","0","35","467","0"
"136701","Saint Vincent de Paul Regional Seminary","2013","Under 1,000","106","101","5","103","0","0","0","0","0","106","0","0","0","0","0","101","0","0","0","0","0","5"
"136765","Ridge Career Center","2013","Under 1,000","717","522","195","587","717","557","0","160","0","0","522","412","0","110","0","0","195","145","0","50","0","0"
"136774","Ringling College of Art and Design","2013","1,000 - 4,999","1253","1212","41","1228","1253","257","84","912","0","0","1212","257","84","871","0","0","41","0","0","41","0","0"
"136783","Toni & Guy Hairdressing Academy-Jacksonville","2013","Under 1,000","32","32","0","32","32","8","0","24","0","0","32","8","0","24","0","0","0","0","0","0","0","0"
"136826","Robert Morgan Educational Center","2013","Under 1,000","816","572","244","654","816","324","0","492","0","0","572","216","0","356","0","0","244","108","0","136","0","0"
"136950","Rollins College","2013","1,000 - 4,999","3153","2589","564","2807","2608","477","71","2060","0","545","2366","477","71","1818","0","223","242","0","0","242","0","322"
"137023","First Coast Technical College","2013","Under 1,000","631","406","225","482","631","259","0","372","0","0","406","130","0","276","0","0","225","129","0","96","0","0"
"137032","Saint Leo University","2013","10,000 - 19,999","16275","12228","4047","13817","12640","639","1475","9879","647","3635","8663","639","1111","6676","237","3565","3977","0","364","3203","410","70"
"137078","St Petersburg College","2013","20,000 and above","31820","9118","22702","18279","31820","4202","1708","21256","4654","0","9118","2058","632","5562","866","0","22702","2144","1076","15694","3788","0"
"137087","Pinellas Technical Education Center-St Petersburg","2013","1,000 - 4,999","1128","1116","12","1120","1128","218","0","910","0","0","1116","216","0","900","0","0","12","2","0","10","0","0"
"137096","Santa Fe College","2013","10,000 - 19,999","15113","6059","9054","9713","15113","2975","1435","9354","1349","0","6059","1418","683","3402","556","0","9054","1557","752","5952","793","0"
"137120","Sarasota County Technical Institute","2013","Under 1,000","670","420","250","504","670","370","0","300","0","0","420","247","0","173","0","0","250","123","0","127","0","0"
"137148","Argosy University-Sarasota","2013","Under 1,000","793","58","735","340","131","16","17","95","3","662","10","2","3","5","0","48","121","14","14","90","3","614"
"137209","Seminole State College of Florida","2013","10,000 - 19,999","18427","6885","11542","11543","18427","3226","1302","12039","1860","0","6885","2140","510","4149","86","0","11542","1086","792","7890","1774","0"
"137245","Sheridan Technical Center","2013","1,000 - 4,999","1244","1244","0","1244","1244","667","0","577","0","0","1244","667","0","577","0","0","0","0","0","0","0","0"
"137272","Saint John Vianney College Seminary","2013","Under 1,000","94","94","0","94","77","17","8","52","0","17","77","17","8","52","0","17","0","0","0","0","0","0"
"137281","Saint Johns River State College","2013","5,000 - 9,999","6127","2292","3835","3840","6127","1105","370","3698","954","0","2292","697","143","1343","109","0","3835","408","227","2355","845","0"
"137315","South Florida State College","2013","1,000 - 4,999","2699","970","1729","1668","2699","568","23","1440","668","0","970","339","9","526","96","0","1729","229","14","914","572","0"
"137351","University of South Florida-Main Campus","2013","20,000 and above","41428","29437","11991","34082","31100","3736","3355","23285","724","10328","23734","3696","2351","17393","294","5703","7366","40","1004","5892","430","4625"
"137476","St Thomas University","2013","1,000 - 4,999","2315","1817","498","2008","1035","195","134","706","0","1280","963","194","121","648","0","854","72","1","13","58","0","426"
"137537","Stenotype Institute of Jacksonville Inc-Jacksonville","2013","Under 1,000","226","117","109","160","226","20","0","206","0","0","117","19","0","98","0","0","109","1","0","108","0","0"
"137546","Stetson University","2013","1,000 - 4,999","4044","3828","216","3911","2729","852","83","1776","18","1315","2692","852","79","1746","15","1136","37","0","4","30","3","179"
"137564","Southeastern University","2013","1,000 - 4,999","3434","2634","800","2946","3083","865","274","1494","450","351","2473","842","260","1369","2","161","610","23","14","125","448","190"
"137591","Benes International School of Beauty","2013","Under 1,000","281","281","0","281","281","77","0","204","0","0","281","77","0","204","0","0","0","0","0","0","0","0"
"137713","Suwannee-Hamilton Technical Center","2013","Under 1,000","142","105","37","117","142","114","0","28","0","0","105","93","0","12","0","0","37","21","0","16","0","0"
"137759","Tallahassee Community College","2013","10,000 - 19,999","13509","6355","7154","8757","13509","3020","1091","8138","1260","0","6355","2158","649","3408","140","0","7154","862","442","4730","1120","0"
"137777","Talmudic College of Florida","2013","Under 1,000","44","44","0","44","32","4","7","21","0","12","32","4","7","21","0","12","0","0","0","0","0","0"
"137801","Everest University-Tampa","2013","Under 1,000","770","630","140","685","738","71","77","590","0","32","609","71","71","467","0","21","129","0","6","123","0","11"
"137810","Everest University-Largo","2013","Under 1,000","486","368","118","414","468","47","51","370","0","18","367","47","39","281","0","1","101","0","12","89","0","17"
"137847","The University of Tampa","2013","5,000 - 9,999","7260","6450","810","6763","6499","1592","500","4384","23","761","6188","1590","439","4155","4","262","311","2","61","229","19","499"
"137856","Taylor Technical Institute","2013","Under 1,000","58","48","10","51","58","22","0","36","0","0","48","17","0","31","0","0","10","5","0","5","0","0"
"137865","Tom P Haney Technical Center","2013","Under 1,000","421","385","36","397","421","82","0","339","0","0","385","77","0","308","0","0","36","5","0","31","0","0"
"137953","Trinity Baptist College","2013","Under 1,000","323","236","87","270","301","83","40","166","12","22","236","75","34","127","0","0","65","8","6","39","12","22"
"137962","Trinity College of Florida","2013","Under 1,000","224","202","22","211","224","24","52","146","2","0","202","24","50","128","0","0","22","0","2","18","2","0"
"138132","Fashion Focus Hair Academy","2013","Under 1,000","79","59","20","67","79","65","0","14","0","0","59","47","0","12","0","0","20","18","0","2","0","0"
"138187","Valencia College","2013","20,000 and above","42180","16523","25657","26877","42180","8167","3538","23114","7361","0","16523","5443","1565","8242","1273","0","25657","2724","1973","14872","6088","0"
"138275","Warner University","2013","1,000 - 4,999","1162","975","187","1048","1043","179","166","678","20","119","888","171","142","574","1","87","155","8","24","104","19","32"
"138284","Washington-Holmes Technical Center","2013","Under 1,000","349","318","31","328","349","163","0","186","0","0","318","146","0","172","0","0","31","17","0","14","0","0"
"138293","Webber International University","2013","Under 1,000","715","671","44","688","667","205","91","366","5","48","633","205","91","332","5","38","34","0","0","34","0","10"
"138309","Rasmussen College-Florida","2013","5,000 - 9,999","5640","3304","2336","4222","5640","341","1005","4281","13","0","3304","241","742","2319","2","0","2336","100","263","1962","11","0"
"138354","The University of West Florida","2013","10,000 - 19,999","12588","8183","4405","9884","10158","1333","1208","7365","252","2430","7581","1316","914","5234","117","602","2577","17","294","2131","135","1828"
"138372","Westside Tech","2013","Under 1,000","703","508","195","573","703","276","0","310","117","0","508","237","0","271","0","0","195","39","0","39","117","0"
"138479","William T McFatter Technical Center","2013","Under 1,000","827","827","0","827","827","598","0","229","0","0","827","598","0","229","0","0","0","0","0","0","0","0"
"138488","Winter Park Tech","2013","Under 1,000","437","177","260","264","437","149","0","288","0","0","177","41","0","136","0","0","260","108","0","152","0","0"
"138497","Withlacoochee Technical Institute","2013","Under 1,000","288","288","0","288","288","201","0","87","0","0","288","201","0","87","0","0","0","0","0","0","0","0"
"138558","Abraham Baldwin Agricultural College","2013","1,000 - 4,999","3394","2350","1044","2771","3394","999","230","1965","200","0","2350","944","132","1254","20","0","1044","55","98","711","180","0"
"138600","Agnes Scott College","2013","Under 1,000","915","897","18","904","915","252","17","589","57","0","897","252","16","585","44","0","18","0","1","4","13","0"
"138655","Interactive College of Technology-Chamblee","2013","Under 1,000","383","377","6","379","383","111","0","268","4","0","377","107","0","268","2","0","6","4","0","0","2","0"
"138664","Interactive College of Technology-Morrow","2013","Under 1,000","36","36","0","36","36","14","0","22","0","0","36","14","0","22","0","0","0","0","0","0","0","0"
"138682","Albany Technical College","2013","1,000 - 4,999","3894","2091","1803","2696","3894","790","485","2468","151","0","2091","416","271","1402","2","0","1803","374","214","1066","149","0"
"138691","Darton State College","2013","5,000 - 9,999","6195","2953","3242","4041","6195","1134","911","3939","211","0","2953","908","391","1622","32","0","3242","226","520","2317","179","0"
"138716","Albany State University","2013","1,000 - 4,999","4260","3241","1019","3636","3660","520","325","2721","94","600","3019","508","239","2266","6","222","641","12","86","455","88","378"
"138761","Andrew College","2013","Under 1,000","316","309","7","312","316","184","21","106","5","0","309","184","19","103","3","0","7","0","2","3","2","0"
"138789","Armstrong Atlantic State University","2013","5,000 - 9,999","7101","4987","2114","5822","6377","958","620","4628","171","724","4684","877","440","3346","21","303","1693","81","180","1282","150","421"
"138813","The Art Institute of Atlanta","2013","1,000 - 4,999","3078","2564","514","2766","3078","806","386","1782","104","0","2564","719","311","1501","33","0","514","87","75","281","71","0"
"138822","Georgia Career Institute","2013","Under 1,000","528","528","0","528","528","55","0","473","0","0","528","55","0","473","0","0","0","0","0","0","0","0"
"138840","Atlanta Technical College","2013","1,000 - 4,999","4859","1763","3096","2802","4859","975","842","2751","291","0","1763","430","349","956","28","0","3096","545","493","1795","263","0"
"138868","Point University","2013","1,000 - 4,999","1439","1291","148","1349","1439","192","141","1021","85","0","1291","191","140","950","10","0","148","1","1","71","75","0"
"138901","Atlanta Metropolitan State College","2013","1,000 - 4,999","3016","1635","1381","2192","3016","510","602","1838","66","0","1635","265","351","1013","6","0","1381","245","251","825","60","0"
"138929","Atlanta's John Marshall Law School","2013","Under 1,000","579","359","220","443","0","0","0","0","0","579","0","0","0","0","0","359","0","0","0","0","0","220"
"138938","Atlanta School of Massage","2013","Under 1,000","62","44","18","51","62","34","0","28","0","0","44","34","0","10","0","0","18","0","0","18","0","0"
"138947","Clark Atlanta University","2013","1,000 - 4,999","3458","3044","414","3203","2629","781","112","1736","0","829","2514","767","108","1639","0","530","115","14","4","97","0","299"
"138956","Augusta Technical College","2013","1,000 - 4,999","4379","1762","2617","2641","4379","823","487","2984","85","0","1762","386","225","1138","13","0","2617","437","262","1846","72","0"
"139010","Bainbridge State College","2013","1,000 - 4,999","2695","1139","1556","1661","2695","522","188","1823","162","0","1139","234","73","824","8","0","1556","288","115","999","154","0"
"139074","Bauder College","2013","Under 1,000","751","397","354","536","751","113","222","409","7","0","397","75","79","243","0","0","354","38","143","166","7","0"
"139092","Beauty College of America","2013","Under 1,000","53","53","0","53","53","5","0","48","0","0","53","5","0","48","0","0","0","0","0","0","0","0"
"139144","Berry College","2013","1,000 - 4,999","2223","2122","101","2161","2141","672","40","1410","19","82","2107","672","38","1392","5","15","34","0","2","18","14","67"
"139153","Beulah Heights University","2013","Under 1,000","788","347","441","519","554","93","14","447","0","234","238","55","5","178","0","109","316","38","9","269","0","125"
"139199","Brenau University","2013","1,000 - 4,999","2854","1528","1326","2041","1700","204","323","1156","17","1154","1074","201","190","682","1","454","626","3","133","474","16","700"
"139205","Brewton-Parker College","2013","Under 1,000","693","503","190","578","693","148","47","348","150","0","503","147","45","306","5","0","190","1","2","42","145","0"
"139214","Brown College of Court Reporting","2013","Under 1,000","233","66","167","132","233","17","2","214","0","0","66","6","0","60","0","0","167","11","2","154","0","0"
"139250","College of Coastal Georgia","2013","1,000 - 4,999","2987","1838","1149","2302","2987","597","233","2025","132","0","1838","528","151","1145","14","0","1149","69","82","880","118","0"
"139278","West Georgia Technical College","2013","5,000 - 9,999","6915","2223","4692","3798","6915","1602","590","4091","632","0","2223","662","199","1144","218","0","4692","940","391","2947","414","0"
"139287","Carver Bible College","2013","Under 1,000","103","59","44","76","103","34","0","69","0","0","59","27","0","32","0","0","44","7","0","37","0","0"
"139311","Clayton  State University","2013","5,000 - 9,999","7261","4092","3169","5362","6893","578","1017","4850","448","368","3939","476","596","2767","100","153","2954","102","421","2083","348","215"
"139348","Columbia Theological Seminary","2013","Under 1,000","233","149","84","181","0","0","0","0","0","233","0","0","0","0","0","149","0","0","0","0","0","84"
"139357","Columbus Technical College","2013","1,000 - 4,999","3739","1426","2313","2203","3739","676","453","2427","183","0","1426","326","189","869","42","0","2313","350","264","1558","141","0"
"139366","Columbus State University","2013","5,000 - 9,999","8156","5382","2774","6470","7013","1117","697","5035","164","1143","4979","1026","428","3490","35","403","2034","91","269","1545","129","740"
"139384","Georgia Northwestern Technical College","2013","5,000 - 9,999","6051","2135","3916","3450","6051","1154","1073","2993","831","0","2135","549","437","1094","55","0","3916","605","636","1899","776","0"
"139393","Covenant College","2013","1,000 - 4,999","1173","1102","71","1130","1104","295","26","742","41","69","1050","295","26","729","0","52","54","0","0","13","41","17"
"139463","Dalton State College","2013","5,000 - 9,999","5015","3044","1971","3839","5015","965","318","3569","163","0","3044","819","211","1980","34","0","1971","146","107","1589","129","0"
"139506","Pro Way Hair School","2013","Under 1,000","68","68","0","68","68","20","0","48","0","0","68","20","0","48","0","0","0","0","0","0","0","0"
"139579","South University-Savannah","2013","1,000 - 4,999","1510","928","582","1155","777","63","166","546","2","733","379","41","70","268","0","549","398","22","96","278","2","184"
"139621","East Georgia State College","2013","1,000 - 4,999","2857","2194","663","2462","2857","1040","249","1514","54","0","2194","929","186","1074","5","0","663","111","63","440","49","0"
"139630","Emmanuel College","2013","Under 1,000","806","702","104","743","806","167","55","487","97","0","702","167","51","471","13","0","104","0","4","16","84","0"
"139658","Emory University","2013","10,000 - 19,999","14513","13181","1332","13692","7836","1853","245","5607","131","6677","7676","1853","243","5511","69","5505","160","0","2","96","62","1172"
"139700","Georgia Highlands College","2013","5,000 - 9,999","5492","2843","2649","3732","5492","1307","570","3447","168","0","2843","1018","294","1500","31","0","2649","289","276","1947","137","0"
"139719","Fort Valley State University","2013","1,000 - 4,999","3180","2695","485","2882","2858","538","94","2173","53","322","2570","524","77","1960","9","125","288","14","17","213","44","197"
"139746","Grady Health System Professional Schools","2013","Under 1,000","60","60","0","60","60","0","0","60","0","0","60","0","0","60","0","0","0","0","0","0","0","0"
"139755","Georgia Institute of Technology-Main Campus","2013","20,000 and above","21471","18743","2728","19783","14558","2673","501","10801","583","6913","13291","2669","478","10046","98","5452","1267","4","23","755","485","1461"
"139764","Georgia Southwestern State University","2013","1,000 - 4,999","2806","1946","860","2290","2667","376","387","1835","69","139","1870","351","248","1267","4","76","797","25","139","568","65","63"
"139861","Georgia College and State University","2013","5,000 - 9,999","6551","5600","951","5963","5729","1395","355","3886","93","822","5264","1395","302","3532","35","336","465","0","53","354","58","486"
"139931","Georgia Southern University","2013","20,000 and above","20517","16767","3750","18213","17904","3583","1136","12384","801","2613","15762","3544","1014","11160","44","1005","2142","39","122","1224","757","1608"
"139940","Georgia State University","2013","20,000 and above","32165","23677","8488","27017","24868","3469","2941","17718","740","7297","18410","3388","2133","12746","143","5267","6458","81","808","4972","597","2030"
"139959","University of Georgia","2013","20,000 and above","34536","31364","3172","32575","26278","5237","1292","19591","158","8258","24746","5219","1217","18218","92","6618","1532","18","75","1373","66","1640"
"139968","Gordon State College","2013","1,000 - 4,999","4187","2758","1429","3335","4187","1142","276","2613","156","0","2758","1072","168","1487","31","0","1429","70","108","1126","125","0"
"139986","Southern Crescent Technical College","2013","5,000 - 9,999","5177","2142","3035","3161","5177","1006","1162","2751","258","0","2142","511","509","1103","19","0","3035","495","653","1648","239","0"
"139995","Gupton Jones College of Funeral Service","2013","Under 1,000","174","174","0","174","174","93","0","81","0","0","174","93","0","81","0","0","0","0","0","0","0","0"
"140003","Gwinnett College-Lilburn","2013","Under 1,000","368","168","200","247","368","105","0","263","0","0","168","51","0","117","0","0","200","54","0","146","0","0"
"140012","Gwinnett Technical College","2013","5,000 - 9,999","7180","2282","4898","3926","7180","1021","1306","4591","262","0","2282","454","439","1365","24","0","4898","567","867","3226","238","0"
"140146","Interdenominational Theological Center","2013","Under 1,000","562","190","372","332","0","0","0","0","0","562","0","0","0","0","0","190","0","0","0","0","0","372"
"140164","Kennesaw State University","2013","20,000 and above","24629","17690","6939","20441","22621","3229","2597","16385","410","2008","16869","3148","1931","11610","180","821","5752","81","666","4775","230","1187"
"140234","LaGrange College","2013","Under 1,000","940","858","82","890","856","271","75","508","2","84","786","267","64","455","0","72","70","4","11","53","2","12"
"140243","Lanier Technical College","2013","1,000 - 4,999","3579","1042","2537","1894","3579","898","290","2039","352","0","1042","378","109","545","10","0","2537","520","181","1494","342","0"
"140252","Life University","2013","1,000 - 4,999","2730","2342","388","2492","765","75","85","605","0","1965","556","73","65","418","0","1786","209","2","20","187","0","179"
"140331","Chattahoochee Technical College","2013","10,000 - 19,999","10470","3434","7036","5796","10470","2176","1659","6100","535","0","3434","1032","583","1708","111","0","7036","1144","1076","4392","424","0"
"140340","Herzing University-Atlanta","2013","Under 1,000","459","324","135","377","393","39","15","337","2","66","279","39","14","226","0","45","114","0","1","111","2","21"
"140447","Mercer University","2013","5,000 - 9,999","8351","6435","1916","7175","4419","767","461","3076","115","3932","3659","727","339","2540","53","2776","760","40","122","536","62","1156"
"140553","Morehouse College","2013","1,000 - 4,999","2170","2006","164","2070","2170","486","66","1609","9","0","2006","483","62","1457","4","0","164","3","4","152","5","0"
"140562","Morehouse School of Medicine","2013","Under 1,000","372","366","6","368","0","0","0","0","0","372","0","0","0","0","0","366","0","0","0","0","0","6"
"140599","Moultrie Technical College","2013","1,000 - 4,999","2058","789","1269","1215","2058","345","2","1106","605","0","789","212","1","569","7","0","1269","133","1","537","598","0"
"140678","North Georgia Technical College","2013","1,000 - 4,999","2441","1027","1414","1502","2441","675","235","1390","141","0","1027","395","123","503","6","0","1414","280","112","887","135","0"
"140696","Oglethorpe University","2013","1,000 - 4,999","1100","996","104","1037","1091","284","41","695","71","9","992","283","38","643","28","4","99","1","3","52","43","5"
"140720","Paine College","2013","Under 1,000","924","838","86","872","924","268","88","565","3","0","838","252","80","504","2","0","86","16","8","61","1","0"
"140818","Piedmont College","2013","1,000 - 4,999","2368","1501","867","1834","1281","255","99","927","0","1087","1131","253","89","789","0","370","150","2","10","138","0","717"
"140827","Portfolio Center","2013","Under 1,000","116","116","0","116","116","8","0","108","0","0","116","8","0","108","0","0","0","0","0","0","0","0"
"140872","Reinhardt University","2013","1,000 - 4,999","1309","1225","84","1258","1217","346","35","810","26","92","1141","344","29","763","5","84","76","2","6","47","21","8"
"140942","Savannah Technical College","2013","1,000 - 4,999","4784","1749","3035","2768","4784","900","777","2846","261","0","1749","362","369","980","38","0","3035","538","408","1866","223","0"
"140951","Savannah College of Art and Design","2013","10,000 - 19,999","11093","8950","2143","9785","8825","1691","643","6416","75","2268","7347","1598","581","5153","15","1603","1478","93","62","1263","60","665"
"140960","Savannah State University","2013","1,000 - 4,999","4772","4221","551","4441","4602","1299","160","3003","140","170","4098","1264","143","2659","32","123","504","35","17","344","108","47"
"140988","Shorter University","2013","1,000 - 4,999","1629","1428","201","1507","1544","309","116","1093","26","85","1384","307","108","967","2","44","160","2","8","126","24","41"
"141006","South Georgia Technical College","2013","1,000 - 4,999","1828","976","852","1262","1828","524","26","1094","184","0","976","376","16","560","24","0","852","148","10","534","160","0"
"141015","The Creative Circus","2013","Under 1,000","135","111","24","121","135","7","0","128","0","0","111","7","0","104","0","0","24","0","0","24","0","0"
"141060","Spelman College","2013","1,000 - 4,999","2129","2061","68","2088","2129","559","55","1515","0","0","2061","557","51","1453","0","0","68","2","4","62","0","0"
"141097","Southern Polytechnic State University","2013","5,000 - 9,999","6549","4362","2187","5220","5732","805","794","4037","96","817","4142","761","570","2753","58","220","1590","44","224","1284","38","597"
"141158","Southwest Georgia Technical College","2013","1,000 - 4,999","1546","443","1103","813","1546","226","450","579","291","0","443","78","148","195","22","0","1103","148","302","384","269","0"
"141167","Thomas University","2013","1,000 - 4,999","1090","588","502","784","886","79","165","571","71","204","506","70","103","313","20","82","380","9","62","258","51","122"
"141185","Toccoa Falls College","2013","Under 1,000","870","777","93","814","870","168","60","589","53","0","777","163","57","551","6","0","93","5","3","38","47","0"
"141237","Truett-McConnell College","2013","1,000 - 4,999","1606","691","915","1050","1606","199","47","451","909","0","691","197","43","419","32","0","915","2","4","32","877","0"
"141255","Wiregrass Georgia Technical College","2013","1,000 - 4,999","3966","1386","2580","2252","3966","686","428","2264","588","0","1386","303","174","887","22","0","2580","383","254","1377","566","0"
"141264","Valdosta State University","2013","10,000 - 19,999","11885","8964","2921","10081","9718","1722","792","7120","84","2167","8277","1688","643","5919","27","687","1441","34","149","1201","57","1480"
"141325","Wesleyan College","2013","Under 1,000","700","517","183","589","651","119","46","365","121","49","468","119","39","295","15","49","183","0","7","70","106","0"
"141334","University of West Georgia","2013","10,000 - 19,999","11929","9067","2862","10169","9959","2237","769","6771","182","1970","8369","2198","567","5527","77","698","1590","39","202","1244","105","1272"
"141361","Young Harris College","2013","1,000 - 4,999","1117","1091","26","1101","1117","420","37","626","34","0","1091","419","37","611","24","0","26","1","0","15","10","0"
"141468","Heald College-Honolulu","2013","1,000 - 4,999","1678","1217","461","1400","1678","281","129","1268","0","0","1217","195","76","946","0","0","461","86","53","322","0","0"
"141486","Chaminade University of Honolulu","2013","1,000 - 4,999","2752","2124","628","2368","2036","280","157","1427","172","716","1644","263","135","1168","78","480","392","17","22","259","94","236"
"141565","University of Hawaii at Hilo","2013","1,000 - 4,999","4043","3220","823","3547","3457","496","636","2203","122","586","2766","489","502","1765","10","454","691","7","134","438","112","132"
"141574","University of Hawaii at Manoa","2013","20,000 and above","20006","14803","5203","16787","14499","2005","1823","10269","402","5507","12064","1957","1345","8520","242","2739","2435","48","478","1749","160","2768"
"141608","Hawaii Institute of Hair Design","2013","Under 1,000","85","85","0","85","85","9","0","76","0","0","85","9","0","76","0","0","0","0","0","0","0","0"
"141644","Hawaii Pacific University","2013","5,000 - 9,999","6736","4359","2377","5287","5582","576","855","3955","196","1154","3719","516","616","2559","28","640","1863","60","239","1396","168","514"
"141680","Honolulu Community College","2013","1,000 - 4,999","4368","1632","2736","2551","4368","670","445","2319","934","0","1632","432","204","946","50","0","2736","238","241","1373","884","0"
"141796","Kapiolani Community College","2013","5,000 - 9,999","8376","3176","5200","4922","8376","1267","801","3957","2351","0","3176","815","365","1816","180","0","5200","452","436","2141","2171","0"
"141802","Kauai Community College","2013","1,000 - 4,999","1530","574","956","895","1530","328","94","829","279","0","574","211","30","317","16","0","956","117","64","512","263","0"
"141811","Leeward Community College","2013","5,000 - 9,999","7976","3141","4835","4764","7976","1301","683","3948","2044","0","3141","837","303","1880","121","0","4835","464","380","2068","1923","0"
"141839","University of Hawaii Maui College","2013","1,000 - 4,999","4076","1460","2616","2516","4076","770","268","2515","523","0","1460","431","82","915","32","0","2616","339","186","1600","491","0"
"141848","Med-Assist School of Hawaii Inc","2013","Under 1,000","81","78","3","79","81","31","0","50","0","0","78","30","0","48","0","0","3","1","0","2","0","0"
"141936","World Medicine Institute","2013","Under 1,000","64","64","0","64","0","0","0","0","0","64","0","0","0","0","0","64","0","0","0","0","0","0"
"141945","Travel Institute of the Pacific","2013","Under 1,000","188","188","0","188","188","56","0","132","0","0","188","56","0","132","0","0","0","0","0","0","0","0"
"141981","University of Hawaii-West Oahu","2013","1,000 - 4,999","2361","1043","1318","1575","2361","291","539","1362","169","0","1043","214","221","600","8","0","1318","77","318","762","161","0"
"141990","Windward Community College","2013","1,000 - 4,999","2799","959","1840","1577","2799","422","290","1199","888","0","959","283","114","496","66","0","1840","139","176","703","822","0"
"142054","Carrington College-Boise","2013","Under 1,000","552","496","56","518","552","49","116","387","0","0","496","49","92","355","0","0","56","0","24","32","0","0"
"142090","Boise Bible College","2013","Under 1,000","186","167","19","174","186","47","10","126","3","0","167","47","10","110","0","0","19","0","0","16","3","0"
"142115","Boise State University","2013","20,000 and above","21981","13264","8717","16692","19026","2194","1400","12963","2469","2955","12452","2079","974","9374","25","812","6574","115","426","3589","2444","2143"
"142179","Eastern Idaho Technical College","2013","Under 1,000","725","294","431","439","725","82","54","439","150","0","294","53","29","207","5","0","431","29","25","232","145","0"
"142276","Idaho State University","2013","10,000 - 19,999","13326","8231","5095","10258","11418","1551","458","7328","2081","1908","7016","1334","335","5300","47","1215","4402","217","123","2028","2034","693"
"142285","University of Idaho","2013","10,000 - 19,999","12024","9387","2637","10405","9540","1630","671","6238","1001","2484","8011","1590","575","5811","35","1376","1529","40","96","427","966","1108"
"142294","The College of Idaho","2013","1,000 - 4,999","1122","1070","52","1090","1095","292","64","730","9","27","1055","291","64","699","1","15","40","1","0","31","8","12"
"142328","Lewis-Clark State College","2013","1,000 - 4,999","4304","2443","1861","3194","4304","475","366","2320","1143","0","2443","446","225","1749","23","0","1861","29","141","571","1120","0"
"142337","ITT Technical Institute-Boise","2013","Under 1,000","251","174","77","204","251","31","15","205","0","0","174","31","10","133","0","0","77","0","5","72","0","0"
"142407","Joseph Charles Institute of Cosmetology","2013","Under 1,000","57","34","23","43","57","47","0","10","0","0","34","31","0","3","0","0","23","16","0","7","0","0"
"142416","Mr Leon's School of Hair Design-Moscow","2013","Under 1,000","25","25","0","25","25","16","0","9","0","0","25","16","0","9","0","0","0","0","0","0","0","0"
"142443","North Idaho College","2013","5,000 - 9,999","6029","3068","2961","4062","6029","1049","253","3793","934","0","3068","754","155","2006","153","0","2961","295","98","1787","781","0"
"142461","Northwest Nazarene University","2013","1,000 - 4,999","2246","1692","554","1907","1488","252","89","910","237","758","1136","249","70","806","11","556","352","3","19","104","226","202"
"142489","The School of Hairstyling","2013","Under 1,000","36","36","0","36","36","21","0","15","0","0","36","21","0","15","0","0","0","0","0","0","0","0"
"142522","Brigham Young University-Idaho","2013","20,000 and above","27692","14376","13316","19607","27692","2423","1859","15926","7484","0","14376","2234","1685","10450","7","0","13316","189","174","5476","7477","0"
"142559","College of Southern Idaho","2013","5,000 - 9,999","8330","2730","5600","4610","8330","1145","308","3570","3307","0","2730","783","176","1654","117","0","5600","362","132","1916","3190","0"
"142832","Adler School of Professional Psychology","2013","Under 1,000","981","772","209","852","0","0","0","0","0","981","0","0","0","0","0","772","0","0","0","0","0","209"
"142869","Alvareitas College of Cosmetology-Edwardsville","2013","Under 1,000","45","25","20","33","45","29","0","16","0","0","25","15","0","10","0","0","20","14","0","6","0","0"
"142878","Alvareitas College of Cosmetology-Godfrey","2013","Under 1,000","40","40","0","40","40","38","0","2","0","0","40","38","0","2","0","0","0","0","0","0","0","0"
"142887","American Academy of Art","2013","Under 1,000","406","299","107","341","406","100","12","294","0","0","299","75","11","213","0","0","107","25","1","81","0","0"
"143048","School of the Art Institute of Chicago","2013","1,000 - 4,999","3402","3107","295","3222","2714","577","270","1794","73","688","2469","575","255","1639","0","638","245","2","15","155","73","50"
"143084","Augustana College","2013","1,000 - 4,999","2524","2509","15","2515","2524","627","49","1828","20","0","2509","627","48","1819","15","0","15","0","1","9","5","0"
"143118","Aurora University","2013","1,000 - 4,999","4946","3342","1604","3959","3246","701","455","2080","10","1700","2852","701","378","1772","1","490","394","0","77","308","9","1210"
"143181","Concept College of Cosmetology","2013","Under 1,000","33","33","0","33","33","13","0","20","0","0","33","13","0","20","0","0","0","0","0","0","0","0"
"143215","Southwestern Illinois College","2013","10,000 - 19,999","11332","4879","6453","7046","11332","1550","490","7822","1470","0","4879","1098","302","3341","138","0","6453","452","188","4481","1332","0"
"143233","Bethany Theological Seminary","2013","Under 1,000","60","29","31","41","0","0","0","0","0","60","0","0","0","0","0","29","0","0","0","0","0","31"
"143279","Black Hawk College","2013","5,000 - 9,999","6574","2581","3993","3922","6574","569","285","3882","1838","0","2581","438","187","1797","159","0","3993","131","98","2085","1679","0"
"143288","Blackburn College","2013","Under 1,000","543","523","20","531","543","116","46","377","4","0","523","115","45","362","1","0","20","1","1","15","3","0"
"143297","Blessing Rieman College of Nursing","2013","Under 1,000","256","178","78","209","243","0","26","217","0","13","178","0","26","152","0","0","65","0","0","65","0","13"
"143303","Blessing Hospital School of Radiologic Technology","2013","Under 1,000","20","20","0","20","20","0","0","20","0","0","20","0","0","20","0","0","0","0","0","0","0","0"
"143358","Bradley University","2013","5,000 - 9,999","5430","4912","518","5112","4825","1085","266","3472","2","605","4618","1082","246","3290","0","294","207","3","20","182","2","311"
"143376","Paul Mitchell the School-Bradley","2013","Under 1,000","395","304","91","340","395","298","0","97","0","0","304","219","0","85","0","0","91","79","0","12","0","0"
"143464","Cameo Beauty Academy","2013","Under 1,000","105","57","48","76","105","12","0","93","0","0","57","4","0","53","0","0","48","8","0","40","0","0"
"143473","Cannella School of Hair Design-Villa Park","2013","Under 1,000","83","14","69","41","83","50","0","33","0","0","14","5","0","9","0","0","69","45","0","24","0","0"
"143482","Cannella School of Hair Design-Chicago","2013","Under 1,000","84","22","62","47","84","26","0","58","0","0","22","3","0","19","0","0","62","23","0","39","0","0"
"143491","Cannella School of Hair Design-Chicago","2013","Under 1,000","125","9","116","55","125","70","0","55","0","0","9","1","0","8","0","0","116","69","0","47","0","0"
"143516","Cannella School of Hair Design-Elgin","2013","Under 1,000","79","13","66","39","79","34","0","45","0","0","13","4","0","9","0","0","66","30","0","36","0","0"
"143543","Empire Beauty School-Hanover Park","2013","Under 1,000","81","47","34","60","81","32","0","49","0","0","47","18","0","29","0","0","34","14","0","20","0","0"
"143552","Capri Beauty College","2013","Under 1,000","86","59","27","70","86","4","0","82","0","0","59","4","0","55","0","0","27","0","0","27","0","0"
"143613","Carl Sandburg College","2013","1,000 - 4,999","2328","1026","1302","1463","2328","429","310","985","604","0","1026","301","203","490","32","0","1302","128","107","495","572","0"
"143659","Catholic Theological Union at Chicago","2013","Under 1,000","437","136","301","251","0","0","0","0","0","437","0","0","0","0","0","136","0","0","0","0","0","301"
"143695","La James International College-East Moline","2013","Under 1,000","23","23","0","23","23","7","0","16","0","0","23","7","0","16","0","0","0","0","0","0","0","0"
"143853","Midwestern University-Downers Grove","2013","1,000 - 4,999","2730","2668","62","2692","0","0","0","0","0","2730","0","0","0","0","0","2668","0","0","0","0","0","62"
"143978","The Chicago School of Professional Psychology at Chicago","2013","1,000 - 4,999","1636","1034","602","1264","0","0","0","0","0","1636","0","0","0","0","0","1034","0","0","0","0","0","602"
"144005","Chicago State University","2013","5,000 - 9,999","5701","3590","2111","4416","4340","276","535","3510","19","1361","2852","225","401","2222","4","738","1488","51","134","1288","15","623"
"144014","Chicago Theological Seminary","2013","Under 1,000","251","141","110","183","0","0","0","0","0","251","0","0","0","0","0","141","0","0","0","0","0","110"
"144050","University of Chicago","2013","10,000 - 19,999","15048","12848","2200","13689","5703","1426","18","4253","6","9345","5630","1426","18","4180","6","7218","73","0","0","73","0","2127"
"144157","City Colleges of Chicago-Kennedy-King College","2013","5,000 - 9,999","5860","3287","2573","4151","5860","662","419","3428","1351","0","3287","504","319","2313","151","0","2573","158","100","1115","1200","0"
"144166","City Colleges of Chicago-Malcolm X College","2013","5,000 - 9,999","6842","3047","3795","4321","6842","774","651","3797","1620","0","3047","556","380","2093","18","0","3795","218","271","1704","1602","0"
"144175","City Colleges of Chicago-Olive-Harvey College","2013","5,000 - 9,999","5298","1940","3358","3067","5298","469","334","2868","1627","0","1940","319","214","1283","124","0","3358","150","120","1585","1503","0"
"144184","City Colleges of Chicago-Harry S Truman College","2013","10,000 - 19,999","11800","3070","8730","6001","11800","642","698","4881","5579","0","3070","447","329","1999","295","0","8730","195","369","2882","5284","0"
"144193","City Colleges of Chicago-Richard J Daley College","2013","5,000 - 9,999","9384","3760","5624","5648","9384","766","507","3518","4593","0","3760","487","355","1636","1282","0","5624","279","152","1882","3311","0"
"144209","City Colleges of Chicago-Harold Washington College","2013","5,000 - 9,999","9036","6059","2977","7058","9036","1574","1225","5953","284","0","6059","1307","776","3904","72","0","2977","267","449","2049","212","0"
"144218","City Colleges of Chicago-Wilbur Wright College","2013","10,000 - 19,999","12640","4387","8253","7158","12640","1484","733","7227","3196","0","4387","933","393","2918","143","0","8253","551","340","4309","3053","0"
"144281","Columbia College-Chicago","2013","10,000 - 19,999","10142","9066","1076","9487","9671","2161","682","6734","94","471","8720","2125","622","5942","31","346","951","36","60","792","63","125"
"144351","Concordia University-Chicago","2013","5,000 - 9,999","5286","1684","3602","3061","1604","376","207","980","41","3682","1489","376","198","913","2","195","115","0","9","67","39","3487"
"144467","Le Cordon Bleu College of Culinary Arts-Chicago","2013","Under 1,000","958","958","0","958","958","140","81","737","0","0","958","140","81","737","0","0","0","0","0","0","0","0"
"144485","Coyne College","2013","Under 1,000","590","590","0","590","590","199","0","391","0","0","590","199","0","391","0","0","0","0","0","0","0","0"
"144564","Danville Area Community College","2013","1,000 - 4,999","4035","1175","2860","2135","4035","698","108","1533","1696","0","1175","426","48","672","29","0","2860","272","60","861","1667","0"
"144573","Concept College of Cosmetology","2013","Under 1,000","58","58","0","58","58","21","0","37","0","0","58","21","0","37","0","0","0","0","0","0","0","0"
"144740","DePaul University","2013","20,000 and above","24414","18706","5708","20917","16420","2425","1698","11997","300","7994","13594","2422","1412","9722","38","5112","2826","3","286","2275","262","2882"
"144795","Cosmetology & Spa Academy","2013","Under 1,000","147","136","11","140","147","73","0","74","0","0","136","71","0","65","0","0","11","2","0","9","0","0"
"144865","College of DuPage","2013","20,000 and above","28627","9908","18719","16193","28627","3813","1314","16087","7413","0","9908","2521","580","5884","923","0","18719","1292","734","10203","6490","0"
"144883","East-West University","2013","Under 1,000","684","669","15","675","684","185","61","433","5","0","669","178","61","430","0","0","15","7","0","3","5","0"
"144892","Eastern Illinois University","2013","5,000 - 9,999","9775","8013","1762","8693","8347","1333","884","6038","92","1428","7327","1329","741","5246","11","686","1020","4","143","792","81","742"
"144944","Elgin Community College","2013","10,000 - 19,999","11285","3780","7505","6300","11285","1357","468","6774","2686","0","3780","975","219","2360","226","0","7505","382","249","4414","2460","0"
"144962","Elmhurst College","2013","1,000 - 4,999","3210","2782","428","2947","2900","506","299","2014","81","310","2736","506","296","1917","17","46","164","0","3","97","64","264"
"144971","Eureka College","2013","Under 1,000","692","644","48","663","692","138","74","455","25","0","644","138","74","428","4","0","48","0","0","27","21","0"
"145099","First Institute Inc","2013","Under 1,000","53","53","0","53","53","51","0","2","0","0","53","51","0","2","0","0","0","0","0","0","0","0"
"145239","Fox College","2013","Under 1,000","387","387","0","387","387","65","151","159","12","0","387","65","151","159","12","0","0","0","0","0","0","0"
"145275","Garrett-Evangelical Theological Seminary","2013","Under 1,000","399","229","170","294","0","0","0","0","0","399","0","0","0","0","0","229","0","0","0","0","0","170"
"145309","Gem City College","2013","Under 1,000","44","44","0","44","44","21","0","23","0","0","44","21","0","23","0","0","0","0","0","0","0","0"
"145336","Governors State University","2013","5,000 - 9,999","5568","2009","3559","3376","3218","0","792","2387","39","2350","1315","0","404","909","2","694","1903","0","388","1478","37","1656"
"145354","Graham Hospital School of Nursing","2013","Under 1,000","82","25","57","48","82","0","0","82","0","0","25","0","0","25","0","0","57","0","0","57","0","0"
"145372","Greenville College","2013","1,000 - 4,999","1368","1129","239","1221","1129","277","102","722","28","239","1090","277","97","702","14","39","39","0","5","20","14","200"
"145406","Hair Professionals Academy of Cosmetology","2013","Under 1,000","218","76","142","132","218","33","0","185","0","0","76","13","0","63","0","0","142","20","0","122","0","0"
"145424","Hair Professionals Career College","2013","Under 1,000","81","28","53","49","81","4","0","77","0","0","28","2","0","26","0","0","53","2","0","51","0","0"
"145433","Hair Professionals School of Cosmetology","2013","Under 1,000","92","40","52","61","92","21","0","71","0","0","40","8","0","32","0","0","52","13","0","39","0","0"
"145460","Harrington College of Design","2013","Under 1,000","600","213","387","363","381","27","29","325","0","219","167","19","14","134","0","46","214","8","15","191","0","173"
"145497","Hebrew Theological College","2013","Under 1,000","522","436","86","470","521","340","11","107","63","1","435","340","11","84","0","1","86","0","0","23","63","0"
"145521","Highland Community College","2013","1,000 - 4,999","2031","1050","981","1379","2031","423","73","1202","333","0","1050","335","40","635","40","0","981","88","33","567","293","0"
"145558","Rosalind Franklin University of Medicine and Science","2013","1,000 - 4,999","2157","1993","164","2056","0","0","0","0","0","2157","0","0","0","0","0","1993","0","0","0","0","0","164"
"145600","University of Illinois at Chicago","2013","20,000 and above","28038","23239","4799","25028","16671","3104","1640","11857","70","11367","15402","3079","1468","10810","45","7837","1269","25","172","1047","25","3530"
"145619","Benedictine University","2013","5,000 - 9,999","6318","3588","2730","4639","3828","635","573","2531","89","2490","3056","623","439","1975","19","532","772","12","134","556","70","1958"
"145628","Illinois College of Optometry","2013","Under 1,000","636","636","0","636","0","0","0","0","0","636","0","0","0","0","0","636","0","0","0","0","0","0"
"145637","University of Illinois at Urbana-Champaign","2013","20,000 and above","44942","41118","3824","42550","32695","7329","1343","22991","1032","12247","31516","7321","1327","22481","387","9602","1179","8","16","510","645","2645"
"145646","Illinois Wesleyan University","2013","1,000 - 4,999","2009","2001","8","2004","2009","527","35","1438","9","0","2001","527","35","1432","7","0","8","0","0","6","2","0"
"145682","Illinois Central College","2013","10,000 - 19,999","10770","3967","6803","6251","10770","1588","169","6125","2888","0","3967","1125","94","2277","471","0","6803","463","75","3848","2417","0"
"145691","Illinois College","2013","1,000 - 4,999","1028","981","47","999","1010","270","32","679","29","18","981","270","32","672","7","0","29","0","0","7","22","18"
"145707","Olney Central College","2013","1,000 - 4,999","1470","680","790","945","1470","238","8","653","571","0","680","220","7","426","27","0","790","18","1","227","544","0"
"145725","Illinois Institute of Technology","2013","5,000 - 9,999","7850","6539","1311","7042","2926","464","309","2082","71","4924","2712","464","276","1969","3","3827","214","0","33","113","68","1097"
"145770","Argosy University-Chicago","2013","1,000 - 4,999","1017","220","797","527","296","69","15","209","3","721","73","8","5","60","0","147","223","61","10","149","3","574"
"145813","Illinois State University","2013","20,000 and above","20272","17864","2408","18780","17749","2981","1856","12830","82","2523","16683","2978","1718","11936","51","1181","1066","3","138","894","31","1342"
"145831","Illinois Valley Community College","2013","1,000 - 4,999","3705","1499","2206","2240","3705","320","73","2588","724","0","1499","194","37","1207","61","0","2206","126","36","1381","663","0"
"145886","Institute for Clinical Social Work","2013","Under 1,000","129","116","13","121","0","0","0","0","0","129","0","0","0","0","0","116","0","0","0","0","0","13"
"146010","International Academy of Design and Technology-Chicago","2013","Under 1,000","346","250","96","288","346","29","30","286","1","0","250","12","11","227","0","0","96","17","19","59","1","0"
"146205","John A Logan College","2013","5,000 - 9,999","7150","2091","5059","3789","7150","736","1169","1952","3293","0","2091","581","571","909","30","0","5059","155","598","1043","3263","0"
"146241","The John Marshall Law School","2013","1,000 - 4,999","1466","1046","420","1206","0","0","0","0","0","1466","0","0","0","0","0","1046","0","0","0","0","0","420"
"146278","John Wood Community College","2013","1,000 - 4,999","1923","956","967","1281","1923","538","175","925","285","0","956","419","98","432","7","0","967","119","77","493","278","0"
"146296","Joliet Junior College","2013","10,000 - 19,999","16869","5849","11020","9549","16869","1699","411","10904","3855","0","5849","987","201","4555","106","0","11020","712","210","6349","3749","0"
"146339","Judson University","2013","1,000 - 4,999","1170","856","314","979","1066","201","173","646","46","104","783","189","83","504","7","73","283","12","90","142","39","31"
"146348","Kankakee Community College","2013","1,000 - 4,999","3825","1599","2226","2346","3825","383","128","2604","710","0","1599","282","72","1149","96","0","2226","101","56","1455","614","0"
"146366","Kaskaskia College","2013","5,000 - 9,999","5258","1952","3306","3062","5258","353","113","2625","2167","0","1952","229","81","1531","111","0","3306","124","32","1094","2056","0"
"146393","Kendall College","2013","1,000 - 4,999","1659","938","721","1221","1659","98","229","1252","80","0","938","86","172","668","12","0","721","12","57","584","68","0"
"146418","Kishwaukee College","2013","1,000 - 4,999","4717","2348","2369","3143","4717","603","335","2689","1090","0","2348","472","255","1585","36","0","2369","131","80","1104","1054","0"
"146427","Knox College","2013","1,000 - 4,999","1424","1400","24","1409","1424","380","22","1000","22","0","1400","380","22","994","4","0","24","0","0","6","18","0"
"146454","Educators of Beauty College of Cosmetology-La Salle","2013","Under 1,000","33","33","0","33","33","11","0","22","0","0","33","11","0","22","0","0","0","0","0","0","0","0"
"146472","College of Lake County","2013","10,000 - 19,999","17685","4764","12921","9102","17685","2049","606","9323","5707","0","4764","1177","290","2593","704","0","12921","872","316","6730","5003","0"
"146481","Lake Forest College","2013","1,000 - 4,999","1618","1582","36","1596","1590","399","87","1091","13","28","1571","399","87","1081","4","11","19","0","0","10","9","17"
"146490","Lake Forest Graduate School of Management","2013","Under 1,000","530","0","530","202","0","0","0","0","0","530","0","0","0","0","0","0","0","0","0","0","0","530"
"146506","Lake Land College","2013","5,000 - 9,999","6351","2809","3542","3998","6351","1101","176","2841","2233","0","2809","909","120","1705","75","0","3542","192","56","1136","2158","0"
"146533","Lakeview College of Nursing","2013","Under 1,000","316","254","62","278","316","0","85","199","32","0","254","0","85","169","0","0","62","0","0","30","32","0"
"146603","Lewis and Clark Community College","2013","5,000 - 9,999","8520","2421","6099","4469","8520","735","128","3815","3842","0","2421","567","72","1538","244","0","6099","168","56","2277","3598","0"
"146612","Lewis University","2013","5,000 - 9,999","6525","4123","2402","5050","4613","694","633","3162","124","1912","3723","694","456","2565","8","400","890","0","177","597","116","1512"
"146667","Lincoln Christian University","2013","Under 1,000","997","734","263","836","623","79","67","467","10","374","511","79","57","367","8","223","112","0","10","100","2","151"
"146676","Lincoln College","2013","1,000 - 4,999","1240","798","442","972","1240","396","99","668","77","0","798","375","64","358","1","0","442","21","35","310","76","0"
"146685","Lincoln Land Community College","2013","5,000 - 9,999","7020","2985","4035","4340","7020","1418","233","4100","1269","0","2985","1024","140","1587","234","0","4035","394","93","2513","1035","0"
"146700","Lincoln College of Technology-Melrose Park","2013","Under 1,000","617","617","0","617","617","184","59","374","0","0","617","184","59","374","0","0","0","0","0","0","0","0"
"146719","Loyola University Chicago","2013","10,000 - 19,999","15957","13463","2494","14425","10168","2512","597","6822","237","5789","9339","2497","491","6193","158","4124","829","15","106","629","79","1665"
"146728","Lutheran School of Theology at Chicago","2013","Under 1,000","261","165","96","202","0","0","0","0","0","261","0","0","0","0","0","165","0","0","0","0","0","96"
"146755","Trinity College of Nursing & Health Sciences","2013","Under 1,000","234","114","120","161","234","0","95","96","43","0","114","0","50","64","0","0","120","0","45","32","43","0"
"146791","CET-Chicago","2013","Under 1,000","209","209","0","209","209","98","0","111","0","0","209","98","0","111","0","0","0","0","0","0","0","0"
"146807","Mac Daniels Beauty School","2013","Under 1,000","62","39","23","48","62","5","0","57","0","0","39","4","0","35","0","0","23","1","0","22","0","0"
"146816","MacCormac College","2013","Under 1,000","215","104","111","148","215","29","41","139","6","0","104","22","24","58","0","0","111","7","17","81","6","0"
"146825","MacMurray College","2013","Under 1,000","571","517","54","538","571","120","54","368","29","0","517","120","49","347","1","0","54","0","5","21","28","0"
"146977","McCormick Theological Seminary","2013","Under 1,000","207","51","156","111","0","0","0","0","0","207","0","0","0","0","0","51","0","0","0","0","0","156"
"147004","McHenry County College","2013","5,000 - 9,999","7023","2642","4381","4113","7023","1212","348","3332","2131","0","2642","748","124","1367","403","0","4381","464","224","1965","1728","0"
"147013","McKendree University","2013","1,000 - 4,999","3027","1935","1092","2358","2358","387","340","1585","46","669","1776","387","224","1162","3","159","582","0","116","423","43","510"
"147031","Meadville Lombard Theological School","2013","Under 1,000","84","44","40","59","0","0","0","0","0","84","0","0","0","0","0","44","0","0","0","0","0","40"
"147129","Methodist College","2013","Under 1,000","508","350","158","412","508","14","105","389","0","0","350","14","69","267","0","0","158","0","36","122","0","0"
"147165","Midstate College","2013","Under 1,000","543","183","360","324","543","15","124","393","11","0","183","6","43","133","1","0","360","9","81","260","10","0"
"147244","Millikin University","2013","1,000 - 4,999","2261","2126","135","2179","2153","451","128","1543","31","108","2044","450","118","1460","16","82","109","1","10","83","15","26"
"147341","Monmouth College","2013","1,000 - 4,999","1255","1244","11","1248","1255","390","42","815","8","0","1244","390","41","808","5","0","11","0","1","7","3","0"
"147369","Moody Bible Institute","2013","1,000 - 4,999","3709","2601","1108","3032","3103","468","434","2117","84","606","2413","414","347","1645","7","188","690","54","87","472","77","418"
"147378","Moraine Valley Community College","2013","10,000 - 19,999","16106","6764","9342","9900","16106","2180","373","8434","5119","0","6764","1651","155","3709","1249","0","9342","529","218","4725","3870","0"
"147396","Morrison Institute of Technology","2013","Under 1,000","103","103","0","103","103","38","6","59","0","0","103","38","6","59","0","0","0","0","0","0","0","0"
"147411","Morton College","2013","1,000 - 4,999","4886","1553","3333","2672","4886","541","55","2318","1972","0","1553","325","28","885","315","0","3333","216","27","1433","1657","0"
"147439","Mr John's School of Cosmetology Esthetics & Nails-Decatur","2013","Under 1,000","86","72","14","78","86","19","0","67","0","0","72","16","0","56","0","0","14","3","0","11","0","0"
"147536","National Louis University","2013","1,000 - 4,999","4814","2209","2605","3211","1427","28","319","1046","34","3387","784","27","209","548","0","1425","643","1","110","498","34","1962"
"147590","National University of Health Sciences","2013","Under 1,000","786","699","87","733","121","0","28","59","34","665","62","0","18","36","8","637","59","0","10","23","26","28"
"147642","Niles School of Cosmetology","2013","Under 1,000","78","16","62","41","78","25","0","53","0","0","16","7","0","9","0","0","62","18","0","44","0","0"
"147660","North Central College","2013","1,000 - 4,999","3048","2682","366","2824","2797","529","324","1847","97","251","2592","529","308","1738","17","90","205","0","16","109","80","161"
"147679","North Park University","2013","1,000 - 4,999","3136","1970","1166","2419","2204","373","275","1542","14","932","1861","371","210","1279","1","109","343","2","65","263","13","823"
"147697","Northern Baptist Theological Seminary","2013","Under 1,000","205","119","86","152","0","0","0","0","0","205","0","0","0","0","0","119","0","0","0","0","0","86"
"147703","Northern Illinois University","2013","20,000 and above","21138","16053","5085","17976","15814","2679","1881","11222","32","5324","13821","2630","1592","9591","8","2232","1993","49","289","1631","24","3092"
"147749","Northwestern College-Chicago Campus","2013","Under 1,000","430","235","195","312","430","85","8","337","0","0","235","69","0","166","0","0","195","16","8","171","0","0"
"147767","Northwestern University","2013","20,000 and above","21592","17190","4402","18880","9283","2040","77","6738","428","12309","8489","2040","77","6341","31","8701","794","0","0","397","397","3608"
"147776","Northeastern Illinois University","2013","10,000 - 19,999","10821","5415","5406","7533","8950","808","1356","6663","123","1871","5068","764","745","3514","45","347","3882","44","611","3149","78","1524"
"147800","Oakton Community College","2013","10,000 - 19,999","10866","2976","7890","5625","10866","1262","1036","7813","755","0","2976","749","267","1960","0","0","7890","513","769","5853","755","0"
"147819","Oehrlein School of Cosmetology","2013","Under 1,000","70","70","0","70","70","38","0","32","0","0","70","38","0","32","0","0","0","0","0","0","0","0"
"147828","Olivet Nazarene University","2013","1,000 - 4,999","4579","3185","1394","3722","3335","753","344","2228","10","1244","2905","753","276","1874","2","280","430","0","68","354","8","964"
"147916","Parkland College","2013","5,000 - 9,999","8437","3150","5287","4925","8437","1057","292","6080","1008","0","3150","675","172","2168","135","0","5287","382","120","3912","873","0"
"147970","Pivot Point Academy-Evanston","2013","Under 1,000","179","179","0","179","179","56","0","123","0","0","179","56","0","123","0","0","0","0","0","0","0","0"
"148007","Prairie State College","2013","5,000 - 9,999","5064","1997","3067","3027","5064","612","359","3680","413","0","1997","418","190","1325","64","0","3067","194","169","2355","349","0"
"148016","Principia College","2013","Under 1,000","508","490","18","497","508","125","23","347","13","0","490","125","22","333","10","0","18","0","1","14","3","0"
"148098","Professional's Choice Hair Design Academy","2013","Under 1,000","49","35","14","41","49","8","0","41","0","0","35","8","0","27","0","0","14","0","0","14","0","0"
"148131","Quincy University","2013","1,000 - 4,999","1455","1162","293","1275","1196","275","103","788","30","259","1082","275","99","708","0","80","114","0","4","80","30","179"
"148140","Vatterott College-Quincy","2013","Under 1,000","200","200","0","200","200","23","14","163","0","0","200","23","14","163","0","0","0","0","0","0","0","0"
"148177","The Illinois Institute of Art-Chicago","2013","1,000 - 4,999","2322","1770","552","1987","2322","509","318","1495","0","0","1770","449","236","1085","0","0","552","60","82","410","0","0"
"148256","Rend Lake College","2013","1,000 - 4,999","2714","1479","1235","1894","2714","417","79","1251","967","0","1479","355","53","870","201","0","1235","62","26","381","766","0"
"148292","Richland Community College","2013","1,000 - 4,999","3340","1061","2279","1826","3340","605","11","2018","706","0","1061","272","7","725","57","0","2279","333","4","1293","649","0"
"148335","Robert Morris University Illinois","2013","1,000 - 4,999","3233","2672","561","2888","2781","699","754","1322","6","452","2649","698","731","1220","0","23","132","1","23","102","6","429"
"148380","Rock Valley College","2013","5,000 - 9,999","8150","3652","4498","5162","8150","1144","207","6044","755","0","3652","776","101","2511","264","0","4498","368","106","3533","491","0"
"148399","Madison Media Institute - Rockford Career College","2013","Under 1,000","484","214","270","321","484","129","0","355","0","0","214","67","0","147","0","0","270","62","0","208","0","0"
"148405","Rockford University","2013","1,000 - 4,999","1230","876","354","1013","972","110","257","596","9","258","838","103","199","534","2","38","134","7","58","62","7","220"
"148487","Roosevelt University","2013","5,000 - 9,999","6130","3832","2298","4720","3658","444","637","2515","62","2472","2731","429","518","1763","21","1101","927","15","119","752","41","1371"
"148496","Dominican University","2013","1,000 - 4,999","3470","2457","1013","2846","2069","497","125","1398","49","1401","1907","497","111","1272","27","550","162","0","14","126","22","851"
"148511","Rush University","2013","1,000 - 4,999","2280","1442","838","1763","124","0","55","66","3","2156","79","0","47","32","0","1363","45","0","8","34","3","793"
"148575","Saint Francis Medical Center College of Nursing","2013","Under 1,000","701","327","374","471","420","0","77","340","3","281","314","0","55","259","0","13","106","0","22","81","3","268"
"148584","University of St Francis","2013","1,000 - 4,999","3764","1589","2175","2424","1780","237","209","1311","23","1984","1403","237","176","984","6","186","377","0","33","327","17","1798"
"148593","St John's College of Nursing","2013","Under 1,000","124","115","9","119","124","0","124","0","0","0","115","0","115","0","0","0","9","0","9","0","0","0"
"148627","Saint Xavier University","2013","1,000 - 4,999","4252","2635","1617","3258","2920","594","332","1965","29","1332","2452","591","263","1589","9","183","468","3","69","376","20","1149"
"148654","University of Illinois at Springfield","2013","5,000 - 9,999","5137","2587","2550","3554","3039","316","639","2004","80","2098","1969","312","402","1228","27","618","1070","4","237","776","53","1480"
"148672","Sauk Valley Community College","2013","1,000 - 4,999","2220","998","1222","1408","2220","471","40","1277","432","0","998","374","16","589","19","0","1222","97","24","688","413","0"
"148724","Seabury-Western Theological Seminary","2013","Under 1,000","30","0","30","11","0","0","0","0","0","30","0","0","0","0","0","0","0","0","0","0","0","30"
"148821","Shawnee Community College","2013","1,000 - 4,999","1834","870","964","1194","1834","124","116","1069","525","0","870","100","72","667","31","0","964","24","44","402","494","0"
"148849","Shimer College","2013","Under 1,000","97","79","18","86","97","8","12","77","0","0","79","8","10","61","0","0","18","0","2","16","0","0"
"148876","Saint Augustine College","2013","1,000 - 4,999","1607","1143","464","1325","1607","292","114","1192","9","0","1143","265","86","792","0","0","464","27","28","400","9","0"
"148885","University of Saint Mary of the Lake","2013","Under 1,000","233","233","0","233","0","0","0","0","0","233","0","0","0","0","0","233","0","0","0","0","0","0"
"148937","Southeastern Illinois College","2013","1,000 - 4,999","1930","810","1120","1186","1930","199","57","771","903","0","810","155","42","503","110","0","1120","44","15","268","793","0"
"148955","National Latino Education Institute","2013","Under 1,000","64","64","0","64","64","13","0","51","0","0","64","13","0","51","0","0","0","0","0","0","0","0"
"148982","Spertus College","2013","Under 1,000","219","3","216","86","0","0","0","0","0","219","0","0","0","0","0","3","0","0","0","0","0","216"
"148991","Spoon River College","2013","1,000 - 4,999","1784","713","1071","1073","1784","485","199","523","577","0","713","349","110","237","17","0","1071","136","89","286","560","0"
"149028","Saint Anthony College of Nursing","2013","Under 1,000","291","151","140","205","227","0","48","172","7","64","151","0","32","119","0","0","76","0","16","53","7","64"
"149204","Educators of Beauty College of Cosmetology-Sterling","2013","Under 1,000","45","45","0","45","45","17","0","28","0","0","45","17","0","28","0","0","0","0","0","0","0","0"
"149222","Southern Illinois University-Carbondale","2013","10,000 - 19,999","17964","14478","3486","15802","13306","2631","1751","8838","86","4658","11803","2591","1574","7577","61","2675","1503","40","177","1261","25","1983"
"149231","Southern Illinois University-Edwardsville","2013","10,000 - 19,999","13850","10759","3091","11947","11229","1966","1252","7961","50","2621","9556","1930","991","6622","13","1203","1673","36","261","1339","37","1418"
"149310","Taylor Business Institute","2013","Under 1,000","257","257","0","257","257","28","0","58","171","0","257","28","0","58","171","0","0","0","0","0","0","0"
"149329","Telshe Yeshiva-Chicago","2013","Under 1,000","77","77","0","77","67","18","0","49","0","10","67","18","0","49","0","10","0","0","0","0","0","0"
"149365","South Suburban College","2013","5,000 - 9,999","5212","2085","3127","3135","5212","950","318","3374","570","0","2085","502","145","1351","87","0","3127","448","173","2023","483","0"
"149499","Tri-County Beauty Academy","2013","Under 1,000","14","14","0","14","14","2","0","12","0","0","14","2","0","12","0","0","0","0","0","0","0","0"
"149505","Trinity Christian College","2013","1,000 - 4,999","1380","1125","255","1225","1333","205","152","834","142","47","1106","204","115","706","81","19","227","1","37","128","61","28"
"149514","Trinity International University-Illinois","2013","1,000 - 4,999","2125","1234","891","1576","906","182","85","632","7","1219","744","182","67","495","0","490","162","0","18","137","7","729"
"149532","Triton College","2013","10,000 - 19,999","11225","3559","7666","6133","11225","1213","429","7542","2041","0","3559","751","199","2541","68","0","7666","462","230","5001","1973","0"
"149550","University of Spa & Cosmetology Arts","2013","Under 1,000","189","130","59","153","189","36","0","153","0","0","130","32","0","98","0","0","59","4","0","55","0","0"
"149639","VanderCook College of Music","2013","Under 1,000","178","108","70","135","133","15","8","81","29","45","99","15","8","76","0","9","34","0","0","5","29","36"
"149727","Waubonsee Community College","2013","10,000 - 19,999","10721","3469","7252","5904","10721","1475","413","6167","2666","0","3469","1006","189","2205","69","0","7252","469","224","3962","2597","0"
"149763","Resurrection University","2013","Under 1,000","462","316","146","373","321","0","128","193","0","141","221","0","72","149","0","95","100","0","56","44","0","46"
"149772","Western Illinois University","2013","10,000 - 19,999","11707","9605","2102","10410","9873","1652","1243","6978","0","1834","8805","1608","1068","6129","0","800","1068","44","175","849","0","1034"
"149781","Wheaton College","2013","1,000 - 4,999","2993","2665","328","2791","2444","597","61","1757","29","549","2378","597","61","1718","2","287","66","0","0","39","27","262"
"149842","Harper College","2013","10,000 - 19,999","14830","5541","9289","8660","14830","2381","1657","7179","3613","0","5541","1564","506","2663","808","0","9289","817","1151","4516","2805","0"
"150048","Ancilla College","2013","Under 1,000","424","284","140","340","424","151","34","213","26","0","284","143","23","118","0","0","140","8","11","95","26","0"
"150066","Anderson University","2013","1,000 - 4,999","2442","1797","645","2046","2016","442","96","1324","154","426","1737","434","74","1219","10","60","279","8","22","105","144","366"
"150075","Apex Academy of Hair Design Inc","2013","Under 1,000","9","9","0","9","9","1","0","8","0","0","9","1","0","8","0","0","0","0","0","0","0","0"
"150136","Ball State University","2013","20,000 and above","20503","16588","3915","18053","16300","3616","762","11607","315","4203","15128","3605","666","10730","127","1460","1172","11","96","877","188","2743"
"150145","Bethel College-Indiana","2013","1,000 - 4,999","1804","1333","471","1517","1655","248","192","1139","76","149","1302","245","128","928","1","31","353","3","64","211","75","118"
"150163","Butler University","2013","1,000 - 4,999","4827","4348","479","4532","4051","1015","290","2693","53","776","3974","1014","275","2659","26","374","77","1","15","34","27","402"
"150172","Calumet College of Saint Joseph","2013","1,000 - 4,999","1140","622","518","824","988","168","138","682","0","152","580","149","94","337","0","42","408","19","44","345","0","110"
"150215","Christian Theological Seminary","2013","Under 1,000","188","129","59","152","0","0","0","0","0","188","0","0","0","0","0","129","0","0","0","0","0","59"
"150251","College of Court Reporting Inc","2013","Under 1,000","265","83","182","155","265","92","0","160","13","0","83","49","0","34","0","0","182","43","0","126","13","0"
"150288","Concordia Theological Seminary","2013","Under 1,000","301","239","62","263","0","0","0","0","0","301","0","0","0","0","0","239","0","0","0","0","0","62"
"150303","Tricoci University of Beauty Culture-Highland","2013","Under 1,000","182","126","56","148","182","27","0","155","0","0","126","21","0","105","0","0","56","6","0","50","0","0"
"150400","DePauw University","2013","1,000 - 4,999","2304","2280","24","2289","2304","641","21","1610","32","0","2280","641","21","1607","11","0","24","0","0","3","21","0"
"150428","Don Roberts School of Hair Design","2013","Under 1,000","53","49","4","51","53","16","0","37","0","0","49","16","0","33","0","0","4","0","0","4","0","0"
"150437","Don Roberts Beauty School","2013","Under 1,000","77","35","42","52","77","20","0","57","0","0","35","20","0","15","0","0","42","0","0","42","0","0"
"150455","Earlham College","2013","1,000 - 4,999","1159","1099","60","1122","1064","253","18","745","48","95","1045","253","18","739","35","54","19","0","0","6","13","41"
"150534","University of Evansville","2013","1,000 - 4,999","2630","2433","197","2510","2477","543","67","1763","104","153","2290","543","59","1688","0","143","187","0","8","75","104","10"
"150604","Franklin College","2013","1,000 - 4,999","1014","952","62","976","1014","272","15","682","45","0","952","272","14","666","0","0","62","0","1","16","45","0"
"150668","Goshen College","2013","Under 1,000","888","760","128","810","828","167","42","569","50","60","745","167","40","535","3","15","83","0","2","34","47","45"
"150677","Grace College and Theological Seminary","2013","1,000 - 4,999","1904","1416","488","1606","1615","372","52","862","329","289","1274","372","51","832","19","142","341","0","1","30","310","147"
"150695","Hair Fashions By Kaye Beauty College-Noblesville","2013","Under 1,000","70","70","0","70","70","31","0","39","0","0","70","31","0","39","0","0","0","0","0","0","0","0"
"150710","Hair Fashions By Kaye Beauty College-Indianapolis","2013","Under 1,000","108","108","0","108","108","37","0","71","0","0","108","37","0","71","0","0","0","0","0","0","0","0"
"150756","Hanover College","2013","1,000 - 4,999","1163","1158","5","1160","1163","334","15","810","4","0","1158","334","15","807","2","0","5","0","0","3","2","0"
"150765","J Michael Harrold Beauty Academy","2013","Under 1,000","86","86","0","86","86","16","0","70","0","0","86","16","0","70","0","0","0","0","0","0","0","0"
"150774","Holy Cross College","2013","Under 1,000","524","496","28","507","524","165","42","283","34","0","496","165","39","277","15","0","28","0","3","6","19","0"
"150853","PJ's College of Cosmetology-Clarksville","2013","Under 1,000","116","94","22","103","116","14","0","102","0","0","94","13","0","81","0","0","22","1","0","21","0","0"
"150941","Huntington University","2013","1,000 - 4,999","1124","990","134","1042","1053","226","34","770","23","71","960","225","33","702","0","30","93","1","1","68","23","41"
"150987","Ivy Tech Community College","2013","20,000 and above","98778","34212","64566","55889","98778","16181","5018","65818","11761","0","34212","8051","2275","23171","715","0","64566","8130","2743","42647","11046","0"
"151102","Indiana University-Purdue University-Fort Wayne","2013","10,000 - 19,999","13459","7537","5922","9910","12928","1660","536","7599","3133","531","7418","1577","407","5362","72","119","5510","83","129","2237","3061","412"
"151111","Indiana University-Purdue University-Indianapolis","2013","20,000 and above","30488","21097","9391","24730","22409","3795","1754","16020","840","8079","16760","3503","1314","11799","144","4337","5649","292","440","4221","696","3742"
"151166","Harrison College-Indianapolis","2013","1,000 - 4,999","3726","2395","1331","2918","3726","312","524","2890","0","0","2395","214","344","1837","0","0","1331","98","180","1053","0","0"
"151263","University of Indianapolis","2013","5,000 - 9,999","5452","3609","1843","4324","4162","834","269","3005","54","1290","3169","800","170","2197","2","440","993","34","99","808","52","850"
"151290","Indiana Institute of Technology","2013","5,000 - 9,999","6307","4016","2291","4913","5717","920","884","3866","47","590","3710","571","433","2682","24","306","2007","349","451","1184","23","284"
"151306","University of Southern Indiana","2013","5,000 - 9,999","9902","7513","2389","8441","8913","1709","570","6485","149","989","7375","1688","427","5224","36","138","1538","21","143","1261","113","851"
"151324","Indiana State University","2013","10,000 - 19,999","12448","10068","2380","10976","10268","2661","719","6793","95","2180","9131","2654","549","5919","9","937","1137","7","170","874","86","1243"
"151333","Indiana University-Kokomo","2013","1,000 - 4,999","4178","2063","2115","2910","3981","508","310","1890","1273","197","2012","461","210","1331","10","51","1969","47","100","559","1263","146"
"151342","Indiana University-South Bend","2013","5,000 - 9,999","8073","4083","3990","5674","7512","921","407","4210","1974","561","3984","835","294","2815","40","99","3528","86","113","1395","1934","462"
"151351","Indiana University-Bloomington","2013","20,000 and above","46817","37467","9350","41092","36862","7604","951","23429","4878","9955","31050","7583","918","22409","140","6417","5812","21","33","1020","4738","3538"
"151360","Indiana University-Northwest","2013","5,000 - 9,999","6387","3358","3029","4566","5904","830","383","3551","1140","483","3221","696","240","2253","32","137","2683","134","143","1298","1108","346"
"151379","Indiana University-Southeast","2013","5,000 - 9,999","6733","3695","3038","4898","6148","1026","510","4163","449","585","3665","909","331","2403","22","30","2483","117","179","1760","427","555"
"151388","Indiana University-East","2013","1,000 - 4,999","4456","2009","2447","2994","4326","404","471","2257","1194","130","1948","386","243","1296","23","61","2378","18","228","961","1171","69"
"151458","International Business College-Fort Wayne","2013","Under 1,000","406","406","0","406","406","167","86","153","0","0","406","167","86","153","0","0","0","0","0","0","0","0"
"151467","International Business College-Indianapolis","2013","Under 1,000","399","399","0","399","399","159","101","139","0","0","399","159","101","139","0","0","0","0","0","0","0","0"
"151494","ITT Technical Institute-Nashville","2013","Under 1,000","525","381","144","438","525","55","9","461","0","0","381","50","5","326","0","0","144","5","4","135","0","0"
"151500","ITT Technical Institute-Fort Wayne","2013","Under 1,000","283","196","87","230","283","41","3","239","0","0","196","32","3","161","0","0","87","9","0","78","0","0"
"151519","ITT Technical Institute-Indianapolis","2013","1,000 - 4,999","4397","2375","2022","3168","4296","770","105","3421","0","101","2375","411","62","1902","0","0","1921","359","43","1519","0","101"
"151537","J Everett Light Career Center","2013","Under 1,000","40","40","0","40","40","39","0","1","0","0","40","39","0","1","0","0","0","0","0","0","0","0"
"151564","Knox Beauty College","2013","Under 1,000","39","16","23","25","39","33","0","6","0","0","16","12","0","4","0","0","23","21","0","2","0","0"
"151607","Lafayette Beauty Academy","2013","Under 1,000","82","61","21","69","82","19","0","63","0","0","61","9","0","52","0","0","21","10","0","11","0","0"
"151616","Brown Mackie College-Merrillville","2013","Under 1,000","619","619","0","619","619","98","102","419","0","0","619","98","102","419","0","0","0","0","0","0","0","0"
"151625","Brown Mackie College-Michigan City","2013","Under 1,000","290","290","0","290","290","42","26","222","0","0","290","42","26","222","0","0","0","0","0","0","0","0"
"151652","Empire Beauty School-Indianapolis","2013","Under 1,000","194","155","39","170","194","75","0","119","0","0","155","62","0","93","0","0","39","13","0","26","0","0"
"151661","Lincoln College of Technology-Indianapolis","2013","1,000 - 4,999","1240","1240","0","1240","1240","276","1","963","0","0","1240","276","1","963","0","0","0","0","0","0","0","0"
"151777","Manchester University","2013","1,000 - 4,999","1349","1327","22","1336","1199","367","20","801","11","150","1182","367","20","792","3","145","17","0","0","9","8","5"
"151786","Marian University","2013","1,000 - 4,999","2714","1863","851","2194","2203","336","295","1423","149","511","1679","334","176","1165","4","184","524","2","119","258","145","327"
"151801","Indiana Wesleyan University","2013","10,000 - 19,999","14959","13321","1638","13960","10766","1437","1586","7602","141","4193","9581","1358","1499","6724","0","3740","1185","79","87","878","141","453"
"151810","Martin University","2013","Under 1,000","506","215","291","329","452","54","42","356","0","54","192","23","27","142","0","23","260","31","15","214","0","31"
"151829","Masters of Cosmetology College","2013","Under 1,000","96","96","0","96","96","21","0","75","0","0","96","21","0","75","0","0","0","0","0","0","0","0"
"151865","Anabaptist Mennonite Biblical Seminary","2013","Under 1,000","101","31","70","58","0","0","0","0","0","101","0","0","0","0","0","31","0","0","0","0","0","70"
"151874","Merrillville Beauty College","2013","Under 1,000","62","53","9","57","62","26","0","36","0","0","53","24","0","29","0","0","9","2","0","7","0","0"
"151944","Brown Mackie College-South Bend","2013","Under 1,000","423","423","0","423","423","67","66","290","0","0","423","67","66","290","0","0","0","0","0","0","0","0"
"151962","Mid-America College of Funeral Service","2013","Under 1,000","63","63","0","63","63","16","17","30","0","0","63","16","17","30","0","0","0","0","0","0","0","0"
"152044","West Michigan College of Barbering and Beauty","2013","Under 1,000","87","15","72","44","87","37","0","50","0","0","15","3","0","12","0","0","72","34","0","38","0","0"
"152080","University of Notre Dame","2013","10,000 - 19,999","12124","11908","216","11991","8477","2070","127","6269","11","3647","8459","2070","127","6252","10","3449","18","0","0","17","1","198"
"152099","Oakland City University","2013","1,000 - 4,999","2418","494","1924","1249","2311","104","38","445","1724","107","461","99","33","329","0","33","1850","5","5","116","1724","74"
"152150","PJ's College of Cosmetology-Richmond","2013","Under 1,000","37","15","22","24","37","18","0","19","0","0","15","4","0","11","0","0","22","14","0","8","0","0"
"152248","Purdue University-Calumet Campus","2013","5,000 - 9,999","9422","5168","4254","6855","8390","827","710","5929","924","1032","4836","792","383","3550","111","332","3554","35","327","2379","813","700"
"152266","Purdue University-North Central Campus","2013","5,000 - 9,999","6102","2732","3370","4090","6054","653","327","2534","2540","48","2732","611","246","1784","91","0","3322","42","81","750","2449","48"
"152275","Ravenscroft Beauty College","2013","Under 1,000","187","122","65","148","187","16","0","171","0","0","122","10","0","112","0","0","65","6","0","59","0","0"
"152309","Rogers Academy of Hair Design","2013","Under 1,000","51","49","2","50","51","49","0","2","0","0","49","48","0","1","0","0","2","1","0","1","0","0"
"152318","Rose-Hulman Institute of Technology","2013","1,000 - 4,999","2302","2255","47","2273","2205","559","14","1592","40","97","2186","559","14","1578","35","69","19","0","0","14","5","28"
"152327","Rudae's School of Beauty Culture-Kokomo","2013","Under 1,000","39","39","0","39","39","10","0","29","0","0","39","10","0","29","0","0","0","0","0","0","0","0"
"152336","University of Saint Francis-Fort Wayne","2013","1,000 - 4,999","2381","1815","566","2035","1980","388","202","1288","102","401","1616","385","141","1090","0","199","364","3","61","198","102","202"
"152363","Saint Josephs College","2013","1,000 - 4,999","1163","1039","124","1088","1141","296","71","729","45","22","1036","295","54","687","0","3","105","1","17","42","45","19"
"152381","Saint Mary-of-the-Woods College","2013","Under 1,000","887","548","339","680","649","65","61","504","19","238","384","61","33","276","14","164","265","4","28","228","5","74"
"152390","Saint Mary's College","2013","1,000 - 4,999","1479","1469","10","1473","1479","437","18","1015","9","0","1469","437","18","1005","9","0","10","0","0","10","0","0"
"152415","Kaplan College-Hammond","2013","Under 1,000","366","366","0","366","366","86","22","258","0","0","366","86","22","258","0","0","0","0","0","0","0","0"
"152451","Saint Meinrad School of Theology","2013","Under 1,000","246","163","83","195","0","0","0","0","0","246","0","0","0","0","0","163","0","0","0","0","0","83"
"152497","Saint Elizabeth School of Nursing","2013","Under 1,000","269","212","57","235","269","20","0","249","0","0","212","20","0","192","0","0","57","0","0","57","0","0"
"152530","Taylor University","2013","1,000 - 4,999","2245","1929","316","2053","2146","460","51","1362","273","99","1852","459","50","1317","26","77","294","1","1","45","247","22"
"152567","Trine University","2013","1,000 - 4,999","1875","1430","445","1605","1874","372","31","1028","443","1","1429","372","31","996","30","1","445","0","0","32","413","0"
"152600","Valparaiso University","2013","1,000 - 4,999","4508","4062","446","4234","3251","876","173","2160","42","1257","3136","876","163","2079","18","926","115","0","10","81","24","331"
"152628","Vincennes Beauty College","2013","Under 1,000","89","41","48","60","89","22","0","67","0","0","41","16","0","25","0","0","48","6","0","42","0","0"
"152637","Vincennes University","2013","10,000 - 19,999","18383","6049","12334","11026","18383","3039","440","4834","10070","0","6049","2259","304","3079","407","0","12334","780","136","1755","9663","0"
"152673","Wabash College","2013","Under 1,000","902","902","0","902","902","241","4","651","6","0","902","241","4","651","6","0","0","0","0","0","0","0"
"152798","Allen College","2013","Under 1,000","581","279","302","396","398","1","130","267","0","183","258","1","88","169","0","21","140","0","42","98","0","162"
"152822","AIB College of Business","2013","1,000 - 4,999","1019","732","287","845","1019","184","178","645","12","0","732","174","150","407","1","0","287","10","28","238","11","0"
"152992","Briar Cliff University","2013","1,000 - 4,999","1174","881","293","995","1042","180","147","672","43","132","848","180","99","569","0","33","194","0","48","103","43","99"
"153001","Buena Vista University","2013","1,000 - 4,999","2399","1960","439","2131","2293","269","374","1482","168","106","1960","269","344","1260","87","0","333","0","30","222","81","106"
"153074","Capri College-Dubuque","2013","Under 1,000","122","122","0","122","122","13","0","109","0","0","122","13","0","109","0","0","0","0","0","0","0","0"
"153083","Capri College-Cedar Rapids","2013","Under 1,000","192","192","0","192","192","11","0","181","0","0","192","11","0","181","0","0","0","0","0","0","0","0"
"153092","American College of Hairstyling-Cedar Rapids","2013","Under 1,000","11","11","0","11","11","6","0","5","0","0","11","6","0","5","0","0","0","0","0","0","0","0"
"153108","Central College","2013","1,000 - 4,999","1386","1340","46","1358","1386","309","22","972","83","0","1340","309","22","945","64","0","46","0","0","27","19","0"
"153126","Clarke University","2013","1,000 - 4,999","1225","1014","211","1096","1011","181","123","691","16","214","877","181","98","596","2","137","134","0","25","95","14","77"
"153144","Coe College","2013","1,000 - 4,999","1419","1351","68","1378","1419","390","29","936","64","0","1351","389","29","917","16","0","68","1","0","19","48","0"
"153162","Cornell College","2013","1,000 - 4,999","1125","1117","8","1120","1125","270","45","807","3","0","1117","270","45","799","3","0","8","0","0","8","0","0"
"153171","Iowa School of Beauty-Marshalltown","2013","Under 1,000","34","34","0","34","34","9","0","25","0","0","34","9","0","25","0","0","0","0","0","0","0","0"
"153214","Des Moines Area Community College","2013","20,000 and above","20167","7735","12432","11909","20167","3537","1028","10363","5239","0","7735","2250","636","4728","121","0","12432","1287","392","5635","5118","0"
"153241","Divine Word College","2013","Under 1,000","90","90","0","90","90","11","5","73","1","0","90","11","5","73","1","0","0","0","0","0","0","0"
"153250","Dordt College","2013","1,000 - 4,999","1430","1345","85","1378","1376","379","46","913","38","54","1345","378","46","908","13","0","31","1","0","5","25","54"
"153269","Drake University","2013","5,000 - 9,999","5139","4120","1019","4511","3383","850","115","2345","73","1756","3185","850","109","2218","8","935","198","0","6","127","65","821"
"153278","University of Dubuque","2013","1,000 - 4,999","2023","1754","269","1858","1694","443","142","1102","7","329","1544","441","119","984","0","210","150","2","23","118","7","119"
"153296","Ellsworth Community College","2013","1,000 - 4,999","1034","725","309","829","1034","363","71","393","207","0","725","344","69","296","16","0","309","19","2","97","191","0"
"153302","Emmaus Bible College","2013","Under 1,000","187","179","8","182","187","34","30","123","0","0","179","33","30","116","0","0","8","1","0","7","0","0"
"153311","Eastern Iowa Community College District","2013","5,000 - 9,999","8694","2524","6170","4595","8694","1211","87","4411","2985","0","2524","759","34","1378","353","0","6170","452","53","3033","2632","0"
"153320","Faith Baptist Bible College and Theological Seminary","2013","Under 1,000","267","222","45","239","229","60","16","144","9","38","206","60","16","130","0","16","23","0","0","14","9","22"
"153339","Faust Institute of Cosmetology-Storm Lake","2013","Under 1,000","21","21","0","21","21","10","0","11","0","0","21","10","0","11","0","0","0","0","0","0","0","0"
"153366","Graceland University-Lamoni","2013","1,000 - 4,999","2286","1650","636","1896","1559","326","221","887","125","727","1293","326","187","779","1","357","266","0","34","108","124","370"
"153375","Grand View University","2013","1,000 - 4,999","2129","1728","401","1885","2096","298","300","1481","17","33","1728","298","255","1175","0","0","368","0","45","306","17","33"
"153384","Grinnell College","2013","1,000 - 4,999","1721","1664","57","1686","1721","423","6","1232","60","0","1664","423","6","1230","5","0","57","0","0","2","55","0"
"153409","Kaplan University-Mason City Campus","2013","Under 1,000","228","148","80","179","205","24","83","98","0","23","139","18","49","72","0","9","66","6","34","26","0","14"
"153418","Kaplan University-Cedar Rapids Campus","2013","Under 1,000","512","318","194","394","483","39","147","297","0","29","296","28","84","184","0","22","187","11","63","113","0","7"
"153427","Hamilton Technical College","2013","Under 1,000","177","177","0","177","177","88","0","89","0","0","177","88","0","89","0","0","0","0","0","0","0","0"
"153445","Hawkeye Community College","2013","5,000 - 9,999","5809","3068","2741","3988","5809","1123","995","2158","1533","0","3068","912","682","1442","32","0","2741","211","313","716","1501","0"
"153463","American Hair Academy","2013","Under 1,000","32","32","0","32","32","13","0","19","0","0","32","13","0","19","0","0","0","0","0","0","0","0"
"153472","Indian Hills Community College","2013","1,000 - 4,999","4604","2565","2039","3250","4604","767","841","1462","1534","0","2565","703","572","1035","255","0","2039","64","269","427","1279","0"
"153524","Iowa Central Community College","2013","5,000 - 9,999","5697","2998","2699","3904","5697","1213","154","2127","2203","0","2998","1141","101","1580","176","0","2699","72","53","547","2027","0"
"153533","Iowa Lakes Community College","2013","1,000 - 4,999","2574","1343","1231","1756","2574","428","276","1011","859","0","1343","405","158","743","37","0","1231","23","118","268","822","0"
"153542","UnityPoint Health-Des Moines School of Radiologic Technology","2013","Under 1,000","17","17","0","17","17","9","0","8","0","0","17","9","0","8","0","0","0","0","0","0","0","0"
"153588","American College of Hairstyling-Des Moines","2013","Under 1,000","21","21","0","21","21","6","0","15","0","0","21","6","0","15","0","0","0","0","0","0","0","0"
"153597","Iowa School of Beauty-Des Moines","2013","Under 1,000","150","150","0","150","150","47","0","103","0","0","150","47","0","103","0","0","0","0","0","0","0","0"
"153603","Iowa State University","2013","20,000 and above","32955","29398","3557","30747","27659","6089","2042","18981","547","5296","26177","6063","1948","17974","192","3221","1482","26","94","1007","355","2075"
"153621","Iowa Wesleyan College","2013","Under 1,000","599","482","117","528","599","103","101","374","21","0","482","102","76","300","4","0","117","1","25","74","17","0"
"153630","Iowa Western Community College","2013","5,000 - 9,999","6861","3490","3371","4622","6861","1393","686","3018","1764","0","3490","1163","481","1818","28","0","3371","230","205","1200","1736","0"
"153658","University of Iowa","2013","20,000 and above","29748","24295","5453","26370","21974","4460","1140","15714","660","7774","19522","4270","937","14094","221","4773","2452","190","203","1620","439","3001"
"153737","Kirkwood Community College","2013","10,000 - 19,999","15076","6960","8116","9685","15076","2712","542","7391","4431","0","6960","2319","368","3932","341","0","8116","393","174","3459","4090","0"
"153746","La James International College-Cedar Falls","2013","Under 1,000","92","92","0","92","92","28","0","64","0","0","92","28","0","64","0","0","0","0","0","0","0","0"
"153764","La James International College-Johnston","2013","Under 1,000","100","100","0","100","100","33","0","67","0","0","100","33","0","67","0","0","0","0","0","0","0","0"
"153773","La James College of Hairstyling and Cosmetology","2013","Under 1,000","103","103","0","103","103","64","0","39","0","0","103","64","0","39","0","0","0","0","0","0","0","0"
"153782","La James International College-Ft Dodge","2013","Under 1,000","84","84","0","84","84","24","0","60","0","0","84","24","0","60","0","0","0","0","0","0","0","0"
"153825","Loras College","2013","1,000 - 4,999","1621","1500","121","1547","1554","414","49","1058","33","67","1484","414","47","1021","2","16","70","0","2","37","31","51"
"153834","Luther College","2013","1,000 - 4,999","2466","2413","53","2434","2466","628","39","1721","78","0","2413","627","39","1710","37","0","53","1","0","11","41","0"
"153861","Maharishi University of Management","2013","1,000 - 4,999","1136","832","304","948","319","19","54","243","3","817","304","18","49","237","0","528","15","1","5","6","3","289"
"153922","Marshalltown Community College","2013","1,000 - 4,999","2101","937","1164","1328","2101","436","69","761","835","0","937","360","56","503","18","0","1164","76","13","258","817","0"
"153977","Mercy College of Health Sciences","2013","Under 1,000","831","357","474","543","831","46","237","543","5","0","357","32","136","189","0","0","474","14","101","354","5","0"
"154004","Morningside College","2013","1,000 - 4,999","2542","1275","1267","1760","1305","357","69","841","38","1237","1263","357","69","814","23","12","42","0","0","27","15","1225"
"154013","Mount Mercy University","2013","1,000 - 4,999","1761","995","766","1294","1476","154","276","1024","22","285","882","154","148","578","2","113","594","0","128","446","20","172"
"154022","Ashford University","2013","20,000 and above","58104","58078","26","58088","50895","866","5789","43748","492","7209","50869","866","5789","43739","475","7209","26","0","0","9","17","0"
"154059","North Iowa Area Community College","2013","1,000 - 4,999","3207","1561","1646","2114","3207","647","151","1341","1068","0","1561","572","107","841","41","0","1646","75","44","500","1027","0"
"154095","University of Northern Iowa","2013","10,000 - 19,999","12159","9968","2191","10804","10380","1722","912","7536","210","1779","9330","1689","827","6782","32","638","1050","33","85","754","178","1141"
"154101","Northwestern College","2013","1,000 - 4,999","1233","1133","100","1172","1233","284","40","823","86","0","1133","284","37","800","12","0","100","0","3","23","74","0"
"154110","Northeast Iowa Community College-Calmar","2013","5,000 - 9,999","5201","1856","3345","2979","5201","770","234","2021","2176","0","1856","592","134","1048","82","0","3345","178","100","973","2094","0"
"154129","Northwest Iowa Community College","2013","1,000 - 4,999","1628","631","997","966","1628","246","203","377","802","0","631","225","139","249","18","0","997","21","64","128","784","0"
"154156","Des Moines University-Osteopathic Medical Center","2013","1,000 - 4,999","1763","1408","355","1544","0","0","0","0","0","1763","0","0","0","0","0","1408","0","0","0","0","0","355"
"154165","Iowa School of Beauty-Ottumwa","2013","Under 1,000","63","63","0","63","63","14","0","49","0","0","63","14","0","49","0","0","0","0","0","0","0","0"
"154174","Palmer College of Chiropractic-Davenport","2013","1,000 - 4,999","2135","2100","35","2113","39","6","12","21","0","2096","36","5","11","20","0","2064","3","1","1","1","0","32"
"154208","PCI Academy-Ames","2013","Under 1,000","141","141","0","141","141","32","0","109","0","0","141","32","0","109","0","0","0","0","0","0","0","0"
"154235","Saint Ambrose University","2013","1,000 - 4,999","3607","2832","775","3131","2743","562","267","1887","27","864","2440","561","219","1655","5","392","303","1","48","232","22","472"
"154262","St Luke's College","2013","Under 1,000","184","139","45","157","184","1","63","120","0","0","139","1","33","105","0","0","45","0","30","15","0","0"
"154332","La James International College-Davenport","2013","Under 1,000","47","47","0","47","47","13","0","34","0","0","47","13","0","34","0","0","0","0","0","0","0","0"
"154341","La James International College-Iowa City","2013","Under 1,000","64","64","0","64","64","20","0","44","0","0","64","20","0","44","0","0","0","0","0","0","0","0"
"154350","Simpson College","2013","1,000 - 4,999","1773","1500","273","1607","1712","377","111","1199","25","61","1486","373","82","1031","0","14","226","4","29","168","25","47"
"154378","Southeastern Community College","2013","1,000 - 4,999","3225","1611","1614","2153","3225","381","102","2215","527","0","1611","311","80","1091","129","0","1614","70","22","1124","398","0"
"154396","Southwestern Community College","2013","1,000 - 4,999","1573","739","834","1019","1573","313","100","529","631","0","739","289","67","370","13","0","834","24","33","159","618","0"
"154448","Capri College-Davenport","2013","Under 1,000","190","190","0","190","190","22","0","168","0","0","190","22","0","168","0","0","0","0","0","0","0","0"
"154457","Iowa School of Beauty-Sioux City","2013","Under 1,000","54","54","0","54","54","19","0","35","0","0","54","19","0","35","0","0","0","0","0","0","0","0"
"154466","E Q School of Hair Design","2013","Under 1,000","68","68","0","68","68","19","0","49","0","0","68","19","0","49","0","0","0","0","0","0","0","0"
"154493","Upper Iowa University","2013","5,000 - 9,999","5304","3651","1653","4300","4632","267","183","4063","119","672","2981","241","115","2590","35","670","1651","26","68","1473","84","2"
"154518","Waldorf College","2013","1,000 - 4,999","1150","923","227","1012","1150","120","183","787","60","0","923","119","145","657","2","0","227","1","38","130","58","0"
"154527","Wartburg College","2013","1,000 - 4,999","1714","1643","71","1671","1714","451","36","1182","45","0","1643","451","35","1155","2","0","71","0","1","27","43","0"
"154536","Wartburg Theological Seminary","2013","Under 1,000","139","127","12","132","0","0","0","0","0","139","0","0","0","0","0","127","0","0","0","0","0","12"
"154545","College of Hair Design","2013","Under 1,000","46","46","0","46","46","11","0","35","0","0","46","11","0","35","0","0","0","0","0","0","0","0"
"154572","Western Iowa Tech Community College","2013","5,000 - 9,999","6331","2459","3872","3759","6331","570","1173","1814","2774","0","2459","427","690","1078","264","0","3872","143","483","736","2510","0"
"154590","William Penn University","2013","1,000 - 4,999","1875","1655","220","1741","1728","264","217","1077","170","147","1536","264","209","1053","10","119","192","0","8","24","160","28"
"154642","Allen County Community College","2013","1,000 - 4,999","2852","1327","1525","1839","2852","551","200","2101","0","0","1327","418","138","771","0","0","1525","133","62","1330","0","0"
"154688","Baker University","2013","1,000 - 4,999","3076","1315","1761","1997","1897","235","180","1344","138","1179","1069","235","96","735","3","246","828","0","84","609","135","933"
"154697","Barton County Community College","2013","5,000 - 9,999","5210","1402","3808","2680","5210","712","179","1694","2625","0","1402","430","109","743","120","0","3808","282","70","951","2505","0"
"154712","Benedictine College","2013","1,000 - 4,999","2177","1796","381","1945","2113","494","69","1187","363","64","1750","494","68","1166","22","46","363","0","1","21","341","18"
"154721","Bethany College","2013","Under 1,000","665","603","62","627","665","184","75","345","61","0","603","184","75","343","1","0","62","0","0","2","60","0"
"154749","Bethel College-North Newton","2013","Under 1,000","482","464","18","471","482","123","74","285","0","0","464","123","71","270","0","0","18","0","3","15","0","0"
"154767","Brown Mackie College-Kansas City","2013","Under 1,000","486","486","0","486","486","134","17","335","0","0","486","134","17","335","0","0","0","0","0","0","0","0"
"154776","Brown Mackie College-Salina","2013","Under 1,000","508","508","0","508","508","187","2","317","2","0","508","187","2","317","2","0","0","0","0","0","0","0"
"154794","Bryan University","2013","Under 1,000","88","88","0","88","88","8","10","70","0","0","88","8","10","70","0","0","0","0","0","0","0","0"
"154800","Butler Community College","2013","5,000 - 9,999","9142","4111","5031","5800","9142","1700","618","4543","2281","0","4111","1250","304","1967","590","0","5031","450","314","2576","1691","0"
"154837","Central Baptist Theological Seminary","2013","Under 1,000","337","248","89","282","82","32","29","21","0","255","77","30","28","19","0","171","5","2","1","2","0","84"
"154855","Central Christian College of Kansas","2013","1,000 - 4,999","1037","741","296","857","1037","173","94","498","272","0","741","173","93","473","2","0","296","0","1","25","270","0"
"154907","Cloud County Community College","2013","1,000 - 4,999","2318","883","1435","1365","2318","406","182","708","1022","0","883","357","98","396","32","0","1435","49","84","312","990","0"
"154925","Coffeyville Community College","2013","1,000 - 4,999","1866","1072","794","1339","1866","528","70","675","593","0","1072","495","65","512","0","0","794","33","5","163","593","0"
"154934","Colby Community College","2013","1,000 - 4,999","1402","643","759","898","1402","320","121","374","587","0","643","275","63","232","73","0","759","45","58","142","514","0"
"154952","Cowley County Community College","2013","1,000 - 4,999","3888","2071","1817","2681","3888","762","126","2507","493","0","2071","561","60","1450","0","0","1817","201","66","1057","493","0"
"154970","Marinello Schools of Beauty-Manhattan","2013","Under 1,000","111","105","6","107","111","31","0","80","0","0","105","31","0","74","0","0","6","0","0","6","0","0"
"154998","Dodge City Community College","2013","1,000 - 4,999","1785","975","810","1247","1785","461","88","612","624","0","975","407","63","418","87","0","810","54","25","194","537","0"
"155007","Donnelly College","2013","Under 1,000","474","271","203","351","474","135","19","265","55","0","271","105","7","108","51","0","203","30","12","157","4","0"
"155025","Emporia State University","2013","5,000 - 9,999","6033","3787","2246","4617","3873","696","387","2641","149","2160","3445","668","339","2377","61","342","428","28","48","264","88","1818"
"155052","Flint Hills Technical College","2013","Under 1,000","834","509","325","618","834","174","116","310","234","0","509","155","96","242","16","0","325","19","20","68","218","0"
"155061","Fort Hays State University","2013","10,000 - 19,999","13441","5999","7442","8941","11433","1063","2091","7910","369","2008","5449","981","629","3707","132","550","5984","82","1462","4203","237","1458"
"155070","Barclay College","2013","Under 1,000","260","209","51","229","234","49","31","153","1","26","183","37","20","126","0","26","51","12","11","27","1","0"
"155089","Friends University","2013","1,000 - 4,999","2178","1206","972","1583","1609","184","263","1121","41","569","1045","178","160","707","0","161","564","6","103","414","41","408"
"155098","Fort Scott Community College","2013","1,000 - 4,999","1931","962","969","1287","1931","503","289","617","522","0","962","385","151","384","42","0","969","118","138","233","480","0"
"155104","Garden City Community College","2013","1,000 - 4,999","1997","1069","928","1381","1997","507","66","875","549","0","1069","445","50","555","19","0","928","62","16","320","530","0"
"155140","Haskell Indian Nations University","2013","Under 1,000","742","721","21","729","742","146","52","543","1","0","721","145","40","535","1","0","21","1","12","8","0","0"
"155159","Hays Academy of Hair Design","2013","Under 1,000","77","77","0","77","77","40","0","37","0","0","77","40","0","37","0","0","0","0","0","0","0","0"
"155177","Hesston College","2013","Under 1,000","445","376","69","403","445","165","50","225","5","0","376","163","22","191","0","0","69","2","28","34","5","0"
"155186","Highland Community College","2013","1,000 - 4,999","3226","1178","2048","1866","3226","579","282","916","1449","0","1178","477","131","510","60","0","2048","102","151","406","1389","0"
"155195","Hutchinson Community College","2013","5,000 - 9,999","6127","2371","3756","3632","6127","1094","320","2650","2063","0","2371","915","142","1273","41","0","3756","179","178","1377","2022","0"
"155201","Independence Community College","2013","1,000 - 4,999","1031","575","456","728","1031","310","59","309","353","0","575","291","45","223","16","0","456","19","14","86","337","0"
"155210","Johnson County Community College","2013","10,000 - 19,999","19672","6331","13341","10810","19672","2100","997","9264","7311","0","6331","1377","449","3509","996","0","13341","723","548","5755","6315","0"
"155283","Concorde Career Colleges","2013","Under 1,000","783","783","0","783","783","207","0","576","0","0","783","207","0","576","0","0","0","0","0","0","0","0"
"155292","Kansas City Kansas Community College","2013","5,000 - 9,999","6570","2397","4173","3798","6570","1023","103","4201","1243","0","2397","578","38","1605","176","0","4173","445","65","2596","1067","0"
"155308","KANSAS CITY COLLEGE AND BIBLE SCHOOL","2013",,,,,,,,,,,,,,,,,,,,,,,
"155317","University of Kansas","2013","20,000 and above","26968","23034","3934","24542","19217","4000","1421","13310","486","7751","17193","3898","1189","11790","316","5841","2024","102","232","1520","170","1910"
"155335","Newman University","2013","1,000 - 4,999","3736","1275","2461","2233","2795","165","206","905","1519","941","1121","164","183","760","14","154","1674","1","23","145","1505","787"
"155353","Old Town Barber College-Wichita","2013","Under 1,000","40","40","0","40","40","33","0","7","0","0","40","33","0","7","0","0","0","0","0","0","0","0"
"155399","Kansas State University","2013","20,000 and above","24581","20549","4032","22094","20169","3821","1509","14317","522","4412","18110","3755","1313","12816","226","2439","2059","66","196","1501","296","1973"
"155414","Kansas Wesleyan University","2013","Under 1,000","729","624","105","665","684","151","104","409","20","45","624","151","96","377","0","0","60","0","8","32","20","45"
"155423","Washburn Institute of Technology","2013","1,000 - 4,999","1162","262","900","564","1162","298","0","863","1","0","262","83","0","179","0","0","900","215","0","684","1","0"
"155441","La Baron Hairdressing Academy-Overland Park","2013","Under 1,000","37","24","13","29","37","15","0","22","0","0","24","8","0","16","0","0","13","7","0","6","0","0"
"155450","Labette Community College","2013","1,000 - 4,999","1959","689","1270","1115","1959","201","82","1091","585","0","689","176","59","406","48","0","1270","25","23","685","537","0"
"155487","Manhattan Area Technical College","2013","Under 1,000","825","491","334","603","825","235","116","399","75","0","491","128","81","265","17","0","334","107","35","134","58","0"
"155496","Manhattan Christian College","2013","Under 1,000","327","222","105","263","327","73","23","205","26","0","222","73","22","127","0","0","105","0","1","78","26","0"
"155511","McPherson College","2013","Under 1,000","656","603","53","624","637","170","92","370","5","19","602","170","84","348","0","1","35","0","8","22","5","18"
"155520","MidAmerica Nazarene University","2013","1,000 - 4,999","1907","1491","416","1653","1438","223","335","832","48","469","1131","218","206","705","2","360","307","5","129","127","46","109"
"155566","Neosho County Community College","2013","1,000 - 4,999","2667","934","1733","1516","2667","363","194","877","1233","0","934","326","102","463","43","0","1733","37","92","414","1190","0"
"155593","North Central Kansas Technical College","2013","Under 1,000","844","535","309","639","844","219","74","211","340","0","535","218","74","182","61","0","309","1","0","29","279","0"
"155618","Northwest Kansas Technical College","2013","Under 1,000","626","392","234","471","626","190","20","181","235","0","392","188","19","177","8","0","234","2","1","4","227","0"
"155627","Ottawa University-Ottawa","2013","Under 1,000","558","523","35","537","538","145","40","348","5","20","522","144","37","339","2","1","16","1","3","9","3","19"
"155636","Ottawa University-Kansas City","2013","Under 1,000","356","0","356","139","292","3","74","169","46","64","0","0","0","0","0","0","292","3","74","169","46","64"
"155681","Pittsburg State University","2013","5,000 - 9,999","7400","6006","1394","6536","6236","1144","584","4277","231","1164","5625","1128","533","3960","4","381","611","16","51","317","227","783"
"155715","Pratt Community College","2013","1,000 - 4,999","1541","741","800","1010","1541","323","173","432","613","0","741","301","133","288","19","0","800","22","40","144","594","0"
"155812","University of Saint Mary","2013","1,000 - 4,999","1325","914","411","1075","890","104","104","574","108","435","566","104","76","383","3","348","324","0","28","191","105","87"
"155830","Salina Area Technical College","2013","Under 1,000","447","270","177","329","447","159","35","100","153","0","270","143","32","83","12","0","177","16","3","17","141","0"
"155858","Seward County Community College and Area Technical School","2013","1,000 - 4,999","1857","823","1034","1170","1857","348","96","1174","239","0","823","300","59","461","3","0","1034","48","37","713","236","0"
"155867","Sidneys Hair Dressing College","2013","Under 1,000","48","48","0","48","48","15","0","33","0","0","48","15","0","33","0","0","0","0","0","0","0","0"
"155900","Southwestern College","2013","1,000 - 4,999","1661","574","1087","998","1358","128","238","966","26","303","553","128","71","353","1","21","805","0","167","613","25","282"
"155937","Sterling College","2013","Under 1,000","690","595","95","632","690","169","63","408","50","0","595","169","63","363","0","0","95","0","0","45","50","0"
"155973","Tabor College","2013","Under 1,000","736","565","171","632","725","159","103","444","19","11","565","159","58","348","0","0","160","0","45","96","19","11"
"156082","Washburn University","2013","5,000 - 9,999","6973","4562","2411","5522","6179","851","494","3975","859","794","4072","779","368","2809","116","490","2107","72","126","1166","743","304"
"156107","Wichita Area Technical College","2013","1,000 - 4,999","2934","1087","1847","1707","2934","380","210","1100","1244","0","1087","189","128","551","219","0","1847","191","82","549","1025","0"
"156125","Wichita State University","2013","10,000 - 19,999","14386","10184","4202","11824","11670","1283","1296","8619","472","2716","8807","1218","956","6392","241","1377","2863","65","340","2227","231","1339"
"156134","Wichita Technical Institute","2013","Under 1,000","967","967","0","967","967","180","0","787","0","0","967","180","0","787","0","0","0","0","0","0","0","0"
"156189","Alice Lloyd College","2013","Under 1,000","631","606","25","616","631","189","39","389","14","0","606","189","39","378","0","0","25","0","0","11","14","0"
"156213","Asbury University","2013","1,000 - 4,999","1797","1390","407","1548","1547","322","124","946","155","250","1326","322","84","902","18","64","221","0","40","44","137","186"
"156222","Asbury Theological Seminary","2013","1,000 - 4,999","1440","658","782","957","0","0","0","0","0","1440","0","0","0","0","0","658","0","0","0","0","0","782"
"156231","Ashland Community and Technical College","2013","1,000 - 4,999","3359","1824","1535","2339","3359","546","125","1854","834","0","1824","418","76","1256","74","0","1535","128","49","598","760","0"
"156277","Barrett and Company School of Hair Design","2013","Under 1,000","93","93","0","93","93","31","0","62","0","0","93","31","0","62","0","0","0","0","0","0","0","0"
"156286","Bellarmine University","2013","1,000 - 4,999","3419","2682","737","2966","2593","676","70","1762","85","826","2378","674","55","1625","24","304","215","2","15","137","61","522"
"156295","Berea College","2013","1,000 - 4,999","1623","1587","36","1601","1623","397","42","1148","36","0","1587","397","42","1142","6","0","36","0","0","6","30","0"
"156310","PJ's College of Cosmetology-Bowling Green","2013","Under 1,000","372","311","61","335","372","46","0","326","0","0","311","43","0","268","0","0","61","3","0","58","0","0"
"156338","Southcentral Kentucky Community and Technical College","2013","1,000 - 4,999","4758","1744","3014","2756","4758","480","187","2455","1636","0","1744","306","102","1331","5","0","3014","174","85","1124","1631","0"
"156356","Brescia University","2013","Under 1,000","949","695","254","795","928","151","165","553","59","21","688","151","100","437","0","7","240","0","65","116","59","14"
"156365","Campbellsville University","2013","1,000 - 4,999","3520","2195","1325","2713","3048","531","215","1467","835","472","1982","522","167","1286","7","213","1066","9","48","181","828","259"
"156392","Bluegrass Community and Technical College","2013","10,000 - 19,999","12365","5446","6919","7769","12365","2089","670","7708","1898","0","5446","1369","339","3714","24","0","6919","720","331","3994","1874","0"
"156408","Centre College","2013","1,000 - 4,999","1381","1378","3","1379","1381","377","8","987","9","0","1378","377","8","986","7","0","3","0","0","1","2","0"
"156417","Clear Creek Baptist Bible College","2013","Under 1,000","152","103","49","122","152","6","18","112","16","0","103","5","14","84","0","0","49","1","4","28","16","0"
"156426","Paul Mitchell the School-Lexington","2013","Under 1,000","278","186","92","223","278","29","0","249","0","0","186","22","0","164","0","0","92","7","0","85","0","0"
"156444","Collins School of Cosmetology","2013","Under 1,000","29","29","0","29","29","11","0","18","0","0","29","11","0","18","0","0","0","0","0","0","0","0"
"156471","Galen College of Nursing-Louisville","2013","Under 1,000","847","490","357","632","847","76","168","603","0","0","490","75","85","330","0","0","357","1","83","273","0","0"
"156541","University of the Cumberlands","2013","1,000 - 4,999","4924","2439","2485","3395","2096","488","89","968","551","2828","1514","488","88","918","20","925","582","0","1","50","531","1903"
"156620","Eastern Kentucky University","2013","10,000 - 19,999","16111","11651","4460","13386","13891","2431","1096","9720","644","2220","10969","2380","797","7778","14","682","2922","51","299","1942","630","1538"
"156648","Elizabethtown Community and Technical College","2013","5,000 - 9,999","6929","3058","3871","4358","6929","1272","375","4095","1187","0","3058","835","189","1968","66","0","3871","437","186","2127","1121","0"
"156727","Frontier Nursing University","2013","1,000 - 4,999","1427","777","650","1025","0","0","0","0","0","1427","0","0","0","0","0","777","0","0","0","0","0","650"
"156745","Georgetown College","2013","1,000 - 4,999","1399","1017","382","1163","1043","268","53","713","9","356","1000","243","50","705","2","17","43","25","3","8","7","339"
"156754","PJ's College of Cosmetology-Glasgow","2013","Under 1,000","74","74","0","74","74","8","0","66","0","0","74","8","0","66","0","0","0","0","0","0","0","0"
"156790","Hazard Community and Technical College","2013","1,000 - 4,999","3790","1805","1985","2471","3790","583","100","1902","1205","0","1805","486","76","1240","3","0","1985","97","24","662","1202","0"
"156842","Paul Mitchell the School-Louisville","2013","Under 1,000","247","245","2","246","247","14","0","233","0","0","245","13","0","232","0","0","2","1","0","1","0","0"
"156851","Henderson Community College","2013","1,000 - 4,999","2036","538","1498","1041","2036","258","78","1039","661","0","538","171","26","339","2","0","1498","87","52","700","659","0"
"156860","Hopkinsville Community College","2013","1,000 - 4,999","3609","1627","1982","2292","3609","650","247","2294","418","0","1627","395","115","1113","4","0","1982","255","132","1181","414","0"
"156903","Daymar College-Paducah Main","2013","Under 1,000","86","67","19","74","86","12","6","68","0","0","67","8","2","57","0","0","19","4","4","11","0","0"
"156921","Jefferson Community and Technical College","2013","10,000 - 19,999","13498","4637","8861","7612","13498","1864","753","9015","1866","0","4637","874","305","3317","141","0","8861","990","448","5698","1725","0"
"156949","Jenny Lea Academy of Cosmetology","2013","Under 1,000","26","21","5","23","26","15","0","11","0","0","21","11","0","10","0","0","5","4","0","1","0","0"
"156967","The Salon Professional Academy-Lexington","2013","Under 1,000","132","132","0","132","132","21","0","111","0","0","132","21","0","111","0","0","0","0","0","0","0","0"
"157021","National College-Lexington","2013","1,000 - 4,999","1282","794","488","986","1282","64","206","1005","7","0","794","53","145","596","0","0","488","11","61","409","7","0"
"157030","Kentucky Mountain Bible College","2013","Under 1,000","79","64","15","70","79","20","7","46","6","0","64","20","6","38","0","0","15","0","1","8","6","0"
"157058","Kentucky State University","2013","1,000 - 4,999","2533","1887","646","2144","2370","537","173","1421","239","163","1813","519","146","1145","3","74","557","18","27","276","236","89"
"157076","Kentucky Wesleyan College","2013","Under 1,000","657","621","36","635","657","163","58","431","5","0","621","163","55","403","0","0","36","0","3","28","5","0"
"157085","University of Kentucky","2013","20,000 and above","28435","25658","2777","26728","21441","4684","1100","15266","391","6994","19884","4619","941","14242","82","5774","1557","65","159","1024","309","1220"
"157100","Kentucky Christian University","2013","Under 1,000","594","496","98","534","559","129","63","355","12","35","494","129","40","325","0","2","65","0","23","30","12","33"
"157207","Lexington Theological Seminary","2013","Under 1,000","84","19","65","44","0","0","0","0","0","84","0","0","0","0","0","19","0","0","0","0","0","65"
"157216","Lindsey Wilson College","2013","1,000 - 4,999","2644","2520","124","2568","2200","514","333","1280","73","444","2101","513","320","1251","17","419","99","1","13","29","56","25"
"157270","Sullivan College of Technology and Design","2013","Under 1,000","381","238","143","294","381","50","7","311","13","0","238","44","5","189","0","0","143","6","2","122","13","0"
"157289","University of Louisville","2013","20,000 and above","21444","16364","5080","18349","15954","2855","1142","11026","931","5490","12426","2807","862","8632","125","3938","3528","48","280","2394","806","1552"
"157298","Louisville Presbyterian Theological Seminary","2013","Under 1,000","199","115","84","147","0","0","0","0","0","199","0","0","0","0","0","115","0","0","0","0","0","84"
"157304","Madisonville Community College","2013","1,000 - 4,999","4522","1455","3067","2485","4522","407","88","2130","1897","0","1455","286","25","1119","25","0","3067","121","63","1011","1872","0"
"157331","Maysville Community and Technical College","2013","1,000 - 4,999","3595","1640","1955","2296","3595","584","145","2092","774","0","1640","402","61","1141","36","0","1955","182","84","951","738","0"
"157377","Midway College","2013","1,000 - 4,999","1351","745","606","982","1247","107","177","963","0","104","731","79","100","552","0","14","516","28","77","411","0","90"
"157386","Morehead State University","2013","10,000 - 19,999","11358","6472","4886","8401","10076","1701","501","5142","2732","1282","6209","1691","337","4122","59","263","3867","10","164","1020","2673","1019"
"157401","Murray State University","2013","10,000 - 19,999","10943","7838","3105","9046","9172","1581","692","5683","1216","1771","7153","1569","508","4967","109","685","2019","12","184","716","1107","1086"
"157438","Gateway Community and Technical College","2013","1,000 - 4,999","4646","1467","3179","2534","4646","576","239","2995","836","0","1467","243","101","1115","8","0","3179","333","138","1880","828","0"
"157447","Northern Kentucky University","2013","10,000 - 19,999","15263","10597","4666","12413","12794","2273","799","8904","818","2469","9736","2218","606","6862","50","861","3058","55","193","2042","768","1608"
"157456","Nutek Academy of Beauty Inc","2013","Under 1,000","18","18","0","18","18","3","0","15","0","0","18","3","0","15","0","0","0","0","0","0","0","0"
"157465","Daymar College-Owensboro","2013","Under 1,000","122","75","47","93","122","3","26","93","0","0","75","3","15","57","0","0","47","0","11","36","0","0"
"157483","West Kentucky Community and Technical College","2013","5,000 - 9,999","7104","2481","4623","4033","7104","864","220","3564","2456","0","2481","649","107","1598","127","0","4623","215","113","1966","2329","0"
"157508","Pat Wilson's Beauty College","2013","Under 1,000","73","44","29","56","73","27","0","46","0","0","44","14","0","30","0","0","29","13","0","16","0","0"
"157535","University of Pikeville","2013","1,000 - 4,999","2205","1749","456","1928","1738","386","113","814","425","467","1282","386","107","789","0","467","456","0","6","25","425","0"
"157553","Big Sandy Community and Technical College","2013","1,000 - 4,999","4715","2425","2290","3194","4715","434","79","2770","1432","0","2425","361","53","1955","56","0","2290","73","26","815","1376","0"
"157599","Brown Mackie College-Louisville","2013","1,000 - 4,999","1420","1420","0","1420","1420","279","138","1003","0","0","1420","279","138","1003","0","0","0","0","0","0","0","0"
"157614","Empire Beauty School-Chenoweth","2013","Under 1,000","107","80","27","91","107","27","0","80","0","0","80","18","0","62","0","0","27","9","0","18","0","0"
"157632","Saint Catharine College","2013","Under 1,000","767","575","192","650","748","118","77","410","143","19","570","115","64","373","18","5","178","3","13","37","125","14"
"157650","Empire Beauty School-Elizabethtown","2013","Under 1,000","168","134","34","147","168","44","0","124","0","0","134","35","0","99","0","0","34","9","0","25","0","0"
"157669","Empire Beauty School-Dixie","2013","Under 1,000","123","107","16","113","123","40","0","83","0","0","107","33","0","74","0","0","16","7","0","9","0","0"
"157678","Empire Beauty School-Florence","2013","Under 1,000","165","128","37","143","165","60","0","105","0","0","128","48","0","80","0","0","37","12","0","25","0","0"
"157696","Brown Mackie College-Northern Kentucky","2013","Under 1,000","443","443","0","443","443","49","80","314","0","0","443","49","80","314","0","0","0","0","0","0","0","0"
"157711","Somerset Community College","2013","5,000 - 9,999","7504","3442","4062","4806","7504","1210","252","4575","1467","0","3442","866","150","2421","5","0","4062","344","102","2154","1462","0"
"157739","Southeast Kentucky Community and Technical College","2013","5,000 - 9,999","5221","1968","3253","3060","5221","357","66","2159","2639","0","1968","296","49","1616","7","0","3253","61","17","543","2632","0"
"157748","The Southern Baptist Theological Seminary","2013","1,000 - 4,999","3226","1944","1282","2437","723","120","65","431","107","2503","433","96","48","283","6","1511","290","24","17","148","101","992"
"157757","Spalding University","2013","1,000 - 4,999","2367","1726","641","1975","1371","213","148","916","94","996","954","182","90","682","0","772","417","31","58","234","94","224"
"157766","Spencerian College-Louisville","2013","Under 1,000","533","426","107","468","533","131","0","397","5","0","426","125","0","296","5","0","107","6","0","101","0","0"
"157793","Sullivan University","2013","5,000 - 9,999","5017","3214","1803","3919","3687","364","0","3040","283","1330","2226","302","0","1731","193","988","1461","62","0","1309","90","342"
"157809","Thomas More College","2013","1,000 - 4,999","1600","1221","379","1370","1502","264","45","899","294","98","1140","264","43","830","3","81","362","0","2","69","291","17"
"157818","Transylvania University","2013","1,000 - 4,999","1082","1067","15","1073","1082","290","15","776","1","0","1067","289","15","762","1","0","15","1","0","14","0","0"
"157827","Trend Setters' Academy of Beauty Culture-Louisville","2013","Under 1,000","95","54","41","70","95","58","0","37","0","0","54","29","0","25","0","0","41","29","0","12","0","0"
"157863","Union College","2013","1,000 - 4,999","1164","858","306","976","818","241","75","492","10","346","729","239","64","426","0","129","89","2","11","66","10","217"
"157951","Western Kentucky University","2013","20,000 and above","20448","14315","6133","16706","17509","3117","993","11670","1729","2939","13382","3065","704","9465","148","933","4127","52","289","2205","1581","2006"
"158088","Central Louisiana Technical Community College","2013","1,000 - 4,999","2242","1079","1163","1469","2242","472","145","822","803","0","1079","346","129","518","86","0","1163","126","16","304","717","0"
"158158","American School of Business","2013","Under 1,000","85","61","24","71","85","67","0","18","0","0","61","49","0","12","0","0","24","18","0","6","0","0"
"158246","Ayers Career College","2013","Under 1,000","267","267","0","267","267","71","0","196","0","0","267","71","0","196","0","0","0","0","0","0","0","0"
"158325","Baton Rouge General Medical Center-School of Nursing","2013","Under 1,000","56","56","0","56","56","0","0","56","0","0","56","0","0","56","0","0","0","0","0","0","0","0"
"158334","Baton Rouge General Medical Center-Radiologic Technology","2013","Under 1,000","22","22","0","22","22","0","0","22","0","0","22","0","0","22","0","0","0","0","0","0","0","0"
"158343","Baton Rouge School of Computers","2013","Under 1,000","81","54","27","65","81","41","0","39","1","0","54","28","0","26","0","0","27","13","0","13","1","0"
"158352","Capital Area Technical College","2013","1,000 - 4,999","2324","832","1492","1333","2324","405","163","1042","714","0","832","155","85","503","89","0","1492","250","78","539","625","0"
"158431","Bossier Parish Community College","2013","5,000 - 9,999","8464","4976","3488","6147","8464","1432","1012","4778","1242","0","4976","1027","625","2757","567","0","3488","405","387","2021","675","0"
"158440","Cameron College","2013","Under 1,000","23","23","0","23","23","17","0","6","0","0","23","17","0","6","0","0","0","0","0","0","0","0"
"158477","Centenary College of Louisiana","2013","Under 1,000","661","578","83","610","586","128","19","432","7","75","571","127","19","425","0","7","15","1","0","7","7","68"
"158538","Cloyd's Beauty School 1 Inc","2013","Under 1,000","51","51","0","51","51","21","0","30","0","0","51","21","0","30","0","0","0","0","0","0","0","0"
"158617","Crescent City Bartending School","2013","Under 1,000","469","469","0","469","469","244","0","225","0","0","469","244","0","225","0","0","0","0","0","0","0","0"
"158644","D'Jay's School of Beauty Arts and Sciences","2013","Under 1,000","63","55","8","58","63","27","0","36","0","0","55","20","0","35","0","0","8","7","0","1","0","0"
"158662","Delgado Community College","2013","10,000 - 19,999","18698","7906","10792","11529","18698","3009","2253","12205","1231","0","7906","1984","1057","4528","337","0","10792","1025","1196","7677","894","0"
"158723","Delta School of Business and Technology","2013","Under 1,000","199","199","0","199","199","109","0","90","0","0","199","109","0","90","0","0","0","0","0","0","0","0"
"158778","Demmons School of Beauty","2013","Under 1,000","58","58","0","58","58","24","0","34","0","0","58","24","0","34","0","0","0","0","0","0","0","0"
"158787","Denham Springs Beauty School","2013","Under 1,000","91","91","0","91","91","33","0","58","0","0","91","33","0","58","0","0","0","0","0","0","0","0"
"158802","Dillard University","2013","1,000 - 4,999","1183","1128","55","1150","1183","229","38","916","0","0","1128","224","36","868","0","0","55","5","2","48","0","0"
"158884","Nunez Community College","2013","1,000 - 4,999","2506","918","1588","1451","2506","296","335","1044","831","0","918","195","169","540","14","0","1588","101","166","504","817","0"
"159009","Grambling State University","2013","5,000 - 9,999","5071","4325","746","4607","4155","714","264","3122","55","916","3860","701","257","2899","3","465","295","13","7","223","52","451"
"159027","Guy's Shreveport Academy of Cosmetology Inc","2013","Under 1,000","62","62","0","62","62","6","0","56","0","0","62","6","0","56","0","0","0","0","0","0","0","0"
"159197","ITI Technical College","2013","Under 1,000","630","630","0","630","630","157","0","412","61","0","630","157","0","412","61","0","0","0","0","0","0","0"
"159319","John Jay Beauty College","2013","Under 1,000","36","36","0","36","36","7","0","29","0","0","36","7","0","29","0","0","0","0","0","0","0","0"
"159328","John Jay Beauty College","2013","Under 1,000","76","76","0","76","76","9","0","67","0","0","76","9","0","67","0","0","0","0","0","0","0","0"
"159373","Louisiana State University Health Sciences Center-New Orleans","2013","1,000 - 4,999","2829","2359","470","2542","915","0","257","658","0","1914","599","0","119","480","0","1760","316","0","138","178","0","154"
"159382","Louisiana State University-Alexandria","2013","1,000 - 4,999","2229","1257","972","1648","2211","391","174","1419","227","18","1257","332","119","797","9","0","954","59","55","622","218","18"
"159391","Louisiana State University and Agricultural & Mechanical College","2013","20,000 and above","30478","27172","3306","28456","24923","5501","933","17556","933","5555","22811","5498","885","16324","104","4361","2112","3","48","1232","829","1194"
"159407","Louisiana State University-Eunice","2013","1,000 - 4,999","2673","1283","1390","1750","2673","704","146","1574","249","0","1283","524","60","695","4","0","1390","180","86","879","245","0"
"159416","Louisiana State University-Shreveport","2013","1,000 - 4,999","4114","2229","1885","2977","3674","345","366","2085","878","440","2097","334","264","1466","33","132","1577","11","102","619","845","308"
"159513","Aveda Institute-Baton Rouge","2013","Under 1,000","226","226","0","226","226","126","0","100","0","0","226","126","0","100","0","0","0","0","0","0","0","0"
"159522","Aveda Institute-Lafayette","2013","Under 1,000","116","116","0","116","116","66","0","50","0","0","116","66","0","50","0","0","0","0","0","0","0","0"
"159531","Louisiana Academy of Beauty","2013","Under 1,000","42","42","0","42","42","32","0","10","0","0","42","32","0","10","0","0","0","0","0","0","0","0"
"159568","Louisiana College","2013","1,000 - 4,999","1400","1092","308","1211","1116","265","60","756","35","284","1035","265","50","693","27","57","81","0","10","63","8","227"
"159601","Opelousas School of Cosmetology Inc","2013","Under 1,000","14","14","0","14","14","8","0","6","0","0","14","8","0","6","0","0","0","0","0","0","0","0"
"159647","Louisiana Tech University","2013","10,000 - 19,999","11015","7549","3466","8914","9245","1553","370","5124","2198","1770","6585","1504","300","4469","312","964","2660","49","70","655","1886","806"
"159656","Loyola University New Orleans","2013","1,000 - 4,999","4686","3589","1097","4010","2946","624","161","2125","36","1740","2741","620","131","1970","20","848","205","4","30","155","16","892"
"159717","McNeese State University","2013","5,000 - 9,999","8341","6307","2034","7110","7575","1330","320","5127","798","766","5973","1312","271","4375","15","334","1602","18","49","752","783","432"
"159939","University of New Orleans","2013","5,000 - 9,999","9323","6548","2775","7626","7144","857","733","5264","290","2179","5376","842","598","3867","69","1172","1768","15","135","1397","221","1007"
"159948","New Orleans Baptist Theological Seminary","2013","1,000 - 4,999","2638","894","1744","1568","1081","189","22","868","2","1557","324","36","15","273","0","570","757","153","7","595","2","987"
"159966","Nicholls State University","2013","5,000 - 9,999","6532","4947","1585","5569","5888","1242","262","4178","206","644","4729","1059","203","3445","22","218","1159","183","59","733","184","426"
"159993","University of Louisiana at Monroe","2013","5,000 - 9,999","8645","5739","2906","6890","7276","1338","416","4109","1413","1369","4894","1318","296","3237","43","845","2382","20","120","872","1370","524"
"160010","Northwest Louisiana Technical College","2013","1,000 - 4,999","2694","1009","1685","1575","2694","565","93","837","1199","0","1009","348","47","544","70","0","1685","217","46","293","1129","0"
"160029","Notre Dame Seminary Graduate School of Theology","2013","Under 1,000","184","109","75","138","0","0","0","0","0","184","0","0","0","0","0","109","0","0","0","0","0","75"
"160038","Northwestern State University of Louisiana","2013","5,000 - 9,999","8944","5249","3695","6704","7836","1231","474","5321","810","1108","5013","1160","284","3546","23","236","2823","71","190","1775","787","872"
"160065","Our Lady of Holy Cross College","2013","1,000 - 4,999","1112","602","510","801","878","58","80","704","36","234","521","54","45","422","0","81","357","4","35","282","36","153"
"160074","Our Lady of the Lake College","2013","1,000 - 4,999","1703","1011","692","1282","1486","111","185","1187","3","217","873","107","120","646","0","138","613","4","65","541","3","79"
"160117","Pat Goins Benton Road Beauty School","2013","Under 1,000","25","25","0","25","25","24","0","1","0","0","25","24","0","1","0","0","0","0","0","0","0","0"
"160126","Pat Goins Monroe Beauty School","2013","Under 1,000","28","28","0","28","28","7","0","21","0","0","28","7","0","21","0","0","0","0","0","0","0","0"
"160135","Pat Goins Ruston Beauty School","2013","Under 1,000","28","28","0","28","28","25","0","3","0","0","28","25","0","3","0","0","0","0","0","0","0","0"
"160199","Pineville Beauty School","2013","Under 1,000","75","75","0","75","75","16","0","59","0","0","75","16","0","59","0","0","0","0","0","0","0","0"
"160320","Aveda Institute-Covington","2013","1,000 - 4,999","1707","1707","0","1707","1707","850","0","857","0","0","1707","850","0","857","0","0","0","0","0","0","0","0"
"160409","Saint Joseph Seminary College","2013","Under 1,000","133","129","4","131","133","14","48","71","0","0","129","14","47","68","0","0","4","0","1","3","0","0"
"160445","Vanguard College of Cosmetology-Slidell","2013","Under 1,000","107","107","0","107","107","15","0","92","0","0","107","15","0","92","0","0","0","0","0","0","0","0"
"160472","South Louisiana Beauty College","2013","Under 1,000","41","41","0","41","41","21","0","20","0","0","41","21","0","20","0","0","0","0","0","0","0","0"
"160481","L E Fletcher Technical Community College","2013","1,000 - 4,999","1968","1259","709","1497","1968","585","213","978","192","0","1259","495","136","594","34","0","709","90","77","384","158","0"
"160524","Remington College-Lafayette Campus","2013","Under 1,000","326","326","0","326","326","116","1","209","0","0","326","116","1","209","0","0","0","0","0","0","0","0"
"160579","SOWELA Technical Community College","2013","1,000 - 4,999","3225","1702","1523","2213","3225","761","405","1443","616","0","1702","523","244","877","58","0","1523","238","161","566","558","0"
"160597","Stevensons Academy of Hair Design","2013","Under 1,000","116","74","42","91","116","4","0","112","0","0","74","2","0","72","0","0","42","2","0","40","0","0"
"160612","Southeastern Louisiana University","2013","10,000 - 19,999","14934","10360","4574","12171","13730","2546","598","8560","2026","1204","9999","2370","478","7133","18","361","3731","176","120","1427","2008","843"
"160621","Southern University and A & M College","2013","5,000 - 9,999","6777","5641","1136","6095","5746","1123","341","4202","80","1031","4708","1104","296","3302","6","933","1038","19","45","900","74","98"
"160630","Southern University at New Orleans","2013","1,000 - 4,999","2292","1655","637","1910","1809","269","243","1270","27","483","1222","200","166","855","1","433","587","69","77","415","26","50"
"160649","Southern University at Shreveport","2013","1,000 - 4,999","3018","2121","897","2422","3018","405","206","2173","234","0","2121","377","154","1590","0","0","897","28","52","583","234","0"
"160658","University of Louisiana at Lafayette","2013","10,000 - 19,999","16646","13221","3425","14575","15053","2693","751","10817","792","1593","12295","2679","544","9051","21","926","2758","14","207","1766","771","667"
"160667","Northshore Technical Community College","2013","1,000 - 4,999","3151","1078","2073","1774","3151","508","221","976","1446","0","1078","293","134","573","78","0","2073","215","87","403","1368","0"
"160755","Tulane University of Louisiana","2013","10,000 - 19,999","12938","10572","2366","11495","8290","1609","90","6591","0","4648","6487","1609","90","4788","0","4085","1803","0","0","1803","0","563"
"160904","Xavier University of Louisiana","2013","1,000 - 4,999","3121","2942","179","3012","2504","675","124","1660","45","617","2375","674","118","1571","12","567","129","1","6","89","33","50"
"160913","South Central Louisiana Technical College-Young Memorial Campus","2013","1,000 - 4,999","2410","600","1810","1208","2410","562","347","551","950","0","600","215","115","263","7","0","1810","347","232","288","943","0"
"160940","Kaplan University-Maine Campus","2013","1,000 - 4,999","1017","478","539","690","988","146","295","536","11","29","453","81","130","241","1","25","535","65","165","295","10","4"
"160959","College of the Atlantic","2013","Under 1,000","370","351","19","358","362","104","28","224","6","8","344","103","27","214","0","7","18","1","1","10","6","1"
"160977","Bates College","2013","1,000 - 4,999","1791","1791","0","1791","1791","500","3","1288","0","0","1791","500","3","1288","0","0","0","0","0","0","0","0"
"160995","Beal College","2013","Under 1,000","464","363","101","403","464","93","48","320","3","0","363","89","48","226","0","0","101","4","0","94","3","0"
"161004","Bowdoin College","2013","1,000 - 4,999","1795","1791","4","1793","1795","497","5","1287","6","0","1791","497","5","1286","3","0","4","0","0","1","3","0"
"161022","Central Maine Medical Center College of Nursing and Health Professions","2013","Under 1,000","225","59","166","125","225","2","0","176","47","0","59","2","0","53","4","0","166","0","0","123","43","0"
"161077","Central Maine Community College","2013","1,000 - 4,999","3109","1447","1662","2005","3109","600","436","1495","578","0","1447","439","218","785","5","0","1662","161","218","710","573","0"
"161086","Colby College","2013","1,000 - 4,999","1820","1820","0","1820","1820","483","9","1328","0","0","1820","483","9","1328","0","0","0","0","0","0","0","0"
"161138","Eastern Maine Community College","2013","1,000 - 4,999","2558","1355","1203","1759","2558","477","215","1354","512","0","1355","381","143","807","24","0","1203","96","72","547","488","0"
"161165","Husson University","2013","1,000 - 4,999","3049","2288","761","2584","2350","455","157","1678","60","699","1868","452","108","1308","0","420","482","3","49","370","60","279"
"161192","Kennebec Valley Community College","2013","1,000 - 4,999","2263","664","1599","1201","2263","225","177","1225","636","0","664","150","80","426","8","0","1599","75","97","799","628","0"
"161208","The Landing School","2013","Under 1,000","83","83","0","83","83","25","34","24","0","0","83","25","34","24","0","0","0","0","0","0","0","0"
"161217","University of Maine at Augusta","2013","1,000 - 4,999","4770","1726","3044","2954","4770","454","519","3333","464","0","1726","273","254","1190","9","0","3044","181","265","2143","455","0"
"161226","University of Maine at Farmington","2013","1,000 - 4,999","2061","1783","278","1888","1901","439","110","1309","43","160","1783","438","99","1236","10","0","118","1","11","73","33","160"
"161235","University of Maine at Fort Kent","2013","1,000 - 4,999","1209","594","615","842","1209","162","206","545","296","0","594","155","114","324","1","0","615","7","92","221","295","0"
"161244","University of Maine at Machias","2013","Under 1,000","892","439","453","622","892","104","54","438","296","0","439","98","31","306","4","0","453","6","23","132","292","0"
"161253","University of Maine","2013","10,000 - 19,999","11247","8739","2508","9699","9182","2166","454","5999","563","2065","7922","2148","402","5324","48","817","1260","18","52","675","515","1248"
"161299","Maine Maritime Academy","2013","1,000 - 4,999","1018","1001","17","1008","994","234","151","609","0","24","979","234","151","594","0","22","15","0","0","15","0","2"
"161341","University of Maine at Presque Isle","2013","1,000 - 4,999","1263","718","545","938","1263","197","92","635","339","0","718","178","66","465","9","0","545","19","26","170","330","0"
"161457","University of New England","2013","5,000 - 9,999","6032","4961","1071","5376","2653","633","72","1474","474","3379","2156","633","70","1451","2","2805","497","0","2","23","472","574"
"161484","Northern Maine Community College","2013","1,000 - 4,999","1086","561","525","737","1086","159","93","513","321","0","561","120","82","359","0","0","525","39","11","154","321","0"
"161493","Empire Beauty School-Maine","2013","Under 1,000","314","266","48","285","314","121","0","193","0","0","266","109","0","157","0","0","48","12","0","36","0","0"
"161509","Maine College of Art","2013","Under 1,000","409","392","17","399","378","105","27","243","3","31","361","103","25","233","0","31","17","2","2","10","3","0"
"161518","Saint Joseph's College of Maine","2013","1,000 - 4,999","1614","896","718","1174","1276","388","94","794","0","338","895","258","93","544","0","1","381","130","1","250","0","337"
"161527","Spa Tech Institute-Westbrook","2013","Under 1,000","245","194","51","214","245","45","0","200","0","0","194","42","0","152","0","0","51","3","0","48","0","0"
"161545","Southern Maine Community College","2013","5,000 - 9,999","7157","3045","4112","4426","7157","1383","551","4024","1199","0","3045","1002","296","1711","36","0","4112","381","255","2313","1163","0"
"161554","University of Southern Maine","2013","5,000 - 9,999","8923","5020","3903","6550","7098","780","817","4482","1019","1825","4281","741","557","2940","43","739","2817","39","260","1542","976","1086"
"161563","Thomas College","2013","1,000 - 4,999","1522","835","687","1104","1339","260","37","549","493","183","780","256","35","489","0","55","559","4","2","60","493","128"
"161572","Unity College","2013","Under 1,000","553","547","6","549","553","146","33","374","0","0","547","146","32","369","0","0","6","0","1","5","0","0"
"161581","Washington County Community College","2013","Under 1,000","463","291","172","349","463","151","12","167","133","0","291","146","5","110","30","0","172","5","7","57","103","0"
"161615","Aaron's Academy of Beauty","2013","Under 1,000","39","37","2","38","39","9","0","30","0","0","37","8","0","29","0","0","2","1","0","1","0","0"
"161651","Aesthetics Institute of Cosmetology","2013","Under 1,000","40","18","22","27","40","15","0","25","0","0","18","2","0","16","0","0","22","13","0","9","0","0"
"161688","Allegany College of Maryland","2013","1,000 - 4,999","3191","1719","1472","2213","3191","625","218","1834","514","0","1719","509","128","1069","13","0","1472","116","90","765","501","0"
"161767","Anne Arundel Community College","2013","10,000 - 19,999","16463","4940","11523","8809","16463","2696","840","10589","2338","0","4940","1640","307","2973","20","0","11523","1056","533","7616","2318","0"
"161776","TESST College of Technology-Towson","2013","Under 1,000","360","360","0","360","360","89","18","253","0","0","360","89","18","253","0","0","0","0","0","0","0","0"
"161800","Award Beauty School","2013","Under 1,000","170","133","37","148","170","54","0","116","0","0","133","46","0","87","0","0","37","8","0","29","0","0"
"161855","Baltimore Studio of Hair Design","2013","Under 1,000","72","53","19","61","72","21","0","51","0","0","53","18","0","35","0","0","19","3","0","16","0","0"
"161864","Baltimore City Community College","2013","5,000 - 9,999","5394","1772","3622","2988","5394","1074","565","3347","408","0","1772","470","200","1084","18","0","3622","604","365","2263","390","0"
"161873","University of Baltimore","2013","5,000 - 9,999","6518","3457","3061","4625","3526","241","592","2646","47","2992","2061","236","388","1437","0","1396","1465","5","204","1209","47","1596"
"162007","Bowie State University","2013","5,000 - 9,999","5561","3974","1587","4583","4358","629","564","3120","45","1203","3521","625","415","2471","10","453","837","4","149","649","35","750"
"162061","Capitol College","2013","Under 1,000","843","485","358","623","442","50","46","334","12","401","330","50","33","247","0","155","112","0","13","87","12","246"
"162104","Cecil College","2013","1,000 - 4,999","2604","1038","1566","1564","2604","485","107","1834","178","0","1038","250","57","719","12","0","1566","235","50","1115","166","0"
"162122","College of Southern Maryland","2013","5,000 - 9,999","8781","3317","5464","5151","8781","2105","567","5686","423","0","3317","1268","242","1742","65","0","5464","837","325","3944","358","0"
"162168","Chesapeake College","2013","1,000 - 4,999","2563","854","1709","1428","2563","622","85","1477","379","0","854","370","42","430","12","0","1709","252","43","1047","367","0"
"162210","Washington Adventist University","2013","1,000 - 4,999","1185","874","311","995","1011","126","101","724","60","174","806","126","71","608","1","68","205","0","30","116","59","106"
"162283","Coppin State University","2013","1,000 - 4,999","3383","2384","999","2773","2920","368","318","2194","40","463","2251","353","231","1660","7","133","669","15","87","534","33","330"
"162335","Delmarva Beauty Academy","2013","Under 1,000","67","67","0","67","67","8","0","59","0","0","67","8","0","59","0","0","0","0","0","0","0","0"
"162371","North American Trade Schools","2013","Under 1,000","545","545","0","545","545","235","0","310","0","0","545","235","0","310","0","0","0","0","0","0","0","0"
"162557","Frederick Community College","2013","5,000 - 9,999","6050","2267","3783","3537","6050","1302","249","3824","675","0","2267","834","108","1294","31","0","3783","468","141","2530","644","0"
"162584","Frostburg State University","2013","5,000 - 9,999","5473","4408","1065","4815","4703","895","441","3239","128","770","4192","889","332","2895","76","216","511","6","109","344","52","554"
"162609","Garrett College","2013","Under 1,000","769","597","172","655","769","219","42","325","183","0","597","216","33","255","93","0","172","3","9","70","90","0"
"162654","Goucher College","2013","1,000 - 4,999","2111","1585","526","1786","1449","401","36","1007","5","662","1424","401","35","987","1","161","25","0","1","20","4","501"
"162681","Kaplan University-Hagerstown Campus","2013","Under 1,000","893","266","627","512","845","129","207","509","0","48","230","1","20","209","0","36","615","128","187","300","0","12"
"162690","Hagerstown Community College","2013","1,000 - 4,999","4905","1236","3669","2468","4905","950","339","2708","908","0","1236","410","123","659","44","0","3669","540","216","2049","864","0"
"162706","Harford Community College","2013","5,000 - 9,999","6992","2601","4391","4075","6992","1547","328","4141","976","0","2601","1030","110","1301","160","0","4391","517","218","2840","816","0"
"162760","Hood College","2013","1,000 - 4,999","2392","1406","986","1784","1388","281","119","947","41","1004","1266","281","96","878","11","140","122","0","23","69","30","864"
"162779","Howard Community College","2013","5,000 - 9,999","9969","3691","6278","5799","9969","1816","771","6700","682","0","3691","1151","217","2189","134","0","6278","665","554","4511","548","0"
"162830","The Colorlab Academy of Hair","2013","Under 1,000","55","55","0","55","55","20","0","35","0","0","55","20","0","35","0","0","0","0","0","0","0","0"
"162928","Johns Hopkins University","2013","20,000 and above","20918","13256","7662","16186","6117","1390","277","4265","185","14801","5865","1390","277","4171","27","7391","252","0","0","94","158","7410"
"162982","L'Academie de Cuisine","2013","Under 1,000","46","46","0","46","46","11","0","35","0","0","46","11","0","35","0","0","0","0","0","0","0","0"
"163028","Lincoln College of Technology-Columbia","2013","Under 1,000","693","533","160","597","693","199","0","494","0","0","533","162","0","371","0","0","160","37","0","123","0","0"
"163046","Loyola University Maryland","2013","5,000 - 9,999","5977","4585","1392","5117","4004","1096","50","2826","32","1973","3951","1096","50","2793","12","634","53","0","0","33","20","1339"
"163107","Maryland Beauty Academy of Reisterstown","2013","Under 1,000","30","11","19","19","30","8","0","22","0","0","11","6","0","5","0","0","19","2","0","17","0","0"
"163204","University of Maryland-University College","2013","20,000 and above","39557","6131","33426","19093","26740","603","3738","21665","734","12817","5917","88","794","5013","22","214","20823","515","2944","16652","712","12603"
"163259","University of Maryland-Baltimore","2013","5,000 - 9,999","6284","5028","1256","5491","746","0","220","518","8","5538","549","0","169","380","0","4479","197","0","51","138","8","1059"
"163268","University of Maryland-Baltimore County","2013","10,000 - 19,999","13908","10699","3209","11928","11136","1657","1262","8093","124","2772","9508","1653","1047","6791","17","1191","1628","4","215","1302","107","1581"
"163286","University of Maryland-College Park","2013","20,000 and above","37272","32199","5073","34123","26658","4020","2022","20003","613","10614","24522","4011","1823","18566","122","7677","2136","9","199","1437","491","2937"
"163295","Maryland Institute College of Art","2013","1,000 - 4,999","2273","2020","253","2118","1896","400","102","1390","4","377","1759","400","99","1260","0","261","137","0","3","130","4","116"
"163338","University of Maryland Eastern Shore","2013","1,000 - 4,999","4220","3601","619","3840","3530","610","205","2606","109","690","3171","604","162","2405","0","430","359","6","43","201","109","260"
"163347","Fortis Institute-Towson","2013","Under 1,000","748","748","0","748","748","111","0","637","0","0","748","111","0","637","0","0","0","0","0","0","0","0"
"163408","Montgomery Beauty School","2013","Under 1,000","134","83","51","103","134","22","0","112","0","0","83","9","0","74","0","0","51","13","0","38","0","0"
"163426","Montgomery College","2013","20,000 and above","26155","9240","16915","14919","26155","3297","1380","14387","7091","0","9240","1903","721","5158","1458","0","16915","1394","659","9229","5633","0"
"163453","Morgan State University","2013","5,000 - 9,999","7546","6101","1445","6655","6252","899","441","4857","55","1294","5504","886","372","4227","19","597","748","13","69","630","36","697"
"163462","Mount St Mary's University","2013","1,000 - 4,999","2240","1907","333","2035","1741","429","77","1223","12","499","1650","429","48","1173","0","257","91","0","29","50","12","242"
"163532","Ner Israel Rabbinical College","2013","Under 1,000","523","505","18","512","340","41","63","236","0","183","340","41","63","236","0","165","0","0","0","0","0","18"
"163541","Hair Academy Inc-New Carrollton","2013","Under 1,000","374","249","125","299","374","95","0","279","0","0","249","68","0","181","0","0","125","27","0","98","0","0"
"163578","Notre Dame of Maryland University","2013","1,000 - 4,999","2877","888","1989","1656","1234","104","188","928","14","1643","525","104","58","363","0","363","709","0","130","565","14","1280"
"163657","Prince George's Community College","2013","10,000 - 19,999","13825","4095","9730","7362","13825","2793","1186","8977","869","0","4095","1169","433","2332","161","0","9730","1624","753","6645","708","0"
"163736","TESST College of Technology-Baltimore","2013","Under 1,000","683","683","0","683","683","134","58","469","22","0","683","134","58","469","22","0","0","0","0","0","0","0"
"163754","Robert Paul Academy of Cosmetology Arts & Sciences","2013","Under 1,000","29","19","10","23","29","13","0","16","0","0","19","9","0","10","0","0","10","4","0","6","0","0"
"163815","Maryland Beauty Academy of Essex","2013","Under 1,000","101","37","64","62","101","31","0","70","0","0","37","18","0","19","0","0","64","13","0","51","0","0"
"163851","Salisbury University","2013","5,000 - 9,999","8643","7665","978","8045","8004","1246","915","5606","237","639","7374","1241","859","5263","11","291","630","5","56","343","226","348"
"163912","St Mary's College of Maryland","2013","1,000 - 4,999","1858","1789","69","1816","1819","383","95","1316","25","39","1762","383","88","1287","4","27","57","0","7","29","21","12"
"163921","Sojourner-Douglass College","2013","1,000 - 4,999","1080","549","531","757","1037","91","66","880","0","43","530","11","41","478","0","19","507","80","25","402","0","24"
"163976","St John's College","2013","Under 1,000","490","486","4","488","443","122","0","321","0","47","440","122","0","318","0","46","3","0","0","3","0","1"
"164058","TESST College of Technology-Beltsville","2013","Under 1,000","462","462","0","462","462","102","30","330","0","0","462","102","30","330","0","0","0","0","0","0","0","0"
"164076","Towson University","2013","20,000 and above","22499","17786","4713","19582","18779","2748","2299","13487","245","3720","16588","2747","1998","11765","78","1198","2191","1","301","1722","167","2522"
"164085","Maryland University of Integrative Health","2013","Under 1,000","591","447","144","502","0","0","0","0","0","591","0","0","0","0","0","447","0","0","0","0","0","144"
"164100","International Beauty School","2013","Under 1,000","193","193","0","193","193","184","0","9","0","0","193","184","0","9","0","0","0","0","0","0","0","0"
"164155","United States Naval Academy","2013","1,000 - 4,999","4526","4526","0","4526","4526","1171","0","3355","0","0","4526","1171","0","3355","0","0","0","0","0","0","0","0"
"164173","Stevenson University","2013","1,000 - 4,999","4404","3368","1036","3771","3965","753","240","2930","42","439","3288","752","227","2309","0","80","677","1","13","621","42","359"
"164216","Washington College","2013","1,000 - 4,999","1512","1441","71","1469","1483","349","35","1040","59","29","1440","349","35","1027","29","1","43","0","0","13","30","28"
"164270","McDaniel College","2013","1,000 - 4,999","3229","1817","1412","2357","1692","453","69","1140","30","1537","1660","453","69","1126","12","157","32","0","0","14","18","1380"
"164313","Wor-Wic Community College","2013","1,000 - 4,999","3416","1091","2325","1872","3416","678","236","2176","326","0","1091","409","88","575","19","0","2325","269","148","1601","307","0"
"164368","Hult International Business School","2013","Under 1,000","641","641","0","641","0","0","0","0","0","641","0","0","0","0","0","641","0","0","0","0","0","0"
"164438","New England College of Business and Finance","2013","1,000 - 4,999","1145","298","847","630","940","24","176","718","22","205","194","6","26","156","6","104","746","18","150","562","16","101"
"164447","American International College","2013","1,000 - 4,999","3657","1722","1935","2463","1513","346","173","994","0","2144","1397","344","164","889","0","325","116","2","9","105","0","1819"
"164465","Amherst College","2013","1,000 - 4,999","1785","1785","0","1785","1785","466","13","1306","0","0","1785","466","13","1306","0","0","0","0","0","0","0","0"
"164474","Andover Newton Theological School","2013","Under 1,000","272","59","213","140","0","0","0","0","0","272","0","0","0","0","0","59","0","0","0","0","0","213"
"164492","Anna Maria College","2013","1,000 - 4,999","1540","907","633","1152","1143","243","45","847","8","397","845","242","44","559","0","62","298","1","1","288","8","335"
"164535","Assabet Valley Regional Technical School","2013","Under 1,000","46","46","0","46","46","16","0","30","0","0","46","16","0","30","0","0","0","0","0","0","0","0"
"164562","Assumption College","2013","1,000 - 4,999","2756","2192","564","2410","2240","502","44","1635","59","516","2022","502","44","1470","6","170","218","0","0","165","53","346"
"164580","Babson College","2013","1,000 - 4,999","3343","2547","796","2851","2106","489","45","1572","0","1237","2106","489","45","1572","0","441","0","0","0","0","0","796"
"164599","Bancroft School of Massage Therapy","2013","Under 1,000","66","0","66","26","66","23","0","43","0","0","0","0","0","0","0","0","66","23","0","43","0","0"
"164614","Boston Baptist College","2013","Under 1,000","96","73","23","82","96","15","11","57","13","0","73","13","10","50","0","0","23","2","1","7","13","0"
"164632","Bay Path College","2013","1,000 - 4,999","2357","1588","769","1885","1458","136","277","1041","4","899","1179","136","224","819","0","409","279","0","53","222","4","490"
"164641","Bay State College","2013","1,000 - 4,999","1204","774","430","943","1204","178","278","740","8","0","774","123","154","492","5","0","430","55","124","248","3","0"
"164678","Bay State School of Technology","2013","Under 1,000","200","126","74","155","200","49","0","151","0","0","126","29","0","97","0","0","74","20","0","54","0","0"
"164720","Becker College","2013","1,000 - 4,999","1902","1449","453","1627","1902","359","213","1299","31","0","1449","359","158","932","0","0","453","0","55","367","31","0"
"164739","Bentley University","2013","5,000 - 9,999","5658","4893","765","5186","4247","974","155","3043","75","1411","4142","974","149","2958","61","751","105","0","6","85","14","660"
"164748","Berklee College of Music","2013","1,000 - 4,999","4519","4065","454","4243","4402","910","162","3330","0","117","3950","909","162","2879","0","115","452","1","0","451","0","2"
"164775","Berkshire Community College","2013","1,000 - 4,999","2400","821","1579","1351","2400","469","126","1429","376","0","821","278","58","474","11","0","1579","191","68","955","365","0"
"164845","Empire Beauty School-Boston","2013","Under 1,000","241","170","71","198","241","109","0","132","0","0","170","86","0","84","0","0","71","23","0","48","0","0"
"164872","Boston Architectural College","2013","1,000 - 4,999","1037","856","181","927","578","15","44","364","155","459","413","15","43","341","14","443","165","0","1","23","141","16"
"164915","Boston Graduate School of Psychoanalysis Inc","2013","Under 1,000","147","46","101","85","0","0","0","0","0","147","0","0","0","0","0","46","0","0","0","0","0","101"
"164924","Boston College","2013","10,000 - 19,999","14309","12916","1393","13452","9698","2309","125","7031","233","4611","9390","2305","125","6915","45","3526","308","4","0","116","188","1085"
"164933","The Boston Conservatory","2013","Under 1,000","774","752","22","760","545","133","16","396","0","229","540","133","16","391","0","212","5","0","0","5","0","17"
"164988","Boston University","2013","20,000 and above","32411","25797","6614","28341","18165","3807","366","12287","1705","14246","16593","3807","365","11863","558","9204","1572","0","1","424","1147","5042"
"165015","Brandeis University","2013","5,000 - 9,999","5825","5386","439","5554","3614","833","69","2701","11","2211","3599","833","69","2695","2","1787","15","0","0","6","9","424"
"165024","Bridgewater State University","2013","10,000 - 19,999","11267","8473","2794","9550","9615","1474","1019","6996","126","1652","8034","1451","836","5692","55","439","1581","23","183","1304","71","1213"
"165033","Bristol Community College","2013","5,000 - 9,999","9335","4429","4906","6076","9335","2158","478","5614","1085","0","4429","1493","231","2550","155","0","4906","665","247","3064","930","0"
"165060","Signature Healthcare Brockton Hospital School of Nursing","2013","Under 1,000","323","201","122","249","323","6","0","317","0","0","201","3","0","198","0","0","122","3","0","119","0","0"
"165112","Bunker Hill Community College","2013","10,000 - 19,999","14023","4651","9372","7798","14023","2216","1093","9226","1488","0","4651","1140","463","2960","88","0","9372","1076","630","6266","1400","0"
"165167","Cambridge College","2013","1,000 - 4,999","3114","1198","1916","1939","1050","186","89","767","8","2064","234","28","31","175","0","964","816","158","58","592","8","1100"
"165194","Cape Cod Community College","2013","1,000 - 4,999","4051","1311","2740","2231","4051","865","183","2411","592","0","1311","485","55","730","41","0","2740","380","128","1681","551","0"
"165255","Catherine Hinds Institute of Esthetics","2013","Under 1,000","171","98","73","127","171","80","0","91","0","0","98","53","0","45","0","0","73","27","0","46","0","0"
"165264","Laboure College","2013","Under 1,000","698","100","598","335","698","18","2","660","18","0","100","2","0","97","1","0","598","16","2","563","17","0"
"165334","Clark University","2013","1,000 - 4,999","3551","3153","398","3306","2380","621","51","1640","68","1171","2270","614","45","1603","8","883","110","7","6","37","60","288"
"165495","Conway School of Landscape Design","2013","Under 1,000","16","16","0","16","0","0","0","0","0","16","0","0","0","0","0","16","0","0","0","0","0","0"
"165529","Curry College","2013","1,000 - 4,999","3074","2106","968","2484","2849","657","175","1962","55","225","2068","640","70","1358","0","38","781","17","105","604","55","187"
"165556","Lincoln Technical Institute-Somerville","2013","Under 1,000","331","212","119","259","331","83","0","248","0","0","212","59","0","153","0","0","119","24","0","95","0","0"
"165574","Dean College","2013","1,000 - 4,999","1300","1076","224","1164","1300","528","40","670","62","0","1076","528","31","517","0","0","224","0","9","153","62","0"
"165608","Diman Regional Technical Institute","2013","Under 1,000","80","45","35","57","80","10","0","70","0","0","45","8","0","37","0","0","35","2","0","33","0","0"
"165635","National Aviation Academy of New England","2013","Under 1,000","247","247","0","247","247","28","0","219","0","0","247","28","0","219","0","0","0","0","0","0","0","0"
"165644","Eastern Nazarene College","2013","1,000 - 4,999","1478","1409","69","1436","1321","165","51","1097","8","157","1302","165","51","1086","0","107","19","0","0","11","8","50"
"165662","Emerson College","2013","1,000 - 4,999","4561","4375","186","4447","3758","863","188","2669","38","803","3668","862","186","2619","1","707","90","1","2","50","37","96"
"165671","Emmanuel College","2013","1,000 - 4,999","2436","1874","562","2092","2176","515","55","1470","136","260","1857","515","43","1299","0","17","319","0","12","171","136","243"
"165699","Endicott College","2013","5,000 - 9,999","5029","2819","2210","3667","2724","662","99","1860","103","2305","2430","641","62","1716","11","389","294","21","37","144","92","1916"
"165705","Episcopal Divinity School","2013","Under 1,000","70","36","34","49","0","0","0","0","0","70","0","0","0","0","0","36","0","0","0","0","0","34"
"165750","Rob Roy Academy-Fall River","2013","Under 1,000","105","105","0","105","105","38","0","67","0","0","105","38","0","67","0","0","0","0","0","0","0","0"
"165802","Fisher College","2013","1,000 - 4,999","1930","1229","701","1504","1930","335","553","845","197","0","1229","292","338","544","55","0","701","43","215","301","142","0"
"165820","Fitchburg State University","2013","5,000 - 9,999","6680","3632","3048","4768","4245","801","398","2949","97","2435","3438","790","301","2323","24","194","807","11","97","626","73","2241"
"165866","Framingham State University","2013","5,000 - 9,999","6429","3982","2447","4896","4584","809","413","3033","329","1845","3884","804","345","2683","52","98","700","5","68","350","277","1747"
"165884","Benjamin Franklin Institute of Technology","2013","Under 1,000","482","412","70","439","482","184","27","252","19","0","412","182","26","204","0","0","70","2","1","48","19","0"
"165936","Gordon College","2013","1,000 - 4,999","2073","1768","305","1885","1710","478","73","1130","29","363","1668","477","70","1104","17","100","42","1","3","26","12","263"
"165945","Gordon-Conwell Theological Seminary","2013","1,000 - 4,999","2137","734","1403","1270","0","0","0","0","0","2137","0","0","0","0","0","734","0","0","0","0","0","1403"
"165981","Greenfield Community College","2013","1,000 - 4,999","2240","815","1425","1293","2240","377","242","1361","260","0","815","205","95","486","29","0","1425","172","147","875","231","0"
"166009","Hallmark Institute of Photography","2013","Under 1,000","69","69","0","69","69","42","0","27","0","0","69","42","0","27","0","0","0","0","0","0","0","0"
"166018","Hampshire College","2013","1,000 - 4,999","1492","1492","0","1492","1492","381","73","1014","24","0","1492","381","73","1014","24","0","0","0","0","0","0","0"
"166027","Harvard University","2013","20,000 and above","28297","20370","7927","23434","10534","1658","13","5607","3256","17763","7240","1658","13","5241","328","13130","3294","0","0","366","2928","4633"
"166045","Hebrew College","2013","Under 1,000","188","69","119","114","4","0","0","4","0","184","2","0","0","2","0","67","2","0","0","2","0","117"
"166054","Hellenic College-Holy Cross Greek Orthodox School of Theology","2013","Under 1,000","208","200","8","203","92","16","15","61","0","116","92","16","15","61","0","108","0","0","0","0","0","8"
"166063","Henris School of Hair Design","2013","Under 1,000","30","30","0","30","30","17","0","13","0","0","30","17","0","13","0","0","0","0","0","0","0","0"
"166124","College of the Holy Cross","2013","1,000 - 4,999","2912","2877","35","2891","2912","719","13","2146","34","0","2877","719","13","2145","0","0","35","0","0","1","34","0"
"166133","Holyoke Community College","2013","5,000 - 9,999","6740","3272","3468","4436","6740","1542","485","4343","370","0","3272","1066","279","1860","67","0","3468","476","206","2483","303","0"
"166294","Kay Harvey Academy of Hair Design","2013","Under 1,000","46","16","30","28","46","23","0","23","0","0","16","12","0","4","0","0","30","11","0","19","0","0"
"166319","La Baron Hairdressing Academy-Brockton","2013","Under 1,000","44","25","19","33","44","26","0","18","0","0","25","18","0","7","0","0","19","8","0","11","0","0"
"166328","La Baron Hairdressing Academy-New Bedford","2013","Under 1,000","102","46","56","68","102","27","0","75","0","0","46","16","0","30","0","0","56","11","0","45","0","0"
"166391","Lasell College","2013","1,000 - 4,999","2081","1767","314","1887","1687","485","73","1109","20","394","1649","484","71","1094","0","118","38","1","2","15","20","276"
"166407","Lawrence Memorial Hospital School of Nursing","2013","Under 1,000","302","266","36","280","302","3","44","255","0","0","266","0","12","254","0","0","36","3","32","1","0","0"
"166452","Lesley University","2013","5,000 - 9,999","5195","2554","2641","3568","1948","323","152","1310","163","3247","1460","317","103","1037","3","1094","488","6","49","273","160","2153"
"166489","Longy School of Music of Bard College","2013","Under 1,000","265","249","16","255","58","12","6","40","0","207","55","12","6","37","0","194","3","0","0","3","0","13"
"166498","Lowell Academy Hairstyling Institute","2013","Under 1,000","102","74","28","85","102","76","0","26","0","0","74","58","0","16","0","0","28","18","0","10","0","0"
"166513","University of Massachusetts-Lowell","2013","10,000 - 19,999","16932","10322","6610","12868","12734","1650","1289","8891","904","4198","9034","1626","950","6313","145","1288","3700","24","339","2578","759","2910"
"166586","Mansfield Beauty Schools-Springfield","2013","Under 1,000","38","30","8","33","38","5","0","33","0","0","30","4","0","26","0","0","8","1","0","7","0","0"
"166595","Mansfield Beauty Schools-Quincy","2013","Under 1,000","60","39","21","47","60","10","0","50","0","0","39","8","0","31","0","0","21","2","0","19","0","0"
"166601","Marian Court College","2013","Under 1,000","266","130","136","183","266","24","13","136","93","0","130","20","9","101","0","0","136","4","4","35","93","0"
"166629","University of Massachusetts-Amherst","2013","20,000 and above","28518","22808","5710","24941","22134","4686","1468","15518","462","6384","20505","4683","1181","14520","121","2303","1629","3","287","998","341","4081"
"166638","University of Massachusetts-Boston","2013","10,000 - 19,999","16277","9999","6278","12421","12366","1413","1719","8654","580","3911","8759","1313","1244","6085","117","1240","3607","100","475","2569","463","2671"
"166647","Massachusetts Bay Community College","2013","5,000 - 9,999","5377","1961","3416","3108","5377","1219","224","3130","804","0","1961","656","102","1104","99","0","3416","563","122","2026","705","0"
"166656","MCPHS University","2013","5,000 - 9,999","6548","6042","506","6237","3897","912","217","2679","89","2651","3723","912","164","2605","42","2319","174","0","53","74","47","332"
"166674","Massachusetts College of Art and Design","2013","1,000 - 4,999","2264","1793","471","1982","2120","367","127","1367","259","144","1677","366","121","1189","1","116","443","1","6","178","258","28"
"166683","Massachusetts Institute of Technology","2013","10,000 - 19,999","11301","11138","163","11201","4528","1115","19","3376","18","6773","4499","1115","19","3351","14","6639","29","0","0","25","4","134"
"166692","Massachusetts Maritime Academy","2013","1,000 - 4,999","1476","1333","143","1387","1376","332","49","981","14","100","1333","332","49","952","0","0","43","0","0","29","14","100"
"166708","University of Massachusetts Medical School Worcester","2013","1,000 - 4,999","1161","1056","105","1094","0","0","0","0","0","1161","0","0","0","0","0","1056","0","0","0","0","0","105"
"166717","Massachusetts School of Professional Psychology","2013","Under 1,000","652","478","174","544","0","0","0","0","0","652","0","0","0","0","0","478","0","0","0","0","0","174"
"166805","Massachusetts School of Barbering","2013","Under 1,000","91","26","65","52","91","44","0","47","0","0","26","14","0","12","0","0","65","30","0","35","0","0"
"166823","Massasoit Community College","2013","5,000 - 9,999","8272","3618","4654","5181","8272","1860","465","4709","1238","0","3618","1281","223","1967","147","0","4654","579","242","2742","1091","0"
"166850","Merrimack College","2013","1,000 - 4,999","3067","2790","277","2897","2758","794","85","1843","36","309","2604","794","83","1725","2","186","154","0","2","118","34","123"
"166869","MGH Institute of Health Professions","2013","1,000 - 4,999","1096","784","312","903","162","0","0","160","2","934","162","0","0","160","2","622","0","0","0","0","0","312"
"166887","Middlesex Community College","2013","5,000 - 9,999","9702","3619","6083","5661","9702","2034","745","6092","831","0","3619","1118","304","2145","52","0","6083","916","441","3947","779","0"
"166911","Montserrat College of Art","2013","Under 1,000","392","379","13","384","392","103","18","257","14","0","379","102","18","253","6","0","13","1","0","4","8","0"
"166939","Mount Holyoke College","2013","1,000 - 4,999","2251","2188","63","2212","2183","513","58","1583","29","68","2151","511","57","1568","15","37","32","2","1","15","14","31"
"166948","Mount Ida College","2013","1,000 - 4,999","1288","1176","112","1220","1268","307","116","838","7","20","1167","307","102","758","0","9","101","0","14","80","7","11"
"166957","Mount Wachusett Community College","2013","1,000 - 4,999","4734","2000","2734","2918","4734","915","321","2986","512","0","2000","596","140","1170","94","0","2734","319","181","1816","418","0"
"166975","Cortiva Institute-Boston","2013","Under 1,000","210","85","125","135","210","75","0","135","0","0","85","30","0","55","0","0","125","45","0","80","0","0"
"166984","School of the Museum of Fine Arts-Boston","2013","Under 1,000","651","563","88","597","484","54","32","254","144","167","404","54","29","237","84","159","80","0","3","17","60","8"
"167020","Everest Institute-Brighton","2013","Under 1,000","369","369","0","369","369","86","0","283","0","0","369","86","0","283","0","0","0","0","0","0","0","0"
"167039","Rob Roy Academy-New Bedford","2013","Under 1,000","27","27","0","27","27","11","0","16","0","0","27","11","0","16","0","0","0","0","0","0","0","0"
"167057","The New England Conservatory of Music","2013","Under 1,000","813","749","64","774","431","96","13","301","21","382","396","93","12","288","3","353","35","3","1","13","18","29"
"167093","New England College of Optometry","2013","Under 1,000","502","498","4","500","0","0","0","0","0","502","0","0","0","0","0","498","0","0","0","0","0","4"
"167181","New England School of Acupuncture","2013","Under 1,000","179","132","47","150","0","0","0","0","0","179","0","0","0","0","0","132","0","0","0","0","0","47"
"167215","New England School of Law","2013","Under 1,000","964","676","288","786","0","0","0","0","0","964","0","0","0","0","0","676","0","0","0","0","0","288"
"167224","New England School of Photography","2013","Under 1,000","66","66","0","66","66","17","0","49","0","0","66","17","0","49","0","0","0","0","0","0","0","0"
"167251","Newbury College","2013","Under 1,000","962","851","111","895","962","268","41","652","1","0","851","267","36","548","0","0","111","1","5","104","1","0"
"167260","Nichols College","2013","1,000 - 4,999","1459","1138","321","1263","1281","380","58","822","21","178","1100","379","49","671","1","38","181","1","9","151","20","140"
"167288","Massachusetts College of Liberal Arts","2013","1,000 - 4,999","1716","1374","342","1505","1538","275","128","1080","55","178","1353","271","111","963","8","21","185","4","17","117","47","157"
"167297","North Bennet Street School","2013","Under 1,000","161","161","0","161","161","15","0","146","0","0","161","15","0","146","0","0","0","0","0","0","0","0"
"167312","North Shore Community College","2013","5,000 - 9,999","7750","3018","4732","4607","7750","1469","635","4949","697","0","3018","936","292","1745","45","0","4732","533","343","3204","652","0"
"167321","The New England Institute of Art","2013","Under 1,000","779","712","67","738","779","136","78","565","0","0","712","135","75","502","0","0","67","1","3","63","0","0"
"167358","Northeastern University","2013","20,000 and above","20053","17957","2096","18758","13223","2891","656","9657","19","6830","13204","2891","656","9657","0","4753","19","0","0","0","19","2077"
"167376","Northern Essex Community College","2013","5,000 - 9,999","7352","2438","4914","4088","7352","1518","426","4802","606","0","2438","827","156","1435","20","0","4914","691","270","3367","586","0"
"167394","College of Our Lady of the Elms","2013","1,000 - 4,999","1678","1021","657","1276","1347","192","239","877","39","331","1006","187","154","665","0","15","341","5","85","212","39","316"
"167455","Pine Manor College","2013","Under 1,000","346","338","8","341","313","53","13","155","92","33","305","52","12","149","92","33","8","1","1","6","0","0"
"167464","Blessed John XXIII National Seminary","2013","Under 1,000","57","57","0","57","0","0","0","0","0","57","0","0","0","0","0","57","0","0","0","0","0","0"
"167525","Quincy College","2013","1,000 - 4,999","4576","1718","2858","2678","4576","600","884","2541","551","0","1718","366","365","953","34","0","2858","234","519","1588","517","0"
"167534","Quinsigamond Community College","2013","5,000 - 9,999","8582","3440","5142","5166","8582","1843","520","5284","935","0","3440","1007","243","2033","157","0","5142","836","277","3251","778","0"
"167598","Regis College","2013","1,000 - 4,999","2069","1225","844","1550","1188","266","58","864","0","881","948","266","58","624","0","277","240","0","0","240","0","604"
"167631","Roxbury Community College","2013","1,000 - 4,999","2437","793","1644","1345","2437","524","10","1682","221","0","793","226","4","553","10","0","1644","298","6","1129","211","0"
"167677","Saint John's Seminary","2013","Under 1,000","192","117","75","146","43","0","17","18","8","149","35","0","17","18","0","82","8","0","0","0","8","67"
"167729","Salem State University","2013","5,000 - 9,999","9301","6194","3107","7394","7664","1087","782","5265","530","1637","5834","1074","630","4048","82","360","1830","13","152","1217","448","1277"
"167738","Salter College-West Boylston","2013","Under 1,000","699","530","169","597","699","648","0","49","2","0","530","495","0","33","2","0","169","153","0","16","0","0"
"167783","Simmons College","2013","1,000 - 4,999","4655","2335","2320","3223","1732","338","59","1313","22","2923","1577","338","59","1178","2","758","155","0","0","135","20","2165"
"167792","Bard College at Simon's Rock","2013","Under 1,000","350","341","9","345","350","144","2","198","6","0","341","144","2","195","0","0","9","0","0","3","6","0"
"167835","Smith College","2013","1,000 - 4,999","3033","2937","96","2974","2606","643","85","1878","0","427","2585","643","83","1859","0","352","21","0","2","19","0","75"
"167871","Southeastern Technical Institute","2013","Under 1,000","112","86","26","95","112","56","0","56","0","0","86","39","0","47","0","0","26","17","0","9","0","0"
"167899","Springfield College","2013","1,000 - 4,999","3255","3004","251","3100","2182","510","69","1578","25","1073","2128","510","69","1547","2","876","54","0","0","31","23","197"
"167905","Springfield Technical Community College","2013","5,000 - 9,999","6792","3210","3582","4413","6792","1401","537","4343","511","0","3210","947","257","1944","62","0","3582","454","280","2399","449","0"
"167987","University of Massachusetts-Dartmouth","2013","5,000 - 9,999","9053","7060","1993","7825","7437","1519","590","5093","235","1616","6373","1498","414","4419","42","687","1064","21","176","674","193","929"
"167996","Stonehill College","2013","1,000 - 4,999","2481","2458","23","2467","2481","610","31","1832","8","0","2458","610","31","1817","0","0","23","0","0","15","8","0"
"168005","Suffolk University","2013","5,000 - 9,999","8675","6815","1860","7530","5658","1165","382","3988","123","3017","5236","1159","365","3706","6","1579","422","6","17","282","117","1438"
"168032","Rob Roy Academy-Taunton","2013","Under 1,000","37","37","0","37","37","16","0","21","0","0","37","16","0","21","0","0","0","0","0","0","0","0"
"168148","Tufts University","2013","10,000 - 19,999","10872","10051","821","10365","5180","1307","56","3783","34","5692","5138","1307","55","3756","20","4913","42","0","1","27","14","779"
"168218","Wellesley College","2013","1,000 - 4,999","2474","2344","130","2395","2474","590","20","1737","127","0","2344","590","18","1726","10","0","130","0","2","11","117","0"
"168227","Wentworth Institute of Technology","2013","1,000 - 4,999","4179","3724","455","3902","4012","900","239","2836","37","167","3634","877","185","2568","4","90","378","23","54","268","33","77"
"168254","Western New England University","2013","1,000 - 4,999","3800","2955","845","3280","2667","691","88","1869","19","1133","2498","689","88","1721","0","457","169","2","0","148","19","676"
"168263","Westfield State University","2013","5,000 - 9,999","6371","5220","1151","5665","5692","1287","450","3787","168","679","4999","1285","379","3308","27","221","693","2","71","479","141","458"
"168281","Wheaton College","2013","1,000 - 4,999","1654","1645","9","1649","1654","458","14","1168","14","0","1645","458","14","1166","7","0","9","0","0","2","7","0"
"168290","Wheelock College","2013","1,000 - 4,999","1378","1065","313","1185","880","215","42","582","41","498","809","215","39","555","0","256","71","0","3","27","41","242"
"168342","Williams College","2013","1,000 - 4,999","2150","2118","32","2131","2096","544","3","1504","45","54","2064","544","3","1504","13","54","32","0","0","0","32","0"
"168421","Worcester Polytechnic Institute","2013","5,000 - 9,999","6296","4719","1577","5323","4134","1103","44","2865","122","2162","3959","1103","44","2746","66","760","175","0","0","119","56","1402"
"168430","Worcester State University","2013","5,000 - 9,999","6447","4268","2179","5116","5556","780","606","3647","523","891","4115","775","461","2858","21","153","1441","5","145","789","502","738"
"168528","Adrian College","2013","1,000 - 4,999","1658","1591","67","1617","1649","467","188","961","33","9","1582","458","182","942","0","9","67","9","6","19","33","0"
"168546","Albion College","2013","1,000 - 4,999","1307","1272","35","1286","1307","346","27","911","23","0","1272","346","27","895","4","0","35","0","0","16","19","0"
"168555","Hillsdale Beauty College","2013","Under 1,000","35","33","2","34","35","9","0","26","0","0","33","9","0","24","0","0","2","0","0","2","0","0"
"168573","Northwestern Technological Institute","2013","Under 1,000","406","406","0","406","406","128","0","278","0","0","406","128","0","278","0","0","0","0","0","0","0","0"
"168591","Alma College","2013","1,000 - 4,999","1419","1378","41","1394","1419","378","37","970","34","0","1378","378","37","956","7","0","41","0","0","14","27","0"
"168607","Alpena Community College","2013","1,000 - 4,999","1712","870","842","1153","1712","414","57","947","294","0","870","316","40","508","6","0","842","98","17","439","288","0"
"168740","Andrews University","2013","1,000 - 4,999","3516","2324","1192","2783","1905","321","159","1285","140","1611","1618","307","132","1173","6","706","287","14","27","112","134","905"
"168786","Aquinas College","2013","1,000 - 4,999","2001","1649","352","1786","1863","391","93","1359","20","138","1634","390","72","1172","0","15","229","1","21","187","20","123"
"168838","Baker College of Owosso","2013","1,000 - 4,999","2828","1713","1115","2151","2815","622","152","1952","89","13","1711","549","109","1052","1","2","1104","73","43","900","88","11"
"168847","Baker College of Flint","2013","1,000 - 4,999","4977","2746","2231","3622","4948","847","457","3582","62","29","2739","672","260","1801","6","7","2209","175","197","1781","56","22"
"168883","Bay de Noc Community College","2013","1,000 - 4,999","2305","1149","1156","1537","2305","374","393","1257","281","0","1149","304","185","656","4","0","1156","70","208","601","277","0"
"168892","Bayshire Academy of Beauty Craft Inc","2013","Under 1,000","41","18","23","27","41","19","0","22","0","0","18","8","0","10","0","0","23","11","0","12","0","0"
"169071","Cadillac Institute of Cosmetology","2013","Under 1,000","39","19","20","27","39","32","0","7","0","0","19","17","0","2","0","0","20","15","0","5","0","0"
"169080","Calvin College","2013","1,000 - 4,999","4034","3849","185","3921","3959","1006","101","2788","64","75","3814","1006","101","2700","7","35","145","0","0","88","57","40"
"169099","Calvin Theological Seminary","2013","Under 1,000","306","241","65","266","0","0","0","0","0","306","0","0","0","0","0","241","0","0","0","0","0","65"
"169187","Carnegie Institute","2013","Under 1,000","241","112","129","163","241","28","0","213","0","0","112","20","0","92","0","0","129","8","0","121","0","0"
"169220","Michigan School of Professional Psychology","2013","Under 1,000","161","86","75","115","0","0","0","0","0","161","0","0","0","0","0","86","0","0","0","0","0","75"
"169248","Central Michigan University","2013","20,000 and above","26841","19653","7188","22364","20534","3012","1448","15610","464","6307","17880","2964","1191","13451","274","1773","2654","48","257","2159","190","4534"
"169275","Mott Community College","2013","5,000 - 9,999","9683","2903","6780","5179","9683","741","266","7342","1334","0","2903","301","93","2243","266","0","6780","440","173","5099","1068","0"
"169284","Empire Beauty School-Michigan","2013","Under 1,000","365","295","70","323","365","106","0","259","0","0","295","92","0","203","0","0","70","14","0","56","0","0"
"169327","Cleary University","2013","Under 1,000","546","333","213","417","457","48","68","334","7","89","259","43","60","155","1","74","198","5","8","179","6","15"
"169363","Concordia University-Ann Arbor","2013","Under 1,000","740","532","208","612","584","188","44","297","55","156","506","184","36","285","1","26","78","4","8","12","54","130"
"169424","Cranbrook Academy of Art","2013","Under 1,000","149","149","0","149","0","0","0","0","0","149","0","0","0","0","0","149","0","0","0","0","0","0"
"169442","College for Creative Studies","2013","1,000 - 4,999","1423","1138","285","1250","1363","241","147","964","11","60","1082","218","111","750","3","56","281","23","36","214","8","4"
"169479","Davenport University","2013","5,000 - 9,999","9591","2676","6915","5370","7356","589","842","5688","237","2235","2580","451","352","1775","2","96","4776","138","490","3913","235","2139"
"169503","David Pressley School of Cosmetology","2013","Under 1,000","225","225","0","225","225","20","0","205","0","0","225","20","0","205","0","0","0","0","0","0","0","0"
"169521","Delta College","2013","10,000 - 19,999","10272","3880","6392","6026","10272","1497","353","6814","1608","0","3880","891","157","2441","391","0","6392","606","196","4373","1217","0"
"169576","Detroit Business Institute-Downriver","2013","Under 1,000","76","66","10","70","76","18","0","58","0","0","66","14","0","52","0","0","10","4","0","6","0","0"
"169628","Michigan State University-College of Law","2013","Under 1,000","998","823","175","890","0","0","0","0","0","998","0","0","0","0","0","823","0","0","0","0","0","175"
"169655","MIAT College of Technology","2013","Under 1,000","498","450","48","469","498","245","67","157","29","0","450","242","67","141","0","0","48","3","0","16","29","0"
"169716","University of Detroit Mercy","2013","5,000 - 9,999","5112","3716","1396","4257","2888","493","201","2177","17","2224","2196","491","76","1629","0","1520","692","2","125","548","17","704"
"169734","Dorsey Business Schools-Madison Heights","2013","Under 1,000","203","203","0","203","203","76","0","127","0","0","203","76","0","127","0","0","0","0","0","0","0","0"
"169761","Dorsey Business Schools-Southgate","2013","Under 1,000","145","145","0","145","145","69","0","76","0","0","145","69","0","76","0","0","0","0","0","0","0","0"
"169798","Eastern Michigan University","2013","20,000 and above","23447","14493","8954","17968","19189","2885","1965","13693","646","4258","13542","2848","1341","9183","170","951","5647","37","624","4510","476","3307"
"169910","Ferris State University","2013","10,000 - 19,999","14707","10066","4641","11921","13477","2035","1556","9055","831","1230","9255","1982","890","6297","86","811","4222","53","666","2758","745","419"
"169947","Flint Institute of Barbering Inc","2013","Under 1,000","56","56","0","56","56","17","0","39","0","0","56","17","0","39","0","0","0","0","0","0","0","0"
"169974","Glen Oaks Community College","2013","1,000 - 4,999","1221","531","690","763","1221","173","43","493","512","0","531","135","31","280","85","0","690","38","12","213","427","0"
"169983","Kettering University","2013","1,000 - 4,999","1985","1612","373","1756","1684","376","34","1230","44","301","1590","375","34","1171","10","22","94","1","0","59","34","279"
"169992","Gogebic Community College","2013","1,000 - 4,999","1099","647","452","799","1099","293","93","562","151","0","647","262","67","312","6","0","452","31","26","250","145","0"
"170000","Grace Bible College","2013","Under 1,000","579","438","141","493","579","141","103","332","3","0","438","116","73","249","0","0","141","25","30","83","3","0"
"170037","Cornerstone University","2013","1,000 - 4,999","2809","1909","900","2259","2200","373","51","1676","100","609","1610","356","32","1216","6","299","590","17","19","460","94","310"
"170046","Everest Institute-Grand Rapids","2013","Under 1,000","576","576","0","576","576","78","0","498","0","0","576","78","0","498","0","0","0","0","0","0","0","0"
"170055","Grand Rapids Community College","2013","10,000 - 19,999","16590","5669","10921","9336","16590","3529","1015","11091","955","0","5669","1893","423","3293","60","0","10921","1636","592","7798","895","0"
"170082","Grand Valley State University","2013","20,000 and above","24477","19853","4624","21632","21235","4078","1707","15352","98","3242","18686","4063","1472","13150","1","1167","2549","15","235","2202","97","2075"
"170091","Great Lakes Christian College","2013","Under 1,000","194","143","51","163","194","51","25","118","0","0","143","39","20","84","0","0","51","12","5","34","0","0"
"170240","Henry Ford Community College","2013","10,000 - 19,999","13836","5011","8825","7974","13836","2633","509","9279","1415","0","5011","1564","186","3133","128","0","8825","1069","323","6146","1287","0"
"170301","Hope College","2013","1,000 - 4,999","3388","3235","153","3295","3388","822","50","2424","92","0","3235","822","50","2342","21","0","153","0","0","82","71","0"
"170417","ITT Technical Institute-Wyoming","2013","Under 1,000","343","270","73","299","343","56","9","278","0","0","270","51","8","211","0","0","73","5","1","67","0","0"
"170444","Jackson College","2013","5,000 - 9,999","5665","2389","3276","3489","5665","1219","310","3651","485","0","2389","830","171","1369","19","0","3276","389","139","2282","466","0"
"170514","Wright Beauty Academy","2013","Under 1,000","84","3","81","35","84","15","0","69","0","0","3","1","0","2","0","0","81","14","0","67","0","0"
"170532","Kalamazoo College","2013","1,000 - 4,999","1458","1446","12","1451","1458","453","22","952","31","0","1446","453","22","944","27","0","12","0","0","8","4","0"
"170541","Kalamazoo Valley Community College","2013","10,000 - 19,999","10192","3888","6304","6004","10192","1835","882","6422","1053","0","3888","1040","420","2299","129","0","6304","795","462","4123","924","0"
"170550","Kellogg Community College","2013","5,000 - 9,999","6123","1744","4379","3214","6123","573","286","4127","1137","0","1744","297","102","1297","48","0","4379","276","184","2830","1089","0"
"170587","Kirtland Community College","2013","1,000 - 4,999","1805","694","1111","1067","1805","271","116","1160","258","0","694","148","50","495","1","0","1111","123","66","665","257","0"
"170611","Michigan College of Beauty-Monroe","2013","Under 1,000","117","88","29","100","117","98","0","19","0","0","88","74","0","14","0","0","29","24","0","5","0","0"
"170620","Lake Michigan College","2013","1,000 - 4,999","4230","1302","2928","2285","4230","735","213","2304","978","0","1302","392","76","786","48","0","2928","343","137","1518","930","0"
"170639","Lake Superior State University","2013","1,000 - 4,999","2435","1967","468","2156","2429","409","220","1670","130","6","1967","398","166","1400","3","0","462","11","54","270","127","6"
"170657","Lansing Community College","2013","10,000 - 19,999","17562","6587","10975","10272","17562","3386","0","10561","3615","0","6587","1787","0","3544","1256","0","10975","1599","0","7017","2359","0"
"170675","Lawrence Technological University","2013","1,000 - 4,999","4002","1571","2431","2516","3033","365","1069","1599","0","969","1536","353","715","468","0","35","1497","12","354","1131","0","934"
"170736","M J Murphy Beauty College of Mount Pleasant","2013","Under 1,000","82","82","0","82","82","50","0","32","0","0","82","50","0","32","0","0","0","0","0","0","0","0"
"170790","Macomb Community College","2013","20,000 and above","23446","7508","15938","12859","23446","1475","397","11747","9827","0","7508","681","195","3564","3068","0","15938","794","202","8183","6759","0"
"170806","Madonna University","2013","1,000 - 4,999","4399","1774","2625","2795","3352","205","654","2221","272","1047","1678","198","266","1156","58","96","1674","7","388","1065","214","951"
"170842","Marygrove College","2013","1,000 - 4,999","1960","816","1144","1256","1041","182","182","677","0","919","801","170","142","489","0","15","240","12","40","188","0","904"
"170967","Rochester College","2013","1,000 - 4,999","1129","723","406","882","1117","162","166","632","157","12","712","150","108","454","0","11","405","12","58","178","157","1"
"170976","University of Michigan-Ann Arbor","2013","20,000 and above","43710","41152","2558","42118","28283","6200","966","20911","206","15427","27316","6176","945","20107","88","13836","967","24","21","804","118","1591"
"171012","Michigan Barber School Inc","2013","Under 1,000","163","163","0","163","163","30","0","133","0","0","163","30","0","133","0","0","0","0","0","0","0","0"
"171100","Michigan State University","2013","20,000 and above","49317","43276","6041","45593","37985","8061","1513","28048","363","11332","34838","7924","1401","25251","262","8438","3147","137","112","2797","101","2894"
"171128","Michigan Technological University","2013","5,000 - 9,999","6975","6158","817","6471","5617","1253","195","4088","81","1358","5198","1252","189","3756","1","960","419","1","6","332","80","398"
"171137","University of Michigan-Dearborn","2013","5,000 - 9,999","8748","5225","3523","6597","7144","954","727","5112","351","1604","4814","908","453","3356","97","411","2330","46","274","1756","254","1193"
"171146","University of Michigan-Flint","2013","5,000 - 9,999","8555","4943","3612","6360","7143","724","810","5212","397","1412","4490","665","458","3344","23","453","2653","59","352","1868","374","959"
"171155","Mid Michigan Community College","2013","1,000 - 4,999","4552","1672","2880","2639","4552","756","913","1429","1454","0","1672","432","479","534","227","0","2880","324","434","895","1227","0"
"171225","Monroe County Community College","2013","1,000 - 4,999","3777","1313","2464","2140","3777","579","104","1602","1492","0","1313","258","57","518","480","0","2464","321","47","1084","1012","0"
"171234","Montcalm Community College","2013","1,000 - 4,999","1944","654","1290","1087","1944","189","344","1110","301","0","654","96","124","429","5","0","1290","93","220","681","296","0"
"171261","Mr Bela's School of Cosmetology Inc","2013","Under 1,000","117","73","44","90","117","38","0","79","0","0","73","21","0","52","0","0","44","17","0","27","0","0"
"171298","Baker College of Muskegon","2013","1,000 - 4,999","4021","2592","1429","3153","4005","757","383","2848","17","16","2585","660","266","1658","1","7","1420","97","117","1190","16","9"
"171304","Muskegon Community College","2013","1,000 - 4,999","4879","1705","3174","2771","4879","865","248","2685","1081","0","1705","491","106","894","214","0","3174","374","142","1791","867","0"
"171313","Everest College-Skokie","2013","Under 1,000","459","459","0","459","459","79","0","380","0","0","459","79","0","380","0","0","0","0","0","0","0","0"
"171322","Everest Institute-Southfield","2013","1,000 - 4,999","1003","1003","0","1003","1003","91","0","912","0","0","1003","91","0","912","0","0","0","0","0","0","0","0"
"171395","North Central Michigan College","2013","1,000 - 4,999","2790","899","1891","1534","2790","749","102","1615","324","0","899","254","42","591","12","0","1891","495","60","1024","312","0"
"171456","Northern Michigan University","2013","5,000 - 9,999","8918","7537","1381","8073","8221","1665","502","5792","262","697","7347","1642","482","5210","13","190","874","23","20","582","249","507"
"171465","Paul Mitchell the School-Escanaba","2013","Under 1,000","41","41","0","41","41","10","0","31","0","0","41","10","0","31","0","0","0","0","0","0","0","0"
"171483","Northwestern Michigan College","2013","1,000 - 4,999","4724","1951","2773","3070","4724","898","316","3027","483","0","1951","572","195","1136","48","0","2773","326","121","1891","435","0"
"171492","Northwood University-Michigan","2013","1,000 - 4,999","3194","1934","1260","2427","2964","299","603","2018","44","230","1859","298","276","1279","6","75","1105","1","327","739","38","155"
"171535","Oakland Community College","2013","20,000 and above","26405","8058","18347","14218","26405","2412","1125","11767","11101","0","8058","1179","481","3106","3292","0","18347","1233","644","8661","7809","0"
"171571","Oakland University","2013","20,000 and above","20169","13863","6306","16326","16594","2569","1900","11644","481","3575","12252","2453","1350","8399","50","1611","4342","116","550","3245","431","1964"
"171599","Olivet College","2013","1,000 - 4,999","1133","982","151","1041","1119","279","71","666","103","14","982","278","68","623","13","0","137","1","3","43","90","14"
"171775","Port Huron Cosmetology College","2013","Under 1,000","82","54","28","65","82","17","0","65","0","0","54","14","0","40","0","0","28","3","0","25","0","0"
"171881","Kuyper College","2013","Under 1,000","291","248","43","265","288","38","42","203","5","3","247","37","35","175","0","1","41","1","7","28","5","2"
"171988","Ross Medical Education Center-Lansing","2013","Under 1,000","151","151","0","151","151","48","0","103","0","0","151","48","0","103","0","0","0","0","0","0","0","0"
"171997","Ross Medical Education Center-Madison Heights","2013","Under 1,000","270","270","0","270","270","72","0","198","0","0","270","72","0","198","0","0","0","0","0","0","0","0"
"172015","Ross Medical Education Center-Flint","2013","Under 1,000","307","307","0","307","307","83","0","224","0","0","307","83","0","224","0","0","0","0","0","0","0","0"
"172033","Sacred Heart Major Seminary","2013","Under 1,000","436","130","306","249","264","1","22","131","110","172","54","1","12","41","0","76","210","0","10","90","110","96"
"172051","Saginaw Valley State University","2013","10,000 - 19,999","10240","7899","2341","8810","9163","1593","640","6454","476","1077","7628","1582","510","5316","220","271","1535","11","130","1138","256","806"
"172200","Schoolcraft College","2013","10,000 - 19,999","12385","4386","7999","7072","12385","1878","2853","4804","2850","0","4386","1074","828","1625","859","0","7999","804","2025","3179","1991","0"
"172264","Siena Heights University","2013","1,000 - 4,999","2684","1246","1438","1808","2424","301","471","1553","99","260","1237","300","204","733","0","9","1187","1","267","820","99","251"
"172291","St Clair County Community College","2013","1,000 - 4,999","4324","1763","2561","2623","4324","757","163","2668","736","0","1763","525","69","1118","51","0","2561","232","94","1550","685","0"
"172307","Southwestern Michigan College","2013","1,000 - 4,999","2802","1410","1392","1877","2802","765","209","1445","383","0","1410","615","111","676","8","0","1392","150","98","769","375","0"
"172325","Specs Howard School of Media Arts","2013","Under 1,000","597","0","597","237","597","180","0","417","0","0","0","0","0","0","0","0","597","180","0","417","0","0"
"172334","Spring Arbor University","2013","1,000 - 4,999","3962","2498","1464","3068","2968","369","481","2010","108","994","2006","367","119","1520","0","492","962","2","362","490","108","502"
"172422","Michigan Career and Technical Institute","2013","Under 1,000","200","200","0","200","200","129","0","71","0","0","200","129","0","71","0","0","0","0","0","0","0","0"
"172440","Finlandia University","2013","Under 1,000","525","464","61","488","525","107","59","332","27","0","464","105","57","301","1","0","61","2","2","31","26","0"
"172477","Thomas M Cooley Law School","2013","1,000 - 4,999","2477","443","2034","1220","0","0","0","0","0","2477","0","0","0","0","0","443","0","0","0","0","0","2034"
"172495","Twin City Beauty College","2013","Under 1,000","111","18","93","55","111","31","0","80","0","0","18","12","0","6","0","0","93","19","0","74","0","0"
"172608","Walsh College of Accountancy and Business Administration","2013","1,000 - 4,999","2864","204","2660","1230","994","0","235","732","27","1870","110","0","42","67","1","94","884","0","193","665","26","1776"
"172617","Washtenaw Community College","2013","10,000 - 19,999","12327","3758","8569","6635","12327","1721","771","7680","2155","0","3758","777","348","2166","467","0","8569","944","423","5514","1688","0"
"172635","Wayne County Community College District","2013","10,000 - 19,999","18119","3862","14257","8649","18119","3613","2588","7512","4406","0","3862","1225","711","1874","52","0","14257","2388","1877","5638","4354","0"
"172644","Wayne State University","2013","20,000 and above","27897","18096","9801","21908","18602","2167","1883","13739","813","9295","12221","2075","1221","8833","92","5875","6381","92","662","4906","721","3420"
"172671","West Shore Community College","2013","1,000 - 4,999","1487","513","974","840","1487","242","62","863","320","0","513","155","28","291","39","0","974","87","34","572","281","0"
"172680","EXCEL ACADEMIES OF COSMETOLOGY","2013",,,,,,,,,,,,,,,,,,,,,,,
"172699","Western Michigan University","2013","20,000 and above","24294","17042","7252","19804","19198","3190","1641","13924","443","5096","15879","3158","1311","11351","59","1163","3319","32","330","2573","384","3933"
"172705","Western Theological Seminary","2013","Under 1,000","275","187","88","221","0","0","0","0","0","275","0","0","0","0","0","187","0","0","0","0","0","88"
"172802","Wright Beauty Academy","2013","Under 1,000","45","15","30","27","45","14","0","31","0","0","15","1","0","14","0","0","30","13","0","17","0","0"
"172866","Academy College","2013","Under 1,000","149","108","41","124","149","9","17","114","9","0","108","9","17","74","8","0","41","0","0","40","1","0"
"172918","Alexandria Technical & Community College","2013","1,000 - 4,999","2845","1474","1371","1934","2845","555","197","1030","1063","0","1474","508","150","715","101","0","1371","47","47","315","962","0"
"172927","American Indian OIC Inc","2013","Under 1,000","136","135","1","135","136","13","0","123","0","0","135","13","0","122","0","0","1","0","0","1","0","0"
"172954","Anoka Technical College","2013","1,000 - 4,999","2249","1021","1228","1433","2249","308","431","1253","257","0","1021","214","205","594","8","0","1228","94","226","659","249","0"
"172963","Anoka-Ramsey Community College","2013","5,000 - 9,999","9320","3161","6159","5229","9320","1292","852","4441","2735","0","3161","783","376","1286","716","0","6159","509","476","3155","2019","0"
"173045","Augsburg College","2013","1,000 - 4,999","3554","2567","987","2951","2716","466","298","1897","55","838","2038","463","192","1374","9","529","678","3","106","523","46","309"
"173063","Riverland Community College","2013","1,000 - 4,999","3308","1334","1974","1997","3308","488","215","1806","799","0","1334","372","122","690","150","0","1974","116","93","1116","649","0"
"173115","Northwest Technical College","2013","1,000 - 4,999","1216","430","786","694","1216","123","158","514","421","0","430","77","72","266","15","0","786","46","86","248","406","0"
"173124","Bemidji State University","2013","1,000 - 4,999","4963","3551","1412","4112","4727","828","585","2984","330","236","3518","816","360","2314","28","33","1209","12","225","670","302","203"
"173142","Bethany Lutheran College","2013","Under 1,000","579","552","27","563","579","147","37","368","27","0","552","146","34","358","14","0","27","1","3","10","13","0"
"173160","Bethel University","2013","1,000 - 4,999","4340","2942","1398","3483","3280","612","236","2330","102","1060","2614","610","98","1827","79","328","666","2","138","503","23","732"
"173179","Bethel Seminary-St Paul","2013","Under 1,000","512","74","438","241","0","0","0","0","0","512","0","0","0","0","0","74","0","0","0","0","0","438"
"173203","Central Lakes College-Brainerd","2013","1,000 - 4,999","4350","2179","2171","2908","4350","680","275","1646","1749","0","2179","557","207","968","447","0","2171","123","68","678","1302","0"
"173258","Carleton College","2013","1,000 - 4,999","2045","2025","20","2033","2045","527","2","1494","22","0","2025","527","2","1494","2","0","20","0","0","0","20","0"
"173300","Concordia College at Moorhead","2013","1,000 - 4,999","2558","2488","70","2515","2531","684","42","1738","67","27","2488","684","42","1721","41","0","43","0","0","17","26","27"
"173328","Concordia University-Saint Paul","2013","1,000 - 4,999","3661","2494","1167","2951","2206","294","550","1083","279","1455","1216","282","220","655","59","1278","990","12","330","428","220","177"
"173416","Dakota County Technical College","2013","1,000 - 4,999","3128","1496","1632","2044","3128","440","505","1696","487","0","1496","325","322","830","19","0","1632","115","183","866","468","0"
"173452","Martin Luther College","2013","Under 1,000","824","710","114","754","763","164","32","533","34","61","702","164","29","509","0","8","61","0","3","24","34","53"
"173461","Lake Superior College","2013","5,000 - 9,999","5394","2140","3254","3232","5394","706","518","2766","1404","0","2140","442","277","1307","114","0","3254","264","241","1459","1290","0"
"173470","Cosmetology Careers Unlimited College of Hair Skin and Nails","2013","Under 1,000","33","33","0","33","33","10","0","23","0","0","33","10","0","23","0","0","0","0","0","0","0","0"
"173489","Duluth Business University","2013","Under 1,000","201","111","90","146","201","12","30","159","0","0","111","6","20","85","0","0","90","6","10","74","0","0"
"173559","Minnesota State Community and Technical College","2013","5,000 - 9,999","6464","3134","3330","4252","6464","1013","690","3257","1504","0","3134","808","453","1726","147","0","3330","205","237","1531","1357","0"
"173629","Globe University-Woodbury","2013","Under 1,000","983","635","348","771","898","70","195","580","53","85","591","65","169","345","12","44","307","5","26","235","41","41"
"173638","Minnesota West Community and Technical College","2013","1,000 - 4,999","3231","1315","1916","1958","3231","358","241","1566","1066","0","1315","287","152","781","95","0","1916","71","89","785","971","0"
"173647","Gustavus Adolphus College","2013","1,000 - 4,999","2449","2423","26","2433","2449","610","121","1708","10","0","2423","610","121","1686","6","0","26","0","0","22","4","0"
"173665","Hamline University","2013","1,000 - 4,999","4581","2647","1934","3387","2164","536","142","1430","56","2417","2087","536","135","1393","23","560","77","0","7","37","33","1857"
"173683","Hazelden Graduate School of Addiction Studies","2013","Under 1,000","90","58","32","70","0","0","0","0","0","90","0","0","0","0","0","58","0","0","0","0","0","32"
"173708","Hennepin Technical College","2013","5,000 - 9,999","6402","2278","4124","3663","6402","715","992","4043","652","0","2278","374","467","1332","105","0","4124","341","525","2711","547","0"
"173726","Cosmetology Careers Unlimited College of Hair Skin and Nails","2013","Under 1,000","37","37","0","37","37","8","0","29","0","0","37","8","0","29","0","0","0","0","0","0","0","0"
"173735","Hibbing Community College","2013","1,000 - 4,999","1376","845","531","1023","1376","257","256","673","190","0","845","239","173","386","47","0","531","18","83","287","143","0"
"173744","Aveda Institute-Minneapolis","2013","Under 1,000","489","489","0","489","489","213","0","276","0","0","489","213","0","276","0","0","0","0","0","0","0","0"
"173799","Inver Hills Community College","2013","5,000 - 9,999","5944","2104","3840","3393","5944","787","760","3368","1029","0","2104","468","332","1128","176","0","3840","319","428","2240","853","0"
"173805","Itasca Community College","2013","1,000 - 4,999","1248","886","362","1008","1248","257","168","651","172","0","886","232","136","450","68","0","362","25","32","201","104","0"
"173887","The Art Institutes International-Minnesota","2013","1,000 - 4,999","1161","883","278","992","1161","205","173","783","0","0","883","168","131","584","0","0","278","37","42","199","0","0"
"173896","Luther Seminary","2013","Under 1,000","705","401","304","517","0","0","0","0","0","705","0","0","0","0","0","401","0","0","0","0","0","304"
"173902","Macalester College","2013","1,000 - 4,999","2039","2011","28","2022","2039","555","13","1461","10","0","2011","555","13","1442","1","0","28","0","0","19","9","0"
"173911","South Central College","2013","1,000 - 4,999","3410","1687","1723","2265","3410","513","381","2072","444","0","1687","404","263","976","44","0","1723","109","118","1096","400","0"
"173920","Minnesota State University-Mankato","2013","10,000 - 19,999","15426","12097","3329","13387","13467","2452","1091","8999","925","1959","11419","2436","937","7893","153","678","2048","16","154","1106","772","1281"
"173939","Regency Beauty Institute-Blaine","2013","Under 1,000","137","102","35","116","137","53","0","84","0","0","102","43","0","59","0","0","35","10","0","25","0","0"
"173957","Mayo Medical School","2013","Under 1,000","195","195","0","195","0","0","0","0","0","195","0","0","0","0","0","195","0","0","0","0","0","0"
"173966","Mayo School of Health Sciences","2013","Under 1,000","335","335","0","335","131","0","0","131","0","204","131","0","0","131","0","204","0","0","0","0","0","0"
"173984","Argosy University-Twin Cities","2013","1,000 - 4,999","1626","318","1308","827","1122","100","232","781","9","504","235","27","37","170","1","83","887","73","195","611","8","421"
"173993","Mesabi Range Community and Technical College","2013","1,000 - 4,999","1425","841","584","1037","1425","227","158","601","439","0","841","206","129","448","58","0","584","21","29","153","381","0"
"174020","Metropolitan State University","2013","5,000 - 9,999","8510","3033","5477","5215","7647","100","1811","5411","325","863","2852","64","759","2002","27","181","4795","36","1052","3409","298","682"
"174066","University of Minnesota-Twin Cities","2013","20,000 and above","51526","38767","12759","43612","34449","5544","2525","22202","4178","17077","28940","5538","2380","19948","1074","9827","5509","6","145","2254","3104","7250"
"174075","University of Minnesota-Crookston","2013","1,000 - 4,999","2839","1305","1534","1924","2839","213","242","1358","1026","0","1305","200","137","899","69","0","1534","13","105","459","957","0"
"174118","Minneapolis Business College","2013","Under 1,000","235","235","0","235","235","126","55","54","0","0","235","126","55","54","0","0","0","0","0","0","0","0"
"174127","Minneapolis College of Art and Design","2013","Under 1,000","791","698","93","734","688","116","102","465","5","103","665","115","102","448","0","33","23","1","0","17","5","70"
"174136","Minneapolis Community and Technical College","2013","5,000 - 9,999","9691","3409","6282","5518","9691","1269","1382","6287","753","0","3409","662","634","2033","80","0","6282","607","748","4254","673","0"
"174154","Herzing University-Minneapolis","2013","Under 1,000","262","128","134","181","262","9","15","238","0","0","128","6","6","116","0","0","134","3","9","122","0","0"
"174190","Minnesota School of Cosmetology-Woodbury Campus","2013","Under 1,000","138","138","0","138","138","34","0","104","0","0","138","34","0","104","0","0","0","0","0","0","0","0"
"174206","Crossroads College","2013","Under 1,000","101","88","13","93","101","13","13","71","4","0","88","11","13","63","1","0","13","2","0","8","3","0"
"174233","University of Minnesota-Duluth","2013","10,000 - 19,999","11241","9658","1583","10276","10079","2054","570","6615","840","1162","8989","2050","550","6290","99","669","1090","4","20","325","741","493"
"174251","University of Minnesota-Morris","2013","1,000 - 4,999","1946","1815","131","1868","1946","469","100","1277","100","0","1815","468","98","1228","21","0","131","1","2","49","79","0"
"174279","Minnesota School of Business-Richfield","2013","1,000 - 4,999","1037","625","412","786","947","44","186","666","51","90","578","41","160","369","8","47","369","3","26","297","43","43"
"174321","Model College of Hair Design","2013","Under 1,000","125","125","0","125","125","44","0","81","0","0","125","44","0","81","0","0","0","0","0","0","0","0"
"174358","Minnesota State University-Moorhead","2013","5,000 - 9,999","6634","5260","1374","5801","6163","987","629","4296","251","471","5109","944","487","3611","67","151","1054","43","142","685","184","320"
"174376","North Hennepin Community College","2013","5,000 - 9,999","7562","2125","5437","3950","7562","915","1057","4698","892","0","2125","417","351","1102","255","0","5437","498","706","3596","637","0"
"174385","National American University-Roseville","2013","Under 1,000","371","22","349","159","371","29","59","281","2","0","22","0","3","18","1","0","349","29","56","263","1","0"
"174394","Brown College-Mendota Heights","2013","Under 1,000","237","123","114","168","237","20","14","203","0","0","123","15","8","100","0","0","114","5","6","103","0","0"
"174428","Normandale Community College","2013","5,000 - 9,999","9508","3998","5510","5848","9508","1373","1170","5208","1757","0","3998","859","647","1904","588","0","5510","514","523","3304","1169","0"
"174437","North Central University","2013","1,000 - 4,999","1305","1088","217","1173","1301","246","95","765","195","4","1088","246","90","713","39","0","213","0","5","52","156","4"
"174473","Northland Community and Technical College","2013","1,000 - 4,999","3792","1713","2079","2411","3792","532","394","1936","930","0","1713","422","253","897","141","0","2079","110","141","1039","789","0"
"174491","University of Northwestern-St Paul","2013","1,000 - 4,999","3352","1986","1366","2521","3149","468","139","1431","1111","203","1958","464","116","1178","200","28","1191","4","23","253","911","175"
"174507","Northwestern Health Sciences University","2013","Under 1,000","904","783","121","830","113","10","89","14","0","791","50","9","39","2","0","733","63","1","50","12","0","58"
"174525","Oak Hills Christian College","2013","Under 1,000","143","122","21","130","143","29","21","76","17","0","122","28","19","70","5","0","21","1","2","6","12","0"
"174534","Regency Beauty Institute-Burnsville","2013","Under 1,000","112","90","22","99","112","43","0","69","0","0","90","35","0","55","0","0","22","8","0","14","0","0"
"174570","Pine Technical College","2013","1,000 - 4,999","1098","345","753","598","1098","118","116","517","347","0","345","46","47","234","18","0","753","72","69","283","329","0"
"174604","Rainy River Community College","2013","Under 1,000","315","240","75","265","315","66","30","108","111","0","240","60","23","80","77","0","75","6","7","28","34","0"
"174738","Rochester Community and Technical College","2013","5,000 - 9,999","6057","2728","3329","3846","6057","1051","592","3648","766","0","2728","768","311","1421","228","0","3329","283","281","2227","538","0"
"174747","College of Saint Benedict","2013","1,000 - 4,999","2051","2015","36","2029","2051","543","38","1470","0","0","2015","538","38","1439","0","0","36","5","0","31","0","0"
"174756","St Cloud Technical and Community College","2013","1,000 - 4,999","4946","2286","2660","3179","4946","976","687","2759","524","0","2286","524","382","1300","80","0","2660","452","305","1459","444","0"
"174765","Regency Beauty Institute-St Cloud","2013","Under 1,000","76","76","0","76","76","23","0","53","0","0","76","23","0","53","0","0","0","0","0","0","0","0"
"174783","Saint Cloud State University","2013","10,000 - 19,999","16765","10447","6318","12953","15134","1701","1078","8756","3599","1631","9860","1659","875","7010","316","587","5274","42","203","1746","3283","1044"
"174792","Saint Johns University","2013","1,000 - 4,999","1979","1904","75","1933","1871","500","26","1345","0","108","1850","497","26","1327","0","54","21","3","0","18","0","54"
"174817","Saint Mary's University of Minnesota","2013","5,000 - 9,999","5528","3294","2234","4154","1932","319","197","1381","35","3596","1307","307","81","908","11","1987","625","12","116","473","24","1609"
"174844","St Olaf College","2013","1,000 - 4,999","3125","3081","44","3098","3125","752","19","2308","46","0","3081","752","19","2300","10","0","44","0","0","8","36","0"
"174862","Crown College","2013","1,000 - 4,999","1323","1071","252","1169","1139","210","53","832","44","184","935","198","51","666","20","136","204","12","2","166","24","48"
"174899","The College of Saint Scholastica","2013","1,000 - 4,999","4206","3309","897","3657","2917","432","449","1977","59","1289","2423","431","325","1658","9","886","494","1","124","319","50","403"
"174914","University of St Thomas","2013","10,000 - 19,999","10192","7257","2935","8381","6321","1368","271","4607","75","3871","6065","1368","257","4426","14","1192","256","0","14","181","61","2679"
"174978","Empire Beauty School-Bloomington","2013","Under 1,000","148","116","32","129","148","37","0","111","0","0","116","32","0","84","0","0","32","5","0","27","0","0"
"175005","St Catherine University","2013","5,000 - 9,999","5017","3254","1763","3942","3559","444","609","2426","80","1458","2188","419","248","1507","14","1066","1371","25","361","919","66","392"
"175014","Rasmussen College-Minnesota","2013","5,000 - 9,999","5485","2787","2698","3847","5485","207","1010","3525","743","0","2787","161","750","1873","3","0","2698","46","260","1652","740","0"
"175041","Saint Paul College","2013","5,000 - 9,999","6740","2740","4000","4083","6740","1246","993","3844","657","0","2740","699","444","1543","54","0","4000","547","549","2301","603","0"
"175078","Southwest Minnesota State University","2013","5,000 - 9,999","6917","2403","4514","4218","6467","449","244","1733","4041","450","2120","445","143","1418","114","283","4347","4","101","315","3927","167"
"175120","Summit Academy Opportunities Industrialization Center","2013","Under 1,000","252","244","8","247","252","101","0","151","0","0","244","101","0","143","0","0","8","0","0","8","0","0"
"175139","United Theological Seminary of the Twin Cities","2013","Under 1,000","128","49","79","79","0","0","0","0","0","128","0","0","0","0","0","49","0","0","0","0","0","79"
"175157","Vermilion Community College","2013","Under 1,000","711","496","215","568","711","163","71","281","196","0","496","162","68","249","17","0","215","1","3","32","179","0"
"175227","Dunwoody College of Technology","2013","1,000 - 4,999","1071","855","216","940","1071","204","219","642","6","0","855","192","188","474","1","0","216","12","31","168","5","0"
"175236","Ridgewater College","2013","1,000 - 4,999","3766","2293","1473","2788","3766","739","406","2184","437","0","2293","605","297","1255","136","0","1473","134","109","929","301","0"
"175263","Minnesota State College-Southeast Technical","2013","1,000 - 4,999","2207","1135","1072","1495","2207","298","321","1256","332","0","1135","206","210","695","24","0","1072","92","111","561","308","0"
"175272","Winona State University","2013","5,000 - 9,999","8782","7487","1295","7993","8253","1641","576","5862","174","529","7354","1630","369","5263","92","133","899","11","207","599","82","396"
"175281","William Mitchell College of Law","2013","Under 1,000","813","553","260","652","0","0","0","0","0","813","0","0","0","0","0","553","0","0","0","0","0","260"
"175315","Century College","2013","10,000 - 19,999","10073","3985","6088","6029","10073","1410","1377","6697","589","0","3985","812","656","2341","176","0","6088","598","721","4356","413","0"
"175342","Alcorn State University","2013","1,000 - 4,999","3848","2917","931","3272","3157","574","152","2431","0","691","2732","545","136","2051","0","185","425","29","16","380","0","506"
"175421","Belhaven University","2013","1,000 - 4,999","4025","1411","2614","2426","2749","280","437","1770","262","1276","1242","217","200","824","1","169","1507","63","237","946","261","1107"
"175430","Blue Mountain College","2013","Under 1,000","532","461","71","489","520","85","91","321","23","12","453","81","82","290","0","8","67","4","9","31","23","4"
"175494","Chris Beauty College","2013","Under 1,000","97","97","0","97","97","26","0","71","0","0","97","26","0","71","0","0","0","0","0","0","0","0"
"175519","Coahoma Community College","2013","1,000 - 4,999","2073","1854","219","1928","2073","468","90","1401","114","0","1854","457","80","1317","0","0","219","11","10","84","114","0"
"175528","Antonelli College-Jackson","2013","Under 1,000","485","375","110","419","485","48","40","397","0","0","375","44","36","295","0","0","110","4","4","102","0","0"
"175573","Copiah-Lincoln Community College","2013","1,000 - 4,999","3157","2509","648","2727","3157","692","205","1962","298","0","2509","655","176","1674","4","0","648","37","29","288","294","0"
"175591","Creations College of Cosmetology","2013","Under 1,000","51","51","0","51","51","7","0","44","0","0","51","7","0","44","0","0","0","0","0","0","0","0"
"175607","Delta Beauty College","2013","Under 1,000","50","50","0","50","50","3","0","47","0","0","50","3","0","47","0","0","0","0","0","0","0","0"
"175616","Delta State University","2013","1,000 - 4,999","4785","3676","1109","4097","2638","383","470","1785","0","2147","2166","381","440","1345","0","1510","472","2","30","440","0","637"
"175643","East Central Community College","2013","1,000 - 4,999","2572","1974","598","2175","2572","754","493","1076","249","0","1974","717","354","899","4","0","598","37","139","177","245","0"
"175652","East Mississippi Community College","2013","1,000 - 4,999","4364","2697","1667","3257","4364","1083","1151","2130","0","0","2697","733","628","1336","0","0","1667","350","523","794","0","0"
"175698","Fosters Cosmetology College","2013","Under 1,000","32","11","21","19","32","4","0","28","0","0","11","2","0","9","0","0","21","2","0","19","0","0"
"175722","Academy of Hair Design-Grenada","2013","Under 1,000","40","40","0","40","40","7","0","33","0","0","40","7","0","33","0","0","0","0","0","0","0","0"
"175786","Hinds Community College","2013","10,000 - 19,999","11893","8468","3425","9618","11893","2942","900","7104","947","0","8468","2745","609","5067","47","0","3425","197","291","2037","900","0"
"175810","Holmes Community College","2013","5,000 - 9,999","5911","4048","1863","4673","5911","1441","936","3534","0","0","4048","1038","629","2381","0","0","1863","403","307","1153","0","0"
"175829","Itawamba Community College","2013","5,000 - 9,999","5693","4194","1499","4697","5693","1577","1100","2800","216","0","4194","1436","583","2163","12","0","1499","141","517","637","204","0"
"175856","Jackson State University","2013","5,000 - 9,999","9134","6665","2469","7604","6903","1103","717","5060","23","2231","5812","1095","591","4110","16","853","1091","8","126","950","7","1378"
"175883","Jones County Junior College","2013","1,000 - 4,999","4443","3573","870","3865","4443","1584","331","2528","0","0","3573","1237","278","2058","0","0","870","347","53","470","0","0"
"175935","Meridian Community College","2013","1,000 - 4,999","3713","2481","1232","2895","3713","613","1166","1822","112","0","2481","483","766","1223","9","0","1232","130","400","599","103","0"
"175980","Millsaps College","2013","Under 1,000","804","767","37","781","744","171","26","537","10","60","730","171","26","532","1","37","14","0","0","5","9","23"
"176008","Mississippi Delta Community College","2013","1,000 - 4,999","2950","2305","645","2522","2950","738","246","1583","383","0","2305","688","181","1323","113","0","645","50","65","260","270","0"
"176017","University of Mississippi","2013","10,000 - 19,999","19431","17612","1819","18314","16677","3582","1228","11622","245","2754","15628","3564","1133","10714","217","1984","1049","18","95","908","28","770"
"176035","Mississippi University for Women","2013","1,000 - 4,999","2629","2046","583","2277","2429","183","594","1475","177","200","1945","182","557","1203","3","101","484","1","37","272","174","99"
"176044","Mississippi Valley State University","2013","1,000 - 4,999","2203","1711","492","1903","1926","493","181","1182","70","277","1600","459","159","982","0","111","326","34","22","200","70","166"
"176053","Mississippi College","2013","1,000 - 4,999","4921","3781","1140","4220","2905","598","316","1981","10","2016","2589","588","291","1707","3","1192","316","10","25","274","7","824"
"176062","Mississippi College of Beauty Culture","2013","Under 1,000","82","82","0","82","82","16","0","66","0","0","82","16","0","66","0","0","0","0","0","0","0","0"
"176071","Mississippi Gulf Coast Community College","2013","10,000 - 19,999","10106","6941","3165","8004","10106","2919","646","6509","32","0","6941","2085","406","4444","6","0","3165","834","240","2065","26","0"
"176080","Mississippi State University","2013","20,000 and above","20161","16951","3210","18169","16399","3156","1534","11709","0","3762","15048","3149","1421","10478","0","1903","1351","7","113","1231","0","1859"
"176169","Northeast Mississippi Community College","2013","1,000 - 4,999","3271","2710","561","2898","3271","1087","148","1870","166","0","2710","1030","116","1564","0","0","561","57","32","306","166","0"
"176178","Northwest Mississippi Community College","2013","5,000 - 9,999","7871","5956","1915","6599","7871","1927","649","4954","341","0","5956","1761","472","3714","9","0","1915","166","177","1240","332","0"
"176239","Pearl River Community College","2013","5,000 - 9,999","5170","3559","1611","4100","5170","2539","423","2208","0","0","3559","1808","255","1496","0","0","1611","731","168","712","0","0"
"176318","Rust College","2013","Under 1,000","922","854","68","881","922","267","44","611","0","0","854","267","44","543","0","0","68","0","0","68","0","0"
"176336","Southeastern Baptist College","2013","Under 1,000","38","27","11","31","38","8","0","29","1","0","27","7","0","20","0","0","11","1","0","9","1","0"
"176354","Southwest Mississippi Community College","2013","1,000 - 4,999","2021","1767","254","1852","2021","663","119","1151","88","0","1767","646","98","1022","1","0","254","17","21","129","87","0"
"176372","University of Southern Mississippi","2013","10,000 - 19,999","15249","12317","2932","13446","12475","1746","1622","9003","104","2774","10841","1726","1449","7654","12","1476","1634","20","173","1349","92","1298"
"176390","Magnolia College of Cosmetology","2013","Under 1,000","133","133","0","133","133","37","0","96","0","0","133","37","0","96","0","0","0","0","0","0","0","0"
"176406","Tougaloo College","2013","Under 1,000","878","849","29","860","878","153","60","664","1","0","849","153","59","637","0","0","29","0","1","27","1","0"
"176451","Wesley Biblical Seminary","2013","Under 1,000","44","7","37","21","0","0","0","0","0","44","0","0","0","0","0","7","0","0","0","0","0","37"
"176479","William Carey University","2013","1,000 - 4,999","3882","2826","1056","3233","2257","182","383","1601","91","1625","1886","179","333","1374","0","940","371","3","50","227","91","685"
"176600","Aquinas Institute of Theology","2013","Under 1,000","149","45","104","85","0","0","0","0","0","149","0","0","0","0","0","45","0","0","0","0","0","104"
"176619","Assemblies of God Theological Seminary","2013","Under 1,000","404","118","286","227","0","0","0","0","0","404","0","0","0","0","0","118","0","0","0","0","0","286"
"176628","Avila University","2013","1,000 - 4,999","1971","1526","445","1699","1401","182","167","987","65","570","1124","182","163","728","51","402","277","0","4","259","14","168"
"176637","ITT Technical Institute-Earth City","2013","Under 1,000","602","481","121","529","602","103","21","478","0","0","481","96","10","375","0","0","121","7","11","103","0","0"
"176664","Baptist Bible College","2013","Under 1,000","367","278","89","312","305","56","24","225","0","62","268","55","21","192","0","10","37","1","3","33","0","52"
"176716","House of Heavilin Beauty College-Blue Springs","2013","Under 1,000","90","90","0","90","90","19","0","71","0","0","90","19","0","71","0","0","0","0","0","0","0","0"
"176770","Cox College","2013","Under 1,000","880","455","425","622","832","15","206","611","0","48","433","7","101","325","0","22","399","8","105","286","0","26"
"176789","Calvary Bible College and Theological Seminary","2013","Under 1,000","328","187","141","242","272","44","46","161","21","56","174","37","34","102","1","13","98","7","12","59","20","43"
"176798","Cape Girardeau Career and Technology Center","2013","Under 1,000","305","149","156","201","305","49","0","256","0","0","149","14","0","135","0","0","156","35","0","121","0","0"
"176910","Central Christian College of the Bible","2013","Under 1,000","302","237","65","263","302","64","31","202","5","0","237","49","26","162","0","0","65","15","5","40","5","0"
"176947","Central Methodist University-College of Liberal Arts and Sciences","2013","1,000 - 4,999","1107","1024","83","1057","1107","291","108","705","3","0","1024","291","99","634","0","0","83","0","9","71","3","0"
"176965","University of Central Missouri","2013","10,000 - 19,999","12513","9203","3310","10471","9974","1769","992","6399","814","2539","8290","1746","831","5624","89","913","1684","23","161","775","725","1626"
"176983","Grand River Technical School","2013","Under 1,000","90","90","0","90","90","46","0","44","0","0","90","46","0","44","0","0","0","0","0","0","0","0"
"176992","Chillicothe Beauty Academy Inc","2013","Under 1,000","12","12","0","12","12","8","0","4","0","0","12","8","0","4","0","0","0","0","0","0","0","0"
"177038","Cleveland University-Kansas City","2013","Under 1,000","500","482","18","489","66","0","35","31","0","434","54","0","31","23","0","428","12","0","4","8","0","6"
"177056","Columbia Area Career Center","2013","Under 1,000","78","44","34","55","78","21","0","57","0","0","44","8","0","36","0","0","34","13","0","21","0","0"
"177065","Columbia College","2013","10,000 - 19,999","16946","9572","7374","12460","15998","990","1398","13110","500","948","9442","671","959","7710","102","130","6556","319","439","5400","398","818"
"177083","Conception Seminary College","2013","Under 1,000","99","90","9","94","99","19","17","54","9","0","90","19","17","54","0","0","9","0","0","0","9","0"
"177092","Concordia Seminary","2013","Under 1,000","376","211","165","274","0","0","0","0","0","376","0","0","0","0","0","211","0","0","0","0","0","165"
"177117","Cottey College","2013","Under 1,000","277","275","2","276","277","124","10","143","0","0","275","124","10","141","0","0","2","0","0","2","0","0"
"177126","Covenant Theological Seminary","2013","Under 1,000","602","257","345","389","0","0","0","0","0","602","0","0","0","0","0","257","0","0","0","0","0","345"
"177135","Crowder College","2013","5,000 - 9,999","5845","2561","3284","3664","5845","1286","180","2870","1509","0","2561","967","121","1429","44","0","3284","319","59","1441","1465","0"
"177144","Culver-Stockton College","2013","Under 1,000","843","785","58","808","830","220","80","509","21","13","772","220","71","481","0","13","58","0","9","28","21","0"
"177214","Drury University","2013","1,000 - 4,999","4649","3278","1371","3815","4231","519","276","3206","230","418","3008","433","192","2333","50","270","1223","86","84","873","180","148"
"177250","East Central College","2013","1,000 - 4,999","3900","1852","2048","2540","3900","773","225","2115","787","0","1852","624","145","1019","64","0","2048","149","80","1096","723","0"
"177278","Eden Theological Seminary","2013","Under 1,000","167","100","67","126","0","0","0","0","0","167","0","0","0","0","0","100","0","0","0","0","0","67"
"177287","Elaine Steven Beauty College","2013","Under 1,000","186","149","37","164","186","47","0","139","0","0","149","40","0","109","0","0","37","7","0","30","0","0"
"177302","Pinnacle Career Institute-South Kansas City","2013","Under 1,000","555","555","0","555","555","338","196","21","0","0","555","338","196","21","0","0","0","0","0","0","0","0"
"177339","Evangel University","2013","1,000 - 4,999","2274","1984","290","2097","2077","460","112","1499","6","197","1887","458","110","1318","1","97","190","2","2","181","5","100"
"177418","Fontbonne University","2013","1,000 - 4,999","1997","1192","805","1504","1328","160","170","912","86","669","956","157","133","658","8","236","372","3","37","254","78","433"
"177427","Forest Institute of Professional Psychology","2013","Under 1,000","254","199","55","220","0","0","0","0","0","254","0","0","0","0","0","199","0","0","0","0","0","55"
"177436","Four Rivers Career Center","2013","Under 1,000","41","34","7","36","41","41","0","0","0","0","34","34","0","0","0","0","7","7","0","0","0","0"
"177472","Ozarks Technical Community College","2013","10,000 - 19,999","14798","7049","7749","9651","14798","3186","893","9008","1711","0","7049","2255","514","4127","153","0","7749","931","379","4881","1558","0"
"177542","Hannibal-LaGrange University","2013","1,000 - 4,999","1229","883","346","1019","1198","196","156","569","277","31","874","192","135","526","21","9","324","4","21","43","256","22"
"177551","Harris-Stowe State University","2013","1,000 - 4,999","1298","984","314","1111","1298","195","159","912","32","0","984","182","138","659","5","0","314","13","21","253","27","0"
"177579","Hickey College","2013","Under 1,000","372","318","54","339","372","92","40","240","0","0","318","92","40","186","0","0","54","0","0","54","0","0"
"177588","House of Heavilin Beauty College-Kansas City","2013","Under 1,000","38","38","0","38","38","5","0","33","0","0","38","5","0","33","0","0","0","0","0","0","0","0"
"177603","Independence College of Cosmetology","2013","Under 1,000","64","50","14","56","64","9","0","55","0","0","50","4","0","46","0","0","14","5","0","9","0","0"
"177676","Jefferson College","2013","5,000 - 9,999","5194","2715","2479","3547","5194","1134","321","3519","220","0","2715","933","177","1557","48","0","2479","201","144","1962","172","0"
"177685","Cosmetology Concepts Institute","2013","Under 1,000","38","38","0","38","38","9","0","29","0","0","38","9","0","29","0","0","0","0","0","0","0","0"
"177719","Barnes-Jewish College Goldfarb School of Nursing","2013","Under 1,000","818","736","82","767","654","0","179","475","0","164","654","0","179","475","0","82","0","0","0","0","0","82"
"177746","Kansas City Art Institute","2013","Under 1,000","739","735","4","737","739","141","4","590","4","0","735","141","4","590","0","0","4","0","0","0","4","0"
"177816","Kenrick Glennon Seminary","2013","Under 1,000","123","123","0","123","54","8","17","29","0","69","54","8","17","29","0","69","0","0","0","0","0","0"
"177834","A T Still University of Health Sciences","2013","1,000 - 4,999","3314","2177","1137","2611","0","0","0","0","0","3314","0","0","0","0","0","2177","0","0","0","0","0","1137"
"177870","Lake Career and Technical Center","2013","Under 1,000","13","13","0","13","13","12","0","1","0","0","13","12","0","1","0","0","0","0","0","0","0","0"
"177931","Lex La-Ray Technical Center","2013","Under 1,000","35","35","0","35","35","13","0","22","0","0","35","13","0","22","0","0","0","0","0","0","0","0"
"177940","Lincoln University","2013","1,000 - 4,999","3043","1916","1127","2366","2892","417","209","1642","624","151","1874","400","162","1241","71","42","1018","17","47","401","553","109"
"177968","Lindenwood University","2013","10,000 - 19,999","12213","9238","2975","10385","8453","1324","914","5690","525","3760","7502","1311","865","5268","58","1736","951","13","49","422","467","2024"
"177977","Linn State Technical College","2013","1,000 - 4,999","1294","1108","186","1170","1294","492","152","597","53","0","1108","486","126","496","0","0","186","6","26","101","53","0"
"177986","Logan University","2013","Under 1,000","969","829","140","883","52","0","32","17","3","917","29","0","22","7","0","800","23","0","10","10","3","117"
"177995","Metropolitan Community College-Kansas City","2013","10,000 - 19,999","19234","7734","11500","11595","19234","4183","1862","10600","2589","0","7734","2473","870","4070","321","0","11500","1710","992","6530","2268","0"
"178004","Lutheran School of Nursing","2013","Under 1,000","209","121","88","156","209","1","0","208","0","0","121","1","0","120","0","0","88","0","0","88","0","0"
"178059","Maryville University of Saint Louis","2013","5,000 - 9,999","5033","1977","3056","3156","2829","409","324","2013","83","2204","1786","392","202","1192","0","191","1043","17","122","821","83","2013"
"178077","Merrell University of Beauty Arts and Science","2013","Under 1,000","107","107","0","107","107","15","0","92","0","0","107","15","0","92","0","0","0","0","0","0","0","0"
"178110","Metro Business College-Cape Girardeau","2013","Under 1,000","137","124","13","129","137","23","75","39","0","0","124","23","70","31","0","0","13","0","5","8","0","0"
"178183","Midwest Institute","2013","Under 1,000","179","179","0","179","179","7","35","137","0","0","179","7","35","137","0","0","0","0","0","0","0","0"
"178208","Midwestern Baptist Theological Seminary","2013","1,000 - 4,999","1132","768","364","908","261","55","24","176","6","871","153","34","15","104","0","615","108","21","9","72","6","256"
"178217","Mineral Area College","2013","1,000 - 4,999","4508","2869","1639","3419","4508","840","175","2729","764","0","2869","744","117","1899","109","0","1639","96","58","830","655","0"
"178226","Westwood College-O'Hare Airport","2013","Under 1,000","298","230","68","257","298","21","3","274","0","0","230","21","0","209","0","0","68","0","3","65","0","0"
"178244","Missouri Baptist University","2013","5,000 - 9,999","5345","1723","3622","3134","3950","268","364","1078","2240","1395","1417","264","274","873","6","306","2533","4","90","205","2234","1089"
"178262","National Academy of Beauty Arts-Farmington","2013","Under 1,000","127","127","0","127","127","37","0","90","0","0","127","37","0","90","0","0","0","0","0","0","0","0"
"178305","Missouri College","2013","Under 1,000","553","531","22","540","553","73","52","422","6","0","531","73","52","400","6","0","22","0","0","22","0","0"
"178314","Missouri School of Barbering & Hairstyling","2013","Under 1,000","20","20","0","20","20","7","0","13","0","0","20","7","0","13","0","0","0","0","0","0","0","0"
"178341","Missouri Southern State University","2013","5,000 - 9,999","5616","4126","1490","4726","5587","808","582","3742","455","29","4125","762","456","2843","64","1","1462","46","126","899","391","28"
"178350","Missouri Tech","2013","Under 1,000","108","21","87","55","108","2","33","73","0","0","21","1","6","14","0","0","87","1","27","59","0","0"
"178369","Missouri Valley College","2013","1,000 - 4,999","1668","1371","297","1488","1656","415","163","833","245","12","1364","412","159","793","0","7","292","3","4","40","245","5"
"178387","Missouri Western State University","2013","5,000 - 9,999","5795","3997","1798","4717","5616","970","372","3560","714","179","3945","845","301","2761","38","52","1671","125","71","799","676","127"
"178396","University of Missouri-Columbia","2013","20,000 and above","34616","30318","4298","31942","26928","6194","1127","19264","343","7688","25258","6060","1010","18098","90","5060","1670","134","117","1166","253","2628"
"178402","University of Missouri-Kansas City","2013","10,000 - 19,999","15718","9917","5801","12158","10227","1078","1371","5860","1918","5491","6813","1060","1014","4625","114","3104","3414","18","357","1235","1804","2387"
"178411","Missouri University of Science and Technology","2013","5,000 - 9,999","8129","6663","1466","7221","6145","1262","424","4378","81","1984","5472","1244","352","3838","38","1191","673","18","72","540","43","793"
"178420","University of Missouri-St Louis","2013","10,000 - 19,999","16809","6988","9821","10856","13569","482","1626","6820","4641","3240","6035","464","1116","4221","234","953","7534","18","510","2599","4407","2287"
"178448","Moberly Area Community College","2013","5,000 - 9,999","5710","2773","2937","3759","5710","1265","3","3340","1102","0","2773","904","2","1812","55","0","2937","361","1","1528","1047","0"
"178466","Hillyard Technical Center","2013","Under 1,000","154","148","6","150","154","30","0","124","0","0","148","30","0","118","0","0","6","0","0","6","0","0"
"178484","National Academy of Beauty Arts-St Louis","2013","Under 1,000","176","176","0","176","176","73","0","103","0","0","176","73","0","103","0","0","0","0","0","0","0","0"
"178518","Nazarene Theological Seminary","2013","Under 1,000","255","97","158","157","0","0","0","0","0","255","0","0","0","0","0","97","0","0","0","0","0","158"
"178527","Neosho Beauty College","2013","Under 1,000","44","38","6","40","44","24","0","20","0","0","38","20","0","18","0","0","6","4","0","2","0","0"
"178615","Truman State University","2013","5,000 - 9,999","6225","5612","613","5856","5898","1329","150","4003","416","327","5375","1325","146","3842","62","237","523","4","4","161","354","90"
"178624","Northwest Missouri State University","2013","5,000 - 9,999","6485","5362","1123","5791","5542","1321","236","3717","268","943","4988","1313","222","3420","33","374","554","8","14","297","235","569"
"178679","Ozark Christian College","2013","Under 1,000","751","652","99","691","751","177","55","510","9","0","652","175","50","425","2","0","99","2","5","85","7","0"
"178697","College of the Ozarks","2013","1,000 - 4,999","1513","1498","15","1504","1513","355","49","1109","0","0","1498","355","46","1097","0","0","15","0","3","12","0","0"
"178721","Park University","2013","10,000 - 19,999","10978","1184","9794","5023","10198","162","812","8749","475","780","1168","157","140","871","0","16","9030","5","672","7878","475","764"
"178767","Stevens Institute of Business & Arts","2013","Under 1,000","172","124","48","143","172","5","40","127","0","0","124","4","32","88","0","0","48","1","8","39","0","0"
"178828","Poplar Bluff Technical Career Center","2013","Under 1,000","58","58","0","58","58","57","0","1","0","0","58","57","0","1","0","0","0","0","0","0","0","0"
"178891","Ranken Technical College","2013","1,000 - 4,999","2097","1313","784","1621","2097","777","0","1320","0","0","1313","519","0","794","0","0","784","258","0","526","0","0"
"178989","Research College of Nursing","2013","Under 1,000","408","281","127","330","281","0","0","281","0","127","277","0","0","277","0","4","4","0","0","4","0","123"
"179043","Rockhurst University","2013","1,000 - 4,999","2920","1970","950","2340","2241","438","80","1164","559","679","1546","437","76","1033","0","424","695","1","4","131","559","255"
"179052","Rolla Technical Institute","2013","Under 1,000","167","167","0","167","167","45","0","122","0","0","167","45","0","122","0","0","0","0","0","0","0","0"
"179070","Everest College-Springfield","2013","Under 1,000","303","215","88","250","303","29","47","227","0","0","215","27","36","152","0","0","88","2","11","75","0","0"
"179159","Saint Louis University","2013","10,000 - 19,999","17343","10521","6822","13185","12567","1638","519","5804","4606","4776","7210","1638","358","5149","65","3311","5357","0","161","655","4541","1465"
"179195","Salem College of Hairstyling","2013","Under 1,000","45","45","0","45","45","6","0","39","0","0","45","6","0","39","0","0","0","0","0","0","0","0"
"179201","Sanford-Brown College-Fenton","2013","Under 1,000","216","198","18","205","216","0","0","216","0","0","198","0","0","198","0","0","18","0","0","18","0","0"
"179229","American College of Hair Design Inc","2013","Under 1,000","26","26","0","26","26","10","0","16","0","0","26","10","0","16","0","0","0","0","0","0","0","0"
"179238","Sikeston Career and Technology Center","2013","Under 1,000","71","71","0","71","71","24","0","47","0","0","71","24","0","47","0","0","0","0","0","0","0","0"
"179256","Saint Louis Christian College","2013","Under 1,000","245","171","74","200","245","21","23","175","26","0","171","21","18","132","0","0","74","0","5","43","26","0"
"179265","St Louis College of Pharmacy","2013","1,000 - 4,999","1350","1343","7","1346","723","246","32","445","0","627","723","246","32","445","0","620","0","0","0","0","0","7"
"179308","Saint Louis Community College","2013","20,000 and above","24005","9968","14037","14681","24005","4007","1933","15506","2559","0","9968","2840","829","5749","550","0","14037","1167","1104","9757","2009","0"
"179317","Saint Paul School of Theology","2013","Under 1,000","160","120","40","135","0","0","0","0","0","160","0","0","0","0","0","120","0","0","0","0","0","40"
"179326","Southwest Baptist University","2013","1,000 - 4,999","3812","2301","1511","2888","2962","482","317","1716","447","850","2019","458","224","1293","44","282","943","24","93","423","403","568"
"179344","Missouri State University-West Plains","2013","1,000 - 4,999","2123","1256","867","1547","2123","667","226","755","475","0","1256","596","192","442","26","0","867","71","34","313","449","0"
"179450","Saint Luke's College of Health Sciences","2013","Under 1,000","436","388","48","407","375","0","95","280","0","61","354","0","95","259","0","34","21","0","0","21","0","27"
"179511","St Louis College of Health Careers-St Louis","2013","Under 1,000","295","286","9","290","295","4","128","163","0","0","286","4","124","158","0","0","9","0","4","5","0","0"
"179539","State Fair Community College","2013","5,000 - 9,999","5185","2744","2441","3564","5185","1257","356","2761","811","0","2744","947","199","1571","27","0","2441","310","157","1190","784","0"
"179548","Stephens College","2013","Under 1,000","854","673","181","744","647","168","56","422","1","207","521","168","36","317","0","152","126","0","20","105","1","55"
"179557","Southeast Missouri State University","2013","10,000 - 19,999","11767","8332","3435","9685","10605","1725","659","6998","1223","1162","7953","1583","565","5704","101","379","2652","142","94","1294","1122","783"
"179566","Missouri State University-Springfield","2013","20,000 and above","21271","15407","5864","17705","18027","2751","1699","11296","2281","3244","13805","2700","1380","9606","119","1602","4222","51","319","1690","2162","1642"
"179645","Three Rivers Community College","2013","1,000 - 4,999","4399","2559","1840","3177","4399","949","103","2035","1312","0","2559","714","67","1288","490","0","1840","235","36","747","822","0"
"179715","North Central Missouri College","2013","1,000 - 4,999","1774","926","848","1211","1774","411","68","741","554","0","926","364","46","498","18","0","848","47","22","243","536","0"
"179742","Truman Medical Center School of Nurse Anesthesia","2013","Under 1,000","44","44","0","44","0","0","0","0","0","44","0","0","0","0","0","44","0","0","0","0","0","0"
"179812","Kansas City University of Medicine and Biosciences","2013","1,000 - 4,999","1034","1033","1","1033","0","0","0","0","0","1034","0","0","0","0","0","1033","0","0","0","0","0","1"
"179867","Washington University in St Louis","2013","10,000 - 19,999","14032","12078","1954","12833","7336","1608","128","5115","485","6696","6587","1595","103","4830","59","5491","749","13","25","285","426","1205"
"179894","Webster University","2013","10,000 - 19,999","17904","5783","12121","10424","3528","502","420","2476","130","14376","2579","487","273","1808","11","3204","949","15","147","668","119","11172"
"179919","Wentworth Military Academy & Junior College","2013","Under 1,000","851","337","514","541","851","185","10","204","452","0","337","163","6","167","1","0","514","22","4","37","451","0"
"179946","Westminster College","2013","1,000 - 4,999","1026","1018","8","1021","1026","266","57","699","4","0","1018","266","57","693","2","0","8","0","0","6","2","0"
"179955","William Jewell College","2013","1,000 - 4,999","1044","1012","32","1025","1044","259","41","744","0","0","1012","259","40","713","0","0","32","0","1","31","0","0"
"179964","William Woods University","2013","1,000 - 4,999","2136","1261","875","1597","1002","159","75","767","1","1134","843","158","63","622","0","418","159","1","12","145","1","716"
"179991","Academy of Cosmetology","2013","Under 1,000","42","42","0","42","42","29","0","13","0","0","42","29","0","13","0","0","0","0","0","0","0","0"
"180054","Blackfeet Community College","2013","Under 1,000","450","382","68","409","450","100","28","320","2","0","382","91","24","267","0","0","68","9","4","53","2","0"
"180063","Butte Academy of Beauty Culture","2013","Under 1,000","37","37","0","37","37","16","0","21","0","0","37","16","0","21","0","0","0","0","0","0","0","0"
"180081","Highlands College of Montana Tech","2013","Under 1,000","913","529","384","658","913","177","53","398","285","0","529","164","46","318","1","0","384","13","7","80","284","0"
"180090","Crevier's School of Cosmetology","2013","Under 1,000","83","83","0","83","83","59","0","24","0","0","83","59","0","24","0","0","0","0","0","0","0","0"
"180106","Carroll College","2013","1,000 - 4,999","1431","1349","82","1381","1431","315","50","1011","55","0","1349","315","46","978","10","0","82","0","4","33","45","0"
"180151","Dawson Community College","2013","Under 1,000","372","227","145","276","372","118","54","94","106","0","227","113","44","69","1","0","145","5","10","25","105","0"
"180160","Chief Dull Knife College","2013","Under 1,000","201","128","73","153","201","38","0","140","23","0","128","37","0","91","0","0","73","1","0","49","23","0"
"180179","Montana State University-Billings","2013","1,000 - 4,999","4969","3372","1597","4004","4465","761","426","3047","231","504","3162","666","301","2171","24","210","1303","95","125","876","207","294"
"180197","Flathead Valley Community College","2013","1,000 - 4,999","2216","1082","1134","1463","2216","368","126","1279","443","0","1082","285","74","708","15","0","1134","83","52","571","428","0"
"180203","Aaniiih Nakoda College","2013","Under 1,000","139","121","18","127","139","28","12","94","5","0","121","25","10","86","0","0","18","3","2","8","5","0"
"180212","Fort Peck Community College","2013","Under 1,000","405","228","177","287","405","48","14","288","55","0","228","40","11","177","0","0","177","8","3","111","55","0"
"180249","Great Falls College Montana State University","2013","1,000 - 4,999","1875","892","983","1222","1875","284","169","1173","249","0","892","196","96","582","18","0","983","88","73","591","231","0"
"180258","University of Great Falls","2013","1,000 - 4,999","1138","716","422","881","1046","152","153","727","14","92","665","150","70","445","0","51","381","2","83","282","14","41"
"180276","Helena College University of Montana","2013","1,000 - 4,999","1430","670","760","925","1430","271","101","746","312","0","670","204","61","405","0","0","760","67","40","341","312","0"
"180328","Little Big Horn College","2013","Under 1,000","329","269","60","289","329","77","19","213","20","0","269","73","17","176","3","0","60","4","2","37","17","0"
"180373","Miles Community College","2013","Under 1,000","422","249","173","307","422","106","53","192","71","0","249","97","32","115","5","0","173","9","21","77","66","0"
"180391","Modern Beauty School Inc","2013","Under 1,000","45","45","0","45","45","14","0","31","0","0","45","14","0","31","0","0","0","0","0","0","0","0"
"180416","Montana Tech of the University of Montana","2013","1,000 - 4,999","2010","1726","284","1836","1844","265","173","1387","19","166","1661","262","151","1247","1","65","183","3","22","140","18","101"
"180461","Montana State University","2013","10,000 - 19,999","14852","11549","3303","12834","13174","2914","1025","9116","119","1678","11012","2345","720","7837","110","537","2162","569","305","1279","9","1141"
"180489","The University of Montana","2013","10,000 - 19,999","14525","10582","3943","12126","12254","1963","859","8808","624","2271","9446","1783","681","6918","64","1136","2808","180","178","1890","560","1135"
"180522","Montana State University-Northern","2013","1,000 - 4,999","1334","918","416","1082","1250","200","167","883","0","84","917","179","127","611","0","1","333","21","40","272","0","83"
"180595","Rocky Mountain College","2013","1,000 - 4,999","1067","1024","43","1041","988","238","69","654","27","79","947","238","64","637","8","77","41","0","5","17","19","2"
"180647","Salish Kootenai College","2013","Under 1,000","840","696","144","753","840","123","89","597","31","0","696","107","78","509","2","0","144","16","11","88","29","0"
"180692","The University of Montana-Western","2013","1,000 - 4,999","1455","1196","259","1301","1455","254","323","875","3","0","1196","250","246","699","1","0","259","4","77","176","2","0"
"180771","La'James International College","2013","Under 1,000","33","33","0","33","33","6","0","27","0","0","33","6","0","27","0","0","0","0","0","0","0","0"
"180814","Bellevue University","2013","5,000 - 9,999","9788","7798","1990","8569","6202","124","2935","3075","68","3586","5180","87","2575","2512","6","2618","1022","37","360","563","62","968"
"180832","Clarkson College","2013","1,000 - 4,999","1238","467","771","765","780","36","166","576","2","458","446","32","87","327","0","21","334","4","79","249","2","437"
"180878","Bryan College of Health Sciences","2013","Under 1,000","711","343","368","487","627","37","92","464","34","84","298","36","42","220","0","45","329","1","50","244","34","39"
"180902","Central Community College","2013","5,000 - 9,999","6906","2215","4691","3790","6906","904","273","3144","2585","0","2215","710","205","1267","33","0","4691","194","68","1877","2552","0"
"180948","Chadron State College","2013","1,000 - 4,999","3056","1912","1144","2353","2432","463","175","1493","301","624","1772","458","120","1188","6","140","660","5","55","305","295","484"
"180957","College of Hair Design-Downtown","2013","Under 1,000","116","116","0","116","116","8","0","108","0","0","116","8","0","108","0","0","0","0","0","0","0","0"
"180984","Concordia University-Nebraska","2013","1,000 - 4,999","2206","1725","481","1913","1508","282","61","842","323","698","1134","281","56","796","1","591","374","1","5","46","322","107"
"181002","Creighton University","2013","5,000 - 9,999","8019","6711","1308","7214","4076","966","166","2811","133","3943","3815","963","148","2679","25","2896","261","3","18","132","108","1047"
"181020","Doane College-Crete","2013","1,000 - 4,999","1113","1106","7","1109","1113","287","50","774","2","0","1106","287","50","769","0","0","7","0","0","5","2","0"
"181093","Grace University","2013","Under 1,000","481","372","109","414","410","97","63","250","0","71","341","96","62","183","0","31","69","1","1","67","0","40"
"181127","Hastings College","2013","1,000 - 4,999","1144","1076","68","1103","1118","345","48","667","58","26","1060","345","48","657","10","16","58","0","0","10","48","10"
"181136","Fullen School of Hair Design","2013","Under 1,000","34","34","0","34","34","14","0","20","0","0","34","14","0","20","0","0","0","0","0","0","0","0"
"181145","Alegent Creighton Health School of Radiologic Technology","2013","Under 1,000","22","22","0","22","22","0","12","10","0","0","22","0","12","10","0","0","0","0","0","0","0","0"
"181190","Joseph's College","2013","Under 1,000","281","281","0","281","281","46","0","235","0","0","281","46","0","235","0","0","0","0","0","0","0","0"
"181215","University of Nebraska at Kearney","2013","5,000 - 9,999","7052","5034","2018","5794","5502","1022","342","3883","255","1550","4777","1007","288","3407","75","257","725","15","54","476","180","1293"
"181242","Kaplan University-Lincoln Campus","2013","Under 1,000","501","330","171","397","472","37","155","279","1","29","313","29","97","187","0","17","159","8","58","92","1","12"
"181297","Nebraska Methodist College of Nursing & Allied Health","2013","Under 1,000","943","588","355","727","742","44","154","542","2","201","463","37","121","305","0","125","279","7","33","237","2","76"
"181303","Metropolitan Community College Area","2013","10,000 - 19,999","15752","5976","9776","9258","15752","1943","0","5794","8015","0","5976","1077","0","2335","2564","0","9776","866","0","3459","5451","0"
"181312","Mid-Plains Community College","2013","1,000 - 4,999","2491","960","1531","1474","2491","485","85","867","1054","0","960","398","73","458","31","0","1531","87","12","409","1023","0"
"181330","Midland University","2013","1,000 - 4,999","1288","1199","89","1233","1192","367","125","697","3","96","1164","367","118","678","1","35","28","0","7","19","2","61"
"181376","Nebraska Christian College","2013","Under 1,000","150","126","24","135","150","56","15","79","0","0","126","52","8","66","0","0","24","4","7","13","0","0"
"181394","University of Nebraska at Omaha","2013","10,000 - 19,999","15227","10374","4853","12247","12335","1889","1356","8908","182","2892","9511","1794","1017","6635","65","863","2824","95","339","2273","117","2029"
"181400","Kaplan University-Omaha Campus","2013","Under 1,000","795","544","251","642","728","93","195","440","0","67","495","64","108","323","0","49","233","29","87","117","0","18"
"181419","Nebraska Indian Community College","2013","Under 1,000","199","106","93","137","199","55","0","136","8","0","106","38","0","66","2","0","93","17","0","70","6","0"
"181428","University of Nebraska Medical Center","2013","1,000 - 4,999","3681","3126","555","3332","835","0","408","402","25","2846","715","0","366","349","0","2411","120","0","42","53","25","435"
"181446","Nebraska Wesleyan University","2013","1,000 - 4,999","2149","1639","510","1837","1927","379","98","1415","35","222","1605","379","98","1101","27","34","322","0","0","314","8","188"
"181464","University of Nebraska-Lincoln","2013","20,000 and above","24445","20880","3565","22223","19376","4420","995","13961","0","5069","18102","4396","920","12786","0","2778","1274","24","75","1175","0","2291"
"181491","Northeast Community College","2013","5,000 - 9,999","5145","2200","2945","3189","5145","827","268","1717","2333","0","2200","749","191","1205","55","0","2945","78","77","512","2278","0"
"181534","Peru State College","2013","1,000 - 4,999","2422","1255","1167","1718","2158","278","206","1050","624","264","1186","272","148","757","9","69","972","6","58","293","615","195"
"181543","Summit Christian College","2013","Under 1,000","29","19","10","23","29","4","4","21","0","0","19","3","2","14","0","0","10","1","2","7","0","0"
"181604","College of Saint Mary","2013","Under 1,000","970","777","193","852","735","89","149","453","44","235","639","89","144","406","0","138","96","0","5","47","44","97"
"181640","Southeast Community College Area","2013","5,000 - 9,999","9751","4858","4893","6501","9751","1566","562","5384","2239","0","4858","1205","381","2907","365","0","4893","361","181","2477","1874","0"
"181738","Union College","2013","Under 1,000","911","803","108","845","821","178","56","525","62","90","713","178","55","480","0","90","108","0","1","45","62","0"
"181756","Vatterott College-Spring Valley","2013","Under 1,000","330","330","0","330","330","33","31","266","0","0","330","33","31","266","0","0","0","0","0","0","0","0"
"181765","Nebraska College of Technical Agriculture","2013","Under 1,000","300","214","86","243","300","70","21","134","75","0","214","70","21","123","0","0","86","0","0","11","75","0"
"181783","Wayne State College","2013","1,000 - 4,999","3506","2815","691","3076","2991","691","184","2025","91","515","2735","690","167","1876","2","80","256","1","17","149","89","435"
"181792","Regional West Medical Center School of Radiologic Technology","2013","Under 1,000","8","8","0","8","8","0","0","8","0","0","8","0","0","8","0","0","0","0","0","0","0","0"
"181817","Western Nebraska Community College","2013","1,000 - 4,999","1960","924","1036","1272","1960","419","66","993","482","0","924","336","39","538","11","0","1036","83","27","455","471","0"
"181853","York College","2013","Under 1,000","470","442","28","453","459","94","59","303","3","11","442","94","58","290","0","0","17","0","1","13","3","11"
"181880","Academy of Hair Design-Las Vegas","2013","Under 1,000","154","154","0","154","154","38","0","116","0","0","154","38","0","116","0","0","0","0","0","0","0","0"
"181941","Career College of Northern Nevada","2013","Under 1,000","556","556","0","556","556","166","15","375","0","0","556","166","15","375","0","0","0","0","0","0","0","0"
"182005","College of Southern Nevada","2013","20,000 and above","34177","8903","25274","19102","34177","5072","2488","22288","4329","0","8903","1767","844","5928","364","0","25274","3305","1644","16360","3965","0"
"182111","The Art Institute of Las Vegas","2013","1,000 - 4,999","1097","808","289","922","1097","299","125","673","0","0","808","241","95","472","0","0","289","58","30","201","0","0"
"182148","Everest College-Henderson","2013","Under 1,000","915","714","201","794","915","81","90","744","0","0","714","81","85","548","0","0","201","0","5","196","0","0"
"182209","Marinello Schools of Beauty-Las Vegas","2013","Under 1,000","398","183","215","268","398","127","0","271","0","0","183","63","0","120","0","0","215","64","0","151","0","0"
"182281","University of Nevada-Las Vegas","2013","20,000 and above","27848","18795","9053","22345","23097","3773","2465","16504","355","4751","16523","3585","1516","11407","15","2272","6574","188","949","5097","340","2479"
"182290","University of Nevada-Reno","2013","10,000 - 19,999","18776","14208","4568","15976","15694","3086","1310","10914","384","3082","12934","3046","945","8928","15","1274","2760","40","365","1986","369","1808"
"182306","Great Basin College","2013","1,000 - 4,999","3181","907","2274","1824","3164","295","67","2025","777","17","906","170","32","682","22","1","2258","125","35","1343","755","16"
"182397","Marinello Schools of Beauty-Reno","2013","Under 1,000","275","127","148","186","275","80","0","195","0","0","127","37","0","90","0","0","148","43","0","105","0","0"
"182458","Sierra Nevada College","2013","Under 1,000","955","770","185","841","529","91","71","314","53","426","476","91","71","314","0","294","53","0","0","0","53","132"
"182500","Truckee Meadows Community College","2013","10,000 - 19,999","11204","2905","8299","5691","11204","1504","526","7021","2153","0","2905","623","171","1919","192","0","8299","881","355","5102","1961","0"
"182564","Western Nevada College","2013","1,000 - 4,999","3975","1230","2745","2338","3975","626","216","2669","464","0","1230","329","74","814","13","0","2745","297","142","1855","451","0"
"182634","Colby-Sawyer College","2013","1,000 - 4,999","1409","1386","23","1395","1409","399","24","972","14","0","1386","399","21","966","0","0","23","0","3","6","14","0"
"182652","Continental Academie of Hair Design-Hudson","2013","Under 1,000","62","62","0","62","62","40","0","22","0","0","62","40","0","22","0","0","0","0","0","0","0","0"
"182661","Daniel Webster College","2013","Under 1,000","764","684","80","715","632","164","61","401","6","132","556","153","52","351","0","128","76","11","9","50","6","4"
"182670","Dartmouth College","2013","5,000 - 9,999","6342","6185","157","6246","4276","1109","3","3042","122","2066","4200","1109","3","3042","46","1985","76","0","0","0","76","81"
"182704","Empire Beauty School-Laconia","2013","Under 1,000","103","74","29","86","103","15","0","88","0","0","74","7","0","67","0","0","29","8","0","21","0","0"
"182722","Empire Beauty School-Somersworth","2013","Under 1,000","140","119","21","127","140","14","0","126","0","0","119","11","0","108","0","0","21","3","0","18","0","0"
"182795","Franklin Pierce University","2013","1,000 - 4,999","2204","1809","395","1962","1671","450","71","1143","7","533","1465","450","43","972","0","344","206","0","28","171","7","189"
"182829","University of New Hampshire-School of Law","2013","Under 1,000","315","299","16","305","0","0","0","0","0","315","0","0","0","0","0","299","0","0","0","0","0","16"
"182865","Mount Washington College","2013","1,000 - 4,999","2284","1453","831","1779","2284","126","402","1745","11","0","1453","113","286","1050","4","0","831","13","116","695","7","0"
"182892","Keene Beauty Academy","2013","Under 1,000","54","50","4","52","54","42","0","12","0","0","50","40","0","10","0","0","4","2","0","2","0","0"
"182917","College of St Mary Magdalen","2013","Not reported",,,,,,,,,,,,,,,,,,,,,,
"182953","Michaels School of Hair Design and Esthetics-Paul Mitchell Partner School","2013","Under 1,000","164","119","45","137","164","61","0","103","0","0","119","46","0","73","0","0","45","15","0","30","0","0"
"182980","New England College","2013","1,000 - 4,999","2224","2087","137","2140","1478","383","150","932","13","746","1416","375","144","892","5","671","62","8","6","40","8","75"
"182999","New England School of Hair Design Inc","2013","Under 1,000","57","54","3","55","57","46","0","11","0","0","54","43","0","11","0","0","3","3","0","0","0","0"
"183026","Southern New Hampshire University","2013","20,000 and above","28389","13179","15210","19084","18083","1965","2677","12530","911","10306","9399","1370","1593","6299","137","3780","8684","595","1084","6231","774","6526"
"183035","New Hampshire Institute for Therapeutic Arts","2013","Under 1,000","32","32","0","32","32","15","0","17","0","0","32","15","0","17","0","0","0","0","0","0","0","0"
"183044","University of New Hampshire-Main Campus","2013","10,000 - 19,999","14913","13336","1577","13925","12516","2869","529","8890","228","2397","12063","2869","517","8610","67","1273","453","0","12","280","161","1124"
"183062","Keene State College","2013","1,000 - 4,999","4923","4580","343","4715","4799","1258","150","3235","156","124","4538","1254","143","3124","17","42","261","4","7","111","139","82"
"183071","University of New Hampshire at Manchester","2013","Under 1,000","926","599","327","727","833","94","163","524","52","93","599","89","132","374","4","0","234","5","31","150","48","93"
"183080","Plymouth State University","2013","5,000 - 9,999","5236","4107","1129","4527","4065","930","231","2825","79","1171","3795","923","216","2655","1","312","270","7","15","170","78","859"
"183099","NHTI-Concord's Community College","2013","1,000 - 4,999","4288","1897","2391","2700","4288","1067","427","2332","462","0","1897","821","176","886","14","0","2391","246","251","1446","448","0"
"183105","White Mountains Community College","2013","Under 1,000","937","268","669","493","937","128","58","441","310","0","268","71","31","159","7","0","669","57","27","282","303","0"
"183114","River Valley Community College","2013","Under 1,000","987","239","748","490","987","176","118","604","89","0","239","51","34","132","22","0","748","125","84","472","67","0"
"183123","Lakes Region Community College","2013","1,000 - 4,999","1181","492","689","723","1181","328","4","700","149","0","492","223","1","264","4","0","689","105","3","436","145","0"
"183132","Manchester Community College","2013","1,000 - 4,999","2898","889","2009","1563","2898","583","274","1593","448","0","889","307","91","473","18","0","2009","276","183","1120","430","0"
"183141","Nashua Community College","2013","1,000 - 4,999","2242","754","1488","1254","2242","541","219","1266","216","0","754","279","77","392","6","0","1488","262","142","874","210","0"
"183150","Great Bay Community College","2013","1,000 - 4,999","2122","614","1508","1120","2122","480","354","1056","232","0","614","231","95","277","11","0","1508","249","259","779","221","0"
"183202","Paul Mitchell the School-Portsmouth","2013","Under 1,000","26","26","0","26","26","6","0","20","0","0","26","6","0","20","0","0","0","0","0","0","0","0"
"183211","Rivier University","2013","1,000 - 4,999","2346","1055","1291","1556","1591","223","146","1155","67","755","891","216","51","621","3","164","700","7","95","534","64","591"
"183239","Saint Anselm College","2013","1,000 - 4,999","1923","1878","45","1896","1923","508","20","1384","11","0","1878","508","20","1349","1","0","45","0","0","35","10","0"
"183248","St Joseph School of Nursing","2013","Under 1,000","131","85","46","103","131","1","64","66","0","0","85","1","23","61","0","0","46","0","41","5","0","0"
"183257","Granite State College","2013","1,000 - 4,999","2058","1017","1041","1427","1723","98","335","1247","43","335","918","70","229","613","6","99","805","28","106","634","37","236"
"183275","Thomas More College of Liberal Arts","2013","Under 1,000","80","80","0","80","80","14","11","55","0","0","80","14","11","55","0","0","0","0","0","0","0","0"
"183488","Eastwick College-Hackensack","2013","Under 1,000","324","198","126","248","324","87","10","226","1","0","198","76","8","114","0","0","126","11","2","112","1","0"
"183600","Assumption College for Sisters","2013","Under 1,000","38","31","7","34","38","17","0","20","1","0","31","16","0","15","0","0","7","1","0","5","1","0"
"183655","Atlantic Cape Community College","2013","5,000 - 9,999","7254","3675","3579","4877","7254","1886","109","4767","492","0","3675","1264","79","2181","151","0","3579","622","30","2586","341","0"
"183725","Fortis Institute-Wayne","2013","Under 1,000","567","567","0","567","567","115","0","452","0","0","567","115","0","452","0","0","0","0","0","0","0","0"
"183743","Bergen Community College","2013","10,000 - 19,999","15882","8885","6997","11234","15882","3214","906","10568","1194","0","8885","2559","583","5540","203","0","6997","655","323","5028","991","0"
"183789","Berkeley College-Woodland Park","2013","1,000 - 4,999","3671","2954","717","3236","3671","860","844","1963","4","0","2954","811","508","1635","0","0","717","49","336","328","4","0"
"183804","Beth Medrash Govoha","2013","5,000 - 9,999","6754","5994","760","6285","2766","0","523","2243","0","3988","2742","0","519","2223","0","3252","24","0","4","20","0","736"
"183822","Bloomfield College","2013","1,000 - 4,999","1979","1776","203","1856","1972","425","171","1310","66","7","1770","416","151","1190","13","6","202","9","20","120","53","1"
"183859","Brookdale Community College","2013","10,000 - 19,999","14360","7421","6939","9751","14360","3052","270","9170","1868","0","7421","2519","169","4620","113","0","6939","533","101","4550","1755","0"
"183877","Burlington County College","2013","5,000 - 9,999","9570","4910","4660","6475","9570","2296","568","5926","780","0","4910","1848","261","2654","147","0","4660","448","307","3272","633","0"
"183910","Caldwell College","2013","1,000 - 4,999","2160","1431","729","1712","1578","373","94","1103","8","582","1303","349","70","882","2","128","275","24","24","221","6","454"
"183938","Camden County College","2013","10,000 - 19,999","13301","7092","6209","9177","13301","2635","990","8471","1205","0","7092","2021","578","4357","136","0","6209","614","412","4114","1069","0"
"183974","Centenary College","2013","1,000 - 4,999","2400","1962","438","2130","1708","217","145","1346","0","692","1610","206","128","1276","0","352","98","11","17","70","0","340"
"183983","Adult and Continuing Education-BCTS","2013","Under 1,000","105","105","0","105","105","65","0","40","0","0","105","65","0","40","0","0","0","0","0","0","0","0"
"184047","Anthem Institute-Parsippany","2013","Under 1,000","148","148","0","148","148","55","0","93","0","0","148","55","0","93","0","0","0","0","0","0","0","0"
"184056","Lincoln Technical Institute-Edison","2013","Under 1,000","607","419","188","494","607","170","0","437","0","0","419","141","0","278","0","0","188","29","0","159","0","0"
"184092","Fox Institute of Business-Clifton","2013","Under 1,000","611","611","0","611","611","98","0","513","0","0","611","98","0","513","0","0","0","0","0","0","0","0"
"184144","Empire Beauty School-Ocean","2013","Under 1,000","129","104","25","114","129","37","0","92","0","0","104","33","0","71","0","0","25","4","0","21","0","0"
"184153","Cooper Health System Center for Allied Health Education","2013","Under 1,000","53","52","1","52","41","0","0","41","0","12","41","0","0","41","0","11","0","0","0","0","0","1"
"184180","County College of Morris","2013","5,000 - 9,999","8447","4549","3898","5858","8447","1831","422","5330","864","0","4549","1386","233","2773","157","0","3898","445","189","2557","707","0"
"184205","Cumberland County College","2013","1,000 - 4,999","3919","2335","1584","2867","3919","1013","64","2737","105","0","2335","797","22","1503","13","0","1584","216","42","1234","92","0"
"184278","Divers Academy International","2013","Under 1,000","236","236","0","236","236","69","0","167","0","0","236","69","0","167","0","0","0","0","0","0","0","0"
"184320","Drake College of Business-Elizabeth","2013","1,000 - 4,999","1133","1133","0","1133","1133","1029","0","104","0","0","1133","1029","0","104","0","0","0","0","0","0","0","0"
"184348","Drew University","2013","1,000 - 4,999","2291","1790","501","1982","1493","400","32","1021","40","798","1434","399","30","994","11","356","59","1","2","27","29","442"
"184357","duCret School of Arts","2013","Under 1,000","32","19","13","24","32","10","0","22","0","0","19","6","0","13","0","0","13","4","0","9","0","0"
"184427","Lincoln Technical Institute-South Plainfield","2013","Under 1,000","255","255","0","255","255","86","0","169","0","0","255","86","0","169","0","0","0","0","0","0","0","0"
"184481","Essex County College","2013","10,000 - 19,999","12175","6391","5784","8333","12175","2632","212","8306","1025","0","6391","2109","119","4046","117","0","5784","523","93","4260","908","0"
"184506","Empire Beauty School-Union","2013","Under 1,000","126","93","33","106","126","53","0","73","0","0","93","42","0","51","0","0","33","11","0","22","0","0"
"184603","Fairleigh Dickinson University-Metropolitan Campus","2013","5,000 - 9,999","8546","3596","4950","5524","6108","651","380","2884","2193","2438","2727","577","225","1871","54","869","3381","74","155","1013","2139","1569"
"184612","Felician College","2013","1,000 - 4,999","1933","1374","559","1591","1621","153","227","1238","3","312","1340","151","167","1021","1","34","281","2","60","217","2","278"
"184694","Fairleigh Dickinson University-College at Florham","2013","1,000 - 4,999","3029","2582","447","2754","2274","512","121","1609","32","755","2116","509","115","1488","4","466","158","3","6","121","28","289"
"184746","Hohokus School of Trade and Technical Sciences","2013","Under 1,000","255","171","84","204","255","147","0","108","0","0","171","106","0","65","0","0","84","41","0","43","0","0"
"184773","Georgian Court University","2013","1,000 - 4,999","2257","1471","786","1775","1567","275","218","905","169","690","1261","275","195","791","0","210","306","0","23","114","169","480"
"184782","Rowan University","2013","10,000 - 19,999","13349","10499","2850","11597","10951","1505","1364","7787","295","2398","9348","1382","1244","6714","8","1151","1603","123","120","1073","287","1247"
"184791","Gloucester County College","2013","5,000 - 9,999","6720","4030","2690","4933","6720","1918","299","4145","358","0","4030","1579","132","2310","9","0","2690","339","167","1835","349","0"
"184816","Empire Beauty School-Cherry Hill","2013","Under 1,000","91","69","22","78","91","26","0","65","0","0","69","20","0","49","0","0","22","6","0","16","0","0"
"184870","Harris School of Business-Cherry Hill Campus","2013","Under 1,000","346","245","101","285","346","315","0","31","0","0","245","226","0","19","0","0","101","89","0","12","0","0"
"184959","Eastwick College-Ramsey","2013","1,000 - 4,999","1034","475","559","697","1034","86","121","780","47","0","475","71","42","362","0","0","559","15","79","418","47","0"
"184968","Holy Name Medical Center School of Nursing","2013","Under 1,000","150","93","57","116","150","5","0","145","0","0","93","4","0","89","0","0","57","1","0","56","0","0"
"184995","Hudson County Community College","2013","5,000 - 9,999","9036","6066","2970","7063","9036","2582","450","5721","283","0","6066","2106","304","3643","13","0","2970","476","146","2078","270","0"
"185129","New Jersey City University","2013","5,000 - 9,999","8442","5204","3238","6445","6437","650","971","4752","64","2005","4776","577","724","3471","4","428","1661","73","247","1281","60","1577"
"185174","Joe Kubert School of Cartoon and Graphic Art","2013","Under 1,000","98","98","0","98","98","51","0","47","0","0","98","51","0","47","0","0","0","0","0","0","0","0"
"185262","Kean University","2013","10,000 - 19,999","14404","10081","4323","11763","12078","1525","1438","9012","103","2326","9251","1493","1013","6740","5","830","2827","32","425","2272","98","1496"
"185332","Harris School of Business-Voorhees Campus","2013","Under 1,000","422","308","114","353","422","419","0","3","0","0","308","306","0","2","0","0","114","113","0","1","0","0"
"185396","Lincoln Technical Institute-Union","2013","1,000 - 4,999","1171","973","198","1052","1171","289","0","882","0","0","973","265","0","708","0","0","198","24","0","174","0","0"
"185466","Rizzieri Aveda School for Beauty and Wellness","2013","Under 1,000","303","201","102","241","303","271","0","32","0","0","201","199","0","2","0","0","102","72","0","30","0","0"
"185509","Mercer County Community College","2013","5,000 - 9,999","8501","3093","5408","4909","8501","2151","271","5463","616","0","3093","1190","113","1746","44","0","5408","961","158","3717","572","0"
"185536","Middlesex County College","2013","10,000 - 19,999","12602","6660","5942","8655","12602","2573","388","8472","1169","0","6660","2066","201","4266","127","0","5942","507","187","4206","1042","0"
"185572","Monmouth University","2013","5,000 - 9,999","6316","4966","1350","5485","4607","906","324","3327","50","1709","4304","906","305","3089","4","662","303","0","19","238","46","1047"
"185590","Montclair State University","2013","10,000 - 19,999","19464","14702","4762","16511","15431","3040","1478","10664","249","4033","13356","3030","1277","8914","135","1346","2075","10","201","1750","114","2687"
"185624","Mountainside School of Nursing","2013","Under 1,000","116","116","0","116","116","0","0","116","0","0","116","0","0","116","0","0","0","0","0","0","0","0"
"185651","Muhlenberg Harold B and Dorothy A Snyder Schools-School of Imaging","2013","Under 1,000","100","19","81","51","100","2","0","98","0","0","19","2","0","17","0","0","81","0","0","81","0","0"
"185679","Muhlenberg Harold B and Dorothy A Snyder Schools-School of Nursing","2013","Under 1,000","361","29","332","161","361","4","0","357","0","0","29","2","0","27","0","0","332","2","0","330","0","0"
"185721","Hohokus School-RETS Nutley","2013","Under 1,000","579","579","0","579","579","234","0","345","0","0","579","234","0","345","0","0","0","0","0","0","0","0"
"185730","Empire Beauty School-Jersey City","2013","Under 1,000","71","71","0","71","71","31","0","40","0","0","71","31","0","40","0","0","0","0","0","0","0","0"
"185758","New Brunswick Theological Seminary","2013","Under 1,000","171","30","141","84","0","0","0","0","0","171","0","0","0","0","0","30","0","0","0","0","0","141"
"185767","Robert Fiance Beauty Schools-West New York","2013","Under 1,000","259","138","121","186","259","44","0","215","0","0","138","26","0","112","0","0","121","18","0","103","0","0"
"185828","New Jersey Institute of Technology","2013","10,000 - 19,999","10130","7305","2825","8394","7317","1029","629","4791","868","2813","5709","957","510","4212","30","1596","1608","72","119","579","838","1217"
"185873","Ocean County College","2013","5,000 - 9,999","9477","5138","4339","6595","9477","2216","345","5613","1303","0","5138","1810","181","3071","76","0","4339","406","164","2542","1227","0"
"185970","P B Cosmetology Education Center","2013","Under 1,000","180","130","50","150","180","48","0","132","0","0","130","42","0","88","0","0","50","6","0","44","0","0"
"186016","Parisian Beauty School","2013","Under 1,000","337","226","111","270","337","41","0","296","0","0","226","32","0","194","0","0","111","9","0","102","0","0"
"186034","Passaic County Community College","2013","5,000 - 9,999","9129","3369","5760","5303","9129","1552","242","6585","750","0","3369","809","126","2410","24","0","5760","743","116","4175","726","0"
"186052","Pennco Tech-Blackwood","2013","Under 1,000","703","543","160","607","703","510","0","193","0","0","543","425","0","118","0","0","160","85","0","75","0","0"
"186122","Princeton Theological Seminary","2013","Under 1,000","502","464","38","479","0","0","0","0","0","502","0","0","0","0","0","464","0","0","0","0","0","38"
"186131","Princeton University","2013","5,000 - 9,999","8014","7935","79","7966","5323","1284","0","3950","89","2691","5244","1284","0","3950","10","2691","79","0","0","0","79","0"
"186186","Rabbinical College of America","2013","Under 1,000","239","239","0","239","239","19","152","68","0","0","239","19","152","68","0","0","0","0","0","0","0","0"
"186201","Ramapo College of New Jersey","2013","5,000 - 9,999","5852","5015","837","5344","5614","901","599","3897","217","238","4992","901","510","3517","64","23","622","0","89","380","153","215"
"186274","Robert Fiance Beauty Schools-Perth Amboy","2013","Under 1,000","193","116","77","147","193","33","0","160","0","0","116","23","0","93","0","0","77","10","0","67","0","0"
"186283","Rider University","2013","5,000 - 9,999","5410","4122","1288","4621","4425","760","307","2974","384","985","3791","758","251","2570","212","331","634","2","56","404","172","654"
"186335","Roman Academy of Beauty Culture","2013","Under 1,000","61","49","12","54","61","19","0","42","0","0","49","14","0","35","0","0","12","5","0","7","0","0"
"186371","Rutgers University-Camden","2013","5,000 - 9,999","6264","4746","1518","5333","4842","496","837","3444","65","1422","3939","494","668","2771","6","807","903","2","169","673","59","615"
"186380","Rutgers University-New Brunswick","2013","20,000 and above","48036","40321","7715","43201","33901","6403","2581","24443","474","14135","31759","6393","2361","22876","129","8562","2142","10","220","1567","345","5573"
"186399","Rutgers University-Newark","2013","10,000 - 19,999","11212","7559","3653","8938","7217","988","779","4981","469","3995","5827","985","657","4182","3","1732","1390","3","122","799","466","2263"
"186405","St Francis Medical Center-School of Radiologic Technology","2013","Under 1,000","15","15","0","15","15","0","0","15","0","0","15","0","0","15","0","0","0","0","0","0","0","0"
"186423","Saint Francis Medical Center School of Nursing","2013","Under 1,000","56","56","0","56","56","0","0","56","0","0","56","0","0","56","0","0","0","0","0","0","0","0"
"186432","Saint Peter's University","2013","1,000 - 4,999","3194","2316","878","2656","2484","610","127","1632","115","710","2068","607","99","1358","4","248","416","3","28","274","111","462"
"186469","Salem Community College","2013","1,000 - 4,999","1240","726","514","899","1240","304","49","780","107","0","726","221","28","464","13","0","514","83","21","316","94","0"
"186584","Seton Hall University","2013","5,000 - 9,999","9903","7141","2762","8201","5839","1342","432","3858","207","4064","5380","1338","402","3630","10","1761","459","4","30","228","197","2303"
"186593","Atlantic Beauty & Spa Academy LLC","2013","Under 1,000","150","116","34","129","150","31","0","119","0","0","116","22","0","94","0","0","34","9","0","25","0","0"
"186618","College of Saint Elizabeth","2013","1,000 - 4,999","1552","697","855","1028","987","124","99","724","40","565","554","124","33","394","3","143","433","0","66","330","37","422"
"186645","Raritan Valley Community College","2013","5,000 - 9,999","8405","3600","4805","5213","8405","1586","447","5213","1159","0","3600","1260","226","2049","65","0","4805","326","221","3164","1094","0"
"186867","Stevens Institute of Technology","2013","5,000 - 9,999","5784","4180","1604","4793","2691","622","0","2040","29","3093","2661","622","0","2039","0","1519","30","0","0","1","29","1574"
"186876","The Richard Stockton College of New Jersey","2013","5,000 - 9,999","8458","7272","1186","7725","7539","1069","1036","5386","48","919","6953","1066","957","4927","3","319","586","3","79","459","45","600"
"186900","Talmudical Academy-New Jersey","2013","Under 1,000","68","68","0","68","68","18","32","18","0","0","68","18","32","18","0","0","0","0","0","0","0","0"
"187000","Teterboro School of Aeronautics","2013","Under 1,000","157","157","0","157","157","57","0","100","0","0","157","57","0","100","0","0","0","0","0","0","0","0"
"187046","Thomas Edison State College","2013","20,000 and above","20877","138","20739","8453","19596","0","7846","11750","0","1281","138","0","67","71","0","0","19458","0","7779","11679","0","1281"
"187134","The College of New Jersey","2013","5,000 - 9,999","7340","6653","687","6910","6653","1404","254","4788","207","687","6455","1402","251","4656","146","198","198","2","3","132","61","489"
"187161","Sanford-Brown Institute-Iselin","2013","Under 1,000","735","735","0","735","735","156","0","579","0","0","735","156","0","579","0","0","0","0","0","0","0","0"
"187198","Union County College","2013","10,000 - 19,999","11969","5713","6256","7813","11969","2316","657","8464","532","0","5713","1790","258","3558","107","0","6256","526","399","4906","425","0"
"187444","William Paterson University of New Jersey","2013","10,000 - 19,999","11414","8575","2839","9675","10027","1295","1442","7193","97","1387","8269","1289","1141","5818","21","306","1758","6","301","1375","76","1081"
"187505","Olympian University of Cosmetology","2013","1,000 - 4,999","1017","1017","0","1017","1017","350","0","667","0","0","1017","350","0","667","0","0","0","0","0","0","0","0"
"187532","Central New Mexico Community College","2013","20,000 and above","28891","9546","19345","16041","28891","4033","1658","19399","3801","0","9546","2410","671","6326","139","0","19345","1623","987","13073","3662","0"
"187596","Navajo Technical University","2013","1,000 - 4,999","1956","1271","685","1547","1956","373","84","1197","302","0","1271","292","59","918","2","0","685","81","25","279","300","0"
"187602","De Wolff College Hair Styling and Cosmetology","2013","Under 1,000","86","86","0","86","86","15","0","71","0","0","86","15","0","71","0","0","0","0","0","0","0","0"
"187620","New Mexico State University-Dona Ana","2013","5,000 - 9,999","8837","4197","4640","5755","8837","1373","300","5004","2160","0","4197","1112","158","2798","129","0","4640","261","142","2206","2031","0"
"187639","Clovis Community College","2013","1,000 - 4,999","3596","905","2691","1808","3596","438","189","1394","1575","0","905","327","57","496","25","0","2691","111","132","898","1550","0"
"187648","Eastern New Mexico University-Main Campus","2013","5,000 - 9,999","5847","3002","2845","4107","4567","661","441","2665","800","1280","2759","654","280","1812","13","243","1808","7","161","853","787","1037"
"187666","Eastern New Mexico University-Roswell Campus","2013","1,000 - 4,999","3883","1155","2728","2071","3883","523","173","1438","1749","0","1155","396","79","594","86","0","2728","127","94","844","1663","0"
"187745","Institute of American Indian and Alaska Native Culture","2013","Under 1,000","422","192","230","285","392","41","23","161","167","30","163","17","17","128","1","29","229","24","6","33","166","1"
"187897","New Mexico Highlands University","2013","1,000 - 4,999","3690","2224","1466","2786","2396","353","459","1409","175","1294","1646","349","293","988","16","578","750","4","166","421","159","716"
"187903","New Mexico Junior College","2013","1,000 - 4,999","2320","940","1380","1403","2320","468","58","974","820","0","940","264","32","582","62","0","1380","204","26","392","758","0"
"187912","New Mexico Military Institute","2013","Under 1,000","470","470","0","470","470","261","43","166","0","0","470","261","43","166","0","0","0","0","0","0","0","0"
"187958","University of New Mexico-Gallup Campus","2013","1,000 - 4,999","2675","1252","1423","1730","2675","415","78","1740","442","0","1252","292","38","876","46","0","1423","123","40","864","396","0"
"187967","New Mexico Institute of Mining and Technology","2013","1,000 - 4,999","2134","1651","483","1833","1604","318","102","1070","114","530","1418","316","98","1004","0","233","186","2","4","66","114","297"
"187976","University of New Mexico-Los Alamos Campus","2013","Under 1,000","744","191","553","377","744","76","45","420","203","0","191","62","10","108","11","0","553","14","35","312","192","0"
"187985","University of New Mexico-Main Campus","2013","20,000 and above","28592","20668","7924","23757","22416","3517","1250","16080","1569","6176","17091","3470","841","12515","265","3577","5325","47","409","3565","1304","2599"
"187994","New Mexico State University-Alamogordo","2013","1,000 - 4,999","2458","875","1583","1406","2458","290","112","977","1079","0","875","235","65","561","14","0","1583","55","47","416","1065","0"
"188003","New Mexico State University-Carlsbad","2013","1,000 - 4,999","1861","534","1327","980","1861","215","61","530","1055","0","534","194","33","289","18","0","1327","21","28","241","1037","0"
"188021","New Mexico State University-Grants","2013","Under 1,000","970","329","641","544","970","104","28","380","458","0","329","80","22","216","11","0","641","24","6","164","447","0"
"188030","New Mexico State University-Main Campus","2013","10,000 - 19,999","16765","13006","3759","14461","13582","1918","646","10322","696","3183","11297","1902","544","8769","82","1709","2285","16","102","1553","614","1474"
"188049","University of New Mexico-Valencia County Campus","2013","1,000 - 4,999","2245","998","1247","1417","2245","329","61","1385","470","0","998","270","24","690","14","0","1247","59","37","695","456","0"
"188058","Northern New Mexico College","2013","1,000 - 4,999","1681","822","859","1168","1653","168","64","941","480","28","821","150","42","601","28","1","832","18","22","340","452","27"
"188100","San Juan College","2013","5,000 - 9,999","8938","2954","5984","4963","8938","904","377","4809","2848","0","2954","700","132","2085","37","0","5984","204","245","2724","2811","0"
"188137","Santa Fe Community College","2013","5,000 - 9,999","6265","1775","4490","3282","6265","703","375","3095","2092","0","1775","438","97","1162","78","0","4490","265","278","1933","2014","0"
"188146","Santa Fe University of Art and Design","2013","Under 1,000","826","819","7","822","826","201","72","386","167","0","819","201","72","382","164","0","7","0","0","4","3","0"
"188182","University of the Southwest","2013","Under 1,000","923","359","564","576","318","50","89","179","0","605","201","48","42","111","0","158","117","2","47","68","0","447"
"188207","Southwestern College","2013","Under 1,000","161","84","77","113","0","0","0","0","0","161","0","0","0","0","0","84","0","0","0","0","0","77"
"188216","Southwestern Indian Polytechnic Institute","2013","Under 1,000","530","464","66","486","530","134","48","337","11","0","464","123","43","294","4","0","66","11","5","43","7","0"
"188225","University of New Mexico-Taos Campus","2013","1,000 - 4,999","1802","522","1280","952","1802","128","22","791","861","0","522","101","14","389","18","0","1280","27","8","402","843","0"
"188261","Mesalands Community College","2013","Under 1,000","697","231","466","387","697","61","39","498","99","0","231","55","27","129","20","0","466","6","12","369","79","0"
"188289","Vogue College of Cosmetology-Santa Fe","2013","Under 1,000","76","67","9","71","76","26","0","50","0","0","67","21","0","46","0","0","9","5","0","4","0","0"
"188304","Western New Mexico University","2013","1,000 - 4,999","3560","1669","1891","2409","2849","403","204","1559","683","711","1510","342","119","1037","12","159","1339","61","85","522","671","552"
"188340","Vaughn College of Aeronautics and Technology","2013","1,000 - 4,999","1741","1308","433","1478","1724","302","183","1236","3","17","1308","278","168","862","0","0","416","24","15","374","3","17"
"188429","Adelphi University","2013","5,000 - 9,999","7645","6034","1611","6655","5040","918","510","3572","40","2605","4531","903","429","3192","7","1503","509","15","81","380","33","1102"
"188438","Adirondack Community College","2013","1,000 - 4,999","4230","2588","1642","3139","4230","1087","248","2279","616","0","2588","989","184","1400","15","0","1642","98","64","879","601","0"
"188465","Globe Institute of Technology","2013","Under 1,000","557","532","25","542","557","223","67","261","6","0","532","222","67","239","4","0","25","1","0","22","2","0"
"188517","Bryant & Stratton College-Albany","2013","Under 1,000","580","346","234","438","580","64","90","414","12","0","346","62","83","201","0","0","234","2","7","213","12","0"
"188526","Albany College of Pharmacy and Health Sciences","2013","1,000 - 4,999","1639","1599","40","1614","1078","243","125","707","3","561","1059","243","113","701","2","540","19","0","12","6","1","21"
"188535","Albany Law School","2013","Under 1,000","594","538","56","559","0","0","0","0","0","594","0","0","0","0","0","538","0","0","0","0","0","56"
"188580","Albany Medical College","2013","Under 1,000","830","830","0","830","0","0","0","0","0","830","0","0","0","0","0","830","0","0","0","0","0","0"
"188641","Alfred University","2013","1,000 - 4,999","2431","2079","352","2214","1960","535","49","1321","55","471","1909","535","45","1304","25","170","51","0","4","17","30","301"
"188650","Allen School-Brooklyn","2013","Under 1,000","742","574","168","641","742","303","0","439","0","0","574","234","0","340","0","0","168","69","0","99","0","0"
"188669","The Ailey School","2013","Under 1,000","91","91","0","91","91","27","0","64","0","0","91","27","0","64","0","0","0","0","0","0","0","0"
"188678","American Academy of Dramatic Arts-New York","2013","Under 1,000","216","216","0","216","216","99","40","77","0","0","216","99","40","77","0","0","0","0","0","0","0","0"
"188687","American Academy McAllister Institute of Funeral Service","2013","Under 1,000","408","100","308","222","408","37","114","257","0","0","100","20","39","41","0","0","308","17","75","216","0","0"
"188696","Joffrey Ballet School","2013","Under 1,000","230","230","0","230","230","139","0","91","0","0","230","139","0","91","0","0","0","0","0","0","0","0"
"188854","American Musical and Dramatic Academy","2013","1,000 - 4,999","1365","1365","0","1365","1365","462","11","892","0","0","1365","462","11","892","0","0","0","0","0","0","0","0"
"188890","Apex Technical School","2013","1,000 - 4,999","1292","976","316","1101","1292","1274","0","18","0","0","976","965","0","11","0","0","316","309","0","7","0","0"
"188915","Arnot Ogden Medical Center","2013","Under 1,000","79","76","3","77","79","9","0","70","0","0","76","9","0","67","0","0","3","0","0","3","0","0"
"188942","Associated Beth Rivkah Schools","2013","Under 1,000","106","106","0","106","106","26","0","80","0","0","106","26","0","80","0","0","0","0","0","0","0","0"
"188988","Austin's School of Spa Technology","2013","Under 1,000","270","270","0","270","270","91","0","179","0","0","270","91","0","179","0","0","0","0","0","0","0","0"
"189015","Bank Street College of Education","2013","Under 1,000","846","355","491","543","0","0","0","0","0","846","0","0","0","0","0","355","0","0","0","0","0","491"
"189088","Bard College","2013","1,000 - 4,999","2355","2229","126","2278","2014","489","65","1403","57","341","1916","489","65","1342","20","313","98","0","0","61","37","28"
"189097","Barnard College","2013","1,000 - 4,999","2489","2463","26","2473","2489","580","70","1836","3","0","2463","576","70","1814","3","0","26","4","0","22","0","0"
"189219","Berk Trade and Business School","2013","Under 1,000","265","265","0","265","265","113","0","152","0","0","265","113","0","152","0","0","0","0","0","0","0","0"
"189228","Berkeley College-New York","2013","1,000 - 4,999","4596","4058","538","4269","4596","737","502","3312","45","0","4058","704","479","2843","32","0","538","33","23","469","13","0"
"189264","Beth Hatalmud Rabbinical College","2013","Under 1,000","47","47","0","47","47","9","12","26","0","0","47","9","12","26","0","0","0","0","0","0","0","0"
"189273","Beth Hamedrash Shaarei Yosher Institute","2013","Under 1,000","55","55","0","55","49","18","8","23","0","6","49","18","8","23","0","6","0","0","0","0","0","0"
"189282","Phillips Beth Israel School of Nursing","2013","Under 1,000","269","24","245","121","269","5","105","159","0","0","24","2","6","16","0","0","245","3","99","143","0","0"
"189404","Hair Design Institute at Fifth Avenue-Brooklyn","2013","Under 1,000","200","142","58","165","200","9","0","191","0","0","142","7","0","135","0","0","58","2","0","56","0","0"
"189413","Boricua College","2013","1,000 - 4,999","1118","1118","0","1118","1050","220","101","729","0","68","1050","220","101","729","0","68","0","0","0","0","0","0"
"189422","Bramson ORT College","2013","Under 1,000","796","635","161","699","796","179","41","455","121","0","635","177","41","417","0","0","161","2","0","38","121","0"
"189459","Briarcliffe College","2013","1,000 - 4,999","1886","1459","427","1627","1886","217","231","1437","1","0","1459","200","163","1096","0","0","427","17","68","341","1","0"
"189468","Brittany Beauty School","2013","Under 1,000","144","111","33","124","144","61","0","83","0","0","111","57","0","54","0","0","33","4","0","29","0","0"
"189477","American Beauty School","2013","Under 1,000","194","96","98","135","194","107","0","87","0","0","96","54","0","42","0","0","98","53","0","45","0","0"
"189501","Brooklyn Law School","2013","1,000 - 4,999","1135","915","220","999","0","0","0","0","0","1135","0","0","0","0","0","915","0","0","0","0","0","220"
"189547","SUNY Broome Community College","2013","5,000 - 9,999","5894","4192","1702","4763","5894","1538","342","3545","469","0","4192","1433","249","2449","61","0","1702","105","93","1096","408","0"
"189556","Bryant & Stratton College-Amherst","2013","Under 1,000","413","246","167","312","413","41","77","282","13","0","246","37","58","151","0","0","167","4","19","131","13","0"
"189565","Bryant & Stratton College-Syracuse North","2013","Under 1,000","452","295","157","357","452","44","65","335","8","0","295","41","59","195","0","0","157","3","6","140","8","0"
"189574","Bryant & Stratton College-Syracuse","2013","Under 1,000","522","392","130","444","522","94","82","344","2","0","392","93","75","224","0","0","130","1","7","120","2","0"
"189583","Bryant & Stratton College-Buffalo","2013","Under 1,000","740","449","291","563","740","89","116","511","24","0","449","75","100","274","0","0","291","14","16","237","24","0"
"189592","Bryant & Stratton College-Greece","2013","Under 1,000","389","268","121","316","389","51","80","250","8","0","268","46","65","157","0","0","121","5","15","93","8","0"
"189653","Business Informatics Center Inc","2013","Under 1,000","56","29","27","40","56","4","9","43","0","0","29","4","8","17","0","0","27","0","1","26","0","0"
"189705","Canisius College","2013","1,000 - 4,999","4537","3443","1094","3864","3084","682","119","2057","226","1453","2825","680","116","2004","25","618","259","2","3","53","201","835"
"189714","Capri School of Hair Design","2013","Under 1,000","238","181","57","204","238","42","0","196","0","0","181","33","0","148","0","0","57","9","0","48","0","0"
"189811","St Paul's School of Nursing-Queens","2013","Under 1,000","592","287","305","408","592","33","136","423","0","0","287","29","53","205","0","0","305","4","83","218","0","0"
"189839","Cayuga County Community College","2013","1,000 - 4,999","4410","2235","2175","2965","4410","686","331","1965","1428","0","2235","615","255","1353","12","0","2175","71","76","612","1416","0"
"189848","Cazenovia College","2013","1,000 - 4,999","1077","937","140","992","1077","345","36","650","46","0","937","345","36","556","0","0","140","0","0","94","46","0"
"189857","Central Yeshiva Tomchei Tmimim Lubavitz","2013","Under 1,000","731","731","0","731","650","92","286","272","0","81","650","92","286","272","0","81","0","0","0","0","0","0"
"189954","Cheryl Fells School of Business","2013","Under 1,000","56","56","0","56","56","15","0","41","0","0","56","15","0","41","0","0","0","0","0","0","0","0"
"189981","Christ the King Seminary","2013","Under 1,000","96","22","74","50","0","0","0","0","0","96","0","0","0","0","0","22","0","0","0","0","0","74"
"189990","CHRISTINE VALMY INTERNATIONAL SCHOOL","2013",,,,,,,,,,,,,,,,,,,,,,,
"190008","Circle in the Square Theater School","2013","Under 1,000","78","78","0","78","78","14","0","64","0","0","78","14","0","64","0","0","0","0","0","0","0","0"
"190044","Clarkson University","2013","1,000 - 4,999","3726","3602","124","3650","3110","757","131","2172","50","616","3084","757","131","2161","35","518","26","0","0","11","15","98"
"190053","Clinton Community College","2013","1,000 - 4,999","1990","1092","898","1393","1990","342","107","866","675","0","1092","321","82","580","109","0","898","21","25","286","566","0"
"190071","Cochran School of Nursing","2013","Under 1,000","79","10","69","37","79","0","29","50","0","0","10","0","0","10","0","0","69","0","29","40","0","0"
"190080","Colgate Rochester Crozer Divinity School","2013","Under 1,000","87","59","28","70","0","0","0","0","0","87","0","0","0","0","0","59","0","0","0","0","0","28"
"190099","Colgate University","2013","1,000 - 4,999","2900","2877","23","2886","2890","759","7","2106","18","10","2871","759","7","2105","0","6","19","0","0","1","18","4"
"190114","Metropolitan College of New York","2013","1,000 - 4,999","1255","1164","91","1199","911","115","137","659","0","344","851","113","129","609","0","313","60","2","8","50","0","31"
"190150","Columbia University in the City of New York","2013","20,000 and above","26957","22731","4226","24352","7970","1509","571","5890","0","18987","7374","1476","491","5407","0","15357","596","33","80","483","0","3630"
"190169","Columbia-Greene Community College","2013","1,000 - 4,999","2118","964","1154","1351","2118","403","129","1017","569","0","964","339","71","553","1","0","1154","64","58","464","568","0"
"190239","Empire Beauty School-Queens","2013","Under 1,000","215","156","59","179","215","61","0","154","0","0","156","44","0","112","0","0","59","17","0","42","0","0"
"190248","Concordia College-New York","2013","Under 1,000","953","868","85","901","887","153","34","669","31","66","812","153","34","623","2","56","75","0","0","46","29","10"
"190293","Continental School of Beauty Culture-Buffalo","2013","Under 1,000","124","83","41","99","124","5","0","119","0","0","83","4","0","79","0","0","41","1","0","40","0","0"
"190309","Continental School of Beauty Culture-Batavia","2013","Under 1,000","36","36","0","36","36","1","0","35","0","0","36","1","0","35","0","0","0","0","0","0","0","0"
"190318","Continental School of Beauty Culture-Rochester","2013","Under 1,000","332","208","124","257","332","48","0","284","0","0","208","38","0","170","0","0","124","10","0","114","0","0"
"190372","Cooper Union for the Advancement of Science and Art","2013","Under 1,000","920","903","17","910","868","178","31","642","17","52","863","178","31","641","13","40","5","0","0","1","4","12"
"190415","Cornell University","2013","20,000 and above","21593","21528","65","21553","14393","3223","542","10544","84","7200","14380","3223","541","10532","84","7148","13","0","1","12","0","52"
"190424","Weill Cornell Medical College","2013","1,000 - 4,999","1043","1015","28","1026","0","0","0","0","0","1043","0","0","0","0","0","1015","0","0","0","0","0","28"
"190442","Corning Community College","2013","1,000 - 4,999","4929","2375","2554","3232","4929","1011","183","2035","1700","0","2375","916","129","1217","113","0","2554","95","54","818","1587","0"
"190451","Crouse Hospital College of Nursing","2013","Under 1,000","336","150","186","224","336","18","0","318","0","0","150","12","0","138","0","0","186","6","0","180","0","0"
"190503","Culinary Institute of America","2013","1,000 - 4,999","2814","2814","0","2814","2814","490","219","2105","0","0","2814","490","219","2105","0","0","0","0","0","0","0","0"
"190512","CUNY Bernard M Baruch College","2013","10,000 - 19,999","17505","11222","6283","13649","14082","1254","1571","10873","384","3423","10396","1245","1214","7934","3","826","3686","9","357","2939","381","2597"
"190521","CUNY Borough of Manhattan Community College","2013","20,000 and above","24186","15889","8297","18675","24186","5403","1073","17182","528","0","15889","4528","692","10652","17","0","8297","875","381","6530","511","0"
"190530","CUNY Bronx Community College","2013","10,000 - 19,999","11368","6598","4770","8199","11368","1842","1095","7640","791","0","6598","1638","790","4162","8","0","4770","204","305","3478","783","0"
"190549","CUNY Brooklyn College","2013","10,000 - 19,999","17004","10061","6943","12742","13596","1193","1946","9486","971","3408","9543","1183","1550","6731","79","518","4053","10","396","2755","892","2890"
"190558","College of Staten Island CUNY","2013","10,000 - 19,999","14441","9900","4541","11697","13465","2807","562","9605","491","976","9784","2630","383","6745","26","116","3681","177","179","2860","465","860"
"190567","CUNY City College","2013","10,000 - 19,999","15331","9721","5610","11885","12501","1444","1295","9081","681","2830","9274","1431","983","6788","72","447","3227","13","312","2293","609","2383"
"190576","CUNY Graduate School and University Center","2013","5,000 - 9,999","6736","4454","2282","5323","1347","0","325","787","235","5389","296","0","101","192","3","4158","1051","0","224","595","232","1231"
"190585","CUNY Hostos Community College","2013","5,000 - 9,999","7006","4026","2980","5026","7006","1237","633","4568","568","0","4026","1118","437","2448","23","0","2980","119","196","2120","545","0"
"190594","CUNY Hunter College","2013","20,000 and above","23019","13087","9932","16886","16689","1976","1885","11836","992","6330","11747","1921","1284","8469","73","1340","4942","55","601","3367","919","4990"
"190600","CUNY John Jay College of Criminal Justice","2013","10,000 - 19,999","15010","10764","4246","12419","13217","1861","1723","9254","379","1793","10374","1850","1442","7078","4","390","2843","11","281","2176","375","1403"
"190619","CUNY Kingsborough Community College","2013","10,000 - 19,999","18634","10734","7900","13386","18634","2647","1692","10042","4253","0","10734","2534","1349","6772","79","0","7900","113","343","3270","4174","0"
"190628","CUNY LaGuardia Community College","2013","10,000 - 19,999","19564","10455","9109","13513","19564","3008","1702","12111","2743","0","10455","2530","1174","6656","95","0","9109","478","528","5455","2648","0"
"190637","CUNY Lehman College","2013","10,000 - 19,999","12085","5916","6169","8325","9886","588","1712","6720","866","2199","5643","582","1145","3898","18","273","4243","6","567","2822","848","1926"
"190646","CUNY Medgar Evers College","2013","5,000 - 9,999","6477","4267","2210","5159","6477","1045","559","4481","392","0","4267","993","362","2845","67","0","2210","52","197","1636","325","0"
"190655","CUNY New York City College of Technology","2013","10,000 - 19,999","16860","10318","6542","12958","16860","3353","1275","11289","943","0","10318","3119","676","6422","101","0","6542","234","599","4867","842","0"
"190664","CUNY Queens College","2013","10,000 - 19,999","18974","11249","7725","14235","15351","1364","2177","10883","927","3623","10769","1350","1641","7764","14","480","4582","14","536","3119","913","3143"
"190673","CUNY Queensborough Community College","2013","10,000 - 19,999","16291","9626","6665","11864","16291","3396","899","10059","1937","0","9626","3055","551","5979","41","0","6665","341","348","4080","1896","0"
"190682","CUNY School of Law at Queens College","2013","Under 1,000","383","380","3","381","0","0","0","0","0","383","0","0","0","0","0","380","0","0","0","0","0","3"
"190691","CUNY York College","2013","5,000 - 9,999","8307","5199","3108","6453","8261","994","760","5607","900","46","5153","955","491","3658","49","46","3108","39","269","1949","851","0"
"190707","CVPH Medical Center School of Radiologic Technology","2013","Under 1,000","23","23","0","23","23","9","0","14","0","0","23","9","0","14","0","0","0","0","0","0","0","0"
"190716","D'Youville College","2013","1,000 - 4,999","3150","2401","749","2692","2023","251","220","1384","168","1127","1614","251","186","1177","0","787","409","0","34","207","168","340"
"190725","Daemen College","2013","1,000 - 4,999","2871","2231","640","2480","2156","411","319","1241","185","715","1720","409","244","1066","1","511","436","2","75","175","184","204"
"190752","Yeshiva of Far Rockaway Derech Ayson Rabbinical Seminary","2013","Under 1,000","57","57","0","57","57","12","5","40","0","0","57","12","5","40","0","0","0","0","0","0","0","0"
"190761","Dominican College of Blauvelt","2013","1,000 - 4,999","1998","1441","557","1656","1527","286","109","1110","22","471","1280","286","89","905","0","161","247","0","20","205","22","310"
"190770","Dowling College","2013","1,000 - 4,999","3198","1737","1461","2304","2314","247","139","1322","606","884","1455","236","121","1083","15","282","859","11","18","239","591","602"
"190840","Dutchess Community College","2013","10,000 - 19,999","10232","4893","5339","6685","10232","2114","326","4788","3004","0","4893","1941","265","2611","76","0","5339","173","61","2177","2928","0"
"190956","Belanger School of Nursing","2013","Under 1,000","123","38","85","72","123","2","0","121","0","0","38","1","0","37","0","0","85","1","0","84","0","0"
"190974","Elmira Business Institute","2013","Under 1,000","431","346","85","380","431","41","97","293","0","0","346","36","81","229","0","0","85","5","16","64","0","0"
"190983","Elmira College","2013","1,000 - 4,999","1542","1200","342","1333","1408","318","34","963","93","134","1188","318","34","802","34","12","220","0","0","161","59","122"
"191083","Erie Community College","2013","10,000 - 19,999","13649","9039","4610","10587","13649","2968","801","7607","2273","0","9039","2676","639","5585","139","0","4610","292","162","2022","2134","0"
"191126","Fashion Institute of Technology","2013","5,000 - 9,999","9755","7377","2378","8334","9566","1304","1012","5742","1508","189","7257","1279","906","4988","84","120","2309","25","106","754","1424","69"
"191199","Finger Lakes Community College","2013","5,000 - 9,999","6389","3404","2985","4406","6389","1449","254","2709","1977","0","3404","1340","191","1851","22","0","2985","109","63","858","1955","0"
"191205","Five Towns College","2013","Under 1,000","796","739","57","761","760","152","63","525","20","36","722","150","60","512","0","17","38","2","3","13","20","19"
"191241","Fordham University","2013","10,000 - 19,999","15097","12015","3082","13200","8345","1967","339","5887","152","6752","7694","1944","261","5457","32","4321","651","23","78","430","120","2431"
"191287","The International Culinary Center","2013","Under 1,000","475","261","214","346","475","230","0","245","0","0","261","123","0","138","0","0","214","107","0","107","0","0"
"191302","Fulton-Montgomery Community College","2013","1,000 - 4,999","2781","1724","1057","2079","2781","679","49","1492","561","0","1724","623","39","1027","35","0","1057","56","10","465","526","0"
"191311","Gemological Institute of America-New York","2013","Under 1,000","193","193","0","193","193","124","0","69","0","0","193","124","0","69","0","0","0","0","0","0","0","0"
"191320","The General Theological Seminary","2013","Under 1,000","81","46","35","59","0","0","0","0","0","81","0","0","0","0","0","46","0","0","0","0","0","35"
"191339","Genesee Community College","2013","5,000 - 9,999","7079","3326","3753","4586","7079","1153","396","2641","2889","0","3326","1068","264","1770","224","0","3753","85","132","871","2665","0"
"191409","GLORIA FRANCIS SCHOOL OF MAKEUP ARTISTRY LIMITED","2013",,,,,,,,,,,,,,,,,,,,,,,
"191515","Hamilton College","2013","1,000 - 4,999","1926","1905","21","1913","1926","491","5","1413","17","0","1905","491","5","1408","1","0","21","0","0","5","16","0"
"191533","Hartwick College","2013","1,000 - 4,999","1618","1579","39","1594","1618","528","36","1043","11","0","1579","528","36","1012","3","0","39","0","0","31","8","0"
"191597","Helene Fuld College of Nursing","2013","Under 1,000","396","220","176","289","396","7","0","386","3","0","220","6","0","214","0","0","176","1","0","172","3","0"
"191612","Herkimer County Community College","2013","1,000 - 4,999","3212","2079","1133","2459","3212","718","197","1521","776","0","2079","684","160","1187","48","0","1133","34","37","334","728","0"
"191621","Hilbert College","2013","1,000 - 4,999","1070","928","142","984","1020","188","113","690","29","50","884","188","97","599","0","44","136","0","16","91","29","6"
"191630","Hobart William Smith Colleges","2013","1,000 - 4,999","2372","2328","44","2345","2368","638","15","1658","57","4","2324","638","15","1654","17","4","44","0","0","4","40","0"
"191649","Hofstra University","2013","10,000 - 19,999","10928","9383","1545","9978","6826","1616","433","4699","78","4102","6378","1612","387","4362","17","3005","448","4","46","337","61","1097"
"191676","Houghton College","2013","1,000 - 4,999","1100","1032","68","1059","1081","223","70","754","34","19","1023","223","70","730","0","9","58","0","0","24","34","10"
"191719","Hudson Valley Community College","2013","10,000 - 19,999","12841","6832","6009","8849","12841","2294","932","5791","3824","0","6832","2088","757","3700","287","0","6009","206","175","2091","3537","0"
"191728","Hunter Business School","2013","Under 1,000","964","618","346","755","964","374","0","590","0","0","618","262","0","356","0","0","346","112","0","234","0","0"
"191764","Institute of Design and Construction","2013","Under 1,000","103","43","60","67","103","10","12","63","18","0","43","10","10","23","0","0","60","0","2","40","18","0"
"191834","Institute of Audio Research","2013","Under 1,000","490","431","59","454","490","264","0","226","0","0","431","232","0","199","0","0","59","32","0","27","0","0"
"191931","Iona College","2013","1,000 - 4,999","4241","3389","852","3719","3539","922","117","2127","373","702","3110","922","115","2069","4","279","429","0","2","58","369","423"
"191940","Isabella Graham Hart School of Practical Nursing","2013","Under 1,000","76","60","16","66","76","0","0","76","0","0","60","0","0","60","0","0","16","0","0","16","0","0"
"191959","Island Drafting and Technical Institute","2013","Under 1,000","95","95","0","95","95","37","0","58","0","0","95","37","0","58","0","0","0","0","0","0","0","0"
"191968","Ithaca College","2013","5,000 - 9,999","6723","6562","161","6625","6234","1789","140","4273","32","489","6131","1789","139","4194","9","431","103","0","1","79","23","58"
"191986","Jamestown Community College","2013","5,000 - 9,999","5178","2764","2414","3574","5178","1034","269","2078","1797","0","2764","968","212","1447","137","0","2414","66","57","631","1660","0"
"192004","Jamestown Business College","2013","Under 1,000","275","269","6","271","275","68","45","162","0","0","269","68","44","157","0","0","6","0","1","5","0","0"
"192022","Jefferson Community College","2013","1,000 - 4,999","3931","2234","1697","2804","3931","832","289","2027","783","0","2234","698","182","1336","18","0","1697","134","107","691","765","0"
"192040","Jewish Theological Seminary of America","2013","Under 1,000","446","314","132","365","163","33","2","126","2","283","156","33","2","121","0","158","7","0","0","5","2","125"
"192110","The Juilliard School","2013","Under 1,000","927","826","101","865","581","109","11","378","83","346","498","109","11","378","0","328","83","0","0","0","83","18"
"192156","SBI Campus-An Affiliate of Sanford-Brown","2013","Under 1,000","274","243","31","255","274","65","15","194","0","0","243","64","14","165","0","0","31","1","1","29","0","0"
"192165","Kehilath Yakov Rabbinical Seminary","2013","Under 1,000","120","120","0","120","120","44","0","76","0","0","120","44","0","76","0","0","0","0","0","0","0","0"
"192192","Keuka College","2013","1,000 - 4,999","2036","1658","378","1806","1830","241","328","1261","0","206","1514","240","222","1052","0","144","316","1","106","209","0","62"
"192271","LIM College","2013","1,000 - 4,999","1647","1524","123","1572","1513","296","154","1058","5","134","1422","295","145","978","4","102","91","1","9","80","1","32"
"192323","Le Moyne College","2013","1,000 - 4,999","3319","2538","781","2841","2785","622","169","1828","166","534","2401","622","139","1633","7","137","384","0","30","195","159","397"
"192439","LIU Brooklyn","2013","5,000 - 9,999","8483","6261","2222","7119","5006","877","679","3349","101","3477","4195","864","516","2812","3","2066","811","13","163","537","98","1411"
"192448","LIU Post","2013","10,000 - 19,999","10599","4824","5775","7077","7983","659","437","2971","3916","2616","3661","631","365","2624","41","1163","4322","28","72","347","3875","1453"
"192484","Long Island Beauty School-Hempstead","2013","Under 1,000","147","100","47","119","147","26","0","121","0","0","100","25","0","75","0","0","47","1","0","46","0","0"
"192509","Long Island Business Institute","2013","Under 1,000","446","311","135","365","446","85","32","299","30","0","311","82","22","207","0","0","135","3","10","92","30","0"
"192554","LIU Hudson at Rockland","2013","Under 1,000","259","94","165","157","0","0","0","0","0","259","0","0","0","0","0","94","0","0","0","0","0","165"
"192563","LIU Brentwood","2013","Under 1,000","270","130","140","184","23","0","7","16","0","247","15","0","6","9","0","115","8","0","1","7","0","132"
"192624","Machzikei Hadath Rabbinical College","2013","Under 1,000","148","148","0","148","148","27","17","104","0","0","148","27","17","104","0","0","0","0","0","0","0","0"
"192688","Mandl School-The College of Allied Health","2013","Under 1,000","782","777","5","779","782","208","58","516","0","0","777","206","58","513","0","0","5","2","0","3","0","0"
"192703","Manhattan College","2013","1,000 - 4,999","3883","3392","491","3582","3403","757","155","2491","0","480","3195","755","134","2306","0","197","208","2","21","185","0","283"
"192712","Manhattan School of Music","2013","Under 1,000","885","882","3","883","377","81","22","274","0","508","376","81","22","273","0","506","1","0","0","1","0","2"
"192749","Manhattanville College","2013","1,000 - 4,999","2750","1900","850","2226","1719","480","59","1132","48","1031","1611","475","51","1085","0","289","108","5","8","47","48","742"
"192785","Maria College of Albany","2013","Under 1,000","880","190","690","461","880","53","205","608","14","0","190","29","56","105","0","0","690","24","149","503","14","0"
"192800","Marion S Whelan School of Nursing of Geneva General Hospital","2013","Under 1,000","32","32","0","32","32","1","0","31","0","0","32","1","0","31","0","0","0","0","0","0","0","0"
"192819","Marist College","2013","5,000 - 9,999","6365","5121","1244","5603","5566","1149","149","3997","271","799","4924","1149","149","3620","6","197","642","0","0","377","265","602"
"192828","MarJon School of Beauty ltd-Tonawanda","2013","Under 1,000","44","33","11","37","44","32","0","12","0","0","33","23","0","10","0","0","11","9","0","2","0","0"
"192864","Marymount Manhattan College","2013","1,000 - 4,999","1833","1593","240","1687","1833","418","124","1241","50","0","1593","397","117","1069","10","0","240","21","7","172","40","0"
"192925","Medaille College","2013","1,000 - 4,999","2390","2185","205","2265","1727","443","178","1095","11","663","1585","436","168","971","10","600","142","7","10","124","1","63"
"192961","Memorial School of Nursing","2013","Under 1,000","123","12","111","56","123","1","33","89","0","0","12","1","7","4","0","0","111","0","26","85","0","0"
"192970","Memorial Hospital School of Radiation Therapy Technology","2013","Under 1,000","15","15","0","15","15","0","0","15","0","0","15","0","0","15","0","0","0","0","0","0","0","0"
"193016","Mercy College","2013","10,000 - 19,999","11648","7017","4631","8814","8154","834","1003","5060","1257","3494","5547","823","841","3783","100","1470","2607","11","162","1277","1157","2024"
"193052","Mesivta Torah Vodaath Rabbinical Seminary","2013","Under 1,000","279","276","3","277","207","17","102","88","0","72","206","17","102","87","0","70","1","0","0","1","0","2"
"193061","Mesivta of Eastern Parkway-Yeshiva Zichron Meilech","2013","Under 1,000","36","36","0","36","33","4","1","28","0","3","33","4","1","28","0","3","0","0","0","0","0","0"
"193070","Mesivtha Tifereth Jerusalem of America","2013","Under 1,000","80","80","0","80","50","12","0","38","0","30","50","12","0","38","0","30","0","0","0","0","0","0"
"193122","Southern Westchester BOCES-Practical Nursing Program","2013","Under 1,000","180","53","127","96","180","141","0","39","0","0","53","39","0","14","0","0","127","102","0","25","0","0"
"193186","Midway Paris Beauty School","2013","Under 1,000","103","45","58","68","103","36","0","67","0","0","45","24","0","21","0","0","58","12","0","46","0","0"
"193201","Mildred Elley School-Albany Campus","2013","Under 1,000","904","899","5","901","904","202","12","688","2","0","899","202","12","685","0","0","5","0","0","3","2","0"
"193247","Mirrer Yeshiva Cent Institute","2013","Under 1,000","224","224","0","224","160","34","12","114","0","64","160","34","12","114","0","64","0","0","0","0","0","0"
"193265","Modern Welding School","2013","Under 1,000","103","73","30","85","103","68","0","35","0","0","73","51","0","22","0","0","30","17","0","13","0","0"
"193283","Mohawk Valley Community College","2013","5,000 - 9,999","7433","4616","2817","5562","7433","1577","334","3918","1604","0","4616","1474","263","2826","53","0","2817","103","71","1092","1551","0"
"193292","Molloy College","2013","1,000 - 4,999","4455","2903","1552","3503","3375","501","384","2437","53","1080","2693","495","293","1901","4","210","682","6","91","536","49","870"
"193308","Monroe College","2013","5,000 - 9,999","7215","5106","2109","5932","6794","1208","2391","2827","368","421","4895","1107","1673","2113","2","211","1899","101","718","714","366","210"
"193326","Monroe Community College","2013","10,000 - 19,999","16458","10260","6198","12341","16458","3794","934","10326","1404","0","10260","3354","684","6216","6","0","6198","440","250","4110","1398","0"
"193353","Mount Saint Mary College","2013","1,000 - 4,999","2556","1811","745","2101","2203","449","199","1507","48","353","1742","448","128","1163","3","69","461","1","71","344","45","284"
"193399","College of Mount Saint Vincent","2013","1,000 - 4,999","1938","1539","399","1693","1669","386","98","1151","34","269","1489","386","97","1006","0","50","180","0","1","145","34","219"
"193405","Icahn School of Medicine at Mount Sinai","2013","1,000 - 4,999","1090","1090","0","1090","0","0","0","0","0","1090","0","0","0","0","0","1090","0","0","0","0","0","0"
"193478","Nassau Community College","2013","20,000 and above","23318","14209","9109","17267","23318","4762","1625","14664","2267","0","14209","4134","1122","8332","621","0","9109","628","503","6332","1646","0"
"193584","Nazareth College","2013","1,000 - 4,999","2823","2293","530","2497","2034","423","168","1404","39","789","1901","423","160","1307","11","392","133","0","8","97","28","397"
"193609","Neighborhood Playhouse School of the Theater","2013","Under 1,000","87","87","0","87","87","17","0","70","0","0","87","17","0","70","0","0","0","0","0","0","0","0"
"193645","The College of New Rochelle","2013","1,000 - 4,999","3966","2865","1101","3291","3225","492","236","2479","18","741","2755","473","183","2097","2","110","470","19","53","382","16","631"
"193654","The New School","2013","10,000 - 19,999","10301","8415","1886","9145","6777","1038","965","4578","196","3524","5878","996","861","3949","72","2537","899","42","104","629","124","987"
"193672","New School of Radio and Television","2013","Under 1,000","58","58","0","58","58","25","0","33","0","0","58","25","0","33","0","0","0","0","0","0","0","0"
"193751","New York Chiropractic College","2013","Under 1,000","923","723","200","799","0","0","0","0","0","923","0","0","0","0","0","723","0","0","0","0","0","200"
"193760","Star Career Academy-New York","2013","Under 1,000","820","605","215","690","820","239","0","581","0","0","605","160","0","445","0","0","215","79","0","136","0","0"
"193821","New York Law School","2013","1,000 - 4,999","1261","854","407","1009","0","0","0","0","0","1261","0","0","0","0","0","854","0","0","0","0","0","407"
"193830","New York Medical College","2013","1,000 - 4,999","1427","1139","288","1249","0","0","0","0","0","1427","0","0","0","0","0","1139","0","0","0","0","0","288"
"193858","New York School for Medical and Dental Assistants","2013","Under 1,000","328","328","0","328","328","171","0","157","0","0","328","171","0","157","0","0","0","0","0","0","0","0"
"193894","New York Theological Seminary","2013","Under 1,000","396","198","198","274","0","0","0","0","0","396","0","0","0","0","0","198","0","0","0","0","0","198"
"193900","New York University","2013","20,000 and above","44599","35096","9503","38740","22615","5207","891","16074","443","21984","21365","5168","772","15141","284","13731","1250","39","119","933","159","8253"
"193946","Niagara County Community College","2013","5,000 - 9,999","6630","4178","2452","5001","6630","1504","467","3326","1333","0","4178","1397","344","2397","40","0","2452","107","123","929","1293","0"
"193973","Niagara University","2013","1,000 - 4,999","4056","3342","714","3617","2896","700","610","1531","55","1160","2719","698","517","1494","10","623","177","2","93","37","45","537"
"193991","Empire Beauty School-Peekskill","2013","Under 1,000","43","43","0","43","43","30","0","13","0","0","43","30","0","13","0","0","0","0","0","0","0","0"
"194028","North Country Community College","2013","1,000 - 4,999","2088","951","1137","1333","2088","395","116","510","1067","0","951","359","94","417","81","0","1137","36","22","93","986","0"
"194073","New York College of Podiatric Medicine","2013","Under 1,000","382","380","2","381","0","0","0","0","0","382","0","0","0","0","0","380","0","0","0","0","0","2"
"194091","New York Institute of Technology","2013","5,000 - 9,999","7545","6028","1517","6616","4456","838","396","3073","149","3089","3704","778","340","2519","67","2324","752","60","56","554","82","765"
"194116","New York School of Interior Design","2013","Under 1,000","589","295","294","410","451","32","67","295","57","138","158","21","14","123","0","137","293","11","53","172","57","1"
"194161","Nyack College","2013","1,000 - 4,999","3082","2033","1049","2437","1831","265","226","1327","13","1251","1515","249","193","1071","2","518","316","16","33","256","11","733"
"194189","Ohr Hameir Theological Seminary","2013","Under 1,000","94","94","0","94","94","1","2","91","0","0","94","1","2","91","0","0","0","0","0","0","0","0"
"194222","Onondaga Community College","2013","10,000 - 19,999","12834","6540","6294","8653","12834","2476","490","5698","4170","0","6540","2239","380","3797","124","0","6294","237","110","1901","4046","0"
"194240","Orange County Community College","2013","5,000 - 9,999","7029","3338","3691","4577","7029","1432","390","3758","1449","0","3338","1193","238","1870","37","0","3691","239","152","1888","1412","0"
"194259","Otsego Area BOCES-Practical Nursing Program","2013","Under 1,000","37","37","0","37","37","9","0","28","0","0","37","9","0","28","0","0","0","0","0","0","0","0"
"194310","Pace University-New York","2013","10,000 - 19,999","12624","9148","3476","10489","8289","1804","530","5549","406","4335","7116","1758","423","4898","37","2032","1173","46","107","651","369","2303"
"194392","Paul Smiths College of Arts and Science","2013","Under 1,000","981","969","12","974","981","240","57","681","3","0","969","240","57","672","0","0","12","0","0","9","3","0"
"194435","Continental School of Beauty Culture-West Seneca","2013","Under 1,000","111","70","41","86","111","5","0","106","0","0","70","4","0","66","0","0","41","1","0","40","0","0"
"194499","Plaza College","2013","Under 1,000","726","726","0","726","726","228","68","430","0","0","726","228","68","430","0","0","0","0","0","0","0","0"
"194569","Davis College","2013","Under 1,000","395","231","164","295","395","39","30","178","148","0","231","38","27","149","17","0","164","1","3","29","131","0"
"194578","Pratt Institute-Main","2013","1,000 - 4,999","4793","4514","279","4622","3311","716","164","2367","64","1482","3202","712","158","2275","57","1312","109","4","6","92","7","170"
"194657","Rabbinical Academy Mesivta Rabbi Chaim Berlin","2013","Under 1,000","258","258","0","258","166","44","8","112","2","92","166","44","8","112","2","92","0","0","0","0","0","0"
"194666","Rabbinical College Bobover Yeshiva Bnei Zion","2013","Under 1,000","316","316","0","316","263","36","25","202","0","53","263","36","25","202","0","53","0","0","0","0","0","0"
"194675","Rabbinical College of Ch'san Sofer New York","2013","Under 1,000","43","43","0","43","30","6","0","24","0","13","30","6","0","24","0","13","0","0","0","0","0","0"
"194693","Rabbinical College Beth Shraga","2013","Under 1,000","47","47","0","47","47","14","0","33","0","0","47","14","0","33","0","0","0","0","0","0","0","0"
"194736","Rabbinical College of Long Island","2013","Under 1,000","96","96","0","96","96","0","4","92","0","0","96","0","4","92","0","0","0","0","0","0","0","0"
"194763","Rabbinical Seminary of America","2013","Under 1,000","491","491","0","491","269","107","0","162","0","222","269","107","0","162","0","222","0","0","0","0","0","0"
"194824","Rensselaer Polytechnic Institute","2013","5,000 - 9,999","6714","6565","149","6622","5452","1411","126","3842","73","1262","5423","1411","126","3840","46","1142","29","0","0","2","27","120"
"194879","Ridley-Lowell Business & Technical Institute-Binghamton","2013","Under 1,000","193","150","43","167","193","33","0","160","0","0","150","31","0","119","0","0","43","2","0","41","0","0"
"194958","Roberts Wesleyan College","2013","1,000 - 4,999","1735","1585","150","1643","1315","206","97","999","13","420","1225","203","83","937","2","360","90","3","14","62","11","60"
"194967","Everest Institute-Rochester","2013","Under 1,000","617","408","209","491","617","1","84","532","0","0","408","1","60","347","0","0","209","0","24","185","0","0"
"195003","Rochester Institute of Technology","2013","10,000 - 19,999","16583","14119","2464","15080","13880","2784","597","9206","1293","2703","12106","2768","561","8755","22","2013","1774","16","36","451","1271","690"
"195030","University of Rochester","2013","10,000 - 19,999","11020","9284","1736","9951","6177","1472","107","4468","130","4843","5837","1472","107","4240","18","3447","340","0","0","228","112","1396"
"195049","Rockefeller University","2013","Under 1,000","201","201","0","201","0","0","0","0","0","201","0","0","0","0","0","201","0","0","0","0","0","0"
"195058","Rockland Community College","2013","5,000 - 9,999","7652","4477","3175","5543","7652","1575","384","4609","1084","0","4477","1452","265","2748","12","0","3175","123","119","1861","1072","0"
"195067","Empire Beauty School-Manhattan","2013","Under 1,000","665","459","206","541","665","206","0","459","0","0","459","162","0","297","0","0","206","44","0","162","0","0"
"195128","The Sage Colleges","2013","1,000 - 4,999","2832","1852","980","2229","1699","297","210","1154","38","1133","1446","295","179","972","0","406","253","2","31","182","38","727"
"195155","St Bernard's School of Theology and Ministry","2013","Under 1,000","98","2","96","39","0","0","0","0","0","98","0","0","0","0","0","2","0","0","0","0","0","96"
"195164","St Bonaventure University","2013","1,000 - 4,999","2244","2037","207","2117","1826","438","71","1278","39","418","1780","438","70","1259","13","257","46","0","1","19","26","161"
"195173","St Francis College","2013","1,000 - 4,999","2819","2481","338","2613","2764","568","170","1987","39","55","2456","566","146","1742","2","25","308","2","24","245","37","30"
"195191","St Joseph's College of Nursing at St Joseph's Hospital Health Center","2013","Under 1,000","302","150","152","210","302","7","93","202","0","0","150","7","60","83","0","0","152","0","33","119","0","0"
"195216","St Lawrence University","2013","1,000 - 4,999","2506","2410","96","2447","2414","629","25","1737","23","92","2397","629","25","1737","6","13","17","0","0","0","17","79"
"195234","The College of Saint Rose","2013","1,000 - 4,999","4542","3303","1239","3779","2891","621","222","1949","99","1651","2664","619","210","1834","1","639","227","2","12","115","98","1012"
"195243","St Thomas Aquinas College","2013","1,000 - 4,999","1972","1307","665","1567","1801","337","93","849","522","171","1259","332","88","809","30","48","542","5","5","40","492","123"
"195289","Samaritan Hospital School of Nursing","2013","Under 1,000","163","18","145","76","163","4","60","99","0","0","18","2","6","10","0","0","145","2","54","89","0","0"
"195304","Sarah Lawrence College","2013","1,000 - 4,999","1782","1701","81","1732","1471","427","37","938","69","311","1441","427","37","927","50","260","30","0","0","11","19","51"
"195322","Schenectady County Community College","2013","5,000 - 9,999","6574","2747","3827","4032","6574","1074","398","2402","2700","0","2747","927","308","1436","76","0","3827","147","90","966","2624","0"
"195438","Sh'or Yoshuv Rabbinical College","2013","Under 1,000","248","248","0","248","190","16","11","163","0","58","190","16","11","163","0","58","0","0","0","0","0","0"
"195474","Siena College","2013","1,000 - 4,999","3207","3059","148","3117","3151","766","132","2204","49","56","3007","766","118","2121","2","52","144","0","14","83","47","4"
"195526","Skidmore College","2013","1,000 - 4,999","2702","2647","55","2668","2684","660","32","1954","38","18","2647","660","32","1941","14","0","37","0","0","13","24","18"
"195544","Saint Joseph's College-New York","2013","5,000 - 9,999","5354","3699","1655","4341","4529","547","499","3362","121","825","3591","544","398","2624","25","108","938","3","101","738","96","717"
"195580","Saint Vladimirs Orthodox Theological Seminary","2013","Under 1,000","81","68","13","73","0","0","0","0","0","81","0","0","0","0","0","68","0","0","0","0","0","13"
"195702","Saint Elizabeth Medical Center School of Radiography","2013","Under 1,000","13","13","0","13","13","0","0","13","0","0","13","0","0","13","0","0","0","0","0","0","0","0"
"195720","Saint John Fisher College","2013","1,000 - 4,999","3987","3350","637","3596","2959","521","279","2148","11","1028","2738","521","237","1979","1","612","221","0","42","169","10","416"
"195784","St Paul's School of Nursing-Staten Island","2013","Under 1,000","747","557","190","632","747","90","126","531","0","0","557","90","102","365","0","0","190","0","24","166","0","0"
"195793","St James Mercy Hospital School of Radiologic Science","2013","Under 1,000","35","35","0","35","35","1","0","34","0","0","35","1","0","34","0","0","0","0","0","0","0","0"
"195809","St John's University-New York","2013","20,000 and above","20729","13719","7010","16450","15773","2794","576","7777","4626","4956","10908","2789","559","7473","87","2811","4865","5","17","304","4539","2145"
"195845","New York Career Institute","2013","Under 1,000","614","343","271","451","614","36","80","442","56","0","343","31","53","251","8","0","271","5","27","191","48","0"
"195933","Branford Hall Career Institute-Bohemia Campus","2013","Under 1,000","795","532","263","636","795","238","0","557","0","0","532","195","0","337","0","0","263","43","0","220","0","0"
"195988","Sullivan County Community College","2013","1,000 - 4,999","1585","1019","566","1209","1585","391","125","766","303","0","1019","367","95","536","21","0","566","24","30","230","282","0"
"196006","SUNY College of Technology at Alfred","2013","1,000 - 4,999","3555","3222","333","3356","3555","1101","329","2064","61","0","3222","1094","277","1847","4","0","333","7","52","217","57","0"
"196015","SUNY College of Technology at Canton","2013","1,000 - 4,999","3512","2938","574","3170","3512","780","285","2289","158","0","2938","772","228","1938","0","0","574","8","57","351","158","0"
"196024","SUNY College of Technology at Delhi","2013","1,000 - 4,999","3308","2590","718","2880","3308","921","313","1972","102","0","2590","918","203","1469","0","0","718","3","110","503","102","0"
"196033","SUNY College of Agriculture and Technology at Cobleskill","2013","1,000 - 4,999","2453","2267","186","2342","2453","775","193","1443","42","0","2267","755","180","1329","3","0","186","20","13","114","39","0"
"196042","Farmingdale State College","2013","5,000 - 9,999","8162","6074","2088","6917","8162","1119","947","5389","707","0","6074","1106","756","4048","164","0","2088","13","191","1341","543","0"
"196051","Morrisville State College","2013","1,000 - 4,999","3028","2668","360","2813","3028","851","201","1797","179","0","2668","841","184","1642","1","0","360","10","17","155","178","0"
"196060","SUNY at Albany","2013","10,000 - 19,999","17338","14398","2940","15493","12822","2566","1387","8589","280","4516","12055","2564","1316","8088","87","2343","767","2","71","501","193","2173"
"196079","SUNY at Binghamton","2013","10,000 - 19,999","16077","14383","1694","15014","12997","2633","1185","9122","57","3080","12559","2585","1165","8798","11","1824","438","48","20","324","46","1256"
"196088","University at Buffalo","2013","20,000 and above","29850","24816","5034","26710","19831","3653","1924","13788","466","10019","18091","3636","1759","12398","298","6725","1740","17","165","1390","168","3294"
"196097","Stony Brook University","2013","20,000 and above","24143","20044","4099","21573","15992","2709","1527","11488","268","8151","14892","2708","1426","10556","202","5152","1100","1","101","932","66","2999"
"196103","SUNY College of Environmental Science and Forestry","2013","1,000 - 4,999","2229","1966","263","2063","1702","288","226","1180","8","527","1647","288","221","1135","3","319","55","0","5","45","5","208"
"196112","SUNY Institute of Technology at Utica-Rome","2013","1,000 - 4,999","2480","1620","860","1947","1804","275","355","1084","90","676","1425","275","314","828","8","195","379","0","41","256","82","481"
"196121","SUNY College at Brockport","2013","5,000 - 9,999","8128","6729","1399","7263","7090","1080","976","4984","50","1038","6411","1079","868","4463","1","318","679","1","108","521","49","720"
"196130","Buffalo State SUNY","2013","10,000 - 19,999","11091","8799","2292","9672","9355","1324","1060","6806","165","1736","8293","1320","975","5977","21","506","1062","4","85","829","144","1230"
"196149","SUNY College at Cortland","2013","5,000 - 9,999","7110","6537","573","6749","6400","1207","654","4533","6","710","6281","1207","648","4426","0","256","119","0","6","107","6","454"
"196158","SUNY at Fredonia","2013","5,000 - 9,999","5391","5149","242","5243","5092","1099","431","3519","43","299","4945","1096","426","3418","5","204","147","3","5","101","38","95"
"196167","SUNY College at Geneseo","2013","5,000 - 9,999","5644","5452","192","5526","5504","1132","325","4006","41","140","5386","1128","317","3905","36","66","118","4","8","101","5","74"
"196176","State University of New York at New Paltz","2013","5,000 - 9,999","7578","6538","1040","6936","6570","1104","655","4638","173","1008","6060","1104","615","4290","51","478","510","0","40","348","122","530"
"196185","SUNY Oneonta","2013","5,000 - 9,999","6034","5808","226","5895","5800","1119","508","4132","41","234","5675","1119","506","4037","13","133","125","0","2","95","28","101"
"196194","SUNY College at Oswego","2013","5,000 - 9,999","8117","7306","811","7615","7328","1506","795","4944","83","789","6954","1504","763","4684","3","352","374","2","32","260","80","437"
"196200","SUNY College at Potsdam","2013","1,000 - 4,999","4042","3817","225","3903","3707","821","254","2608","24","335","3596","818","247","2530","1","221","111","3","7","78","23","114"
"196219","SUNY at Purchase College","2013","1,000 - 4,999","4353","3949","404","4112","4239","775","426","2816","222","114","3847","773","406","2620","48","102","392","2","20","196","174","12"
"196228","SUNY College of Optometry","2013","Under 1,000","343","340","3","341","0","0","0","0","0","343","0","0","0","0","0","340","0","0","0","0","0","3"
"196237","SUNY College at Old Westbury","2013","1,000 - 4,999","4367","3657","710","3939","4161","415","706","2924","116","206","3558","415","626","2488","29","99","603","0","80","436","87","107"
"196246","SUNY College at Plattsburgh","2013","5,000 - 9,999","6051","5458","593","5691","5639","954","612","3928","145","412","5186","953","553","3639","41","272","453","1","59","289","104","140"
"196255","SUNY Downstate Medical Center","2013","1,000 - 4,999","1865","1367","498","1552","358","0","80","266","12","1507","235","0","42","193","0","1132","123","0","38","73","12","375"
"196264","SUNY Empire State College","2013","10,000 - 19,999","11823","4309","7514","7303","10827","373","1342","8078","1034","996","4218","188","781","3164","85","91","6609","185","561","4914","949","905"
"196291","SUNY Maritime College","2013","1,000 - 4,999","1755","1612","143","1667","1601","330","91","1144","36","154","1517","330","90","1093","4","95","84","0","1","51","32","59"
"196307","Upstate Medical University","2013","1,000 - 4,999","1617","1272","345","1400","286","0","105","179","2","1331","209","0","92","117","0","1063","77","0","13","62","2","268"
"196389","Swedish Institute a College of Health Sciences","2013","Under 1,000","848","733","115","779","848","204","13","631","0","0","733","172","13","548","0","0","115","32","0","83","0","0"
"196413","Syracuse University","2013","20,000 and above","21267","19092","2175","19930","15097","3487","422","10829","359","6170","14422","3476","381","10339","226","4670","675","11","41","490","133","1500"
"196431","Talmudical Seminary Oholei Torah","2013","Under 1,000","321","321","0","321","321","49","150","122","0","0","321","49","150","122","0","0","0","0","0","0","0","0"
"196440","Talmudical Institute of Upstate New York","2013","Under 1,000","24","23","1","23","17","7","1","9","0","7","17","7","1","9","0","6","0","0","0","0","0","1"
"196468","Teachers College at Columbia University","2013","5,000 - 9,999","5149","3169","1980","3925","0","0","0","0","0","5149","0","0","0","0","0","3169","0","0","0","0","0","1980"
"196477","Technical Career Institutes","2013","1,000 - 4,999","3020","2640","380","2791","3020","562","348","2109","1","0","2640","553","336","1751","0","0","380","9","12","358","1","0"
"196565","Tompkins Cortland Community College","2013","5,000 - 9,999","5490","2587","2903","3562","5490","886","295","1859","2450","0","2587","841","225","1402","119","0","2903","45","70","457","2331","0"
"196583","Torah Temimah Talmudical Seminary","2013","Under 1,000","180","180","0","180","180","53","11","116","0","0","180","53","11","116","0","0","0","0","0","0","0","0"
"196592","Touro College","2013","10,000 - 19,999","13868","8105","5763","10325","6827","764","725","4707","631","7041","5139","716","624","3768","31","2966","1688","48","101","939","600","4075"
"196653","Trocaire College","2013","1,000 - 4,999","1492","675","817","996","1492","149","294","941","108","0","675","122","169","384","0","0","817","27","125","557","108","0"
"196680","Excelsior College","2013","20,000 and above","39897","0","39897","15647","37440","0","2976","34464","0","2457","0","0","0","0","0","0","37440","0","2976","34464","0","2457"
"196699","Ulster County Community College","2013","1,000 - 4,999","3615","1654","1961","2312","3615","653","133","1448","1381","0","1654","583","94","901","76","0","1961","70","39","547","1305","0"
"196857","Sanford-Brown Institute-New York","2013","1,000 - 4,999","1479","1413","66","1439","1479","174","0","1305","0","0","1413","174","0","1239","0","0","66","0","0","66","0","0"
"196866","Union College","2013","1,000 - 4,999","2246","2225","21","2233","2246","559","23","1624","40","0","2225","559","23","1620","23","0","21","0","0","4","17","0"
"196884","Union Theological Seminary in the City of New York","2013","Under 1,000","253","216","37","230","0","0","0","0","0","253","0","0","0","0","0","216","0","0","0","0","0","37"
"197018","United Talmudical Seminary","2013","1,000 - 4,999","2071","2071","0","2071","1814","512","82","1220","0","257","1814","512","82","1220","0","257","0","0","0","0","0","0"
"197027","United States Merchant Marine Academy","2013","Under 1,000","985","958","27","968","958","218","19","721","0","27","958","218","19","721","0","0","0","0","0","0","0","27"
"197036","United States Military Academy","2013","1,000 - 4,999","4591","4591","0","4591","4591","1176","0","3415","0","0","4591","1176","0","3415","0","0","0","0","0","0","0","0"
"197045","Utica College","2013","1,000 - 4,999","4028","2444","1584","3056","2881","488","374","1969","50","1147","2230","486","230","1496","18","214","651","2","144","473","32","933"
"197081","Utica School of Commerce","2013","Under 1,000","324","222","102","262","324","49","42","184","49","0","222","46","38","138","0","0","102","3","4","46","49","0"
"197133","Vassar College","2013","1,000 - 4,999","2477","2437","40","2453","2477","665","9","1762","41","0","2437","662","9","1751","15","0","40","3","0","11","26","0"
"197142","Villa Maria College","2013","Under 1,000","465","356","109","399","465","124","78","254","9","0","356","120","51","185","0","0","109","4","27","69","9","0"
"197151","School of Visual Arts","2013","1,000 - 4,999","4338","3945","393","4098","3636","656","277","2536","167","702","3349","655","275","2395","24","596","287","1","2","141","143","106"
"197197","Wagner College","2013","1,000 - 4,999","2245","1985","260","2085","1842","430","102","1298","12","403","1765","430","97","1237","1","220","77","0","5","61","11","183"
"197221","Webb Institute","2013","Under 1,000","82","82","0","82","82","26","0","56","0","0","82","26","0","56","0","0","0","0","0","0","0","0"
"197230","Wells College","2013","Under 1,000","534","524","10","528","534","161","51","314","8","0","524","161","47","310","6","0","10","0","4","4","2","0"
"197285","The College of Westchester","2013","1,000 - 4,999","1197","948","249","1046","1197","239","124","720","114","0","948","232","101","615","0","0","249","7","23","105","114","0"
"197294","SUNY Westchester Community College","2013","10,000 - 19,999","13781","7640","6141","9702","13781","2512","806","8916","1547","0","7640","2070","537","4827","206","0","6141","442","269","4089","1341","0"
"197337","Westchester School of Beauty Culture","2013","Under 1,000","116","70","46","88","116","11","0","105","0","0","70","8","0","62","0","0","46","3","0","43","0","0"
"197522","Wood Tobe-Coburn School","2013","Under 1,000","476","476","0","476","476","183","87","206","0","0","476","183","87","206","0","0","0","0","0","0","0","0"
"197531","Word of Life Bible Institute","2013","Under 1,000","562","562","0","562","562","393","0","169","0","0","562","393","0","169","0","0","0","0","0","0","0","0"
"197601","Yeshiva Karlin Stolin","2013","Under 1,000","119","119","0","119","119","20","3","96","0","0","119","20","3","96","0","0","0","0","0","0","0","0"
"197610","Yeshivat Mikdash Melech","2013","Under 1,000","164","164","0","164","152","64","7","81","0","12","152","64","7","81","0","12","0","0","0","0","0","0"
"197647","Yeshiva Derech Chaim","2013","Under 1,000","153","142","11","146","104","27","7","70","0","49","104","27","7","70","0","38","0","0","0","0","0","11"
"197674","Yeshiva of Nitra Rabbinical College","2013","Under 1,000","250","250","0","250","220","69","4","147","0","30","220","69","4","147","0","30","0","0","0","0","0","0"
"197692","Yeshiva Shaar Hatorah","2013","Under 1,000","95","95","0","95","75","24","0","51","0","20","75","24","0","51","0","20","0","0","0","0","0","0"
"197708","Yeshiva University","2013","5,000 - 9,999","6747","5585","1162","6030","2887","862","28","1997","0","3860","2782","860","26","1896","0","2803","105","2","2","101","0","1057"
"197735","Yeshivath Viznitz","2013","Under 1,000","604","604","0","604","470","111","3","356","0","134","470","111","3","356","0","134","0","0","0","0","0","0"
"197744","Yeshivath Zichron Moshe","2013","Under 1,000","198","198","0","198","164","12","44","108","0","34","164","12","44","108","0","34","0","0","0","0","0","0"
"197814","College of the Albemarle","2013","1,000 - 4,999","2607","1170","1437","1652","2607","568","454","1125","460","0","1170","391","192","514","73","0","1437","177","262","611","387","0"
"197832","The Art Institute of Charlotte","2013","1,000 - 4,999","1427","817","610","1057","1427","423","199","805","0","0","817","280","111","426","0","0","610","143","88","379","0","0"
"197850","South Piedmont Community College","2013","1,000 - 4,999","2776","762","2014","1438","2776","475","199","1247","855","0","762","190","73","388","111","0","2014","285","126","859","744","0"
"197869","Appalachian State University","2013","10,000 - 19,999","17838","16021","1817","16716","16025","2883","1329","11628","185","1813","15115","2883","1167","10973","92","906","910","0","162","655","93","907"
"197887","Asheville-Buncombe Technical Community College","2013","5,000 - 9,999","8092","2638","5454","4469","8092","1098","1259","3970","1765","0","2638","543","496","1469","130","0","5454","555","763","2501","1635","0"
"197911","Barton College","2013","1,000 - 4,999","1065","906","159","968","1057","217","93","733","14","8","900","215","73","611","1","6","157","2","20","122","13","2"
"197966","Beaufort County Community College","2013","1,000 - 4,999","2019","866","1153","1253","2019","288","334","965","432","0","866","175","148","496","47","0","1153","113","186","469","385","0"
"197984","Belmont Abbey College","2013","1,000 - 4,999","1647","1549","98","1587","1647","286","176","1172","13","0","1549","285","165","1092","7","0","98","1","11","80","6","0"
"197993","Bennett College","2013","Under 1,000","680","609","71","637","680","194","15","403","68","0","609","194","14","401","0","0","71","0","1","2","68","0"
"198011","Bladen Community College","2013","1,000 - 4,999","1199","539","660","761","1199","220","322","474","183","0","539","139","133","258","9","0","660","81","189","216","174","0"
"198039","Blue Ridge Community College","2013","1,000 - 4,999","2324","717","1607","1257","2324","367","172","1385","400","0","717","171","53","444","49","0","1607","196","119","941","351","0"
"198066","Brevard College","2013","Under 1,000","701","690","11","694","701","242","60","398","1","0","690","242","60","387","1","0","11","0","0","11","0","0"
"198075","Brookstone College-Charlotte","2013","Under 1,000","128","128","0","128","128","29","0","99","0","0","128","29","0","99","0","0","0","0","0","0","0","0"
"198084","Brunswick Community College","2013","1,000 - 4,999","1809","932","877","1226","1809","250","310","846","403","0","932","186","146","496","104","0","877","64","164","350","299","0"
"198109","Cabarrus College of Health Sciences","2013","Under 1,000","451","169","282","280","451","29","110","301","11","0","169","25","59","85","0","0","282","4","51","216","11","0"
"198118","Caldwell Community College and Technical Institute","2013","1,000 - 4,999","3933","1584","2349","2373","3933","496","875","1679","883","0","1584","272","383","782","147","0","2349","224","492","897","736","0"
"198136","Campbell University","2013","5,000 - 9,999","6122","4981","1141","5427","4465","794","989","2680","2","1657","3537","779","548","2210","0","1444","928","15","441","470","2","213"
"198154","Cape Fear Community College","2013","5,000 - 9,999","9246","4507","4739","6098","9246","1589","843","6366","448","0","4507","1089","519","2800","99","0","4739","500","324","3566","349","0"
"198190","Carolina School of Broadcasting","2013","Under 1,000","57","40","17","47","57","18","0","39","0","0","40","12","0","28","0","0","17","6","0","11","0","0"
"198206","Carteret Community College","2013","1,000 - 4,999","1524","642","882","938","1524","222","444","743","115","0","642","119","180","339","4","0","882","103","264","404","111","0"
"198215","Catawba College","2013","1,000 - 4,999","1310","1211","99","1250","1298","335","130","808","25","12","1210","335","111","763","1","1","88","0","19","45","24","11"
"198233","Catawba Valley Community College","2013","1,000 - 4,999","4561","1779","2782","2713","4561","928","1040","1813","780","0","1779","486","368","814","111","0","2782","442","672","999","669","0"
"198242","South College-Asheville","2013","Under 1,000","256","228","28","239","256","11","36","209","0","0","228","10","29","189","0","0","28","1","7","20","0","0"
"198251","Central Carolina Community College","2013","1,000 - 4,999","4728","2210","2518","3055","4728","736","873","2376","743","0","2210","491","394","1218","107","0","2518","245","479","1158","636","0"
"198260","Central Piedmont Community College","2013","20,000 and above","20198","7140","13058","11524","20198","3759","739","14276","1424","0","7140","1710","259","4935","236","0","13058","2049","480","9341","1188","0"
"198303","Chowan University","2013","1,000 - 4,999","1367","1285","82","1317","1361","474","83","804","0","6","1285","474","73","738","0","0","76","0","10","66","0","6"
"198321","Cleveland Community College","2013","1,000 - 4,999","3371","1175","2196","1912","3371","833","449","1841","248","0","1175","259","125","767","24","0","2196","574","324","1074","224","0"
"198330","Coastal Carolina Community College","2013","1,000 - 4,999","4433","2232","2201","2971","4433","878","610","2697","248","0","2232","551","322","1351","8","0","2201","327","288","1346","240","0"
"198367","Craven Community College","2013","1,000 - 4,999","3376","1412","1964","2071","3376","681","220","2304","171","0","1412","279","90","1019","24","0","1964","402","130","1285","147","0"
"198376","Davidson County Community College","2013","1,000 - 4,999","4073","1980","2093","2683","4073","884","341","2345","503","0","1980","587","172","1090","131","0","2093","297","169","1255","372","0"
"198385","Davidson College","2013","1,000 - 4,999","1788","1788","0","1788","1788","483","15","1284","6","0","1788","483","15","1284","6","0","0","0","0","0","0","0"
"198419","Duke University","2013","10,000 - 19,999","15467","14894","573","15113","6646","1730","22","4749","145","8821","6629","1730","22","4743","134","8265","17","0","0","6","11","556"
"198455","Durham Technical Community College","2013","5,000 - 9,999","5605","1620","3985","2958","5605","804","752","3560","489","0","1620","261","249","1066","44","0","3985","543","503","2494","445","0"
"198464","East Carolina University","2013","20,000 and above","26887","20971","5916","23237","21508","4495","1328","14802","883","5379","18500","4463","978","12928","131","2471","3008","32","350","1874","752","2908"
"198491","Edgecombe Community College","2013","1,000 - 4,999","2808","1404","1404","1875","2808","484","714","1326","284","0","1404","328","337","719","20","0","1404","156","377","607","264","0"
"198507","Elizabeth City State University","2013","1,000 - 4,999","2421","2155","266","2259","2336","323","152","1801","60","85","2146","322","142","1663","19","9","190","1","10","138","41","76"
"198516","Elon University","2013","5,000 - 9,999","6305","6052","253","6150","5599","1475","102","4022","0","706","5464","1475","101","3888","0","588","135","0","1","134","0","118"
"198525","Fayetteville Beauty College","2013","Under 1,000","47","46","1","46","47","31","0","16","0","0","46","30","0","16","0","0","1","1","0","0","0","0"
"198534","Fayetteville Technical Community College","2013","10,000 - 19,999","12398","5119","7279","7563","12398","1961","2661","6059","1717","0","5119","1068","1160","2835","56","0","7279","893","1501","3224","1661","0"
"198543","Fayetteville State University","2013","5,000 - 9,999","6179","4325","1854","5056","5410","707","880","3490","333","769","3971","689","594","2618","70","354","1439","18","286","872","263","415"
"198552","Forsyth Technical Community College","2013","5,000 - 9,999","9528","4412","5116","6130","9528","1266","876","6500","886","0","4412","819","470","2982","141","0","5116","447","406","3518","745","0"
"198561","Gardner-Webb University","2013","1,000 - 4,999","4656","2784","1872","3505","2587","434","378","1747","28","2069","2089","434","269","1386","0","695","498","0","109","361","28","1374"
"198570","Gaston College","2013","5,000 - 9,999","5977","2096","3881","3399","5977","1008","798","3937","234","0","2096","401","242","1440","13","0","3881","607","556","2497","221","0"
"198598","Greensboro College","2013","1,000 - 4,999","1012","781","231","871","974","201","81","520","172","38","771","201","71","491","8","10","203","0","10","29","164","28"
"198613","Guilford College","2013","1,000 - 4,999","2302","1928","374","2075","2302","406","196","1569","131","0","1928","392","125","1306","105","0","374","14","71","263","26","0"
"198622","Guilford Technical Community College","2013","10,000 - 19,999","13656","6825","6831","9118","13656","2507","1198","9714","237","0","6825","1457","697","4637","34","0","6831","1050","501","5077","203","0"
"198640","Halifax Community College","2013","1,000 - 4,999","1353","688","665","911","1353","299","247","651","156","0","688","204","116","334","34","0","665","95","131","317","122","0"
"198668","Haywood Community College","2013","1,000 - 4,999","2290","997","1293","1431","2290","416","524","987","363","0","997","133","214","502","148","0","1293","283","310","485","215","0"
"198677","Heritage Bible College","2013","Under 1,000","67","50","17","57","67","10","5","52","0","0","50","9","4","37","0","0","17","1","1","15","0","0"
"198695","High Point University","2013","1,000 - 4,999","4199","4017","182","4087","3999","1162","84","2750","3","200","3953","1162","82","2706","3","64","46","0","2","44","0","136"
"198710","Isothermal Community College","2013","1,000 - 4,999","2390","1064","1326","1509","2390","264","185","1167","774","0","1064","198","78","687","101","0","1326","66","107","480","673","0"
"198729","James Sprunt Community College","2013","1,000 - 4,999","1291","697","594","896","1291","182","248","592","269","0","697","135","141","382","39","0","594","47","107","210","230","0"
"198747","Laurel University","2013","Under 1,000","610","152","458","330","386","9","22","355","0","224","104","7","13","84","0","48","282","2","9","271","0","176"
"198756","Johnson C Smith University","2013","1,000 - 4,999","1387","1323","64","1348","1387","232","84","1066","5","0","1323","232","80","1007","4","0","64","0","4","59","1","0"
"198774","Johnston Community College","2013","1,000 - 4,999","4235","2187","2048","2875","4235","738","808","2173","516","0","2187","490","405","1241","51","0","2048","248","403","932","465","0"
"198808","Lees-McRae College","2013","Under 1,000","890","883","7","886","890","226","167","495","2","0","883","226","167","488","2","0","7","0","0","7","0","0"
"198817","Lenoir Community College","2013","1,000 - 4,999","2813","1343","1470","1837","2813","540","561","955","757","0","1343","411","277","594","61","0","1470","129","284","361","696","0"
"198835","Lenoir-Rhyne University","2013","1,000 - 4,999","1898","1519","379","1666","1491","311","108","990","82","407","1306","311","74","911","10","213","185","0","34","79","72","194"
"198844","Leons Beauty School Inc","2013","Under 1,000","143","87","56","109","143","41","0","102","0","0","87","23","0","64","0","0","56","18","0","38","0","0"
"198862","Livingstone College","2013","1,000 - 4,999","1175","1164","11","1168","1175","395","62","715","3","0","1164","395","62","707","0","0","11","0","0","8","3","0"
"198871","Louisburg College","2013","Under 1,000","678","674","4","676","678","345","60","271","2","0","674","345","60","269","0","0","4","0","0","2","2","0"
"198899","Mars Hill University","2013","1,000 - 4,999","1440","1333","107","1375","1426","419","114","860","33","14","1319","417","102","792","8","14","107","2","12","68","25","0"
"198905","Martin Community College","2013","Under 1,000","799","382","417","522","799","95","181","296","227","0","382","64","118","187","13","0","417","31","63","109","214","0"
"198914","Mayland Community College","2013","1,000 - 4,999","1254","390","864","680","1254","146","29","576","503","0","390","80","8","273","29","0","864","66","21","303","474","0"
"198923","McDowell Technical Community College","2013","1,000 - 4,999","1152","440","712","679","1152","142","165","501","344","0","440","97","63","242","38","0","712","45","102","259","306","0"
"198941","Mercy School of Nursing","2013","Under 1,000","137","11","126","53","137","0","0","137","0","0","11","0","0","11","0","0","126","0","0","126","0","0"
"198950","Meredith College","2013","1,000 - 4,999","1872","1602","270","1706","1571","415","73","1055","28","301","1490","415","69","1003","3","112","81","0","4","52","25","189"
"198969","Methodist University","2013","1,000 - 4,999","2463","2100","363","2242","2243","558","263","1351","71","220","1962","548","205","1191","18","138","281","10","58","160","53","82"
"198978","Miller-Motte College-Wilmington","2013","1,000 - 4,999","2856","1562","1294","2070","2856","466","523","1867","0","0","1562","275","272","1015","0","0","1294","191","251","852","0","0"
"198987","Mitchell Community College","2013","1,000 - 4,999","3514","1532","1982","2197","3514","582","118","1972","842","0","1532","382","67","968","115","0","1982","200","51","1004","727","0"
"199005","Mitchells Hairstyling Academy-Wilson","2013","Under 1,000","39","39","0","39","39","22","0","17","0","0","39","22","0","17","0","0","0","0","0","0","0","0"
"199014","Regina's College of Beauty-Monroe","2013","Under 1,000","43","28","15","34","43","30","0","13","0","0","28","20","0","8","0","0","15","10","0","5","0","0"
"199023","Montgomery Community College","2013","Under 1,000","884","304","580","499","884","120","244","436","84","0","304","83","108","111","2","0","580","37","136","325","82","0"
"199032","Montreat College","2013","Under 1,000","926","635","291","749","743","108","81","472","82","183","462","103","60","296","3","173","281","5","21","176","79","10"
"199069","Mount Olive College","2013","1,000 - 4,999","3414","1386","2028","2183","3414","236","656","2444","78","0","1386","200","180","1004","2","0","2028","36","476","1440","76","0"
"199078","College of Wilmington","2013","Under 1,000","182","182","0","182","182","66","0","116","0","0","182","66","0","116","0","0","0","0","0","0","0","0"
"199087","Nash Community College","2013","1,000 - 4,999","3279","1536","1743","2121","3279","517","515","1609","638","0","1536","378","252","836","70","0","1743","139","263","773","568","0"
"199102","North Carolina A & T State University","2013","10,000 - 19,999","10561","9086","1475","9652","8872","1777","430","6370","295","1689","8098","1768","383","5864","83","988","774","9","47","506","212","701"
"199111","University of North Carolina at Asheville","2013","1,000 - 4,999","3784","3129","655","3391","3736","596","378","2349","413","48","3129","594","345","2075","115","0","607","2","33","274","298","48"
"199120","University of North Carolina at Chapel Hill","2013","20,000 and above","29127","24390","4737","26137","18370","3946","876","13060","488","10757","17570","3943","867","12709","51","6820","800","3","9","351","437","3937"
"199139","University of North Carolina at Charlotte","2013","20,000 and above","26571","20436","6135","22789","21503","3087","2646","15667","103","5068","18309","3057","2138","13108","6","2127","3194","30","508","2559","97","2941"
"199148","University of North Carolina at Greensboro","2013","10,000 - 19,999","18074","13858","4216","15479","14753","2482","1523","10133","615","3321","12469","2467","1200","8683","119","1389","2284","15","323","1450","496","1932"
"199157","North Carolina Central University","2013","5,000 - 9,999","8093","6550","1543","7147","6220","933","495","4448","344","1873","5297","922","392","3886","97","1253","923","11","103","562","247","620"
"199184","University of North Carolina School of the Arts","2013","Under 1,000","912","895","17","902","797","212","49","531","5","115","781","210","49","522","0","114","16","2","0","9","5","1"
"199193","North Carolina State University at Raleigh","2013","20,000 and above","34009","26770","7239","29517","24536","4307","1215","17455","1559","9473","21469","4298","1102","15930","139","5301","3067","9","113","1525","1420","4172"
"199209","North Carolina Wesleyan College","2013","1,000 - 4,999","1602","1232","370","1377","1602","231","39","1332","0","0","1232","228","30","974","0","0","370","3","9","358","0","0"
"199218","University of North Carolina Wilmington","2013","10,000 - 19,999","13937","12001","1936","12745","12447","1939","1687","8552","269","1490","11408","1935","1503","7895","75","593","1039","4","184","657","194","897"
"199263","Pamlico Community College","2013","Under 1,000","597","201","396","334","597","101","100","154","242","0","201","55","41","75","30","0","396","46","59","79","212","0"
"199272","William Peace University","2013","1,000 - 4,999","1007","875","132","927","1007","317","188","494","8","0","875","311","133","423","8","0","132","6","55","71","0","0"
"199281","University of North Carolina at Pembroke","2013","5,000 - 9,999","6222","4485","1737","5163","5429","1050","496","3638","245","793","4230","1033","379","2792","26","255","1199","17","117","846","219","538"
"199306","Pfeiffer University","2013","1,000 - 4,999","1860","1041","819","1355","951","234","99","614","4","909","856","231","78","547","0","185","95","3","21","67","4","724"
"199315","Piedmont International University","2013","Under 1,000","384","177","207","257","197","33","26","138","0","187","149","31","19","99","0","28","48","2","7","39","0","159"
"199324","Piedmont Community College","2013","1,000 - 4,999","1591","699","892","998","1591","214","170","954","253","0","699","144","55","495","5","0","892","70","115","459","248","0"
"199333","Pitt Community College","2013","5,000 - 9,999","8902","4670","4232","6091","8902","1481","2291","4283","847","0","4670","1038","1173","2431","28","0","4232","443","1118","1852","819","0"
"199412","Queens University of Charlotte","2013","1,000 - 4,999","2285","1579","706","1852","1734","316","163","1224","31","551","1410","315","107","983","5","169","324","1","56","241","26","382"
"199421","Randolph Community College","2013","1,000 - 4,999","3024","1155","1869","1782","3024","647","114","2022","241","0","1155","291","44","816","4","0","1869","356","70","1206","237","0"
"199449","Richmond Community College","2013","1,000 - 4,999","2664","1112","1552","1633","2664","474","143","1431","616","0","1112","224","76","753","59","0","1552","250","67","678","557","0"
"199458","Mid-Atlantic Christian University","2013","Under 1,000","162","129","33","142","162","40","25","96","1","0","129","38","18","73","0","0","33","2","7","23","1","0"
"199467","Roanoke-Chowan Community College","2013","Under 1,000","933","422","511","594","933","145","135","601","52","0","422","76","87","238","21","0","511","69","48","363","31","0"
"199476","Robeson Community College","2013","1,000 - 4,999","2260","876","1384","1341","2260","418","419","1225","198","0","876","193","181","469","33","0","1384","225","238","756","165","0"
"199485","Rockingham Community College","2013","1,000 - 4,999","1854","857","997","1192","1854","443","117","1250","44","0","857","258","60","538","1","0","997","185","57","712","43","0"
"199494","Rowan-Cabarrus Community College","2013","5,000 - 9,999","6731","2610","4121","3994","6731","3520","1026","1296","889","0","2610","1633","337","430","210","0","4121","1887","689","866","679","0"
"199582","Saint Augustine's University","2013","1,000 - 4,999","1299","1265","34","1278","1299","327","48","924","0","0","1265","323","46","896","0","0","34","4","2","28","0","0"
"199607","Salem College","2013","1,000 - 4,999","1187","845","342","977","979","181","81","688","29","208","827","180","46","598","3","18","152","1","35","90","26","190"
"199625","Sampson Community College","2013","1,000 - 4,999","1538","723","815","997","1538","229","144","969","196","0","723","165","57","412","89","0","815","64","87","557","107","0"
"199634","Sandhills Community College","2013","1,000 - 4,999","4158","1973","2185","2707","4158","677","1172","1529","780","0","1973","478","578","826","91","0","2185","199","594","703","689","0"
"199643","Shaw University","2013","1,000 - 4,999","2062","1875","187","1948","1923","537","95","1291","0","139","1784","534","87","1163","0","91","139","3","8","128","0","48"
"199670","Sherrill's University of Barber & Cosmetology","2013",,,,,,,,,,,,,,,,,,,,,,,
"199689","Paul Mitchell the School-Fayetteville","2013","Under 1,000","189","140","49","159","189","28","0","161","0","0","140","26","0","114","0","0","49","2","0","47","0","0"
"199698","St Andrews University","2013","Under 1,000","635","592","43","609","595","178","92","303","22","40","558","178","84","284","12","34","37","0","8","19","10","6"
"199713","Empire Beauty School-Matthews","2013","Under 1,000","97","96","1","96","97","25","0","72","0","0","96","25","0","71","0","0","1","0","0","1","0","0"
"199722","Southeastern Community College","2013","1,000 - 4,999","1402","766","636","980","1402","248","40","858","256","0","766","174","28","507","57","0","636","74","12","351","199","0"
"199731","Southwestern Community College","2013","1,000 - 4,999","2242","937","1305","1375","2242","239","479","879","645","0","937","143","220","442","132","0","1305","96","259","437","513","0"
"199740","Stanly Community College","2013","1,000 - 4,999","2885","1072","1813","1681","2885","399","652","1333","501","0","1072","258","242","540","32","0","1813","141","410","793","469","0"
"199759","Southeastern Baptist Theological Seminary","2013","1,000 - 4,999","2604","1454","1150","1897","574","78","49","416","31","2030","238","54","37","146","1","1216","336","24","12","270","30","814"
"199768","Surry Community College","2013","1,000 - 4,999","3454","1640","1814","2249","3454","500","257","1735","962","0","1640","366","105","1023","146","0","1814","134","152","712","816","0"
"199786","Alamance Community College","2013","1,000 - 4,999","4161","1877","2284","2644","4161","587","742","2631","201","0","1877","392","260","1204","21","0","2284","195","482","1427","180","0"
"199795","Tri-County Community College","2013","1,000 - 4,999","1412","654","758","908","1412","147","169","633","463","0","654","118","94","391","51","0","758","29","75","242","412","0"
"199838","Vance-Granville Community College","2013","1,000 - 4,999","4008","1087","2921","2068","4008","757","157","2949","145","0","1087","190","43","848","6","0","2921","567","114","2101","139","0"
"199847","Wake Forest University","2013","5,000 - 9,999","7602","7375","227","7462","4823","1230","35","3547","11","2779","4756","1230","35","3487","4","2619","67","0","0","60","7","160"
"199856","Wake Technical Community College","2013","10,000 - 19,999","19160","5986","13174","10409","19160","3723","5389","8908","1140","0","5986","1629","1491","2773","93","0","13174","2094","3898","6135","1047","0"
"199865","Warren Wilson College","2013","Under 1,000","893","887","6","889","830","220","71","530","9","63","824","220","71","527","6","63","6","0","0","3","3","0"
"199883","Watts School of Nursing","2013","Under 1,000","138","138","0","138","138","0","0","138","0","0","138","0","0","138","0","0","0","0","0","0","0","0"
"199892","Wayne Community College","2013","1,000 - 4,999","3837","1813","2024","2493","3837","655","1002","1578","602","0","1813","440","503","799","71","0","2024","215","499","779","531","0"
"199908","Western Piedmont Community College","2013","1,000 - 4,999","2352","1242","1110","1615","2352","460","421","1166","305","0","1242","319","231","626","66","0","1110","141","190","540","239","0"
"199926","Wilkes Community College","2013","1,000 - 4,999","2753","1500","1253","1921","2753","433","258","1411","651","0","1500","354","124","960","62","0","1253","79","134","451","589","0"
"199953","Wilson Community College","2013","1,000 - 4,999","2117","1072","1045","1423","2117","257","432","1005","423","0","1072","201","223","633","15","0","1045","56","209","372","408","0"
"199962","Wingate University","2013","1,000 - 4,999","3002","2457","545","2666","2009","642","109","1251","7","993","1953","642","98","1212","1","504","56","0","11","39","6","489"
"199971","Carolina Christian College","2013","Under 1,000","53","53","0","53","36","2","2","32","0","17","36","2","2","32","0","17","0","0","0","0","0","0"
"199980","Winston Salem Barber School","2013","Under 1,000","60","60","0","60","60","17","0","43","0","0","60","17","0","43","0","0","0","0","0","0","0","0"
"199999","Winston-Salem State University","2013","5,000 - 9,999","5399","4614","785","4924","4938","728","620","3529","61","461","4317","724","478","3114","1","297","621","4","142","415","60","164"
"200004","Western Carolina University","2013","10,000 - 19,999","10107","7750","2357","8660","8448","1621","851","5766","210","1659","7081","1614","540","4891","36","669","1367","7","311","875","174","990"
"200013","Rasmussen College-North Dakota","2013","Under 1,000","964","526","438","698","964","60","162","701","41","0","526","46","119","361","0","0","438","14","43","340","41","0"
"200022","Bismarck State College","2013","1,000 - 4,999","4062","2365","1697","3050","4062","907","281","2045","829","0","2365","847","208","1284","26","0","1697","60","73","761","803","0"
"200059","Dickinson State University","2013","1,000 - 4,999","1449","1018","431","1192","1449","165","127","965","192","0","1018","163","89","749","17","0","431","2","38","216","175","0"
"200086","Fort Berthold Community College","2013","Under 1,000","203","128","75","158","203","41","23","117","22","0","128","31","12","79","6","0","75","10","11","38","16","0"
"200110","Josef's School of Hair Design Inc-Grand Forks","2013","Under 1,000","69","69","0","69","69","39","0","30","0","0","69","39","0","30","0","0","0","0","0","0","0","0"
"200129","Headquarters Academy of Hair Design Inc","2013","Under 1,000","53","53","0","53","53","31","0","22","0","0","53","31","0","22","0","0","0","0","0","0","0","0"
"200156","University of Jamestown","2013","Under 1,000","997","923","74","952","955","262","64","597","32","42","882","257","60","561","4","41","73","5","4","36","28","1"
"200165","Josef's School of Hair Design Inc-Fargo Downtown","2013","Under 1,000","63","63","0","63","63","13","0","50","0","0","63","13","0","50","0","0","0","0","0","0","0","0"
"200192","Lake Region State College","2013","1,000 - 4,999","1898","486","1412","960","1898","206","96","359","1237","0","486","190","52","223","21","0","1412","16","44","136","1216","0"
"200208","Cankdeska Cikana Community College","2013","Under 1,000","254","159","95","191","254","41","2","186","25","0","159","34","2","123","0","0","95","7","0","63","25","0"
"200217","University of Mary","2013","1,000 - 4,999","2910","1744","1166","2194","2044","423","182","1260","179","866","1637","423","162","1039","13","107","407","0","20","221","166","759"
"200226","Mayville State University","2013","1,000 - 4,999","1065","587","478","779","1036","134","98","531","273","29","587","132","60","394","1","0","449","2","38","137","272","29"
"200253","Minot State University","2013","1,000 - 4,999","3533","2273","1260","2775","3254","397","320","1976","561","279","2151","349","243","1548","11","122","1103","48","77","428","550","157"
"200262","Moler Barber College","2013","Under 1,000","7","7","0","7","7","2","0","5","0","0","7","2","0","5","0","0","0","0","0","0","0","0"
"200280","University of North Dakota","2013","10,000 - 19,999","15143","11160","3983","12699","11724","1908","824","8450","542","3419","9385","1888","540","6884","73","1775","2339","20","284","1566","469","1644"
"200305","North Dakota State College of Science","2013","1,000 - 4,999","3168","1712","1456","2201","3168","796","139","1184","1049","0","1712","740","110","854","8","0","1456","56","29","330","1041","0"
"200314","Dakota College at Bottineau","2013","Under 1,000","793","367","426","510","793","231","66","173","323","0","367","195","50","122","0","0","426","36","16","51","323","0"
"200332","North Dakota State University-Main Campus","2013","10,000 - 19,999","14629","11798","2831","12874","11948","2553","644","8432","319","2681","10707","2524","577","7561","45","1091","1241","29","67","871","274","1590"
"200341","Williston State College","2013","Under 1,000","909","430","479","591","909","156","90","312","351","0","430","138","56","211","25","0","479","18","34","101","326","0"
"200387","JZ Trend Academy Paul Mitchell Partner School","2013","Under 1,000","56","56","0","56","56","7","0","49","0","0","56","7","0","49","0","0","0","0","0","0","0","0"
"200466","Sitting Bull College","2013","Under 1,000","279","194","85","228","279","81","16","167","15","0","194","45","15","134","0","0","85","36","1","33","15","0"
"200484","Trinity Bible College","2013","Under 1,000","198","160","38","175","198","53","9","133","3","0","160","43","8","109","0","0","38","10","1","24","3","0"
"200527","Turtle Mountain Community College","2013","Under 1,000","602","483","119","530","602","120","9","408","65","0","483","109","9","364","1","0","119","11","0","44","64","0"
"200554","United Tribes Technical College","2013","Under 1,000","505","441","64","466","505","114","70","302","19","0","441","112","67","262","0","0","64","2","3","40","19","0"
"200572","Valley City State University","2013","1,000 - 4,999","1366","761","605","999","1211","185","111","628","287","155","759","159","71","471","58","2","452","26","40","157","229","153"
"200590","ETI Technical College","2013","Under 1,000","161","105","56","127","161","25","16","120","0","0","105","6","7","92","0","0","56","19","9","28","0","0"
"200624","The Art Institute of Cincinnati","2013","Under 1,000","38","33","5","35","38","9","2","27","0","0","33","9","2","22","0","0","5","0","0","5","0","0"
"200633","Miami-Jacobs Career College-Independence","2013","Under 1,000","243","144","99","183","243","80","6","157","0","0","144","53","3","88","0","0","99","27","3","69","0","0"
"200697","Air Force Institute of Technology-Graduate School of Engineering & Management","2013","Under 1,000","853","638","215","716","0","0","0","0","0","853","0","0","0","0","0","638","0","0","0","0","0","215"
"200785","Akron Institute of Herzing University","2013","Under 1,000","302","191","111","235","302","35","20","243","4","0","191","31","18","142","0","0","111","4","2","101","4","0"
"200800","University of Akron Main Campus","2013","20,000 and above","24932","18340","6592","20917","20477","3802","849","14371","1455","4455","15870","3589","665","11202","414","2470","4607","213","184","3169","1041","1985"
"200828","Akron School of Practical Nursing","2013","Under 1,000","34","34","0","34","34","30","0","4","0","0","34","30","0","4","0","0","0","0","0","0","0","0"
"200846","University of Akron Wayne College","2013","1,000 - 4,999","2020","885","1135","1266","2020","375","87","947","611","0","885","283","45","447","110","0","1135","92","42","500","501","0"
"200873","Allegheny Wesleyan College","2013","Under 1,000","43","31","12","36","43","15","2","20","6","0","31","15","2","14","0","0","12","0","0","6","6","0"
"201016","Antonelli College-Cincinnati","2013","Under 1,000","180","162","18","169","180","16","0","164","0","0","162","16","0","146","0","0","18","0","0","18","0","0"
"201034","Apollo Career Center","2013","Under 1,000","654","229","425","372","654","438","0","68","148","0","229","161","0","68","0","0","425","277","0","0","148","0"
"201061","Art Academy of Cincinnati","2013","Under 1,000","215","201","14","206","207","55","10","141","1","8","193","54","7","132","0","8","14","1","3","9","1","0"
"201098","Ashland County-West Holmes Career Center","2013","Under 1,000","74","58","16","63","74","70","0","4","0","0","58","56","0","2","0","0","16","14","0","2","0","0"
"201104","Ashland University","2013","5,000 - 9,999","5979","3444","2535","4421","3198","623","153","2342","80","2781","2389","621","118","1632","18","1055","809","2","35","710","62","1726"
"201131","Ashtabula County Technical and Career Campus","2013","Under 1,000","159","68","91","99","159","137","0","22","0","0","68","57","0","11","0","0","91","80","0","11","0","0"
"201140","Athenaeum of Ohio","2013","Under 1,000","208","63","145","119","96","27","0","37","32","112","0","0","0","0","0","63","96","27","0","37","32","49"
"201159","Auburn Career Center","2013","Under 1,000","203","139","64","160","203","161","0","42","0","0","139","111","0","28","0","0","64","50","0","14","0","0"
"201177","Aultman College of Nursing and Health Sciences","2013","Under 1,000","306","52","254","152","306","5","81","214","6","0","52","2","28","22","0","0","254","3","53","192","6","0"
"201195","Baldwin Wallace University","2013","1,000 - 4,999","4053","3363","690","3631","3425","765","201","2365","94","628","3003","762","151","2059","31","360","422","3","50","306","63","268"
"201283","Belmont College","2013","1,000 - 4,999","1259","708","551","893","1259","226","83","870","80","0","708","175","44","481","8","0","551","51","39","389","72","0"
"201371","Bluffton University","2013","1,000 - 4,999","1146","920","226","1009","1053","250","44","647","112","93","838","250","44","543","1","82","215","0","0","104","111","11"
"201399","Fortis College-Ravenna","2013","Under 1,000","356","267","89","302","356","98","8","250","0","0","267","78","7","182","0","0","89","20","1","68","0","0"
"201432","Bowling Green State University-Firelands","2013","1,000 - 4,999","2441","1236","1205","1641","2441","408","133","1180","720","0","1236","330","75","707","124","0","1205","78","58","473","596","0"
"201441","Bowling Green State University-Main Campus","2013","10,000 - 19,999","16958","14764","2194","15603","14477","3348","674","10139","316","2481","13387","3330","571","9428","58","1377","1090","18","103","711","258","1104"
"201469","Bryant & Stratton College-Parma","2013","Under 1,000","662","324","338","457","662","42","147","473","0","0","324","33","95","196","0","0","338","9","52","277","0","0"
"201478","Buckeye Hills Career Center","2013","Under 1,000","108","100","8","103","108","108","0","0","0","0","100","100","0","0","0","0","8","8","0","0","0","0"
"201496","Butler Tech-D Russel Lee Career Center","2013","Under 1,000","303","303","0","303","303","207","0","96","0","0","303","207","0","96","0","0","0","0","0","0","0","0"
"201539","Canton City Schools Adult Career and Technical Education","2013","Under 1,000","91","70","21","77","91","45","0","46","0","0","70","38","0","32","0","0","21","7","0","14","0","0"
"201548","Capital University","2013","1,000 - 4,999","3628","2980","648","3231","2788","691","160","1796","141","840","2481","691","116","1610","64","499","307","0","44","186","77","341"
"201584","Valley Beauty School","2013","Under 1,000","19","19","0","19","19","4","0","15","0","0","19","4","0","15","0","0","0","0","0","0","0","0"
"201609","Carousel Beauty College-Middletown","2013","Under 1,000","25","18","7","21","25","18","0","7","0","0","18","13","0","5","0","0","7","5","0","2","0","0"
"201618","Carousel Beauty College-Dayton","2013","Under 1,000","31","31","0","31","31","11","0","20","0","0","31","11","0","20","0","0","0","0","0","0","0","0"
"201627","Carousel of Miami Valley Beauty College","2013","Under 1,000","34","20","14","26","34","9","0","25","0","0","20","5","0","15","0","0","14","4","0","10","0","0"
"201645","Case Western Reserve University","2013","10,000 - 19,999","10325","9270","1055","9675","4661","1252","60","3239","110","5664","4528","1252","57","3192","27","4742","133","0","3","47","83","922"
"201654","Cedarville University","2013","1,000 - 4,999","3462","3163","299","3279","3238","781","66","2261","130","224","3044","779","63","2201","1","119","194","2","3","60","129","105"
"201672","Central Ohio Technical College","2013","1,000 - 4,999","3648","995","2653","1886","3648","602","418","2350","278","0","995","250","143","584","18","0","2653","352","275","1766","260","0"
"201681","Central School of Practical Nursing","2013","Under 1,000","123","123","0","123","123","119","0","4","0","0","123","119","0","4","0","0","0","0","0","0","0","0"
"201690","Central State University","2013","1,000 - 4,999","2068","1840","228","1931","2036","417","161","1450","8","32","1840","411","155","1273","1","0","196","6","6","177","7","32"
"201751","Chatfield College","2013","Under 1,000","427","213","214","298","427","71","0","254","102","0","213","46","0","132","35","0","214","25","0","122","67","0"
"201803","Choffin Career  and Technical Center","2013","Under 1,000","154","105","49","121","154","143","0","11","0","0","105","100","0","5","0","0","49","43","0","6","0","0"
"201821","The Christ College of Nursing and Health Sciences","2013","Under 1,000","535","269","266","373","535","30","184","321","0","0","269","28","95","146","0","0","266","2","89","175","0","0"
"201858","Cincinnati Christian University","2013","Under 1,000","918","716","202","794","676","111","69","489","7","242","569","109","58","400","2","147","107","2","11","89","5","95"
"201867","Cincinnati College of Mortuary Science","2013","Under 1,000","81","81","0","81","81","0","46","35","0","0","81","0","46","35","0","0","0","0","0","0","0","0"
"201885","University of Cincinnati-Main Campus","2013","20,000 and above","34379","25873","8506","29091","23706","4486","1168","17706","346","10673","20332","4431","807","15040","54","5541","3374","55","361","2666","292","5132"
"201928","Cincinnati State Technical and Community College","2013","10,000 - 19,999","11167","4157","7010","6511","11167","1825","784","7178","1380","0","4157","1143","397","2545","72","0","7010","682","387","4633","1308","0"
"201946","University of Cincinnati-Clermont College","2013","1,000 - 4,999","3461","2091","1370","2644","3446","782","237","1996","431","15","2083","668","167","1107","141","8","1363","114","70","889","290","7"
"201955","University of Cincinnati-Blue Ash College","2013","1,000 - 4,999","4816","2967","1849","3712","4796","1085","362","3103","246","20","2966","921","246","1736","63","1","1830","164","116","1367","183","19"
"201964","Ohio Christian University","2013","1,000 - 4,999","3711","1859","1852","2586","3528","719","309","2127","373","183","1748","362","153","1212","21","111","1780","357","156","915","352","72"
"201973","Clark State Community College","2013","5,000 - 9,999","5653","1693","3960","3023","5653","783","828","3213","829","0","1693","289","279","1041","84","0","3960","494","549","2172","745","0"
"201982","Scott College of Cosmetology","2013","Under 1,000","99","99","0","99","99","47","0","52","0","0","99","47","0","52","0","0","0","0","0","0","0","0"
"202046","Cleveland Institute of Art","2013","Under 1,000","568","558","10","562","568","155","29","372","12","0","558","155","29","367","7","0","10","0","0","5","5","0"
"202055","Cleveland Institute of Dental-Medical Assistants-Cleveland","2013","Under 1,000","113","113","0","113","113","56","0","57","0","0","113","56","0","57","0","0","0","0","0","0","0","0"
"202073","Cleveland Institute of Music","2013","Under 1,000","451","445","6","447","237","64","5","168","0","214","236","64","5","167","0","209","1","0","0","1","0","5"
"202134","Cleveland State University","2013","10,000 - 19,999","17497","10825","6672","13369","12133","1773","1658","8053","649","5364","8998","1729","1233","5926","110","1827","3135","44","425","2127","539","3537"
"202152","Columbiana County Career and Technical Center","2013","Under 1,000","190","154","36","166","190","114","0","76","0","0","154","91","0","63","0","0","36","23","0","13","0","0"
"202161","Bradford School","2013","Under 1,000","449","449","0","449","449","85","98","266","0","0","449","85","98","266","0","0","0","0","0","0","0","0"
"202170","Columbus College of Art and Design","2013","1,000 - 4,999","1379","1258","121","1306","1348","235","87","955","71","31","1227","234","87","906","0","31","121","1","0","49","71","0"
"202222","Columbus State Community College","2013","20,000 and above","25249","8817","16432","14334","25249","2796","1079","9385","11989","0","8817","1515","491","2903","3908","0","16432","1281","588","6482","8081","0"
"202356","Cuyahoga Community College District","2013","20,000 and above","27910","9526","18384","15698","27910","2519","1149","10689","13553","0","9526","1493","554","3517","3962","0","18384","1026","595","7172","9591","0"
"202435","Davis College","2013","Under 1,000","218","53","165","119","218","25","64","128","1","0","53","7","20","26","0","0","165","18","44","102","1","0"
"202453","Dayton Barber College","2013","Under 1,000","57","47","10","51","57","19","0","38","0","0","47","14","0","33","0","0","10","5","0","5","0","0"
"202480","University of Dayton","2013","10,000 - 19,999","10835","9390","1445","9948","7975","1769","133","5910","163","2860","7455","1765","122","5554","14","1935","520","4","11","356","149","925"
"202514","Defiance College","2013","Under 1,000","989","766","223","853","892","241","57","573","21","97","732","240","34","458","0","34","160","1","23","115","21","63"
"202523","Denison University","2013","1,000 - 4,999","2274","2253","21","2261","2274","582","17","1656","19","0","2253","582","17","1654","0","0","21","0","0","2","19","0"
"202639","Eastern Hills Academy of Hair Design","2013","Under 1,000","71","37","34","50","71","19","0","52","0","0","37","12","0","25","0","0","34","7","0","27","0","0"
"202648","Edison State Community College","2013","1,000 - 4,999","2993","877","2116","1587","2993","439","159","1569","826","0","877","208","42","426","201","0","2116","231","117","1143","625","0"
"202657","EHOVE Career Center","2013","Under 1,000","302","242","60","262","302","150","0","152","0","0","242","112","0","130","0","0","60","38","0","22","0","0"
"202684","Bryant & Stratton College-Cleveland","2013","Under 1,000","538","218","320","344","538","31","80","427","0","0","218","18","60","140","0","0","320","13","20","287","0","0"
"202736","Regency Beauty Institute-Cleveland","2013","Under 1,000","86","86","0","86","86","33","0","53","0","0","86","33","0","53","0","0","0","0","0","0","0","0"
"202763","The University of Findlay","2013","1,000 - 4,999","4880","3041","1839","3759","3872","581","128","1954","1209","1008","2490","581","119","1773","17","551","1382","0","9","181","1192","457"
"202806","Franklin University","2013","5,000 - 9,999","6274","2570","3704","4022","5185","86","937","4106","56","1089","1789","9","258","1513","9","781","3396","77","679","2593","47","308"
"202888","Gerbers Akron Beauty School","2013","Under 1,000","67","34","33","47","67","28","0","39","0","0","34","14","0","20","0","0","33","14","0","19","0","0"
"202903","Gods Bible School and College","2013","Under 1,000","305","204","101","244","305","67","14","178","46","0","204","59","8","137","0","0","101","8","6","41","46","0"
"202912","Good Samaritan College of Nursing and Health Science","2013","Under 1,000","355","148","207","229","355","16","74","265","0","0","148","16","38","94","0","0","207","0","36","171","0","0"
"202949","Great Oaks Institute of Technology and Career Development","2013","Under 1,000","289","289","0","289","289","111","0","178","0","0","289","111","0","178","0","0","0","0","0","0","0","0"
"202985","Hannah E Mullins School of Practical Nursing","2013","Under 1,000","77","77","0","77","77","20","0","57","0","0","77","20","0","57","0","0","0","0","0","0","0","0"
"203030","Adult and Community Education-Hudson","2013","Under 1,000","140","126","14","131","140","64","0","76","0","0","126","60","0","66","0","0","14","4","0","10","0","0"
"203067","Hebrew Union College-Jewish Institute of Religion","2013","Under 1,000","359","256","103","295","0","0","0","0","0","359","0","0","0","0","0","256","0","0","0","0","0","103"
"203085","Heidelberg University","2013","1,000 - 4,999","1241","1094","147","1151","1107","351","32","716","8","134","1055","351","30","669","5","39","52","0","2","47","3","95"
"203128","Hiram College","2013","1,000 - 4,999","1311","1117","194","1193","1283","290","81","889","23","28","1117","287","64","765","1","0","166","3","17","124","22","28"
"203146","Hobart Institute of Welding Technology","2013","Under 1,000","285","285","0","285","285","124","0","161","0","0","285","124","0","161","0","0","0","0","0","0","0","0"
"203155","Hocking College","2013","1,000 - 4,999","4094","3012","1082","3375","4094","924","303","2627","240","0","3012","874","265","1855","18","0","1082","50","38","772","222","0"
"203225","American School of Technology","2013","Under 1,000","250","250","0","250","250","73","0","177","0","0","250","73","0","177","0","0","0","0","0","0","0","0"
"203234","Ross Medical Education Center-Cincinnati","2013","Under 1,000","126","126","0","126","126","42","0","84","0","0","126","42","0","84","0","0","0","0","0","0","0","0"
"203289","International College of Broadcasting","2013","Under 1,000","74","74","0","74","74","12","12","50","0","0","74","12","12","50","0","0","0","0","0","0","0","0"
"203313","ITT Technical Institute-Dayton","2013","Under 1,000","304","225","79","256","304","53","8","243","0","0","225","46","5","174","0","0","79","7","3","69","0","0"
"203331","Eastern Gateway Community College","2013","1,000 - 4,999","2929","1414","1515","1923","2929","629","210","1526","564","0","1414","458","131","797","28","0","1515","171","79","729","536","0"
"203368","John Carroll University","2013","1,000 - 4,999","3711","3213","498","3404","3040","793","92","2124","31","671","2950","792","85","2073","0","263","90","1","7","51","31","408"
"203386","Hondros College","2013","1,000 - 4,999","1656","1278","378","1426","1656","58","482","1116","0","0","1278","58","343","877","0","0","378","0","139","239","0","0"
"203438","Casal Aveda Institute","2013","Under 1,000","156","97","59","120","156","23","0","133","0","0","97","17","0","80","0","0","59","6","0","53","0","0"
"203447","Kent State University at Ashtabula","2013","1,000 - 4,999","2341","670","1671","1344","2339","224","147","1850","118","2","670","151","68","437","14","0","1669","73","79","1413","104","2"
"203456","Kent State University at East Liverpool","2013","1,000 - 4,999","1672","232","1440","813","1671","122","74","1333","142","1","232","101","23","108","0","0","1439","21","51","1225","142","1"
"203465","Kent State University at Stark","2013","1,000 - 4,999","4886","2215","2671","3291","4836","729","457","3494","156","50","2214","604","218","1388","4","1","2622","125","239","2106","152","49"
"203474","Kent State University at Trumbull","2013","1,000 - 4,999","3087","926","2161","1797","3061","371","198","2375","117","26","926","279","104","533","10","0","2135","92","94","1842","107","26"
"203483","Kent State University at Tuscarawas","2013","1,000 - 4,999","2408","875","1533","1492","2375","329","94","1607","345","33","875","258","40","520","57","0","1500","71","54","1087","288","33"
"203492","Kent State University at Salem","2013","1,000 - 4,999","1846","703","1143","1164","1844","205","116","1392","131","2","703","174","61","433","35","0","1141","31","55","959","96","2"
"203517","Kent State University at Kent","2013","20,000 and above","28998","21737","7261","24549","22968","4350","1204","16517","897","6030","18533","4293","987","12878","375","3204","4435","57","217","3639","522","2826"
"203526","Kent State University at Geauga","2013","1,000 - 4,999","2653","589","2064","1422","2646","344","192","1871","239","7","589","274","65","232","18","0","2057","70","127","1639","221","7"
"203535","Kenyon College","2013","1,000 - 4,999","1705","1695","10","1699","1705","480","13","1201","11","0","1695","480","13","1201","1","0","10","0","0","0","10","0"
"203544","Kettering College","2013","Under 1,000","880","497","383","647","800","67","109","607","17","80","419","58","58","300","3","78","381","9","51","307","14","2"
"203580","Lake Erie College","2013","1,000 - 4,999","1086","875","211","956","922","206","45","588","83","164","852","206","45","567","34","23","70","0","0","21","49","141"
"203599","Lakeland Community College","2013","5,000 - 9,999","8839","3171","5668","5074","8839","1232","491","4832","2284","0","3171","720","212","1436","803","0","5668","512","279","3396","1481","0"
"203614","O C Collins Career Center","2013","Under 1,000","407","374","33","385","407","207","0","200","0","0","374","185","0","189","0","0","33","22","0","11","0","0"
"203678","James A Rhodes State College","2013","1,000 - 4,999","3599","1409","2190","2144","3599","549","183","2022","845","0","1409","427","110","832","40","0","2190","122","73","1190","805","0"
"203720","Ohio Business College-Sheffield","2013","Under 1,000","415","320","95","358","415","53","129","233","0","0","320","48","109","163","0","0","95","5","20","70","0","0"
"203739","Ohio Business College-Sandusky","2013","Under 1,000","387","200","187","274","387","27","79","281","0","0","200","22","39","139","0","0","187","5","40","142","0","0"
"203748","Lorain County Community College","2013","10,000 - 19,999","12274","3391","8883","6373","12274","1928","699","7955","1692","0","3391","997","211","1972","211","0","8883","931","488","5983","1481","0"
"203757","Lourdes University","2013","1,000 - 4,999","2187","1452","735","1740","1806","223","153","1371","59","381","1137","209","101","822","5","315","669","14","52","549","54","66"
"203775","Malone University","2013","1,000 - 4,999","2074","1525","549","1737","1656","316","126","1129","85","418","1453","314","112","1010","17","72","203","2","14","119","68","346"
"203845","Marietta College","2013","1,000 - 4,999","1542","1429","113","1473","1416","385","38","967","26","126","1352","385","38","929","0","77","64","0","0","38","26","49"
"203881","Marion Technical College","2013","1,000 - 4,999","2698","902","1796","1505","2698","362","252","1433","651","0","902","190","111","579","22","0","1796","172","141","854","629","0"
"203942","Medina County Career Center","2013","Under 1,000","105","62","43","76","105","76","0","29","0","0","62","41","0","21","0","0","43","35","0","8","0","0"
"203960","Mercy College of Ohio","2013","1,000 - 4,999","1195","501","694","774","1195","34","356","802","3","0","501","31","131","339","0","0","694","3","225","463","3","0"
"203997","Methodist Theological School in Ohio","2013","Under 1,000","193","133","60","156","0","0","0","0","0","193","0","0","0","0","0","133","0","0","0","0","0","60"
"204006","Miami University-Hamilton","2013","1,000 - 4,999","3621","2521","1100","2965","3621","783","220","2418","200","0","2521","645","152","1692","32","0","1100","138","68","726","168","0"
"204015","Miami University-Middletown","2013","1,000 - 4,999","2221","1330","891","1690","2221","421","138","1206","456","0","1330","359","94","854","23","0","891","62","44","352","433","0"
"204024","Miami University-Oxford","2013","10,000 - 19,999","17901","16038","1863","16731","15462","3644","254","11480","84","2439","15001","3637","252","11063","49","1037","461","7","2","417","35","1402"
"204060","Miami-Jacobs Career College-Dayton","2013","Under 1,000","258","161","97","200","258","56","23","179","0","0","161","43","13","105","0","0","97","13","10","74","0","0"
"204121","Moler Hollywood Beauty Academy","2013","Under 1,000","80","41","39","56","80","42","0","38","0","0","41","23","0","18","0","0","39","19","0","20","0","0"
"204158","Miami Valley Career Technology Center","2013","Under 1,000","407","407","0","407","407","172","0","235","0","0","407","172","0","235","0","0","0","0","0","0","0","0"
"204176","Mount Carmel College of Nursing","2013","1,000 - 4,999","1121","752","369","896","947","96","146","705","0","174","655","86","76","493","0","97","292","10","70","212","0","77"
"204185","University of Mount Union","2013","1,000 - 4,999","2187","2118","69","2145","2096","552","90","1414","40","91","2056","552","90","1403","11","62","40","0","0","11","29","29"
"204194","Mount Vernon Nazarene University","2013","1,000 - 4,999","2229","1667","562","1886","1829","302","56","1416","55","400","1450","301","55","1081","13","217","379","1","1","335","42","183"
"204200","College of Mount St Joseph","2013","1,000 - 4,999","2326","1432","894","1780","1795","324","165","1166","140","531","1223","312","70","840","1","209","572","12","95","326","139","322"
"204255","Zane State College","2013","1,000 - 4,999","3652","1320","2332","2103","3652","888","387","1076","1301","0","1320","358","327","475","160","0","2332","530","60","601","1141","0"
"204264","Muskingum University","2013","1,000 - 4,999","2154","1501","653","1754","1728","404","70","1167","87","426","1438","403","51","966","18","63","290","1","19","201","69","363"
"204307","Fortis College-Cuyahoga Falls","2013","Under 1,000","471","394","77","425","471","23","97","351","0","0","394","22","83","289","0","0","77","1","14","62","0","0"
"204316","Brown Mackie College-North Canton","2013","Under 1,000","563","563","0","563","563","148","10","405","0","0","563","148","10","405","0","0","0","0","0","0","0","0"
"204334","National Beauty College","2013","Under 1,000","78","78","0","78","78","28","0","50","0","0","78","28","0","50","0","0","0","0","0","0","0","0"
"204422","North Central State College","2013","1,000 - 4,999","2958","846","2112","1555","2958","491","250","1738","479","0","846","218","97","444","87","0","2112","273","153","1294","392","0"
"204431","Northern Institute of Cosmetology","2013","Under 1,000","33","33","0","33","33","13","0","20","0","0","33","13","0","20","0","0","0","0","0","0","0","0"
"204440","Northwest State Community College","2013","1,000 - 4,999","4603","798","3805","2075","4603","312","53","1665","2573","0","798","160","18","446","174","0","3805","152","35","1219","2399","0"
"204459","Toledo Public Schools Adult and Continuing Education","2013","Under 1,000","145","145","0","145","145","24","0","121","0","0","145","24","0","121","0","0","0","0","0","0","0","0"
"204468","Notre Dame College","2013","1,000 - 4,999","2269","1405","864","1741","1989","334","146","1312","197","280","1405","330","69","975","31","0","584","4","77","337","166","280"
"204477","Northeast Ohio Medical University","2013","Under 1,000","832","824","8","827","0","0","0","0","0","832","0","0","0","0","0","824","0","0","0","0","0","8"
"204486","University of Northwestern Ohio","2013","1,000 - 4,999","4167","3669","498","3864","4117","1362","201","2541","13","50","3633","1298","162","2172","1","36","484","64","39","369","12","14"
"204501","Oberlin College","2013","1,000 - 4,999","2911","2872","39","2887","2894","780","24","2090","0","17","2855","780","24","2051","0","17","39","0","0","39","0","0"
"204592","Ohio College of Massotherapy Inc","2013","Under 1,000","103","73","30","85","103","48","10","45","0","0","73","26","6","41","0","0","30","22","4","4","0","0"
"204608","Ohio Technical College","2013","1,000 - 4,999","1119","1119","0","1119","1119","306","0","813","0","0","1119","306","0","813","0","0","0","0","0","0","0","0"
"204617","Ohio Dominican University","2013","1,000 - 4,999","2573","1845","728","2130","2005","239","114","1130","522","568","1391","237","75","1036","43","454","614","2","39","94","479","114"
"204626","Kaplan College-Dayton","2013","Under 1,000","404","404","0","404","404","47","61","296","0","0","404","47","61","296","0","0","0","0","0","0","0","0"
"204635","Ohio Northern University","2013","1,000 - 4,999","3619","3098","521","3303","2702","613","73","1519","497","917","2194","613","58","1477","46","904","508","0","15","42","451","13"
"204662","Ohio State University Agricultural Technical Institute","2013","Under 1,000","643","554","89","584","643","285","13","330","15","0","554","280","11","263","0","0","89","5","2","67","15","0"
"204671","Ohio State University-Lima Campus","2013","1,000 - 4,999","1077","880","197","959","1059","394","65","549","51","18","872","381","51","433","7","8","187","13","14","116","44","10"
"204680","Ohio State University-Mansfield Campus","2013","1,000 - 4,999","1204","985","219","1072","1155","503","51","567","34","49","967","486","41","438","2","18","188","17","10","129","32","31"
"204699","Ohio State University-Marion Campus","2013","1,000 - 4,999","1259","973","286","1088","1230","447","69","676","38","29","955","406","52","489","8","18","275","41","17","187","30","11"
"204705","Ohio State University-Newark Campus","2013","1,000 - 4,999","2315","1893","422","2062","2263","1092","131","982","58","52","1883","1056","105","720","2","10","380","36","26","262","56","42"
"204714","Ohio State Beauty Academy","2013","Under 1,000","171","171","0","171","171","53","0","118","0","0","171","53","0","118","0","0","0","0","0","0","0","0"
"204723","Ohio State College of Barber Styling","2013","Under 1,000","142","142","0","142","142","32","0","110","0","0","142","32","0","110","0","0","0","0","0","0","0","0"
"204769","The Spa School","2013","Under 1,000","61","61","0","61","61","49","0","12","0","0","61","49","0","12","0","0","0","0","0","0","0","0"
"204778","Ohio State School of Cosmetology-Canal Winchester","2013","Under 1,000","89","89","0","89","89","54","0","35","0","0","89","54","0","35","0","0","0","0","0","0","0","0"
"204796","Ohio State University-Main Campus","2013","20,000 and above","57466","50012","7454","52883","44201","7130","2513","33496","1062","13265","40020","7121","2316","30440","143","9992","4181","9","197","3056","919","3273"
"204802","Ohio University-Eastern Campus","2013","1,000 - 4,999","1091","451","640","709","1091","121","77","812","81","0","451","119","39","251","42","0","640","2","38","561","39","0"
"204820","Ohio University-Chillicothe Campus","2013","1,000 - 4,999","2330","1135","1195","1617","2330","383","143","1693","111","0","1135","341","71","686","37","0","1195","42","72","1007","74","0"
"204839","Ohio University-Southern Campus","2013","1,000 - 4,999","2012","1066","946","1448","2012","275","131","1435","171","0","1066","254","54","699","59","0","946","21","77","736","112","0"
"204848","Ohio University-Lancaster Campus","2013","1,000 - 4,999","2596","1222","1374","1776","2596","465","107","1768","256","0","1222","410","50","676","86","0","1374","55","57","1092","170","0"
"204857","Ohio University-Main Campus","2013","20,000 and above","28786","19449","9337","23109","23504","4243","1519","17569","173","5282","16756","4233","642","11857","24","2693","6748","10","877","5712","149","2589"
"204866","Ohio University-Zanesville Campus","2013","1,000 - 4,999","2042","885","1157","1352","2042","301","131","1467","143","0","885","288","46","511","40","0","1157","13","85","956","103","0"
"204884","Ohio Valley College of Technology","2013","Under 1,000","183","153","30","165","183","35","56","92","0","0","153","35","45","73","0","0","30","0","11","19","0","0"
"204893","Trinity Health System School of Nursing","2013","Under 1,000","87","87","0","87","87","4","0","83","0","0","87","4","0","83","0","0","0","0","0","0","0","0"
"204909","Ohio Wesleyan University","2013","1,000 - 4,999","1830","1809","21","1817","1830","537","31","1249","13","0","1809","536","30","1242","1","0","21","1","1","7","12","0"
"204936","Otterbein University","2013","1,000 - 4,999","2919","2411","508","2608","2479","575","103","1758","43","440","2206","568","88","1547","3","205","273","7","15","211","40","235"
"204945","Owens Community College","2013","10,000 - 19,999","14691","5072","9619","8301","14691","2252","945","10054","1440","0","5072","1414","494","3140","24","0","9619","838","451","6914","1416","0"
"204963","Paramount Beauty Academy","2013","Under 1,000","101","52","49","71","101","91","0","10","0","0","52","48","0","4","0","0","49","43","0","6","0","0"
"204981","Cuyahoga Valley Career Center","2013","Under 1,000","106","42","64","63","106","19","0","87","0","0","42","11","0","31","0","0","64","8","0","56","0","0"
"204990","Payne Theological Seminary","2013","Under 1,000","135","75","60","98","0","0","0","0","0","135","0","0","0","0","0","75","0","0","0","0","0","60"
"205027","Pontifical College Josephinum","2013","Under 1,000","213","211","2","212","135","14","40","81","0","78","135","14","40","81","0","76","0","0","0","0","0","2"
"205054","Professional Skills Institute","2013","Under 1,000","311","311","0","311","311","21","109","181","0","0","311","21","109","181","0","0","0","0","0","0","0","0"
"205090","Firelands Regional Medical Center School of Nursing","2013","Under 1,000","99","67","32","80","99","0","0","99","0","0","67","0","0","67","0","0","32","0","0","32","0","0"
"205124","Rabbinical College Telshe","2013","Under 1,000","96","96","0","96","56","13","2","41","0","40","56","13","2","41","0","40","0","0","0","0","0","0"
"205142","Raphael's School of Beauty Culture Inc-Niles","2013","Under 1,000","145","88","57","111","145","14","0","131","0","0","88","7","0","81","0","0","57","7","0","50","0","0"
"205179","Fortis College-Centerville","2013","1,000 - 4,999","2802","2802","0","2802","2802","777","9","2016","0","0","2802","777","9","2016","0","0","0","0","0","0","0","0"
"205203","University of Rio Grande","2013","1,000 - 4,999","2314","1808","506","2006","2206","425","80","914","787","108","1801","386","54","715","646","7","405","39","26","199","141","101"
"205391","Advertising Art Educational Services DBA School of Advertising Art","2013","Under 1,000","140","138","2","139","140","74","8","58","0","0","138","74","8","56","0","0","2","0","0","2","0","0"
"205443","Shawnee State University","2013","1,000 - 4,999","4341","3710","631","3964","4255","1104","229","2777","145","86","3635","1065","189","2328","53","75","620","39","40","449","92","11"
"205470","Sinclair Community College","2013","10,000 - 19,999","19176","6774","12402","10938","19176","3243","1590","11721","2622","0","6774","1639","763","3905","467","0","12402","1604","827","7816","2155","0"
"205513","Gallipolis Career College","2013","Under 1,000","105","58","47","77","105","20","0","85","0","0","58","19","0","39","0","0","47","1","0","46","0","0"
"205522","Daymar College-New Boston","2013","Under 1,000","87","71","16","77","87","9","7","71","0","0","71","9","6","56","0","0","16","0","1","15","0","0"
"205531","Daymar College-Jackson","2013","Under 1,000","77","59","18","66","77","6","10","61","0","0","59","6","10","43","0","0","18","0","0","18","0","0"
"205559","Daymar College-Lancaster","2013","Under 1,000","69","63","6","65","69","11","6","52","0","0","63","10","6","47","0","0","6","1","0","5","0","0"
"205568","Daymar College-Chillicothe","2013","Under 1,000","76","63","13","68","76","5","13","58","0","0","63","5","11","47","0","0","13","0","2","11","0","0"
"205610","Brown Mackie College-Cincinnati","2013","1,000 - 4,999","1045","1045","0","1045","1045","172","141","732","0","0","1045","172","141","732","0","0","0","0","0","0","0","0"
"205647","Brown Mackie College-Akron","2013","Under 1,000","694","694","0","694","694","87","81","526","0","0","694","87","81","526","0","0","0","0","0","0","0","0"
"205841","Stark State College","2013","10,000 - 19,999","15450","4469","10981","8156","15450","2839","1048","9108","2455","0","4469","1398","477","2440","154","0","10981","1441","571","6668","2301","0"
"205887","Stautzenberger College-Maumee","2013","Under 1,000","790","383","407","545","790","32","173","585","0","0","383","19","110","254","0","0","407","13","63","331","0","0"
"205957","Franciscan University of Steubenville","2013","1,000 - 4,999","2733","2148","585","2373","2112","460","147","1448","57","621","1989","458","142","1388","1","159","123","2","5","60","56","462"
"205966","Southern State Community College","2013","1,000 - 4,999","2431","1175","1256","1597","2431","405","67","1547","412","0","1175","289","45","705","136","0","1256","116","22","842","276","0"
"206002","Ohio Mid-Western College","2013","Under 1,000","140","135","5","137","140","70","0","69","1","0","135","67","0","68","0","0","5","3","0","1","1","0"
"206011","Terra State Community College","2013","1,000 - 4,999","2923","1092","1831","1707","2923","357","259","1723","584","0","1092","212","128","692","60","0","1831","145","131","1031","524","0"
"206039","Tiffin Academy of Hair Design","2013","Under 1,000","42","42","0","42","42","17","0","25","0","0","42","17","0","25","0","0","0","0","0","0","0","0"
"206048","Tiffin University","2013","1,000 - 4,999","4954","2323","2631","3346","3764","487","318","2504","455","1190","2145","464","208","1470","3","178","1619","23","110","1034","452","1012"
"206084","University of Toledo","2013","20,000 and above","20743","16179","4564","17960","16153","3362","994","11084","713","4590","13040","3277","773","8897","93","3139","3113","85","221","2187","620","1451"
"206093","Kaplan Career Institute-Cleveland","2013","Under 1,000","302","302","0","302","302","63","13","205","21","0","302","63","13","205","21","0","0","0","0","0","0","0"
"206154","Tri-State Bible College","2013","Under 1,000","59","23","36","37","59","4","7","48","0","0","23","2","4","17","0","0","36","2","3","31","0","0"
"206172","Tri-County Adult Career Center","2013","Under 1,000","129","129","0","129","129","57","0","72","0","0","129","57","0","72","0","0","0","0","0","0","0","0"
"206181","Tri-Rivers Career Center","2013","Under 1,000","158","124","34","135","158","10","0","148","0","0","124","10","0","114","0","0","34","0","0","34","0","0"
"206215","Trinity Lutheran Seminary","2013","Under 1,000","116","63","53","83","0","0","0","0","0","116","0","0","0","0","0","63","0","0","0","0","0","53"
"206224","Trumbull Business College","2013","Under 1,000","240","166","74","195","240","33","38","165","4","0","166","29","32","103","2","0","74","4","6","62","2","0"
"206279","Union Institute & University","2013","1,000 - 4,999","1660","1041","619","1283","1241","18","399","800","24","419","775","12","273","486","4","266","466","6","126","314","20","153"
"206288","United Theological Seminary","2013","Under 1,000","640","519","121","565","0","0","0","0","0","640","0","0","0","0","0","519","0","0","0","0","0","121"
"206321","Upper Valley Career Center","2013","Under 1,000","405","38","367","161","405","44","0","29","332","0","38","16","0","22","0","0","367","28","0","7","332","0"
"206330","Urbana University","2013","1,000 - 4,999","1748","786","962","1162","1584","288","247","473","576","164","755","251","147","341","16","31","829","37","100","132","560","133"
"206349","Ursuline College","2013","1,000 - 4,999","1357","626","731","908","805","103","104","591","7","552","547","102","48","397","0","79","258","1","56","194","7","473"
"206358","Valley Beauty School","2013","Under 1,000","29","29","0","29","29","8","0","21","0","0","29","8","0","21","0","0","0","0","0","0","0","0"
"206394","Virginia Marti College of Art and Design","2013","Under 1,000","173","94","79","125","173","15","28","125","5","0","94","10","17","67","0","0","79","5","11","58","5","0"
"206437","Walsh University","2013","1,000 - 4,999","2963","2118","845","2446","2385","493","146","1641","105","578","1916","492","86","1335","3","202","469","1","60","306","102","376"
"206446","Washington State Community College","2013","1,000 - 4,999","1759","721","1038","1069","1759","188","113","856","602","0","721","129","58","435","99","0","1038","59","55","421","503","0"
"206482","Western Hills School of Beauty and Hair Design","2013","Under 1,000","259","152","107","194","259","62","0","197","0","0","152","39","0","113","0","0","107","23","0","84","0","0"
"206491","Wilberforce University","2013","Under 1,000","479","466","13","471","463","70","16","377","0","16","451","70","16","365","0","15","12","0","0","12","0","1"
"206507","Wilmington College","2013","1,000 - 4,999","1173","1031","142","1087","1169","272","48","843","6","4","1030","256","48","726","0","1","139","16","0","117","6","3"
"206516","Winebrenner Theological Seminary","2013","Under 1,000","60","25","35","38","0","0","0","0","0","60","0","0","0","0","0","25","0","0","0","0","0","35"
"206525","Wittenberg University","2013","1,000 - 4,999","1979","1853","126","1902","1959","549","32","1310","68","20","1853","549","32","1264","8","0","106","0","0","46","60","20"
"206589","The College of Wooster","2013","1,000 - 4,999","2116","2077","39","2092","2116","560","0","1510","46","0","2077","560","0","1500","17","0","39","0","0","10","29","0"
"206604","Wright State University-Main Campus","2013","10,000 - 19,999","16656","12900","3756","14376","12796","2184","1147","8830","635","3860","9987","2141","828","6971","47","2913","2809","43","319","1859","588","947"
"206613","Wright State University-Lake Campus","2013","1,000 - 4,999","1133","763","370","912","1096","220","70","636","170","37","729","205","47","476","1","34","367","15","23","160","169","3"
"206622","Xavier University","2013","5,000 - 9,999","6633","4811","1822","5512","4620","1289","120","3043","168","2013","4150","1284","80","2783","3","661","470","5","40","260","165","1352"
"206631","ITT Technical Institute-Youngstown","2013","Under 1,000","472","372","100","411","472","66","15","391","0","0","372","59","15","298","0","0","100","7","0","93","0","0"
"206695","Youngstown State University","2013","10,000 - 19,999","13352","10038","3314","11350","12138","2090","574","8949","525","1214","9437","1985","419","6957","76","601","2701","105","155","1992","449","613"
"206783","American Broadcasting School-Oklahoma City","2013","Under 1,000","24","24","0","24","24","4","0","20","0","0","24","4","0","20","0","0","0","0","0","0","0","0"
"206817","Bacone College","2013","Under 1,000","965","851","114","896","965","243","111","537","74","0","851","237","92","460","62","0","114","6","19","77","12","0"
"206835","Oklahoma Wesleyan University","2013","1,000 - 4,999","1355","578","777","882","1214","189","182","739","104","141","571","177","43","351","0","7","643","12","139","388","104","134"
"206862","Southern Nazarene University","2013","1,000 - 4,999","2249","2136","113","2180","1743","283","89","1322","49","506","1634","283","84","1264","3","502","109","0","5","58","46","4"
"206880","Broken Arrow Beauty College-Broken Arrow","2013","Under 1,000","90","89","1","89","90","44","0","46","0","0","89","44","0","45","0","0","1","0","0","1","0","0"
"206905","Pontotoc Technology Center","2013","Under 1,000","117","96","21","103","117","38","0","79","0","0","96","28","0","68","0","0","21","10","0","11","0","0"
"206914","Cameron University","2013","5,000 - 9,999","5898","3772","2126","4615","5358","946","441","3656","315","540","3590","829","285","2469","7","182","1768","117","156","1187","308","358"
"206923","Carl Albert State College","2013","1,000 - 4,999","2458","1609","849","1894","2458","740","96","1389","233","0","1609","607","69","925","8","0","849","133","27","464","225","0"
"206932","Central State Beauty Academy","2013","Under 1,000","104","67","37","82","104","23","0","81","0","0","67","11","0","56","0","0","37","12","0","25","0","0"
"206941","University of Central Oklahoma","2013","10,000 - 19,999","17220","11644","5576","13839","15218","2223","1677","11219","99","2002","10962","2082","1171","7611","98","682","4256","141","506","3608","1","1320"
"206969","Claremore Beauty College","2013","Under 1,000","17","17","0","17","17","6","0","11","0","0","17","6","0","11","0","0","0","0","0","0","0","0"
"206996","Connors State College","2013","1,000 - 4,999","2397","1474","923","1784","2397","603","116","1161","517","0","1474","501","64","753","156","0","923","102","52","408","361","0"
"207041","East Central University","2013","1,000 - 4,999","4587","3327","1260","3812","3757","612","392","2753","0","830","3061","596","308","2157","0","266","696","16","84","596","0","564"
"207050","Eastern Oklahoma State College","2013","1,000 - 4,999","1832","995","837","1276","1832","347","134","996","355","0","995","280","81","625","9","0","837","67","53","371","346","0"
"207069","Redlands Community College","2013","1,000 - 4,999","2971","780","2191","1516","2971","414","527","580","1450","0","780","297","185","288","10","0","2191","117","342","292","1440","0"
"207087","Enid Beauty College","2013","Under 1,000","43","43","0","43","43","15","0","28","0","0","43","15","0","28","0","0","0","0","0","0","0","0"
"207102","Eves College of Hairstyling","2013","Under 1,000","86","86","0","86","86","51","0","35","0","0","86","51","0","35","0","0","0","0","0","0","0","0"
"207157","Hillsdale Free Will Baptist College","2013","Under 1,000","202","169","33","182","197","41","0","154","2","5","168","40","0","128","0","1","29","1","0","26","2","4"
"207166","Hollywood Cosmetology Center","2013","Under 1,000","17","17","0","17","17","11","0","6","0","0","17","11","0","6","0","0","0","0","0","0","0","0"
"207209","Langston University","2013","1,000 - 4,999","2533","2025","508","2219","2075","598","610","854","13","458","1841","597","464","780","0","184","234","1","146","74","13","274"
"207236","Murray State College","2013","1,000 - 4,999","2343","1070","1273","1497","2343","608","239","955","541","0","1070","441","95","480","54","0","1273","167","144","475","487","0"
"207254","Spartan College of Aeronautics and Technology","2013","Under 1,000","817","817","0","817","817","303","0","514","0","0","817","303","0","514","0","0","0","0","0","0","0","0"
"207263","Northeastern State University","2013","5,000 - 9,999","8548","5695","2853","6816","7418","872","1296","5047","203","1130","5283","852","774","3657","0","412","2135","20","522","1390","203","718"
"207272","Beauty Technical College Inc","2013","Under 1,000","24","24","0","24","24","16","0","8","0","0","24","16","0","8","0","0","0","0","0","0","0","0"
"207281","Northern Oklahoma College","2013","1,000 - 4,999","4909","2348","2561","3208","4909","1004","886","2315","704","0","2348","815","230","1271","32","0","2561","189","656","1044","672","0"
"207290","Northeastern Oklahoma A&M College","2013","1,000 - 4,999","2347","1744","603","1946","2347","788","201","1148","210","0","1744","728","139","856","21","0","603","60","62","292","189","0"
"207306","Northwestern Oklahoma State University","2013","1,000 - 4,999","2307","1605","702","1882","2077","431","227","1347","72","230","1516","386","129","1001","0","89","561","45","98","346","72","141"
"207315","Oklahoma State University Center for Health Sciences","2013","Under 1,000","475","434","41","449","0","0","0","0","0","475","0","0","0","0","0","434","0","0","0","0","0","41"
"207324","Oklahoma Christian University","2013","1,000 - 4,999","2421","2116","305","2233","1962","530","138","1281","13","459","1874","526","128","1211","9","242","88","4","10","70","4","217"
"207342","University of Oklahoma-Health Sciences Center","2013","1,000 - 4,999","3515","2963","552","3164","820","0","443","375","2","2695","782","0","429","353","0","2181","38","0","14","22","2","514"
"207351","Oklahoma Panhandle State University","2013","1,000 - 4,999","1375","1041","334","1176","1375","278","21","939","137","0","1041","271","18","745","7","0","334","7","3","194","130","0"
"207388","Oklahoma State University-Main Campus","2013","20,000 and above","26073","19959","6114","22290","20660","3851","1565","14898","346","5413","17793","3701","1258","12788","46","2166","2867","150","307","2110","300","3247"
"207397","Oklahoma State University-Oklahoma City","2013","5,000 - 9,999","6996","2251","4745","4166","6996","988","3261","2280","467","0","2251","524","1008","716","3","0","4745","464","2253","1564","464","0"
"207403","Oklahoma Baptist University","2013","1,000 - 4,999","2097","1931","166","1996","2019","580","90","1212","137","78","1868","578","90","1168","32","63","151","2","0","44","105","15"
"207449","Oklahoma City Community College","2013","10,000 - 19,999","13491","4617","8874","7596","13491","2417","1055","9122","897","0","4617","1158","323","3112","24","0","8874","1259","732","6010","873","0"
"207458","Oklahoma City University","2013","1,000 - 4,999","3179","2573","606","2807","1964","355","235","1364","10","1215","1754","355","186","1213","0","819","210","0","49","151","10","396"
"207500","University of Oklahoma-Norman Campus","2013","20,000 and above","27292","20627","6665","23181","20985","4052","1173","15303","457","6307","17559","3727","873","12799","160","3068","3426","325","300","2504","297","3239"
"207537","Oklahoma School of Photography","2013","Under 1,000","44","44","0","44","44","12","0","32","0","0","44","12","0","32","0","0","0","0","0","0","0","0"
"207564","Oklahoma State University Institute of Technology","2013","1,000 - 4,999","3618","2207","1411","2776","3618","885","12","1944","777","0","2207","542","1","1534","130","0","1411","343","11","410","647","0"
"207582","Oral Roberts University","2013","1,000 - 4,999","3414","2862","552","3077","2884","397","220","2267","0","530","2517","393","200","1924","0","345","367","4","20","343","0","185"
"207607","Tulsa Technology Center-Peoria Campus","2013","Under 1,000","624","122","502","291","624","82","0","542","0","0","122","34","0","88","0","0","502","48","0","454","0","0"
"207625","Platt College-Central OKC","2013","Under 1,000","200","200","0","200","200","26","35","139","0","0","200","26","35","139","0","0","0","0","0","0","0","0"
"207661","Rogers State University","2013","1,000 - 4,999","4473","2600","1873","3356","4473","800","335","2822","516","0","2600","645","227","1722","6","0","1873","155","108","1100","510","0"
"207670","Rose State College","2013","5,000 - 9,999","7193","2688","4505","4200","7193","1334","1008","4085","766","0","2688","822","307","1516","43","0","4505","512","701","2569","723","0"
"207689","Saint Gregory's University","2013","Under 1,000","684","382","302","500","633","123","36","465","9","51","369","108","24","237","0","13","264","15","12","228","9","38"
"207704","Standard Beauty College of Oklahoma","2013","Under 1,000","83","83","0","83","83","13","0","70","0","0","83","13","0","70","0","0","0","0","0","0","0","0"
"207722","University of Science and Arts of Oklahoma","2013","Under 1,000","918","805","113","851","918","173","147","544","54","0","805","173","140","492","0","0","113","0","7","52","54","0"
"207740","Seminole State College","2013","1,000 - 4,999","2020","928","1092","1295","2020","578","213","827","402","0","928","408","115","394","11","0","1092","170","98","433","391","0"
"207786","Southern School of Beauty Inc","2013","Under 1,000","30","30","0","30","30","28","0","2","0","0","30","28","0","2","0","0","0","0","0","0","0","0"
"207847","Southeastern Oklahoma State University","2013","1,000 - 4,999","3826","2777","1049","3191","3498","533","690","2140","135","328","2668","511","475","1680","2","109","830","22","215","460","133","219"
"207856","Southwestern Christian University","2013","Under 1,000","847","600","247","697","804","209","143","449","3","43","565","157","63","345","0","35","239","52","80","104","3","8"
"207865","Southwestern Oklahoma State University","2013","1,000 - 4,999","4942","3871","1071","4292","4162","898","348","2739","177","780","3368","875","270","2222","1","503","794","23","78","517","176","277"
"207935","Tulsa Community College","2013","10,000 - 19,999","18640","6367","12273","10488","18640","3267","985","10307","4081","0","6367","1720","316","3408","923","0","12273","1547","669","6899","3158","0"
"207962","Tulsa Welding School-Tulsa","2013","1,000 - 4,999","1094","1094","0","1094","1094","522","0","572","0","0","1094","522","0","572","0","0","0","0","0","0","0","0"
"207971","University of Tulsa","2013","1,000 - 4,999","4597","4102","495","4293","3428","856","152","2386","34","1169","3293","851","141","2280","21","809","135","5","11","106","13","360"
"208017","Virgil's Beauty College","2013","Under 1,000","32","32","0","32","32","3","0","29","0","0","32","3","0","29","0","0","0","0","0","0","0","0"
"208026","Indian Capital Technology Center-Tahlequah","2013","Under 1,000","229","104","125","146","229","185","0","44","0","0","104","63","0","41","0","0","125","122","0","3","0","0"
"208035","Western Oklahoma State College","2013","1,000 - 4,999","1690","675","1015","1016","1690","344","268","694","384","0","675","273","75","321","6","0","1015","71","193","373","378","0"
"208044","Woodward Beauty College","2013","Under 1,000","27","27","0","27","27","17","0","10","0","0","27","17","0","10","0","0","0","0","0","0","0","0"
"208053","High Plains Technology Center","2013","Under 1,000","257","43","214","115","257","66","0","16","175","0","43","37","0","6","0","0","214","29","0","10","175","0"
"208080","Academy of Hair Design-Salem","2013","Under 1,000","56","56","0","56","56","17","0","39","0","0","56","17","0","39","0","0","0","0","0","0","0","0"
"208123","Abdill Career College Inc","2013","Under 1,000","80","80","0","80","80","32","0","48","0","0","80","32","0","48","0","0","0","0","0","0","0","0"
"208187","Paul Mitchell the School-Portland","2013","Under 1,000","88","88","0","88","88","17","0","71","0","0","88","17","0","71","0","0","0","0","0","0","0","0"
"208239","The Art Institute of Portland","2013","1,000 - 4,999","1348","920","428","1088","1348","206","210","932","0","0","920","169","160","591","0","0","428","37","50","341","0","0"
"208248","Beau Monde College of Hair Design","2013","Under 1,000","126","126","0","126","126","25","0","101","0","0","126","25","0","101","0","0","0","0","0","0","0","0"
"208275","Blue Mountain Community College","2013","1,000 - 4,999","1880","996","884","1293","1880","466","268","816","330","0","996","328","166","473","29","0","884","138","102","343","301","0"
"208318","Central Oregon Community College","2013","5,000 - 9,999","6760","2977","3783","4247","6760","857","542","4883","478","0","2977","484","280","2207","6","0","3783","373","262","2676","472","0"
"208390","Chemeketa Community College","2013","10,000 - 19,999","12111","6107","6004","8123","12111","1511","135","8747","1718","0","6107","876","77","4587","567","0","6004","635","58","4160","1151","0"
"208406","Clackamas Community College","2013","5,000 - 9,999","7368","2838","4530","4359","7368","1785","1123","4447","13","0","2838","678","411","1748","1","0","4530","1107","712","2699","12","0"
"208415","Clatsop Community College","2013","1,000 - 4,999","1069","455","614","661","1069","122","55","624","268","0","455","81","26","321","27","0","614","41","29","303","241","0"
"208433","College of Hair Design Careers","2013","Under 1,000","68","68","0","68","68","16","0","52","0","0","68","16","0","52","0","0","0","0","0","0","0","0"
"208479","Concorde Career College-Portland","2013","Under 1,000","925","925","0","925","925","251","0","674","0","0","925","251","0","674","0","0","0","0","0","0","0","0"
"208488","Concordia University-Portland","2013","5,000 - 9,999","5428","4960","468","5141","1388","222","280","876","10","4040","1188","220","216","750","2","3772","200","2","64","126","8","268"
"208512","Sumner College","2013","Under 1,000","263","260","3","261","263","28","0","235","0","0","260","28","0","232","0","0","3","0","0","3","0","0"
"208637","East West College of the Healing Arts","2013","Under 1,000","246","0","246","98","246","110","0","136","0","0","0","0","0","0","0","0","246","110","0","136","0","0"
"208646","Eastern Oregon University","2013","1,000 - 4,999","4157","2198","1959","2974","3754","371","572","2479","332","403","2140","341","314","1477","8","58","1614","30","258","1002","324","345"
"208655","Phagans School of Hair Design-Portland","2013","Under 1,000","132","132","0","132","132","15","0","117","0","0","132","15","0","117","0","0","0","0","0","0","0","0"
"208725","New Hope Christian College-Eugene","2013","Under 1,000","179","154","25","164","179","34","36","109","0","0","154","31","26","97","0","0","25","3","10","12","0","0"
"208822","George Fox University","2013","1,000 - 4,999","3712","2493","1219","2962","2384","619","254","1485","26","1328","2108","619","158","1331","0","385","276","0","96","154","26","943"
"208859","Phagans Grants Pass College of Beauty","2013","Under 1,000","39","39","0","39","39","23","0","16","0","0","39","23","0","16","0","0","0","0","0","0","0","0"
"208965","ITT Technical Institute-Portland","2013","Under 1,000","605","418","187","491","605","75","16","514","0","0","418","62","14","342","0","0","187","13","2","172","0","0"
"209038","Lane Community College","2013","10,000 - 19,999","11002","4996","6006","7012","11002","1239","977","7589","1197","0","4996","716","458","3481","341","0","6006","523","519","4108","856","0"
"209056","Lewis & Clark College","2013","1,000 - 4,999","3521","3110","411","3267","2126","473","46","1466","141","1395","2086","473","46","1446","121","1024","40","0","0","20","20","371"
"209065","Linfield College-McMinnville Campus","2013","1,000 - 4,999","1671","1630","41","1646","1671","449","66","1126","30","0","1630","447","64","1104","15","0","41","2","2","22","15","0"
"209074","Linn-Benton Community College","2013","5,000 - 9,999","5617","2604","3013","3616","5617","1398","784","3298","137","0","2604","809","275","1473","47","0","3013","589","509","1825","90","0"
"209083","Northwest College-Beaverton","2013","Under 1,000","100","100","0","100","100","17","0","83","0","0","100","17","0","83","0","0","0","0","0","0","0","0"
"209108","Marylhurst University","2013","1,000 - 4,999","1408","255","1153","702","741","8","155","509","69","667","176","2","46","127","1","79","565","6","109","382","68","588"
"209153","Phagans Medford Beauty School","2013","Under 1,000","67","67","0","67","67","47","0","20","0","0","67","47","0","20","0","0","0","0","0","0","0","0"
"209205","Northwest College-Clackamas","2013","Under 1,000","141","141","0","141","141","10","0","131","0","0","141","10","0","131","0","0","0","0","0","0","0","0"
"209241","Mount Angel Seminary","2013","Under 1,000","170","157","13","162","70","15","0","55","0","100","70","15","0","55","0","87","0","0","0","0","0","13"
"209250","Mt Hood Community College","2013","5,000 - 9,999","9393","4256","5137","5981","9393","2182","2600","3748","863","0","4256","1269","1033","1755","199","0","5137","913","1567","1993","664","0"
"209287","Multnomah University","2013","Under 1,000","777","611","166","675","438","55","72","311","0","339","358","51","59","248","0","253","80","4","13","63","0","86"
"209296","National College of Natural Medicine","2013","Under 1,000","558","521","37","535","0","0","0","0","0","558","0","0","0","0","0","521","0","0","0","0","0","37"
"209348","Northwest Nannies Institute","2013","Under 1,000","21","21","0","21","21","9","0","12","0","0","21","9","0","12","0","0","0","0","0","0","0","0"
"209409","Northwest Christian University","2013","Under 1,000","660","541","119","588","484","82","59","337","6","176","382","82","54","243","3","159","102","0","5","94","3","17"
"209490","Oregon Health & Science University","2013","1,000 - 4,999","2838","1557","1281","2046","832","0","416","416","0","2006","211","0","155","56","0","1346","621","0","261","360","0","660"
"209506","Oregon Institute of Technology","2013","1,000 - 4,999","4407","2370","2037","3192","4366","365","680","2398","923","41","2341","342","391","1598","10","29","2025","23","289","800","913","12"
"209533","Oregon College of Art and Craft","2013","Under 1,000","156","133","23","142","139","21","20","98","0","17","117","20","18","79","0","16","22","1","2","19","0","1"
"209542","Oregon State University","2013","20,000 and above","27902","21958","5944","24303","23157","3825","2150","16374","808","4745","18484","3553","1438","13127","366","3474","4673","272","712","3247","442","1271"
"209551","University of Oregon","2013","20,000 and above","24473","21920","2553","22923","20797","3959","1498","15016","324","3676","18892","3913","1338","13621","20","3028","1905","46","160","1395","304","648"
"209603","Pacific Northwest College of Art","2013","Under 1,000","517","460","57","482","413","61","63","289","0","104","356","60","62","234","0","104","57","1","1","55","0","0"
"209612","Pacific University","2013","1,000 - 4,999","3583","3316","267","3419","1785","421","157","1151","56","1798","1729","421","155","1139","14","1587","56","0","2","12","42","211"
"209667","Phagans Beauty College","2013","Under 1,000","53","53","0","53","53","37","0","16","0","0","53","37","0","16","0","0","0","0","0","0","0","0"
"209676","Phagans Central Oregon Beauty College","2013","Under 1,000","133","133","0","133","133","96","0","37","0","0","133","96","0","37","0","0","0","0","0","0","0","0"
"209694","Phagans School of Beauty","2013","Under 1,000","49","49","0","49","49","42","0","7","0","0","49","42","0","7","0","0","0","0","0","0","0","0"
"209700","Phagans School of Hair Design","2013","Under 1,000","176","176","0","176","176","35","0","141","0","0","176","35","0","141","0","0","0","0","0","0","0","0"
"209719","Phagans Tigard Beauty School","2013","Under 1,000","27","27","0","27","27","4","0","23","0","0","27","4","0","23","0","0","0","0","0","0","0","0"
"209746","Portland Community College","2013","20,000 and above","32411","13580","18831","19902","32411","2075","2074","25625","2637","0","13580","1176","799","11181","424","0","18831","899","1275","14444","2213","0"
"209807","Portland State University","2013","20,000 and above","28260","17308","10952","21615","22927","1644","3592","14849","2842","5333","14671","1517","2493","10065","596","2637","8256","127","1099","4784","2246","2696"
"209825","University of Portland","2013","1,000 - 4,999","4036","3515","521","3715","3494","835","81","2552","26","542","3410","835","77","2498","0","105","84","0","4","54","26","437"
"209922","Reed College","2013","1,000 - 4,999","1411","1356","55","1377","1395","354","36","961","44","16","1356","354","36","954","12","0","39","0","0","7","32","16"
"209940","Rogue Community College","2013","5,000 - 9,999","5530","2392","3138","3446","5530","816","141","3639","934","0","2392","394","71","1612","315","0","3138","422","70","2027","619","0"
"209986","Roseburg Beauty College","2013","Under 1,000","40","40","0","40","40","12","0","28","0","0","40","12","0","28","0","0","0","0","0","0","0","0"
"210076","Pioneer Pacific College","2013","1,000 - 4,999","1109","757","352","895","1109","142","744","222","1","0","757","110","508","139","0","0","352","32","236","83","1","0"
"210100","Springfield College of Beauty","2013","Under 1,000","69","69","0","69","69","10","0","59","0","0","69","10","0","59","0","0","0","0","0","0","0","0"
"210146","Southern Oregon University","2013","5,000 - 9,999","5992","3833","2159","4692","5500","628","601","3207","1064","492","3631","595","465","2469","102","202","1869","33","136","738","962","290"
"210155","Southwestern Oregon Community College","2013","1,000 - 4,999","2038","1077","961","1400","2038","438","96","1099","405","0","1077","379","80","588","30","0","961","59","16","511","375","0"
"210234","Treasure Valley Community College","2013","1,000 - 4,999","2443","1212","1231","1625","2443","635","119","1519","170","0","1212","417","65","707","23","0","1231","218","54","812","147","0"
"210270","Umpqua Community College","2013","1,000 - 4,999","2183","1081","1102","1451","2183","147","424","838","774","0","1081","99","177","437","368","0","1102","48","247","401","406","0"
"210304","Warner Pacific College","2013","Under 1,000","506","470","36","484","503","85","96","320","2","3","469","74","91","304","0","1","34","11","5","16","2","2"
"210331","Corban University","2013","1,000 - 4,999","1143","916","227","1004","936","222","58","622","34","207","846","222","58","553","13","70","90","0","0","69","21","137"
"210340","College of Cosmetology","2013","Under 1,000","93","93","0","93","93","10","0","83","0","0","93","10","0","83","0","0","0","0","0","0","0","0"
"210359","Everest College-Portland","2013","Under 1,000","227","122","105","164","227","8","33","186","0","0","122","8","25","89","0","0","105","0","8","97","0","0"
"210368","Western Seminary","2013","Under 1,000","767","96","671","352","0","0","0","0","0","767","0","0","0","0","0","96","0","0","0","0","0","671"
"210401","Willamette University","2013","1,000 - 4,999","2855","2660","195","2736","2119","545","41","1384","149","736","1981","545","41","1362","33","679","138","0","0","22","116","57"
"210429","Western Oregon University","2013","5,000 - 9,999","6177","4720","1457","5282","5263","862","678","3602","121","914","4423","826","548","3046","3","297","840","36","130","556","118","617"
"210438","University of Western States","2013","Under 1,000","682","488","194","563","80","10","33","0","37","602","0","0","0","0","0","488","80","10","33","0","37","114"
"210456","Abington Memorial Hospital Dixon School of Nursing","2013","Under 1,000","224","216","8","219","224","0","0","224","0","0","216","0","0","216","0","0","8","0","0","8","0","0"
"210474","Jolie Hair and Beauty Academy-Hazleton","2013","Under 1,000","97","60","37","75","97","69","0","28","0","0","60","42","0","18","0","0","37","27","0","10","0","0"
"210483","Keystone Technical Institute","2013","Under 1,000","313","313","0","313","313","53","0","260","0","0","313","53","0","260","0","0","0","0","0","0","0","0"
"210492","Bryn Athyn College of the New Church","2013","Under 1,000","278","265","13","270","270","81","13","175","1","8","262","80","13","168","1","3","8","1","0","7","0","5"
"210508","Academy of Vocal Arts","2013","Under 1,000","29","29","0","29","0","0","0","0","0","29","0","0","0","0","0","29","0","0","0","0","0","0"
"210571","Albright College","2013","1,000 - 4,999","2384","2315","69","2342","2349","655","107","1571","16","35","2315","655","107","1553","0","0","34","0","0","18","16","35"
"210599","All-State Career School-Lester","2013","Under 1,000","343","343","0","343","343","65","0","278","0","0","343","65","0","278","0","0","0","0","0","0","0","0"
"210605","Community College of Allegheny County","2013","10,000 - 19,999","18229","6317","11912","10316","18229","3942","828","12328","1131","0","6317","2170","369","3692","86","0","11912","1772","459","8636","1045","0"
"210669","Allegheny College","2013","1,000 - 4,999","2161","2125","36","2139","2161","604","22","1500","35","0","2125","601","22","1494","8","0","36","3","0","6","27","0"
"210711","The Vision Academy","2013","Under 1,000","59","59","0","59","59","54","0","5","0","0","59","54","0","5","0","0","0","0","0","0","0","0"
"210739","DeSales University","2013","1,000 - 4,999","3266","2063","1203","2530","2482","413","77","1992","0","784","1836","413","77","1346","0","227","646","0","0","646","0","557"
"210748","Altoona Beauty School Inc","2013","Under 1,000","68","33","35","47","68","11","0","57","0","0","33","7","0","26","0","0","35","4","0","31","0","0"
"210775","Alvernia University","2013","1,000 - 4,999","2871","1824","1047","2231","2371","389","105","1675","202","500","1719","389","103","1225","2","105","652","0","2","450","200","395"
"210784","Magnolia School","2013","Under 1,000","106","78","28","89","106","69","0","37","0","0","78","53","0","25","0","0","28","16","0","12","0","0"
"210809","American College of Financial Services","2013","20,000 and above","27749","0","27749","10892","26837","0","0","26837","0","912","0","0","0","0","0","0","26837","0","0","26837","0","912"
"210890","Antonelli Institute","2013","Under 1,000","189","189","0","189","189","98","14","77","0","0","189","98","14","77","0","0","0","0","0","0","0","0"
"210906","The Art Institutes of York-PA","2013","Under 1,000","462","323","139","378","462","115","25","322","0","0","323","73","14","236","0","0","139","42","11","86","0","0"
"210942","The Art Institute of Philadelphia","2013","1,000 - 4,999","2494","1516","978","1900","2494","642","145","1707","0","0","1516","466","110","940","0","0","978","176","35","767","0","0"
"210951","Career Training Academy-New Kensington","2013","Under 1,000","163","163","0","163","163","35","21","107","0","0","163","35","21","107","0","0","0","0","0","0","0","0"
"210960","The Art Institute of Pittsburgh","2013","1,000 - 4,999","1544","1137","407","1297","1544","373","140","1031","0","0","1137","318","108","711","0","0","407","55","32","320","0","0"
"211006","Automotive Training Center-Exton","2013","Under 1,000","354","308","46","326","354","49","0","305","0","0","308","45","0","263","0","0","46","4","0","42","0","0"
"211024","Baptist Bible College & Seminary of Pennsylvania","2013","Under 1,000","918","549","369","693","624","106","50","450","18","294","387","99","34","250","4","162","237","7","16","200","14","132"
"211079","Community College of Beaver County","2013","1,000 - 4,999","2335","1014","1321","1458","2335","410","432","1188","305","0","1014","291","174","524","25","0","1321","119","258","664","280","0"
"211088","Arcadia University","2013","1,000 - 4,999","3905","2844","1061","3251","2453","597","116","1687","53","1452","2260","597","113","1549","1","584","193","0","3","138","52","868"
"211130","Biblical Theological Seminary","2013","Under 1,000","294","170","124","217","0","0","0","0","0","294","0","0","0","0","0","170","0","0","0","0","0","124"
"211149","Bidwell Training Center Inc","2013","Under 1,000","159","159","0","159","159","19","43","97","0","0","159","19","43","97","0","0","0","0","0","0","0","0"
"211158","Bloomsburg University of Pennsylvania","2013","10,000 - 19,999","10127","9155","972","9532","9416","2218","469","6558","171","711","8813","2208","435","6132","38","342","603","10","34","426","133","369"
"211200","Bradford School","2013","Under 1,000","439","439","0","439","439","187","43","209","0","0","439","187","43","209","0","0","0","0","0","0","0","0"
"211273","Bryn Mawr College","2013","1,000 - 4,999","1738","1663","75","1692","1328","365","12","939","12","410","1315","365","12","934","4","348","13","0","0","5","8","62"
"211291","Bucknell University","2013","1,000 - 4,999","3608","3555","53","3576","3532","933","28","2537","34","76","3504","933","28","2527","16","51","28","0","0","10","18","25"
"211307","Bucks County Community College","2013","5,000 - 9,999","9880","3260","6620","5483","9880","2345","1152","5850","533","0","3260","1218","367","1654","21","0","6620","1127","785","4196","512","0"
"211316","Buck's County School of Beauty Culture Inc","2013","Under 1,000","89","78","11","82","89","40","0","49","0","0","78","35","0","43","0","0","11","5","0","6","0","0"
"211334","Butler Beauty Academy","2013","Under 1,000","52","52","0","52","52","31","0","21","0","0","52","31","0","21","0","0","0","0","0","0","0","0"
"211343","Butler County Community College","2013","1,000 - 4,999","3686","1608","2078","2306","3686","970","257","2059","400","0","1608","651","124","831","2","0","2078","319","133","1228","398","0"
"211352","Cabrini College","2013","1,000 - 4,999","2448","1303","1145","1742","1337","304","72","910","51","1111","1228","304","66","858","0","75","109","0","6","52","51","1036"
"211361","California University of Pennsylvania","2013","5,000 - 9,999","8243","6527","1716","7181","6450","1173","646","4574","57","1793","5649","1164","515","3959","11","878","801","9","131","615","46","915"
"211398","Cambria-Rowe Business College-Johnstown","2013","Under 1,000","142","141","1","141","142","42","17","83","0","0","141","42","17","82","0","0","1","0","0","1","0","0"
"211431","Carlow University","2013","1,000 - 4,999","3012","1732","1280","2232","2100","205","197","1094","604","912","1079","203","135","727","14","653","1021","2","62","367","590","259"
"211440","Carnegie Mellon University","2013","10,000 - 19,999","12367","11279","1088","11697","5917","1442","66","4326","83","6450","5723","1442","65","4216","0","5556","194","0","1","110","83","894"
"211468","Cedar Crest College","2013","1,000 - 4,999","1486","681","805","996","1286","141","220","891","34","200","640","140","99","401","0","41","646","1","121","490","34","159"
"211477","Central Penn College","2013","1,000 - 4,999","1297","638","659","897","1277","127","0","1150","0","20","638","95","0","543","0","0","639","32","0","607","0","20"
"211556","Chatham University","2013","1,000 - 4,999","2170","1488","682","1752","973","92","64","460","357","1197","611","92","57","384","78","877","362","0","7","76","279","320"
"211583","Chestnut Hill College","2013","1,000 - 4,999","2189","1442","747","1731","1517","190","234","1086","7","672","1165","190","134","841","0","277","352","0","100","245","7","395"
"211608","Cheyney University of Pennsylvania","2013","1,000 - 4,999","1212","1123","89","1158","1179","346","63","769","1","33","1114","344","58","712","0","9","65","2","5","57","1","24"
"211617","Kaplan Career Institute-Franklin Mills","2013","Under 1,000","718","718","0","718","718","133","36","549","0","0","718","133","36","549","0","0","0","0","0","0","0","0"
"211635","Citizens School of Nursing","2013","Under 1,000","181","181","0","181","181","0","0","181","0","0","181","0","0","181","0","0","0","0","0","0","0","0"
"211644","Clarion University of Pennsylvania","2013","5,000 - 9,999","6080","4580","1500","5157","5199","996","475","3575","153","881","4373","964","317","3091","1","207","826","32","158","484","152","674"
"211802","Conemaugh Valley Memorial Hospital","2013","Under 1,000","231","214","17","221","231","39","0","192","0","0","214","29","0","185","0","0","17","10","0","7","0","0"
"211820","Consolidated School of Business-York","2013","Under 1,000","107","103","4","105","107","14","19","74","0","0","103","14","18","71","0","0","4","0","1","3","0","0"
"211893","Curtis Institute of Music","2013","Under 1,000","168","168","0","168","122","29","5","88","0","46","122","29","5","88","0","46","0","0","0","0","0","0"
"211909","Dean Institute of Technology","2013","Under 1,000","163","116","47","135","163","70","0","93","0","0","116","53","0","63","0","0","47","17","0","30","0","0"
"211927","Delaware County Community College","2013","10,000 - 19,999","13198","4844","8354","7649","13198","2516","1103","9579","0","0","4844","1269","397","3178","0","0","8354","1247","706","6401","0","0"
"211981","Delaware Valley College","2013","1,000 - 4,999","2023","1681","342","1814","1807","416","96","1262","33","216","1609","416","87","1104","2","72","198","0","9","158","31","144"
"212009","Dickinson College","2013","1,000 - 4,999","2396","2356","40","2372","2396","626","16","1710","44","0","2356","626","16","1697","17","0","40","0","0","13","27","0"
"212018","The Dickinson School of Law of the Pennsylvania State University","2013","Under 1,000","142","142","0","142","0","0","0","0","0","142","0","0","0","0","0","142","0","0","0","0","0","0"
"212045","Douglas Education Center","2013","Under 1,000","274","266","8","269","274","79","61","131","3","0","266","74","61","128","3","0","8","5","0","3","0","0"
"212054","Drexel University","2013","20,000 and above","26132","18909","7223","21697","16616","3039","1498","11720","359","9516","13977","3022","1009","9875","71","4932","2639","17","489","1845","288","4584"
"212072","Du Bois Business College-Du Bois","2013","Under 1,000","122","110","12","115","122","24","18","80","0","0","110","24","18","68","0","0","12","0","0","12","0","0"
"212090","Everest Institute-Pittsburgh","2013","Under 1,000","600","460","140","516","600","46","90","464","0","0","460","46","61","353","0","0","140","0","29","111","0","0"
"212106","Duquesne University","2013","5,000 - 9,999","9904","9008","896","9353","5970","1547","148","4249","26","3934","5740","1537","142","4057","4","3268","230","10","6","192","22","666"
"212115","East Stroudsburg University of Pennsylvania","2013","5,000 - 9,999","6778","5794","984","6179","6186","1212","646","4251","77","592","5495","1143","577","3740","35","299","691","69","69","511","42","293"
"212133","Eastern University","2013","1,000 - 4,999","4004","2808","1196","3270","2541","450","271","1737","83","1463","2076","433","141","1501","1","732","465","17","130","236","82","731"
"212160","Edinboro University of Pennsylvania","2013","5,000 - 9,999","7098","5770","1328","6273","5864","1086","461","4209","108","1234","5320","1073","428","3815","4","450","544","13","33","394","104","784"
"212197","Elizabethtown College","2013","1,000 - 4,999","1892","1856","36","1870","1844","530","25","1253","36","48","1808","530","24","1242","12","48","36","0","1","11","24","0"
"212212","Empire Beauty School-State College","2013","Under 1,000","39","39","0","39","39","21","0","18","0","0","39","21","0","18","0","0","0","0","0","0","0","0"
"212230","Empire Beauty School-Lebanon","2013","Under 1,000","31","31","0","31","31","17","0","14","0","0","31","17","0","14","0","0","0","0","0","0","0","0"
"212267","Empire Beauty School-York","2013","Under 1,000","135","94","41","110","135","60","0","75","0","0","94","42","0","52","0","0","41","18","0","23","0","0"
"212276","Empire Beauty School-Lancaster","2013","Under 1,000","112","83","29","95","112","54","0","58","0","0","83","47","0","36","0","0","29","7","0","22","0","0"
"212285","Empire Beauty School-Williamsport","2013","Under 1,000","46","43","3","44","46","27","0","19","0","0","43","26","0","17","0","0","3","1","0","2","0","0"
"212294","Empire Beauty School-Shamokin Dam","2013","Under 1,000","50","50","0","50","50","27","0","23","0","0","50","27","0","23","0","0","0","0","0","0","0","0"
"212300","Empire Beauty School-Pottsville","2013","Under 1,000","57","57","0","57","57","22","0","35","0","0","57","22","0","35","0","0","0","0","0","0","0","0"
"212328","Empire Beauty  School-Lehigh Valley","2013","Under 1,000","142","103","39","118","142","55","0","87","0","0","103","42","0","61","0","0","39","13","0","26","0","0"
"212337","Empire Beauty School-Gwinnett","2013","Under 1,000","169","133","36","147","169","52","0","117","0","0","133","43","0","90","0","0","36","9","0","27","0","0"
"212355","Empire Beauty School-Wyoming Valley","2013","Under 1,000","182","140","42","157","182","94","0","88","0","0","140","75","0","65","0","0","42","19","0","23","0","0"
"212373","Empire Beauty School-Warminster","2013","Under 1,000","74","53","21","61","74","28","0","46","0","0","53","20","0","33","0","0","21","8","0","13","0","0"
"212382","Empire Beauty School-Harrisburg","2013","Under 1,000","164","123","41","139","164","49","0","115","0","0","123","37","0","86","0","0","41","12","0","29","0","0"
"212391","Empire Beauty School-Reading","2013","Under 1,000","104","67","37","82","104","59","0","45","0","0","67","41","0","26","0","0","37","18","0","19","0","0"
"212434","Erie Institute of Technology Inc","2013","Under 1,000","216","216","0","216","216","77","0","139","0","0","216","77","0","139","0","0","0","0","0","0","0","0"
"212443","Evangelical Theological Seminary","2013","Under 1,000","113","31","82","62","0","0","0","0","0","113","0","0","0","0","0","31","0","0","0","0","0","82"
"212452","Faith Theological Seminary","2013","Under 1,000","380","331","49","350","269","27","0","209","33","111","229","21","0","207","1","102","40","6","0","2","32","9"
"212568","Aria Health School of Nursing","2013","Under 1,000","208","208","0","208","208","20","0","188","0","0","208","20","0","188","0","0","0","0","0","0","0","0"
"212577","Franklin and Marshall College","2013","1,000 - 4,999","2297","2258","39","2273","2297","605","11","1646","35","0","2258","604","11","1641","2","0","39","1","0","5","33","0"
"212601","Gannon University","2013","1,000 - 4,999","4211","3111","1100","3537","3111","622","148","1927","414","1100","2556","611","115","1825","5","555","555","11","33","102","409","545"
"212656","Geneva College","2013","1,000 - 4,999","1852","1669","183","1740","1541","338","49","1145","9","311","1475","334","47","1093","1","194","66","4","2","52","8","117"
"212674","Gettysburg College","2013","1,000 - 4,999","2524","2517","7","2520","2524","703","14","1803","4","0","2517","703","14","1796","4","0","7","0","0","7","0","0"
"212683","Empire Beauty School-Exton","2013","Under 1,000","90","72","18","79","90","45","0","45","0","0","72","38","0","34","0","0","18","7","0","11","0","0"
"212708","Empire Beauty School-Laurel Springs","2013","Under 1,000","141","106","35","120","141","43","0","98","0","0","106","37","0","69","0","0","35","6","0","29","0","0"
"212753","Empire Beauty School-NE Philadelphia","2013","Under 1,000","211","161","50","181","211","105","0","106","0","0","161","85","0","76","0","0","50","20","0","30","0","0"
"212771","Gratz College","2013","Under 1,000","673","51","622","289","11","0","0","9","2","662","0","0","0","0","0","51","11","0","0","9","2","611"
"212805","Grove City College","2013","1,000 - 4,999","2491","2438","53","2459","2491","648","32","1775","36","0","2438","648","32","1754","4","0","53","0","0","21","32","0"
"212832","Gwynedd Mercy University","2013","1,000 - 4,999","2371","1998","373","2143","2062","211","279","1541","31","309","1851","211","241","1399","0","147","211","0","38","142","31","162"
"212869","Harcum College","2013","1,000 - 4,999","1627","1039","588","1272","1627","261","413","929","24","0","1039","249","186","603","1","0","588","12","227","326","23","0"
"212878","Harrisburg Area Community College-Harrisburg","2013","20,000 and above","20780","6506","14274","11298","20780","2051","455","10815","7459","0","6506","1030","197","2671","2608","0","14274","1021","258","8144","4851","0"
"212911","Haverford College","2013","1,000 - 4,999","1187","1187","0","1187","1187","330","2","855","0","0","1187","330","2","855","0","0","0","0","0","0","0","0"
"212975","Commonwealth Technical Institute","2013","Under 1,000","206","203","3","204","206","85","0","121","0","0","203","84","0","119","0","0","3","1","0","2","0","0"
"212984","Holy Family University","2013","1,000 - 4,999","2956","1553","1403","2096","2182","291","215","1512","164","774","1499","288","185","1022","4","54","683","3","30","490","160","720"
"212993","Hussian School of Art","2013","Under 1,000","86","86","0","86","86","17","0","69","0","0","86","17","0","69","0","0","0","0","0","0","0","0"
"213002","Kaplan Career Institute-Pittsburgh","2013","Under 1,000","557","557","0","557","557","44","95","418","0","0","557","44","95","418","0","0","0","0","0","0","0","0"
"213011","Immaculata University","2013","1,000 - 4,999","3675","1349","2326","2253","2560","289","230","1933","108","1115","1184","287","82","814","1","165","1376","2","148","1119","107","950"
"213020","Indiana University of Pennsylvania-Main Campus","2013","10,000 - 19,999","14925","12965","1960","13704","12668","2766","626","9013","263","2257","11944","2756","601","8529","58","1021","724","10","25","484","205","1236"
"213163","Jameson Health System","2013","Under 1,000","71","71","0","71","71","0","0","71","0","0","71","0","0","71","0","0","0","0","0","0","0","0"
"213181","Great Lakes Institute of Technology","2013","Under 1,000","453","453","0","453","453","116","62","275","0","0","453","116","62","275","0","0","0","0","0","0","0","0"
"213215","Jolie Hair and Beauty Academy-Wilkes-Barre","2013","Under 1,000","193","147","46","165","193","141","0","52","0","0","147","109","0","38","0","0","46","32","0","14","0","0"
"213233","Johnson College","2013","Under 1,000","427","405","22","414","427","156","63","208","0","0","405","156","54","195","0","0","22","0","9","13","0","0"
"213251","Juniata College","2013","1,000 - 4,999","1635","1565","70","1592","1625","391","25","1087","122","10","1555","391","24","1085","55","10","70","0","1","2","67","0"
"213303","Keystone College","2013","1,000 - 4,999","1595","1317","278","1426","1574","323","123","1104","24","21","1304","311","105","887","1","13","270","12","18","217","23","8"
"213321","King's College","2013","1,000 - 4,999","2391","1991","400","2146","2144","500","71","1416","157","247","1925","500","71","1350","4","66","219","0","0","66","153","181"
"213330","Kittanning Beauty School","2013","Under 1,000","19","19","0","19","19","15","0","4","0","0","19","15","0","4","0","0","0","0","0","0","0","0"
"213349","Kutztown University of Pennsylvania","2013","5,000 - 9,999","9513","8548","965","8919","8815","1814","696","6028","277","698","8279","1812","649","5604","214","269","536","2","47","424","63","429"
"213358","La Roche College","2013","1,000 - 4,999","1481","1183","298","1299","1363","229","167","948","19","118","1130","229","125","776","0","53","233","0","42","172","19","65"
"213367","La Salle University","2013","5,000 - 9,999","6436","3948","2488","4908","4409","939","232","3057","181","2027","3542","936","169","2433","4","406","867","3","63","624","177","1621"
"213376","Lackawanna College","2013","1,000 - 4,999","1454","1048","406","1209","1454","380","141","792","141","0","1048","337","101","607","3","0","406","43","40","185","138","0"
"213385","Lafayette College","2013","1,000 - 4,999","2486","2435","51","2455","2486","635","12","1805","34","0","2435","635","12","1788","0","0","51","0","0","17","34","0"
"213400","Lancaster Bible College","2013","1,000 - 4,999","1763","895","868","1232","1313","152","174","886","101","450","814","134","85","595","0","81","499","18","89","291","101","369"
"213446","Lancaster Theological Seminary","2013","Under 1,000","128","82","46","100","0","0","0","0","0","128","0","0","0","0","0","82","0","0","0","0","0","46"
"213455","Lancaster School of Cosmetology","2013","Under 1,000","195","26","169","93","195","89","0","106","0","0","26","12","0","14","0","0","169","77","0","92","0","0"
"213473","Lansdale School of Business","2013","Under 1,000","382","186","196","264","382","81","0","301","0","0","186","35","0","151","0","0","196","46","0","150","0","0"
"213491","Lansdale School of Cosmetology Inc","2013","Under 1,000","68","30","38","45","68","49","0","19","0","0","30","24","0","6","0","0","38","25","0","13","0","0"
"213507","Lebanon Valley College","2013","1,000 - 4,999","2022","1725","297","1840","1766","415","61","1222","68","256","1648","415","61","1168","4","77","118","0","0","54","64","179"
"213525","Lehigh Carbon Community College","2013","5,000 - 9,999","7128","2544","4584","4083","7128","1422","643","3921","1142","0","2544","947","249","1340","8","0","4584","475","394","2581","1134","0"
"213534","Berks Technical Institute","2013","Under 1,000","976","726","250","825","976","269","36","671","0","0","726","219","29","478","0","0","250","50","7","193","0","0"
"213543","Lehigh University","2013","5,000 - 9,999","7096","6148","948","6511","4931","1198","41","3665","27","2165","4862","1198","41","3603","20","1286","69","0","0","62","7","879"
"213552","Levittown Beauty Academy","2013","Under 1,000","84","49","35","63","84","45","0","39","0","0","49","30","0","19","0","0","35","15","0","20","0","0"
"213570","Lincoln Technical Institute-Allentown","2013","Under 1,000","568","568","0","568","568","149","0","419","0","0","568","149","0","419","0","0","0","0","0","0","0","0"
"213589","Lincoln Technical Institute-Philadelphia","2013","Under 1,000","273","219","54","240","273","106","29","138","0","0","219","82","19","118","0","0","54","24","10","20","0","0"
"213598","Lincoln University of Pennsylvania","2013","1,000 - 4,999","1963","1712","251","1808","1624","333","105","1176","10","339","1488","331","63","1091","3","224","136","2","42","85","7","115"
"213613","Lock Haven University","2013","5,000 - 9,999","5260","4723","537","4931","4855","1086","211","3486","72","405","4519","1081","189","3226","23","204","336","5","22","260","49","201"
"213622","St Margaret School of Nursing","2013","Under 1,000","184","115","69","142","184","9","0","175","0","0","115","9","0","106","0","0","69","0","0","69","0","0"
"213631","Lutheran Theological Seminary at Gettysburg","2013","Under 1,000","122","85","37","99","0","0","0","0","0","122","0","0","0","0","0","85","0","0","0","0","0","37"
"213640","Lutheran Theological Seminary at Philadelphia","2013","Under 1,000","230","81","149","138","0","0","0","0","0","230","0","0","0","0","0","81","0","0","0","0","0","149"
"213659","Luzerne County Community College","2013","5,000 - 9,999","6411","3172","3239","4259","6411","1497","392","4181","341","0","3172","1055","226","1888","3","0","3239","442","166","2293","338","0"
"213668","Lycoming College","2013","1,000 - 4,999","1307","1290","17","1297","1307","345","24","919","19","0","1290","345","24","914","7","0","17","0","0","5","12","0"
"213774","Manor College","2013","Under 1,000","858","467","391","622","858","219","117","480","42","0","467","159","63","245","0","0","391","60","54","235","42","0"
"213783","Mansfield University of Pennsylvania","2013","1,000 - 4,999","2970","2477","493","2666","2717","628","160","1852","77","253","2453","622","142","1681","8","24","264","6","18","171","69","229"
"213826","Marywood University","2013","1,000 - 4,999","3175","2580","595","2809","2148","405","133","1496","114","1027","2004","405","126","1425","48","576","144","0","7","71","66","451"
"213914","Vet Tech Institute","2013","Under 1,000","385","385","0","385","385","100","95","190","0","0","385","100","95","190","0","0","0","0","0","0","0","0"
"213932","Roxborough Memorial Hospital School of Nursing","2013","Under 1,000","124","124","0","124","124","0","0","124","0","0","124","0","0","124","0","0","0","0","0","0","0","0"
"213987","Mercyhurst University","2013","1,000 - 4,999","3011","2706","305","2824","2680","602","65","2012","1","331","2552","596","62","1894","0","154","128","6","3","118","1","177"
"213996","Messiah College","2013","1,000 - 4,999","3084","2760","324","2885","2772","648","100","1991","33","312","2701","648","100","1952","1","59","71","0","0","39","32","253"
"214023","Metropolitan Career Center Computer Technology Institute","2013","Under 1,000","96","57","39","72","96","51","33","12","0","0","57","29","24","4","0","0","39","22","9","8","0","0"
"214041","Millersville University of Pennsylvania","2013","5,000 - 9,999","8279","6832","1447","7389","7388","1299","689","5325","75","891","6584","1284","563","4719","18","248","804","15","126","606","57","643"
"214069","Misericordia University","2013","1,000 - 4,999","3026","2057","969","2434","2417","438","194","1730","55","609","1790","428","97","1265","0","267","627","10","97","465","55","342"
"214111","Montgomery County Community College","2013","10,000 - 19,999","13122","4567","8555","7439","13122","2566","936","8178","1442","0","4567","1550","419","2564","34","0","8555","1016","517","5614","1408","0"
"214148","Moore College of Art and Design","2013","Under 1,000","484","440","44","457","437","75","41","321","0","47","411","74","36","301","0","29","26","1","5","20","0","18"
"214157","Moravian College","2013","1,000 - 4,999","1837","1447","390","1597","1553","355","81","1072","45","284","1418","355","80","978","5","29","135","0","1","94","40","255"
"214166","Mount Aloysius College","2013","1,000 - 4,999","1835","1277","558","1496","1781","394","139","1038","210","54","1248","387","93","768","0","29","533","7","46","270","210","25"
"214175","Muhlenberg College","2013","1,000 - 4,999","2448","2323","125","2372","2448","579","22","1756","91","0","2323","579","12","1696","36","0","125","0","10","60","55","0"
"214254","Kaplan Career Institute-Philadelphia","2013","Under 1,000","749","749","0","749","749","190","25","534","0","0","749","190","25","534","0","0","0","0","0","0","0","0"
"214272","Neumann University","2013","1,000 - 4,999","2956","2173","783","2477","2573","503","101","1858","111","383","2080","501","96","1463","20","93","493","2","5","395","91","290"
"214290","New Castle School of Trades","2013","Under 1,000","856","856","0","856","856","281","0","575","0","0","856","281","0","575","0","0","0","0","0","0","0","0"
"214379","Northampton County Area Community College","2013","10,000 - 19,999","10666","4679","5987","6689","10666","2162","851","7101","552","0","4679","1498","406","2748","27","0","5987","664","445","4353","525","0"
"214476","Pittsburgh's Ohio Valley Hospital School of Nursing","2013","Under 1,000","75","44","31","56","75","21","0","54","0","0","44","8","0","36","0","0","31","13","0","18","0","0"
"214528","Orleans Technical Institute","2013","Under 1,000","548","396","152","456","548","142","50","356","0","0","396","116","36","244","0","0","152","26","14","112","0","0"
"214546","Pennsylvania Academy of Cosmetology Arts and Sciences-Johnstown","2013","Under 1,000","53","44","9","48","53","19","0","34","0","0","44","15","0","29","0","0","9","4","0","5","0","0"
"214564","Salus University","2013","1,000 - 4,999","1011","903","108","944","0","0","0","0","0","1011","0","0","0","0","0","903","0","0","0","0","0","108"
"214582","Pennsylvania Institute of Technology","2013","Under 1,000","743","474","269","581","743","589","0","154","0","0","474","396","0","78","0","0","269","193","0","76","0","0"
"214591","Pennsylvania State University-Penn State Erie-Behrend College","2013","1,000 - 4,999","4057","3714","343","3849","3943","1113","138","2546","146","114","3683","1103","122","2403","55","31","260","10","16","143","91","83"
"214607","Pennsylvania State University-Penn State Great Valley","2013","Under 1,000","473","60","413","209","0","0","0","0","0","473","0","0","0","0","0","60","0","0","0","0","0","413"
"214616","Pennsylvania State University-College of Medicine","2013","Under 1,000","797","759","38","773","0","0","0","0","0","797","0","0","0","0","0","759","0","0","0","0","0","38"
"214625","Pennsylvania State University-Penn State New Kensington","2013","Under 1,000","680","524","156","587","680","168","58","389","65","0","524","161","45","302","16","0","156","7","13","87","49","0"
"214634","Pennsylvania State University-Penn State Shenango","2013","Under 1,000","568","315","253","417","568","97","58","335","78","0","315","84","13","207","11","0","253","13","45","128","67","0"
"214643","Pennsylvania State University-Penn State Wilkes-Barre","2013","Under 1,000","613","519","94","557","606","168","31","335","72","7","519","167","30","306","16","0","87","1","1","29","56","7"
"214652","Pennsylvania State University-Penn State Worthington Scranton","2013","1,000 - 4,999","1178","943","235","1038","1178","257","73","759","89","0","943","250","48","603","42","0","235","7","25","156","47","0"
"214670","Pennsylvania State University-Penn State Lehigh Valley","2013","Under 1,000","925","719","206","801","889","233","81","474","101","36","719","231","66","405","17","0","170","2","15","69","84","36"
"214689","Pennsylvania State University-Penn State Altoona","2013","1,000 - 4,999","3861","3645","216","3732","3861","1423","113","2243","82","0","3645","1415","105","2083","42","0","216","8","8","160","40","0"
"214698","Pennsylvania State University-Penn State Beaver","2013","Under 1,000","703","626","77","657","703","241","39","356","67","0","626","241","35","337","13","0","77","0","4","19","54","0"
"214704","Pennsylvania State University-Penn State Berks","2013","1,000 - 4,999","2732","2402","330","2534","2712","807","149","1617","139","20","2402","792","127","1441","42","0","310","15","22","176","97","20"
"214713","Pennsylvania State University-Penn State Harrisburg","2013","1,000 - 4,999","4441","3329","1112","3750","3577","744","303","2414","116","864","3121","740","253","2092","36","208","456","4","50","322","80","656"
"214731","Pennsylvania State University-Penn State Brandywine","2013","1,000 - 4,999","1492","1253","239","1349","1492","333","63","931","165","0","1253","326","44","806","77","0","239","7","19","125","88","0"
"214740","Pennsylvania State University-Penn State Dubois","2013","Under 1,000","704","557","147","616","704","191","29","371","113","0","557","184","25","320","28","0","147","7","4","51","85","0"
"214759","Pennsylvania State University-Penn State Fayette- Eberly","2013","Under 1,000","846","653","193","731","846","202","50","510","84","0","653","198","25","417","13","0","193","4","25","93","71","0"
"214768","Pennsylvania State University-Penn State Hazleton","2013","Under 1,000","951","881","70","909","951","363","42","513","33","0","881","360","31","484","6","0","70","3","11","29","27","0"
"214777","Pennsylvania State University-Main Campus","2013","20,000 and above","46615","44639","1976","45406","40085","8043","498","30919","625","6530","38826","8005","477","30061","283","5813","1259","38","21","858","342","717"
"214786","Pennsylvania State University-Penn State Greater Allegheny","2013","Under 1,000","623","562","61","587","623","193","39","356","35","0","562","191","36","326","9","0","61","2","3","30","26","0"
"214795","Pennsylvania State University-Penn State Mont Alto","2013","1,000 - 4,999","1023","737","286","852","1022","321","44","546","111","1","737","307","20","392","18","0","285","14","24","154","93","1"
"214801","Pennsylvania State University-Penn State Abington","2013","1,000 - 4,999","3694","2888","806","3213","3690","923","210","2098","459","4","2888","917","167","1739","65","0","802","6","43","359","394","4"
"214810","Pennsylvania State University-Penn State Schuylkill","2013","Under 1,000","837","658","179","730","837","260","49","487","41","0","658","256","36","348","18","0","179","4","13","139","23","0"
"214829","Pennsylvania State University-Penn State York","2013","1,000 - 4,999","1177","822","355","964","1141","292","47","604","198","36","822","284","38","461","39","0","319","8","9","143","159","36"
"214838","Pace Institute","2013","Under 1,000","65","65","0","65","65","6","10","49","0","0","65","6","10","49","0","0","0","0","0","0","0","0"
"214883","Peirce College","2013","1,000 - 4,999","1796","358","1438","923","1759","51","200","1503","5","37","358","12","60","286","0","0","1401","39","140","1217","5","37"
"214892","Penn Commercial Business/Technical School","2013","Under 1,000","346","346","0","346","346","115","0","231","0","0","346","115","0","231","0","0","0","0","0","0","0","0"
"214944","Pennco Tech-Bristol","2013","Under 1,000","551","384","167","450","551","183","65","303","0","0","384","148","48","188","0","0","167","35","17","115","0","0"
"214962","Pennsylvania Academy of Cosmetology Arts and Sciences-Du Bois","2013","Under 1,000","56","49","7","52","56","20","0","36","0","0","49","17","0","32","0","0","7","3","0","4","0","0"
"214971","Pennsylvania Academy of the Fine Arts","2013","Under 1,000","299","291","8","294","198","39","20","139","0","101","190","39","19","132","0","101","8","0","1","7","0","0"
"215008","Pennsylvania Gunsmith School","2013","Under 1,000","75","75","0","75","75","13","0","62","0","0","75","13","0","62","0","0","0","0","0","0","0","0"
"215026","Pennsylvania Institute of Taxidermy Inc","2013","Under 1,000","6","6","0","6","6","0","0","6","0","0","6","0","0","6","0","0","0","0","0","0","0","0"
"215044","Cortiva Institute-Pennsylvania School of Muscle Therapy","2013","Under 1,000","112","66","46","84","112","53","0","59","0","0","66","27","0","39","0","0","46","26","0","20","0","0"
"215053","Pennsylvania College of Art and Design","2013","Under 1,000","223","208","15","214","223","52","12","158","1","0","208","51","9","148","0","0","15","1","3","10","1","0"
"215062","University of Pennsylvania","2013","20,000 and above","24630","21344","3286","22612","11525","2410","248","7948","919","13105","10319","2353","243","7546","177","11025","1206","57","5","402","742","2080"
"215099","Philadelphia University","2013","1,000 - 4,999","3523","2916","607","3151","2811","550","257","1984","20","712","2531","540","179","1805","7","385","280","10","78","179","13","327"
"215105","The University of the Arts","2013","1,000 - 4,999","2063","1983","80","2014","1890","457","106","1302","25","173","1860","457","106","1280","17","123","30","0","0","22","8","50"
"215114","Cairn University-Langhorne","2013","1,000 - 4,999","1093","826","267","929","844","139","66","635","4","249","779","137","60","582","0","47","65","2","6","53","4","202"
"215123","Philadelphia College of Osteopathic Medicine","2013","1,000 - 4,999","2736","2617","119","2662","0","0","0","0","0","2736","0","0","0","0","0","2617","0","0","0","0","0","119"
"215132","University of the Sciences","2013","1,000 - 4,999","2773","2532","241","2624","1837","440","117","1273","7","936","1814","440","112","1262","0","718","23","0","5","11","7","218"
"215239","Community College of Philadelphia","2013","10,000 - 19,999","19063","5075","13988","9771","19063","4230","495","13479","859","0","5075","1355","223","3459","38","0","13988","2875","272","10020","821","0"
"215266","University of Pittsburgh-Bradford","2013","1,000 - 4,999","1481","1361","120","1409","1481","391","123","942","25","0","1361","389","118","849","5","0","120","2","5","93","20","0"
"215275","University of Pittsburgh-Greensburg","2013","1,000 - 4,999","1677","1564","113","1610","1677","386","154","1137","0","0","1564","386","128","1050","0","0","113","0","26","87","0","0"
"215284","University of Pittsburgh-Johnstown","2013","1,000 - 4,999","2840","2753","87","2788","2840","688","145","2004","3","0","2753","688","137","1926","2","0","87","0","8","78","1","0"
"215293","University of Pittsburgh-Pittsburgh Campus","2013","20,000 and above","28649","25069","3580","26411","18615","3854","887","13563","311","10034","17483","3851","795","12789","48","7586","1132","3","92","774","263","2448"
"215309","University of Pittsburgh-Titusville","2013","Under 1,000","367","297","70","321","367","143","29","191","4","0","297","133","26","135","3","0","70","10","3","56","1","0"
"215336","Beaver Falls Beauty Academy","2013","Under 1,000","49","49","0","49","49","22","0","27","0","0","49","22","0","27","0","0","0","0","0","0","0","0"
"215381","Pittsburgh Institute of Aeronautics","2013","Under 1,000","354","354","0","354","354","107","44","203","0","0","354","107","44","203","0","0","0","0","0","0","0","0"
"215390","Pittsburgh Institute of Mortuary Science Inc","2013","Under 1,000","232","119","113","164","232","89","0","143","0","0","119","75","0","44","0","0","113","14","0","99","0","0"
"215415","Pittsburgh Technical Institute","2013","1,000 - 4,999","1841","1841","0","1841","1841","719","261","861","0","0","1841","719","261","861","0","0","0","0","0","0","0","0"
"215424","Pittsburgh Theological Seminary","2013","Under 1,000","246","199","47","217","0","0","0","0","0","246","0","0","0","0","0","199","0","0","0","0","0","47"
"215433","Prism Career Institute-Upper Darby","2013","Under 1,000","315","262","53","283","315","143","0","172","0","0","262","116","0","146","0","0","53","27","0","26","0","0"
"215442","Point Park University","2013","1,000 - 4,999","3841","2801","1040","3206","3226","548","469","2147","62","615","2551","539","338","1674","0","250","675","9","131","473","62","365"
"215479","Joseph F McCloskey School of Nursing at Schuylkill Health","2013","Under 1,000","64","64","0","64","64","0","0","64","0","0","64","0","0","64","0","0","0","0","0","0","0","0"
"215530","The Salon Professional Academy-Altoona","2013","Under 1,000","29","26","3","27","29","18","0","11","0","0","26","17","0","9","0","0","3","1","0","2","0","0"
"215585","Reading Area Community College","2013","1,000 - 4,999","4538","976","3562","2172","4538","963","382","2683","510","0","976","251","114","582","29","0","3562","712","268","2101","481","0"
"215594","Reading Hospital School of Health Sciences","2013","Under 1,000","367","169","198","248","367","29","0","338","0","0","169","26","0","143","0","0","198","3","0","195","0","0"
"215619","Reconstructionist Rabbinical College","2013","Under 1,000","48","43","5","45","0","0","0","0","0","48","0","0","0","0","0","43","0","0","0","0","0","5"
"215628","Reformed Presbyterian Theological Seminary","2013","Under 1,000","81","37","44","54","0","0","0","0","0","81","0","0","0","0","0","37","0","0","0","0","0","44"
"215637","The Restaurant School at Walnut Hill College","2013","Under 1,000","427","427","0","427","427","333","16","78","0","0","427","333","16","78","0","0","0","0","0","0","0","0"
"215646","Kaplan Career Institute-Broomall","2013","Under 1,000","519","519","0","519","519","108","29","373","9","0","519","108","29","373","9","0","0","0","0","0","0","0"
"215655","Robert Morris University","2013","5,000 - 9,999","5481","3935","1546","4532","4496","994","330","3135","37","985","3935","988","247","2700","0","0","561","6","83","435","37","985"
"215682","Rosedale Technical Institute","2013","Under 1,000","684","684","0","684","684","111","0","573","0","0","684","111","0","573","0","0","0","0","0","0","0","0"
"215691","Rosemont College","2013","Under 1,000","957","526","431","692","531","112","29","370","20","426","411","112","29","268","2","115","120","0","0","102","18","311"
"215743","Saint Francis University","2013","1,000 - 4,999","2344","1781","563","1998","1694","403","1","1261","29","650","1547","400","0","1141","6","234","147","3","1","120","23","416"
"215770","Saint Joseph's University","2013","5,000 - 9,999","8954","5124","3830","6597","5374","1275","211","3779","109","3580","4489","1272","89","3124","4","635","885","3","122","655","105","2945"
"215798","Saint Vincent College","2013","1,000 - 4,999","1813","1654","159","1715","1596","472","43","1017","64","217","1532","472","43","1000","17","122","64","0","0","17","47","95"
"215813","Saint Vincent Seminary","2013","Under 1,000","56","47","9","50","0","0","0","0","0","56","0","0","0","0","0","47","0","0","0","0","0","9"
"215886","Schuylkill Technology Center","2013","Under 1,000","86","84","2","85","86","64","0","22","0","0","84","63","0","21","0","0","2","1","0","1","0","0"
"215929","University of Scranton","2013","5,000 - 9,999","5633","4826","807","5136","3942","881","102","2851","108","1691","3756","878","96","2754","28","1070","186","3","6","97","80","621"
"215947","Seton Hill University","2013","1,000 - 4,999","2357","1685","672","1948","1958","386","121","1043","408","399","1415","380","90","909","36","270","543","6","31","134","372","129"
"215974","University of Pittsburgh Medical Center-Shadyside School of Nursing","2013","Under 1,000","346","269","77","300","346","17","0","329","0","0","269","16","0","253","0","0","77","1","0","76","0","0"
"215983","Sharon Regional Health System School of Nursing","2013","Under 1,000","35","35","0","35","35","19","0","16","0","0","35","19","0","16","0","0","0","0","0","0","0","0"
"215992","Laurel Technical Institute","2013","Under 1,000","285","263","22","272","285","88","59","138","0","0","263","83","54","126","0","0","22","5","5","12","0","0"
"216010","Shippensburg University of Pennsylvania","2013","5,000 - 9,999","7548","6535","1013","6915","6550","1522","387","4584","57","998","6219","1516","346","4337","20","316","331","6","41","247","37","682"
"216038","Slippery Rock University of Pennsylvania","2013","5,000 - 9,999","8347","7411","936","7772","7595","1408","622","5514","51","752","7057","1408","545","5089","15","354","538","0","77","425","36","398"
"216047","Saint Charles Borromeo Seminary-Overbrook","2013","Under 1,000","238","150","88","184","84","10","8","35","31","154","74","10","8","35","21","76","10","0","0","0","10","78"
"216074","South Hills Beauty Academy Inc","2013","Under 1,000","92","31","61","55","92","81","0","11","0","0","31","26","0","5","0","0","61","55","0","6","0","0"
"216083","South Hills School of Business & Technology","2013","Under 1,000","665","607","58","630","665","308","43","311","3","0","607","292","32","281","2","0","58","16","11","30","1","0"
"216162","St Lukes Hospital School of Nursing","2013","Under 1,000","139","139","0","139","139","0","0","139","0","0","139","0","0","139","0","0","0","0","0","0","0","0"
"216223","Stroudsburg School of Cosmetology","2013","Under 1,000","44","35","9","39","44","29","0","15","0","0","35","23","0","12","0","0","9","6","0","3","0","0"
"216278","Susquehanna University","2013","1,000 - 4,999","2187","2129","58","2152","2187","589","30","1519","49","0","2129","589","30","1503","7","0","58","0","0","16","42","0"
"216287","Swarthmore College","2013","1,000 - 4,999","1534","1526","8","1529","1534","388","11","1125","10","0","1526","388","11","1125","2","0","8","0","0","0","8","0"
"216296","Thaddeus Stevens College of Technology","2013","Under 1,000","883","875","8","878","883","403","44","436","0","0","875","402","44","429","0","0","8","1","0","7","0","0"
"216311","Talmudical Yeshiva of Philadelphia","2013","Under 1,000","124","124","0","124","124","38","0","86","0","0","124","38","0","86","0","0","0","0","0","0","0","0"
"216339","Temple University","2013","20,000 and above","37270","31436","5834","33685","28068","4390","2716","20405","557","9202","24743","4380","2391","17830","142","6693","3325","10","325","2575","415","2509"
"216357","Thiel College","2013","1,000 - 4,999","1100","1061","39","1076","1100","303","30","712","55","0","1061","303","26","701","31","0","39","0","4","11","24","0"
"216366","Thomas Jefferson University","2013","1,000 - 4,999","3635","2496","1139","2934","888","0","392","272","224","2747","596","0","379","217","0","1900","292","0","13","55","224","847"
"216418","Fortis Institute-Erie","2013","Under 1,000","851","465","386","618","851","101","69","681","0","0","465","54","42","369","0","0","386","47","27","312","0","0"
"216427","Triangle Tech Inc-Erie","2013","Under 1,000","74","74","0","74","74","42","0","32","0","0","74","42","0","32","0","0","0","0","0","0","0","0"
"216436","Triangle Tech Inc-Pittsburgh","2013","Under 1,000","251","251","0","251","251","107","1","143","0","0","251","107","1","143","0","0","0","0","0","0","0","0"
"216445","Triangle Tech Inc-Greensburg","2013","Under 1,000","171","171","0","171","171","46","12","113","0","0","171","46","12","113","0","0","0","0","0","0","0","0"
"216454","Triangle Tech Inc-Dubois","2013","Under 1,000","184","184","0","184","184","82","17","85","0","0","184","82","17","85","0","0","0","0","0","0","0","0"
"216463","Trinity Episcopal School for Ministry","2013","Under 1,000","154","76","78","106","0","0","0","0","0","154","0","0","0","0","0","76","0","0","0","0","0","78"
"216524","Ursinus College","2013","1,000 - 4,999","1596","1582","14","1587","1596","425","8","1145","18","0","1582","425","8","1141","8","0","14","0","0","4","10","0"
"216542","Valley Forge Christian College","2013","1,000 - 4,999","1004","694","310","815","964","134","10","623","197","40","684","134","6","531","13","10","280","0","4","92","184","30"
"216551","Valley Forge Military College","2013","Under 1,000","268","268","0","268","268","166","18","84","0","0","268","166","18","84","0","0","0","0","0","0","0","0"
"216579","Venus Beauty Academy","2013","Under 1,000","112","112","0","112","112","55","0","57","0","0","112","55","0","57","0","0","0","0","0","0","0","0"
"216597","Villanova University","2013","10,000 - 19,999","10696","7876","2820","8959","7042","1660","115","5081","186","3654","6547","1659","74","4806","8","1329","495","1","41","275","178","2325"
"216630","Washington Hospital School of Nursing","2013","Under 1,000","76","76","0","76","76","0","0","76","0","0","76","0","0","76","0","0","0","0","0","0","0","0"
"216649","Washington Hospital School of Radiography","2013","Under 1,000","25","25","0","25","25","0","0","25","0","0","25","0","0","25","0","0","0","0","0","0","0","0"
"216667","Washington & Jefferson College","2013","1,000 - 4,999","1328","1318","10","1322","1328","326","11","963","28","0","1318","326","11","957","24","0","10","0","0","6","4","0"
"216694","Waynesburg University","2013","1,000 - 4,999","2190","1563","627","1804","1598","407","41","1111","39","592","1481","407","41","1030","3","82","117","0","0","81","36","510"
"216746","Welder Training and Testing Institute","2013","Under 1,000","88","70","18","77","88","42","0","46","0","0","70","32","0","38","0","0","18","10","0","8","0","0"
"216764","West Chester University of Pennsylvania","2013","10,000 - 19,999","15845","13250","2595","14241","13711","2298","1304","9854","255","2134","12463","2292","1144","8996","31","787","1248","6","160","858","224","1347"
"216773","Western Pennsylvania Hospital School of Nursing","2013","Under 1,000","95","95","0","95","95","6","0","89","0","0","95","6","0","89","0","0","0","0","0","0","0","0"
"216782","Sanford-Brown Institute-Pittsburgh","2013","Under 1,000","438","243","195","320","438","29","24","385","0","0","243","26","20","197","0","0","195","3","4","188","0","0"
"216807","Westminster College","2013","1,000 - 4,999","1366","1264","102","1304","1313","309","0","1004","0","53","1254","302","0","952","0","10","59","7","0","52","0","43"
"216816","Westminster Theological Seminary","2013","Under 1,000","588","274","314","394","0","0","0","0","0","588","0","0","0","0","0","274","0","0","0","0","0","314"
"216825","Westmoreland County Community College","2013","5,000 - 9,999","6104","2967","3137","4020","6104","1512","208","3751","633","0","2967","1072","117","1687","91","0","3137","440","91","2064","542","0"
"216852","Widener University-Main Campus","2013","5,000 - 9,999","5025","3573","1452","4134","3424","828","152","2208","236","1601","2875","827","138","1880","30","698","549","1","14","328","206","903"
"216931","Wilkes University","2013","1,000 - 4,999","4665","2670","1995","3434","2388","586","166","1529","107","2277","2181","584","158","1436","3","489","207","2","8","93","104","1788"
"217013","Wilson College","2013","Under 1,000","662","332","330","461","571","71","20","377","103","91","330","70","18","229","13","2","241","1","2","148","90","89"
"217040","Yeshivath Beth Moshe","2013","Under 1,000","52","52","0","52","52","17","1","34","0","0","52","17","1","34","0","0","0","0","0","0","0","0"
"217059","York College Pennsylvania","2013","5,000 - 9,999","5250","4492","758","4788","5010","1071","236","3540","163","240","4453","1070","208","3175","0","39","557","1","28","365","163","201"
"217077","YTI Career Institute-York","2013","1,000 - 4,999","2027","2027","0","2027","2027","609","190","1228","0","0","2027","609","190","1228","0","0","0","0","0","0","0","0"
"217086","Yorktowne Business Institute","2013","Under 1,000","122","115","7","118","122","35","0","87","0","0","115","35","0","80","0","0","7","0","0","7","0","0"
"217095","Empire Beauty School-Providence","2013","Under 1,000","135","100","35","114","135","40","0","95","0","0","100","35","0","65","0","0","35","5","0","30","0","0"
"217156","Brown University","2013","5,000 - 9,999","8943","8527","416","8689","6455","1542","77","4563","273","2488","6168","1542","77","4528","21","2359","287","0","0","35","252","129"
"217165","Bryant University","2013","1,000 - 4,999","3454","3276","178","3345","3287","890","91","2282","24","167","3200","890","83","2227","0","76","87","0","8","55","24","91"
"217235","Johnson & Wales University-Providence","2013","10,000 - 19,999","10369","9594","775","9897","9401","1995","543","6529","334","968","8754","1957","474","6020","303","840","647","38","69","509","31","128"
"217305","New England Institute of Technology","2013","1,000 - 4,999","2933","2436","497","2631","2860","498","147","2215","0","73","2396","498","147","1751","0","40","464","0","0","464","0","33"
"217323","New England Tractor Trailer Training School of Rhode Island","2013","Under 1,000","157","157","0","157","157","133","0","24","0","0","157","133","0","24","0","0","0","0","0","0","0","0"
"217350","Newport School of Hairdressing-Main Campus","2013","Under 1,000","36","0","36","14","36","4","0","32","0","0","0","0","0","0","0","0","36","4","0","32","0","0"
"217402","Providence College","2013","1,000 - 4,999","4665","3982","683","4247","4135","1027","95","2847","166","530","3798","1027","54","2710","7","184","337","0","41","137","159","346"
"217420","Rhode Island College","2013","5,000 - 9,999","8700","5802","2898","6930","7505","1141","646","5466","252","1195","5600","1128","478","3929","65","202","1905","13","168","1537","187","993"
"217475","Community College of Rhode Island","2013","10,000 - 19,999","17699","5459","12240","9568","17699","3376","4451","9029","843","0","5459","1657","1148","2563","91","0","12240","1719","3303","6466","752","0"
"217484","University of Rhode Island","2013","10,000 - 19,999","16387","13662","2725","14711","13354","2991","604","9413","346","3033","11829","2970","521","8237","101","1833","1525","21","83","1176","245","1200"
"217493","Rhode Island School of Design","2013","1,000 - 4,999","2420","2420","0","2420","2005","455","64","1486","0","415","2005","455","64","1486","0","415","0","0","0","0","0","0"
"217518","Roger Williams University","2013","1,000 - 4,999","4732","4041","691","4311","4411","1116","182","3105","8","321","3875","1102","118","2650","5","166","536","14","64","455","3","155"
"217536","Salve Regina University","2013","1,000 - 4,999","2603","1981","622","2220","2026","463","41","1485","37","577","1876","463","41","1372","0","105","150","0","0","113","37","472"
"217572","St Joseph School of Nursing","2013","Under 1,000","122","122","0","122","122","1","0","121","0","0","122","1","0","121","0","0","0","0","0","0","0","0"
"217581","Empire Beauty School-Warwick","2013","Under 1,000","88","62","26","72","88","28","0","60","0","0","62","21","0","41","0","0","26","7","0","19","0","0"
"217606","Northpoint Bible College","2013","Under 1,000","409","320","89","355","396","45","63","250","38","13","315","42","59","214","0","5","81","3","4","36","38","8"
"217615","Aiken Technical College","2013","1,000 - 4,999","2583","955","1628","1502","2583","514","252","1724","93","0","955","254","93","606","2","0","1628","260","159","1118","91","0"
"217624","Allen University","2013","Under 1,000","651","635","16","641","651","180","53","418","0","0","635","179","53","403","0","0","16","1","0","15","0","0"
"217633","Anderson University","2013","1,000 - 4,999","2966","2156","810","2471","2652","505","162","1714","271","314","2131","502","126","1503","0","25","521","3","36","211","271","289"
"217688","Charleston Southern University","2013","1,000 - 4,999","3269","2661","608","2897","2912","656","347","1901","8","357","2601","656","291","1654","0","60","311","0","56","247","8","297"
"217712","Technical College of the Lowcountry","2013","1,000 - 4,999","2427","732","1695","1301","2427","435","315","1512","165","0","732","174","104","430","24","0","1695","261","211","1082","141","0"
"217721","Benedict College","2013","1,000 - 4,999","2512","2470","42","2486","2512","555","109","1848","0","0","2470","554","106","1810","0","0","42","1","3","38","0","0"
"217749","Bob Jones University","2013","1,000 - 4,999","3364","2830","534","3036","2913","678","86","1991","158","451","2691","667","86","1938","0","139","222","11","0","53","158","312"
"217776","Southern Wesleyan University","2013","1,000 - 4,999","1701","1672","29","1683","1333","162","134","1018","19","368","1304","162","133","1009","0","368","29","0","1","9","19","0"
"217794","Charleston Cosmetology Institute","2013","Under 1,000","106","87","19","95","106","20","0","86","0","0","87","16","0","71","0","0","19","4","0","15","0","0"
"217819","College of Charleston","2013","10,000 - 19,999","11619","10022","1597","10632","10488","2116","747","7287","338","1131","9708","2110","688","6823","87","314","780","6","59","464","251","817"
"217828","Charzanne Beauty College","2013","Under 1,000","59","42","17","49","59","46","0","13","0","0","42","36","0","6","0","0","17","10","0","7","0","0"
"217837","Northeastern Technical College","2013","1,000 - 4,999","1153","612","541","794","1153","272","79","671","131","0","612","211","49","344","8","0","541","61","30","327","123","0"
"217864","Citadel Military College of South Carolina","2013","1,000 - 4,999","3598","2668","930","3014","2735","645","117","1898","75","863","2517","645","84","1788","0","151","218","0","33","110","75","712"
"217873","Claflin University","2013","1,000 - 4,999","1884","1807","77","1837","1834","385","99","1319","31","50","1767","385","98","1282","2","40","67","0","1","37","29","10"
"217882","Clemson University","2013","20,000 and above","21303","18963","2340","19846","16931","3289","1144","12368","130","4372","16050","3286","1106","11601","57","2913","881","3","38","767","73","1459"
"217891","Clinton College","2013","Under 1,000","185","182","3","183","185","78","12","95","0","0","182","78","12","92","0","0","3","0","0","3","0","0"
"217907","Coker College","2013","1,000 - 4,999","1172","1010","162","1073","1144","251","121","759","13","28","1007","245","112","650","0","3","137","6","9","109","13","25"
"217925","Columbia International University","2013","1,000 - 4,999","1154","754","400","908","584","103","61","410","10","570","511","102","57","352","0","243","73","1","4","58","10","327"
"217934","Columbia College","2013","1,000 - 4,999","1169","867","302","985","1010","128","143","724","15","159","723","127","55","539","2","144","287","1","88","185","13","15"
"217961","Converse College","2013","1,000 - 4,999","1333","775","558","989","746","232","39","473","2","587","671","231","30","408","2","104","75","1","9","65","0","483"
"217989","Denmark Technical College","2013","1,000 - 4,999","1838","1415","423","1557","1838","449","28","1327","34","0","1415","350","21","1035","9","0","423","99","7","292","25","0"
"217998","Erskine College","2013","Under 1,000","815","744","71","772","605","212","8","354","31","210","565","207","8","350","0","179","40","5","0","4","31","31"
"218025","Florence-Darlington Technical College","2013","5,000 - 9,999","5991","2848","3143","3903","5991","1447","500","3966","78","0","2848","827","265","1750","6","0","3143","620","235","2216","72","0"
"218043","Forrest College","2013","Under 1,000","135","97","38","112","135","36","25","74","0","0","97","28","17","52","0","0","38","8","8","22","0","0"
"218061","Francis Marion University","2013","1,000 - 4,999","4058","3388","670","3647","3714","744","240","2396","334","344","3316","743","222","2276","75","72","398","1","18","120","259","272"
"218070","Furman University","2013","1,000 - 4,999","2953","2722","231","2812","2797","756","46","1975","20","156","2677","755","28","1888","6","45","120","1","18","87","14","111"
"218113","Greenville Technical College","2013","10,000 - 19,999","13448","5452","7996","8137","13448","2275","557","9255","1361","0","5452","1570","315","3518","49","0","7996","705","242","5737","1312","0"
"218140","Horry-Georgetown Technical College","2013","5,000 - 9,999","7660","2911","4749","4505","7660","1105","548","5349","658","0","2911","617","273","2004","17","0","4749","488","275","3345","641","0"
"218159","Kenneth Shuler School of Cosmetology-North Augusta","2013","Under 1,000","85","59","26","69","85","8","0","77","0","0","59","6","0","53","0","0","26","2","0","24","0","0"
"218195","Kenneth Shuler School of Cosmetology and Nails-Columbia","2013","Under 1,000","83","47","36","61","83","8","0","75","0","0","47","5","0","42","0","0","36","3","0","33","0","0"
"218229","Lander University","2013","1,000 - 4,999","2877","2592","285","2704","2792","517","194","2039","42","85","2586","516","175","1893","2","6","206","1","19","146","40","79"
"218238","Limestone College","2013","1,000 - 4,999","3307","2390","917","2750","3241","470","406","2274","91","66","2386","448","302","1633","3","4","855","22","104","641","88","62"
"218265","Lenoir-Rhyne University-Lutheran Theological Southern Seminary","2013","Under 1,000","107","70","37","84","0","0","0","0","0","107","0","0","0","0","0","70","0","0","0","0","0","37"
"218335","Medical University of South Carolina","2013","1,000 - 4,999","2775","2593","182","2659","205","0","72","133","0","2570","203","0","72","131","0","2390","2","0","0","2","0","180"
"218353","Midlands Technical College","2013","10,000 - 19,999","11634","5248","6386","7392","11634","2361","1224","7629","420","0","5248","1568","688","2963","29","0","6386","793","536","4666","391","0"
"218399","Morris College","2013","Under 1,000","824","817","7","820","824","250","48","524","2","0","817","250","48","519","0","0","7","0","0","5","2","0"
"218414","Newberry College","2013","1,000 - 4,999","1039","1007","32","1020","1039","237","73","722","7","0","1007","237","72","698","0","0","32","0","1","24","7","0"
"218441","North Greenville University","2013","1,000 - 4,999","2466","2102","364","2244","2257","504","125","1439","189","209","1993","503","117","1373","0","109","264","1","8","66","189","100"
"218487","Orangeburg Calhoun Technical College","2013","1,000 - 4,999","2718","1244","1474","1739","2718","609","268","1522","319","0","1244","437","144","655","8","0","1474","172","124","867","311","0"
"218520","Piedmont Technical College","2013","5,000 - 9,999","6171","2596","3575","3796","6171","1170","303","3926","772","0","2596","741","159","1581","115","0","3575","429","144","2345","657","0"
"218539","Presbyterian College","2013","1,000 - 4,999","1433","1395","38","1410","1123","296","12","761","54","310","1087","296","12","753","26","308","36","0","0","8","28","2"
"218645","University of South Carolina-Aiken","2013","1,000 - 4,999","3299","2430","869","2776","3175","643","223","2090","219","124","2406","594","152","1660","0","24","769","49","71","430","219","100"
"218654","University of South Carolina-Beaufort","2013","1,000 - 4,999","1724","1376","348","1516","1724","400","150","1166","8","0","1376","371","102","903","0","0","348","29","48","263","8","0"
"218663","University of South Carolina-Columbia","2013","20,000 and above","31964","28022","3942","29517","24180","5046","1353","17588","193","7784","22533","5003","1195","16210","125","5489","1647","43","158","1378","68","2295"
"218672","University of South Carolina-Lancaster","2013","1,000 - 4,999","1811","787","1024","1131","1811","374","77","602","758","0","787","341","54","387","5","0","1024","33","23","215","753","0"
"218681","University of South Carolina-Salkehatchie","2013","1,000 - 4,999","1021","600","421","741","1021","306","56","411","248","0","600","275","41","281","3","0","421","31","15","130","245","0"
"218690","University of South Carolina-Sumter","2013","Under 1,000","924","526","398","660","924","227","77","368","252","0","526","215","53","258","0","0","398","12","24","110","252","0"
"218706","University of South Carolina-Union","2013","Under 1,000","484","236","248","319","484","116","28","141","199","0","236","99","21","98","18","0","248","17","7","43","181","0"
"218724","Coastal Carolina University","2013","5,000 - 9,999","9478","8199","1279","8697","8867","2095","779","5696","297","611","8032","2084","697","5223","28","167","835","11","82","473","269","444"
"218733","South Carolina State University","2013","1,000 - 4,999","3463","2945","518","3142","2937","566","143","2167","61","526","2714","559","132","2019","4","231","223","7","11","148","57","295"
"218742","University of South Carolina-Upstate","2013","5,000 - 9,999","5445","4236","1209","4719","5308","782","690","3480","356","137","4226","755","531","2881","59","10","1082","27","159","599","297","127"
"218751","Sherman College of Straight Chiropractic","2013","Under 1,000","286","286","0","286","0","0","0","0","0","286","0","0","0","0","0","286","0","0","0","0","0","0"
"218821","Spartanburg Methodist College","2013","Under 1,000","818","798","20","806","818","469","45","299","5","0","798","469","42","287","0","0","20","0","3","12","5","0"
"218830","Spartanburg Community College","2013","5,000 - 9,999","5864","2789","3075","3821","5864","1251","493","3290","830","0","2789","889","273","1609","18","0","3075","362","220","1681","812","0"
"218858","Central Carolina Technical College","2013","1,000 - 4,999","4456","1349","3107","2392","4456","786","283","2945","442","0","1349","399","106","831","13","0","3107","387","177","2114","429","0"
"218867","Sumter Beauty College","2013","Under 1,000","28","28","0","28","28","7","0","21","0","0","28","7","0","21","0","0","0","0","0","0","0","0"
"218885","Tri-County Technical College","2013","5,000 - 9,999","6553","3681","2872","4645","6553","2034","430","3366","723","0","3681","1788","261","1598","34","0","2872","246","169","1768","689","0"
"218894","Trident Technical College","2013","10,000 - 19,999","17489","7521","9968","10868","17489","2768","144","12835","1742","0","7521","1893","66","5469","93","0","9968","875","78","7366","1649","0"
"218919","Voorhees College","2013","Under 1,000","536","516","20","524","536","141","84","311","0","0","516","138","78","300","0","0","20","3","6","11","0","0"
"218955","Williamsburg Technical College","2013","Under 1,000","729","287","442","435","729","277","42","394","16","0","287","96","17","174","0","0","442","181","25","220","16","0"
"218964","Winthrop University","2013","5,000 - 9,999","6130","4928","1202","5389","5048","1096","367","3241","344","1082","4432","1096","336","2996","4","496","616","0","31","245","340","586"
"218973","Wofford College","2013","1,000 - 4,999","1615","1598","17","1605","1615","415","19","1176","5","0","1598","415","19","1164","0","0","17","0","0","12","5","0"
"218991","York Technical College","2013","5,000 - 9,999","5030","2478","2552","3335","5030","1266","466","3089","209","0","2478","865","257","1350","6","0","2552","401","209","1739","203","0"
"219000","Augustana College","2013","1,000 - 4,999","1765","1586","179","1656","1697","367","62","1186","82","68","1585","367","55","1127","36","1","112","0","7","59","46","67"
"219037","Black Hills Beauty College","2013","Under 1,000","112","112","0","112","112","24","0","88","0","0","112","24","0","88","0","0","0","0","0","0","0","0"
"219046","Black Hills State University","2013","1,000 - 4,999","4464","2526","1938","3290","4002","619","432","2105","846","462","2487","559","313","1514","101","39","1515","60","119","591","745","423"
"219055","Kilian Community College","2013","Under 1,000","253","34","219","121","253","33","32","148","40","0","34","10","6","18","0","0","219","23","26","130","40","0"
"219082","Dakota State University","2013","1,000 - 4,999","3129","1244","1885","1996","2876","318","259","1166","1133","253","1190","286","118","774","12","54","1686","32","141","392","1121","199"
"219091","Dakota Wesleyan University","2013","Under 1,000","879","714","165","778","810","168","84","502","56","69","699","168","68","462","1","15","111","0","16","40","55","54"
"219125","Headlines Academy Inc","2013","Under 1,000","81","81","0","81","81","23","0","58","0","0","81","23","0","58","0","0","0","0","0","0","0","0"
"219143","Lake Area Technical Institute","2013","1,000 - 4,999","1559","1366","193","1431","1559","696","0","837","26","0","1366","657","0","708","1","0","193","39","0","129","25","0"
"219170","Avera McKennan Hospital School of Radiologic Technology","2013","Under 1,000","20","20","0","20","20","0","0","20","0","0","20","0","0","20","0","0","0","0","0","0","0","0"
"219189","Mitchell Technical Institute","2013","1,000 - 4,999","1203","918","285","1014","1203","397","133","606","67","0","918","374","120","424","0","0","285","23","13","182","67","0"
"219198","Mount Marty College","2013","1,000 - 4,999","1225","652","573","877","1068","126","68","482","392","157","522","107","54","359","2","130","546","19","14","123","390","27"
"219204","National American University-Rapid City","2013","1,000 - 4,999","2306","321","1985","1098","1926","200","510","1203","13","380","196","13","38","144","1","125","1730","187","472","1059","12","255"
"219213","National American University-Sioux Falls","2013","Under 1,000","659","78","581","306","659","60","104","494","1","0","78","4","7","67","0","0","581","56","97","427","1","0"
"219240","Sioux Falls Seminary","2013","Under 1,000","143","54","89","88","0","0","0","0","0","143","0","0","0","0","0","54","0","0","0","0","0","89"
"219259","Northern State University","2013","1,000 - 4,999","3275","1588","1687","2252","2826","387","142","1229","1068","449","1531","356","109","956","110","57","1295","31","33","273","958","392"
"219277","Oglala Lakota College","2013","1,000 - 4,999","1551","884","667","1152","1517","226","88","1136","67","34","884","186","55","636","7","0","633","40","33","500","60","34"
"219295","Presentation College","2013","Under 1,000","791","536","255","636","791","131","153","444","63","0","536","130","110","296","0","0","255","1","43","148","63","0"
"219338","Avera Sacred Heart Hospital","2013","Under 1,000","18","18","0","18","18","0","0","18","0","0","18","0","0","18","0","0","0","0","0","0","0","0"
"219347","South Dakota School of Mines and Technology","2013","1,000 - 4,999","2640","2136","504","2334","2328","553","131","1510","134","312","1950","546","115","1278","11","186","378","7","16","232","123","126"
"219356","South Dakota State University","2013","10,000 - 19,999","12525","9146","3379","10465","10969","2300","566","7182","921","1556","8646","2188","397","6036","25","500","2323","112","169","1146","896","1056"
"219374","Sinte Gleska University","2013","Under 1,000","689","268","421","432","577","180","68","302","27","112","253","95","32","125","1","15","324","85","36","177","26","97"
"219383","University of Sioux Falls","2013","1,000 - 4,999","1408","938","470","1119","1100","237","87","751","25","308","929","236","74","616","3","9","171","1","13","135","22","299"
"219392","Sanford Medical Center","2013","Under 1,000","24","24","0","24","24","0","0","24","0","0","24","0","0","24","0","0","0","0","0","0","0","0"
"219408","Sisseton Wahpeton College","2013","Under 1,000","194","151","43","165","194","55","1","133","5","0","151","50","1","100","0","0","43","5","0","33","5","0"
"219426","Southeast Technical Institute","2013","1,000 - 4,999","2467","1683","784","1946","2467","565","350","1490","62","0","1683","472","237","974","0","0","784","93","113","516","62","0"
"219453","Stewart School","2013","Under 1,000","142","142","0","142","142","78","0","64","0","0","142","78","0","64","0","0","0","0","0","0","0","0"
"219471","University of South Dakota","2013","10,000 - 19,999","10235","6031","4204","7673","7633","1342","635","4472","1184","2602","4732","1225","337","3138","32","1299","2901","117","298","1334","1152","1303"
"219480","Western Dakota Technical Institute","2013","1,000 - 4,999","1030","795","235","874","1030","260","157","587","26","0","795","226","127","432","10","0","235","34","30","155","16","0"
"219505","American Baptist College","2013","Under 1,000","144","99","45","117","141","10","13","118","0","3","98","9","8","81","0","1","43","1","5","37","0","2"
"219578","Aquinas College","2013","Under 1,000","574","220","354","359","505","37","87","362","19","69","189","34","38","112","5","31","316","3","49","250","14","38"
"219587","Arnolds Beauty School","2013","Under 1,000","72","72","0","72","72","21","0","51","0","0","72","21","0","51","0","0","0","0","0","0","0","0"
"219596","Tennessee College of Applied Technology-Athens","2013","Under 1,000","202","202","0","202","202","57","0","145","0","0","202","57","0","145","0","0","0","0","0","0","0","0"
"219602","Austin Peay State University","2013","10,000 - 19,999","10399","7150","3249","8437","9550","1582","899","6790","279","849","6866","1237","551","5067","11","284","2684","345","348","1723","268","565"
"219639","Baptist Memorial College of Health Sciences","2013","1,000 - 4,999","1101","482","619","725","1101","88","203","810","0","0","482","88","130","264","0","0","619","0","73","546","0","0"
"219709","Belmont University","2013","5,000 - 9,999","6915","6102","813","6417","5506","1248","466","3751","41","1409","5117","1243","402","3462","10","985","389","5","64","289","31","424"
"219718","Bethel University","2013","5,000 - 9,999","6634","5282","1352","5811","5124","613","526","3924","61","1510","3971","550","468","2953","0","1311","1153","63","58","971","61","199"
"219790","Bryan College-Dayton","2013","1,000 - 4,999","1704","1249","455","1428","1573","187","31","991","364","131","1129","187","31","885","26","120","444","0","0","106","338","11"
"219806","Carson-Newman University","2013","1,000 - 4,999","2045","1761","284","1870","1713","480","116","1092","25","332","1658","480","116","1037","25","103","55","0","0","55","0","229"
"219824","Chattanooga State Community College","2013","5,000 - 9,999","9910","4414","5496","6259","9910","1638","658","5928","1686","0","4414","1156","303","2808","147","0","5496","482","355","3120","1539","0"
"219833","Christian Brothers University","2013","1,000 - 4,999","1577","1135","442","1305","1168","263","69","824","12","409","1021","262","45","711","3","114","147","1","24","113","9","295"
"219842","Pentecostal Theological Seminary","2013","Under 1,000","205","121","84","153","0","0","0","0","0","205","0","0","0","0","0","121","0","0","0","0","0","84"
"219879","Cleveland State Community College","2013","1,000 - 4,999","3790","1885","1905","2525","3790","743","197","2038","812","0","1885","669","132","1069","15","0","1905","74","65","969","797","0"
"219888","Columbia State Community College","2013","5,000 - 9,999","5225","2264","2961","3258","5225","982","311","3024","908","0","2264","750","132","1351","31","0","2961","232","179","1673","877","0"
"219903","Concorde Career College-Memphis","2013","1,000 - 4,999","1313","1313","0","1313","1313","328","0","985","0","0","1313","328","0","985","0","0","0","0","0","0","0","0"
"219921","Tennessee College of Applied Technology-Covington","2013","Under 1,000","203","114","89","144","203","60","0","143","0","0","114","47","0","67","0","0","89","13","0","76","0","0"
"219949","Cumberland University","2013","1,000 - 4,999","1501","1099","402","1255","1269","212","210","776","71","232","1056","212","161","683","0","43","213","0","49","93","71","189"
"219976","Lipscomb University","2013","1,000 - 4,999","4580","3403","1177","3856","2890","684","176","2014","16","1690","2590","683","148","1755","4","813","300","1","28","259","12","877"
"219994","Tennessee College of Applied Technology-Dickson","2013","Under 1,000","481","445","36","457","481","289","0","192","0","0","445","270","0","175","0","0","36","19","0","17","0","0"
"220002","Daymar Institute-Nashville","2013","Under 1,000","141","108","33","121","141","11","29","101","0","0","108","11","28","69","0","0","33","0","1","32","0","0"
"220057","Dyersburg State Community College","2013","1,000 - 4,999","3258","1292","1966","1952","3258","628","167","1567","896","0","1292","407","101","773","11","0","1966","221","66","794","885","0"
"220075","East Tennessee State University","2013","10,000 - 19,999","14691","11577","3114","12791","11820","1881","1132","8386","421","2871","9727","1849","893","6940","45","1850","2093","32","239","1446","376","1021"
"220118","Chattanooga College Medical Dental and Technical Careers","2013","Under 1,000","345","345","0","345","345","28","0","192","125","0","345","28","0","192","125","0","0","0","0","0","0","0"
"220127","Tennessee College of Applied Technology-Elizabethton","2013","Under 1,000","533","435","98","468","533","192","0","329","12","0","435","160","0","275","0","0","98","32","0","54","12","0"
"220136","Emmanuel Christian Seminary","2013","Under 1,000","124","51","73","79","0","0","0","0","0","124","0","0","0","0","0","51","0","0","0","0","0","73"
"220163","Fayetteville College of Cosmetology Arts and Sciences","2013","Under 1,000","71","14","57","37","71","42","0","29","0","0","14","13","0","1","0","0","57","29","0","28","0","0"
"220181","Fisk University","2013","Under 1,000","646","612","34","625","611","232","49","330","0","35","589","230","49","310","0","23","22","2","0","20","0","12"
"220206","Welch College","2013","Under 1,000","338","234","104","275","338","63","30","177","68","0","234","62","26","146","0","0","104","1","4","31","68","0"
"220215","Freed-Hardeman University","2013","1,000 - 4,999","1811","1363","448","1535","1385","356","65","869","95","426","1262","355","63","844","0","101","123","1","2","25","95","325"
"220251","Tennessee College of Applied Technology-Harriman","2013","Under 1,000","250","227","23","235","250","202","0","48","0","0","227","201","0","26","0","0","23","1","0","22","0","0"
"220279","Tennessee College of Applied Technology-Hartsville","2013","Under 1,000","558","216","342","331","558","106","0","163","289","0","216","88","0","128","0","0","342","18","0","35","289","0"
"220312","Hiwassee College","2013","Under 1,000","364","207","157","269","364","83","30","109","142","0","207","80","27","100","0","0","157","3","3","9","142","0"
"220321","Tennessee College of Applied Technology-Hohenwald","2013","Under 1,000","363","309","54","327","363","62","0","301","0","0","309","61","0","248","0","0","54","1","0","53","0","0"
"220394","Tennessee College of Applied Technology-Jacksboro","2013","Under 1,000","246","223","23","231","246","99","0","147","0","0","223","81","0","142","0","0","23","18","0","5","0","0"
"220400","Jackson State Community College","2013","1,000 - 4,999","4587","2020","2567","2882","4587","874","249","2290","1174","0","2020","725","163","1112","20","0","2567","149","86","1178","1154","0"
"220464","John A Gupton College","2013","Under 1,000","122","72","50","92","122","23","63","36","0","0","72","21","40","11","0","0","50","2","23","25","0","0"
"220473","Johnson University","2013","1,000 - 4,999","1031","859","172","925","830","162","76","588","4","201","781","162","72","547","0","78","49","0","4","41","4","123"
"220491","Paul Mitchell the School-Nashville","2013","Under 1,000","168","138","30","150","168","7","0","161","0","0","138","6","0","132","0","0","30","1","0","29","0","0"
"220516","King University","2013","1,000 - 4,999","2575","2369","206","2449","2191","237","523","1361","70","384","2040","233","508","1296","3","329","151","4","15","65","67","55"
"220552","South College","2013","1,000 - 4,999","1116","1116","0","1116","710","183","0","525","2","406","710","183","0","525","2","406","0","0","0","0","0","0"
"220570","Knoxville Institute of Hair Design","2013","Under 1,000","40","23","17","30","40","11","0","29","0","0","23","5","0","18","0","0","17","6","0","11","0","0"
"220598","Lane College","2013","1,000 - 4,999","1554","1534","20","1542","1554","405","144","1005","0","0","1534","405","142","987","0","0","20","0","2","18","0","0"
"220604","Le Moyne-Owen College","2013","1,000 - 4,999","1023","879","144","936","1023","159","125","725","14","0","879","149","106","622","2","0","144","10","19","103","12","0"
"220613","Lee University","2013","1,000 - 4,999","4922","3997","925","4358","4550","812","272","3059","407","372","3830","808","259","2761","2","167","720","4","13","298","405","205"
"220631","Lincoln Memorial University","2013","1,000 - 4,999","3952","2983","969","3359","1713","191","271","1170","81","2239","1185","121","169","883","12","1798","528","70","102","287","69","441"
"220640","Tennessee College of Applied Technology-Livingston","2013","Under 1,000","442","247","195","312","442","109","0","210","123","0","247","95","0","152","0","0","195","14","0","58","123","0"
"220701","Martin Methodist College","2013","1,000 - 4,999","1144","1016","128","1066","1144","338","104","702","0","0","1016","335","98","583","0","0","128","3","6","119","0","0"
"220710","Maryville College","2013","1,000 - 4,999","1168","1132","36","1146","1168","349","60","730","29","0","1132","349","60","723","0","0","36","0","0","7","29","0"
"220756","Tennessee College of Applied Technology-McKenzie","2013","Under 1,000","168","166","2","167","168","42","0","126","0","0","166","42","0","124","0","0","2","0","0","2","0","0"
"220765","Genesis Career College-Cookeville","2013","Under 1,000","518","465","53","486","518","156","0","362","0","0","465","139","0","326","0","0","53","17","0","36","0","0"
"220792","Meharry Medical College","2013","Under 1,000","801","801","0","801","0","0","0","0","0","801","0","0","0","0","0","801","0","0","0","0","0","0"
"220808","Memphis College of Art","2013","Under 1,000","428","353","75","382","368","115","25","227","1","60","325","111","18","196","0","28","43","4","7","31","1","32"
"220853","Tennessee College of Applied Technology-Memphis","2013","Under 1,000","817","688","129","731","817","328","0","489","0","0","688","270","0","418","0","0","129","58","0","71","0","0"
"220862","University of Memphis","2013","20,000 and above","21480","14385","7095","17157","17223","2078","1441","12659","1045","4257","12318","2025","1030","9226","37","2067","4905","53","411","3433","1008","2190"
"220871","Memphis Theological Seminary","2013","Under 1,000","292","181","111","223","0","0","0","0","0","292","0","0","0","0","0","181","0","0","0","0","0","111"
"220978","Middle Tennessee State University","2013","20,000 and above","23881","18280","5601","20464","21162","3179","1907","15828","248","2719","17381","3129","1489","12736","27","899","3781","50","418","3092","221","1820"
"220996","Middle Tennessee School of Anesthesia Inc","2013","Under 1,000","142","142","0","142","0","0","0","0","0","142","0","0","0","0","0","142","0","0","0","0","0","0"
"221014","Milligan College","2013","1,000 - 4,999","1198","1086","112","1130","973","206","81","646","40","225","884","206","71","603","4","202","89","0","10","43","36","23"
"221050","Tennessee College of Applied Technology-Morristown","2013","Under 1,000","638","436","202","504","638","135","0","503","0","0","436","108","0","328","0","0","202","27","0","175","0","0"
"221096","Motlow State Community College","2013","1,000 - 4,999","4900","1979","2921","2960","4900","1143","349","2409","999","0","1979","852","135","964","28","0","2921","291","214","1445","971","0"
"221102","Tennessee College of Applied Technology-Murfreesboro","2013","Under 1,000","335","270","65","292","335","274","0","61","0","0","270","216","0","54","0","0","65","58","0","7","0","0"
"221148","Lincoln College of Technology-Nashville","2013","1,000 - 4,999","1856","1856","0","1856","1856","242","37","1577","0","0","1856","242","37","1577","0","0","0","0","0","0","0","0"
"221157","Nashville College of Medical Careers","2013","Under 1,000","164","164","0","164","164","62","0","102","0","0","164","62","0","102","0","0","0","0","0","0","0","0"
"221184","Nashville State Community College","2013","10,000 - 19,999","10007","3343","6664","5580","10007","1507","875","5967","1658","0","3343","844","383","2035","81","0","6664","663","492","3932","1577","0"
"221236","Tennessee College of Applied Technology-Newbern","2013","Under 1,000","340","202","138","248","340","117","0","123","100","0","202","84","0","118","0","0","138","33","0","5","100","0"
"221254","O'More College of Design","2013","Under 1,000","180","146","34","159","180","27","7","145","1","0","146","26","6","114","0","0","34","1","1","31","1","0"
"221281","Tennessee College of Applied Technology-Paris","2013","Under 1,000","272","246","26","255","272","63","0","208","1","0","246","62","0","184","0","0","26","1","0","24","1","0"
"221290","Plaza Beauty School","2013","Under 1,000","137","72","65","98","137","44","0","93","0","0","72","27","0","45","0","0","65","17","0","48","0","0"
"221333","Tennessee College of Applied Technology-Pulaski","2013","Under 1,000","697","177","520","352","697","57","0","143","497","0","177","49","0","128","0","0","520","8","0","15","497","0"
"221351","Rhodes College","2013","1,000 - 4,999","2040","2027","13","2032","2027","545","17","1450","15","13","2014","545","17","1444","8","13","13","0","0","6","7","0"
"221388","Tennessee College of Applied Technology-Ripley","2013","Under 1,000","176","115","61","135","176","39","0","87","50","0","115","35","0","80","0","0","61","4","0","7","50","0"
"221397","Roane State Community College","2013","5,000 - 9,999","6214","2535","3679","3770","6214","1304","326","3322","1262","0","2535","888","128","1508","11","0","3679","416","198","1814","1251","0"
"221430","Tennessee College of Applied Technology-Crump","2013","Under 1,000","249","205","44","220","249","105","0","105","39","0","205","100","0","102","3","0","44","5","0","3","36","0"
"221485","Southwest Tennessee Community College","2013","10,000 - 19,999","10817","4732","6085","6775","10817","2212","679","7326","600","0","4732","1366","317","3006","43","0","6085","846","362","4320","557","0"
"221494","Tennessee College of Applied Technology-Shelbyville","2013","Under 1,000","436","330","106","366","436","194","0","242","0","0","330","163","0","167","0","0","106","31","0","75","0","0"
"221519","Sewanee-The University of the South","2013","1,000 - 4,999","1701","1669","32","1681","1620","488","21","1090","21","81","1602","488","21","1088","5","67","18","0","0","2","16","14"
"221582","Tennessee College of Applied Technology-Oneida-Huntsville","2013","Under 1,000","322","151","171","208","322","176","0","146","0","0","151","70","0","81","0","0","171","106","0","65","0","0"
"221591","Tennessee College of Applied Technology-Crossville","2013","Under 1,000","297","239","58","258","297","167","0","103","27","0","239","148","0","91","0","0","58","19","0","12","27","0"
"221607","Tennessee College of Applied Technology-McMinnville","2013","Under 1,000","270","160","110","197","270","83","0","105","82","0","160","73","0","87","0","0","110","10","0","18","82","0"
"221616","Tennessee College of Applied Technology-Jackson","2013","Under 1,000","425","425","0","425","425","207","0","218","0","0","425","207","0","218","0","0","0","0","0","0","0","0"
"221625","Tennessee College of Applied Technology-Knoxville","2013","Under 1,000","760","536","224","611","760","342","0","418","0","0","536","182","0","354","0","0","224","160","0","64","0","0"
"221634","Tennessee College of Applied Technology-Whiteville","2013","Under 1,000","184","174","10","177","184","52","0","132","0","0","174","49","0","125","0","0","10","3","0","7","0","0"
"221643","Pellissippi State Community College","2013","10,000 - 19,999","10704","5211","5493","7055","10704","2142","699","5935","1928","0","5211","1767","401","2981","62","0","5493","375","298","2954","1866","0"
"221661","Southern Adventist University","2013","1,000 - 4,999","3255","2544","711","2821","2825","490","221","1982","132","430","2348","480","185","1682","1","196","477","10","36","300","131","234"
"221670","Southern College of Optometry","2013","Under 1,000","508","508","0","508","0","0","0","0","0","508","0","0","0","0","0","508","0","0","0","0","0","0"
"221731","Tennessee Wesleyan College","2013","1,000 - 4,999","1084","991","93","1027","1068","211","178","679","0","16","991","208","157","626","0","0","77","3","21","53","0","16"
"221740","The University of Tennessee-Chattanooga","2013","10,000 - 19,999","11674","9676","1998","10450","10297","2342","829","7013","113","1377","9066","2335","623","6085","23","610","1231","7","206","928","90","767"
"221759","The University of Tennessee-Knoxville","2013","20,000 and above","30030","26283","3747","27696","21182","4276","1528","15144","234","8848","19799","4261","1357","14067","114","6484","1383","15","171","1077","120","2364"
"221768","The University of Tennessee-Martin","2013","5,000 - 9,999","7423","5988","1435","6553","7025","1308","421","4825","471","398","5927","1301","366","4252","8","61","1098","7","55","573","463","337"
"221795","Fountainhead College of Technology","2013","Under 1,000","180","180","0","180","180","51","47","82","0","0","180","51","47","82","0","0","0","0","0","0","0","0"
"221829","Tennessee School of Beauty of Knoxville Inc","2013","Under 1,000","173","173","0","173","173","68","0","105","0","0","173","68","0","105","0","0","0","0","0","0","0","0"
"221838","Tennessee State University","2013","5,000 - 9,999","8883","6269","2614","7273","6816","1363","657","4649","147","2067","5427","1326","403","3679","19","842","1389","37","254","970","128","1225"
"221847","Tennessee Technological University","2013","10,000 - 19,999","11118","9521","1597","10137","10052","2175","652","7000","225","1066","9140","2161","593","6369","17","381","912","14","59","631","208","685"
"221856","Tennessee Temple University","2013","1,000 - 4,999","1010","576","434","745","743","186","89","429","39","267","451","130","55","266","0","125","292","56","34","163","39","142"
"221892","Trevecca Nazarene University","2013","1,000 - 4,999","2406","1687","719","1967","1492","246","73","1129","44","914","1016","245","71","683","17","671","476","1","2","446","27","243"
"221908","Northeast State Community College","2013","5,000 - 9,999","5893","3111","2782","4045","5893","1019","336","3697","841","0","3111","855","205","2030","21","0","2782","164","131","1667","820","0"
"221953","Tusculum College","2013","1,000 - 4,999","2055","1928","127","1978","1844","318","74","1452","0","211","1741","313","72","1356","0","187","103","5","2","96","0","24"
"221971","Union University","2013","1,000 - 4,999","3993","3047","946","3415","2826","366","747","1452","261","1167","2175","315","559","1300","1","872","651","51","188","152","260","295"
"221980","New Concepts School of Cosmetology","2013","Under 1,000","124","2","122","50","124","104","0","20","0","0","2","1","0","1","0","0","122","103","0","19","0","0"
"221999","Vanderbilt University","2013","10,000 - 19,999","12757","11965","792","12268","6835","1613","206","4975","41","5922","6764","1613","205","4937","9","5201","71","0","1","38","32","721"
"222026","Volunteer Beauty Academy-Dyersburg","2013","Under 1,000","59","33","26","43","59","13","0","46","0","0","33","4","0","29","0","0","26","9","0","17","0","0"
"222053","Volunteer State Community College","2013","5,000 - 9,999","8153","3447","4706","5027","8153","1563","532","4320","1738","0","3447","1142","278","2000","27","0","4706","421","254","2320","1711","0"
"222062","Walters State Community College","2013","5,000 - 9,999","6265","3171","3094","4210","6265","1363","178","3248","1476","0","3171","1196","104","1829","42","0","3094","167","74","1419","1434","0"
"222099","West Tennessee Business College","2013","Under 1,000","212","209","3","210","212","93","0","119","0","0","209","93","0","116","0","0","3","0","0","3","0","0"
"222105","William Moore College of Technology","2013","Under 1,000","219","86","133","139","219","133","0","86","0","0","86","61","0","25","0","0","133","72","0","61","0","0"
"222178","Abilene Christian University","2013","1,000 - 4,999","4461","3831","630","4074","3727","1030","116","2501","80","734","3510","1026","115","2361","8","321","217","4","1","140","72","413"
"222567","Alvin Community College","2013","5,000 - 9,999","5118","1459","3659","2687","5118","1106","1511","1610","891","0","1459","431","440","461","127","0","3659","675","1071","1149","764","0"
"222576","Amarillo College","2013","10,000 - 19,999","10873","3175","7698","5760","10873","1485","305","8219","864","0","3175","838","123","2051","163","0","7698","647","182","6168","701","0"
"222628","Amberton University","2013","1,000 - 4,999","1403","653","750","941","261","0","67","194","0","1142","143","0","37","106","0","510","118","0","30","88","0","632"
"222822","Angelina College","2013","5,000 - 9,999","5490","2081","3409","3226","5490","1208","275","2720","1287","0","2081","796","123","1104","58","0","3409","412","152","1616","1229","0"
"222831","Angelo State University","2013","5,000 - 9,999","6536","5177","1359","5701","5473","1220","537","3673","43","1063","4698","1207","458","3033","0","479","775","13","79","640","43","584"
"222877","Arlington Baptist College","2013","Under 1,000","245","218","27","229","231","44","28","158","1","14","207","43","26","138","0","11","24","1","2","20","1","3"
"222886","Arlington Career Institute","2013","Under 1,000","235","186","49","205","235","166","0","69","0","0","186","134","0","52","0","0","49","32","0","17","0","0"
"222938","The Art Institute of Houston","2013","1,000 - 4,999","2338","1680","658","1938","2338","464","359","1477","38","0","1680","379","276","1025","0","0","658","85","83","452","38","0"
"222983","Austin College","2013","1,000 - 4,999","1223","1220","3","1221","1207","364","25","817","1","16","1204","364","25","815","0","16","3","0","0","2","1","0"
"222992","Austin Community College District","2013","20,000 and above","41627","9476","32151","20270","41627","5650","3691","23374","8912","0","9476","2396","1331","5327","422","0","32151","3254","2360","18047","8490","0"
"223001","Austin Presbyterian Theological Seminary","2013","Under 1,000","140","101","39","116","0","0","0","0","0","140","0","0","0","0","0","101","0","0","0","0","0","39"
"223056","Baldwin Beauty School-South Austin","2013","Under 1,000","76","76","0","76","76","71","0","5","0","0","76","71","0","5","0","0","0","0","0","0","0","0"
"223083","Baptist Health System School of Health Professions","2013","Under 1,000","444","444","0","444","444","0","78","366","0","0","444","0","78","366","0","0","0","0","0","0","0","0"
"223117","Baptist Missionary Association Theological Seminary","2013","Under 1,000","123","41","82","73","55","5","12","38","0","68","19","0","6","13","0","22","36","5","6","25","0","46"
"223223","Baylor College of Medicine","2013","1,000 - 4,999","1552","1552","0","1552","0","0","0","0","0","1552","0","0","0","0","0","1552","0","0","0","0","0","0"
"223232","Baylor University","2013","10,000 - 19,999","15616","15016","600","15248","13292","3190","487","9544","71","2324","13059","3189","484","9360","26","1957","233","1","3","184","45","367"
"223320","Coastal Bend College","2013","1,000 - 4,999","3533","1374","2159","2099","3533","463","195","1626","1249","0","1374","350","127","831","66","0","2159","113","68","795","1183","0"
"223427","Blinn College","2013","10,000 - 19,999","18561","9503","9058","12544","18561","9119","334","7211","1897","0","9503","5592","148","3676","87","0","9058","3527","186","3535","1810","0"
"223463","Remington College-Dallas Campus","2013","Under 1,000","904","904","0","904","904","330","13","561","0","0","904","330","13","561","0","0","0","0","0","0","0","0"
"223472","Vet Tech Institute of Houston","2013","Under 1,000","196","196","0","196","196","23","43","130","0","0","196","23","43","130","0","0","0","0","0","0","0","0"
"223506","Brazosport College","2013","1,000 - 4,999","4127","966","3161","2242","4127","639","230","2348","910","0","966","262","77","606","21","0","3161","377","153","1742","889","0"
"223524","Brookhaven College","2013","10,000 - 19,999","12319","2342","9977","5692","12319","1511","979","7875","1954","0","2342","586","203","1318","235","0","9977","925","776","6557","1719","0"
"223773","Cedar Valley College","2013","5,000 - 9,999","6676","1564","5112","3280","6676","815","498","4520","843","0","1564","399","166","831","168","0","5112","416","332","3689","675","0"
"223816","Central Texas College","2013","20,000 and above","21647","3754","17893","9761","21647","3515","1854","10707","5571","0","3754","588","311","1814","1041","0","17893","2927","1543","8893","4530","0"
"223852","Charles and Sues School of Hair Design","2013","Under 1,000","19","19","0","19","19","14","0","5","0","0","19","14","0","5","0","0","0","0","0","0","0","0"
"223898","Cisco College","2013","1,000 - 4,999","3617","1603","2014","2279","3617","1026","304","2166","121","0","1603","426","166","968","43","0","2014","600","138","1198","78","0"
"223922","Clarendon College","2013","1,000 - 4,999","1214","576","638","790","1214","517","87","610","0","0","576","250","34","292","0","0","638","267","53","318","0","0"
"224004","Concordia University-Texas","2013","1,000 - 4,999","2565","1145","1420","1692","1531","192","195","1106","38","1034","1118","180","152","785","1","27","413","12","43","321","37","1007"
"224013","Conlee's College of Cosmetology","2013","Under 1,000","51","32","19","40","51","37","0","14","0","0","32","27","0","5","0","0","19","10","0","9","0","0"
"224110","North Central Texas College","2013","10,000 - 19,999","10335","3792","6543","5989","10335","2663","1257","6221","194","0","3792","971","479","2322","20","0","6543","1692","778","3899","174","0"
"224147","Texas A & M University-Corpus Christi","2013","10,000 - 19,999","10913","7841","3072","9032","9152","2087","907","6143","15","1761","7237","2033","593","4608","3","604","1915","54","314","1535","12","1157"
"224156","Cosmetology Career Center LLC","2013","Under 1,000","215","215","0","215","215","72","0","143","0","0","215","72","0","143","0","0","0","0","0","0","0","0"
"224183","Court Reporting Institute of Dallas","2013","Under 1,000","183","13","170","80","183","8","0","175","0","0","13","6","0","7","0","0","170","2","0","168","0","0"
"224226","Dallas Baptist University","2013","5,000 - 9,999","5422","3113","2309","4006","3435","492","285","2598","60","1987","2463","488","250","1710","15","650","972","4","35","888","45","1337"
"224244","Dallas Christian College","2013","Under 1,000","316","229","87","263","316","48","56","212","0","0","229","43","42","144","0","0","87","5","14","68","0","0"
"224271","Dallas Institute of Funeral Service","2013","Under 1,000","114","114","0","114","114","25","23","66","0","0","114","25","23","66","0","0","0","0","0","0","0","0"
"224305","Dallas Theological Seminary","2013","1,000 - 4,999","2111","901","1210","1363","0","0","0","0","0","2111","0","0","0","0","0","901","0","0","0","0","0","1210"
"224323","University of Dallas","2013","1,000 - 4,999","2598","1705","893","2046","1380","380","54","940","6","1218","1365","380","54","929","2","340","15","0","0","11","4","878"
"224350","Del Mar College","2013","10,000 - 19,999","10502","3048","7454","5551","10502","1218","560","8724","0","0","3048","560","248","2240","0","0","7454","658","312","6484","0","0"
"224439","Career Point College","2013","1,000 - 4,999","1208","1208","0","1208","1208","529","0","0","679","0","1208","529","0","0","679","0","0","0","0","0","0","0"
"224527","East Texas Baptist University","2013","1,000 - 4,999","1247","1086","161","1149","1196","345","82","705","64","51","1066","340","78","646","2","20","130","5","4","59","62","31"
"224545","Texas A & M University-Texarkana","2013","1,000 - 4,999","1842","1002","840","1326","1401","158","262","971","10","441","924","155","191","577","1","78","477","3","71","394","9","363"
"224554","Texas A & M University-Commerce","2013","10,000 - 19,999","11591","6549","5042","8448","6969","939","1131","4881","18","4622","5178","920","787","3466","5","1371","1791","19","344","1415","13","3251"
"224572","Eastfield College","2013","10,000 - 19,999","14529","3338","11191","7095","14529","1925","778","9410","2416","0","3338","813","215","1942","368","0","11191","1112","563","7468","2048","0"
"224615","El Centro College","2013","10,000 - 19,999","10771","1992","8779","4939","10771","1206","653","6995","1917","0","1992","419","167","1202","204","0","8779","787","486","5793","1713","0"
"224642","El Paso Community College","2013","20,000 and above","30468","9792","20676","16734","30468","4918","1668","22804","1078","0","9792","2798","649","6255","90","0","20676","2120","1019","16549","988","0"
"224660","Western Technical College","2013","Under 1,000","651","500","151","560","651","246","142","263","0","0","500","185","120","195","0","0","151","61","22","68","0","0"
"224679","Western Technical College","2013","Under 1,000","815","649","166","715","815","183","28","604","0","0","649","161","26","462","0","0","166","22","2","142","0","0"
"224712","Episcopal Theological Seminary of the Southwest","2013","Under 1,000","102","43","59","66","0","0","0","0","0","102","0","0","0","0","0","43","0","0","0","0","0","59"
"224758","Exposito School of Hair Design","2013","Under 1,000","58","42","16","48","58","28","0","30","0","0","42","24","0","18","0","0","16","4","0","12","0","0"
"224776","South University-The Art Institute of Dallas","2013","1,000 - 4,999","1423","1089","334","1220","1408","343","186","879","0","15","1089","309","144","636","0","0","319","34","42","243","0","15"
"224828","Fort Worth Beauty School","2013","Under 1,000","60","27","33","40","60","58","0","2","0","0","27","26","0","1","0","0","33","32","0","1","0","0"
"224891","Frank Phillips College","2013","1,000 - 4,999","1148","501","647","718","1148","156","75","336","581","0","501","138","58","164","141","0","647","18","17","172","440","0"
"224961","Galveston College","2013","1,000 - 4,999","2131","577","1554","1099","2131","305","275","1278","273","0","577","161","121","294","1","0","1554","144","154","984","272","0"
"225070","Grayson College","2013","5,000 - 9,999","5014","2101","2913","3079","5014","865","357","2745","1047","0","2101","611","206","1195","89","0","2913","254","151","1550","958","0"
"225201","Hallmark College","2013","Under 1,000","735","735","0","735","729","81","106","526","16","6","729","81","106","526","16","6","0","0","0","0","0","0"
"225247","Hardin-Simmons University","2013","1,000 - 4,999","2220","1792","428","1958","1772","414","139","1137","82","448","1556","413","128","1015","0","236","216","1","11","122","82","212"
"225308","Trinity Valley Community College","2013","5,000 - 9,999","5172","2685","2487","3520","5172","1320","755","2883","214","0","2685","894","365","1383","43","0","2487","426","390","1500","171","0"
"225371","Hill College","2013","1,000 - 4,999","4495","1928","2567","2790","4495","730","427","2423","915","0","1928","547","223","1116","42","0","2567","183","204","1307","873","0"
"225399","Houston Baptist University","2013","1,000 - 4,999","2910","2315","595","2544","2171","568","226","1371","6","739","2005","567","220","1217","1","310","166","1","6","154","5","429"
"225414","University of Houston-Clear Lake","2013","5,000 - 9,999","8164","3711","4453","5436","4853","0","1036","3655","162","3311","2130","0","494","1607","29","1581","2723","0","542","2048","133","1730"
"225423","Houston Community College","2013","20,000 and above","57978","17728","40250","31241","57978","8621","4364","44757","236","0","17728","3791","1685","12225","27","0","40250","4830","2679","32532","209","0"
"225432","University of Houston-Downtown","2013","10,000 - 19,999","13757","6937","6820","9680","13486","1130","2287","9880","189","271","6896","1007","1075","4793","21","41","6590","123","1212","5087","168","230"
"225502","University of Houston-Victoria","2013","1,000 - 4,999","4491","1848","2643","2864","2889","288","485","2106","10","1602","1466","281","232","951","2","382","1423","7","253","1155","8","1220"
"225511","University of Houston","2013","20,000 and above","39540","28486","11054","32856","31706","3434","3394","23529","1349","7834","22829","3321","2291","16863","354","5657","8877","113","1103","6666","995","2177"
"225520","Howard College","2013","1,000 - 4,999","4130","1095","3035","2114","4130","574","257","3213","86","0","1095","346","93","623","33","0","3035","228","164","2590","53","0"
"225548","Howard Payne University","2013","1,000 - 4,999","1170","1020","150","1079","1100","347","61","651","41","70","983","342","50","589","2","37","117","5","11","62","39","33"
"225575","Huston-Tillotson University","2013","Under 1,000","973","840","133","892","926","228","135","561","2","47","840","223","122","494","1","0","86","5","13","67","1","47"
"225627","University of the Incarnate Word","2013","5,000 - 9,999","8685","5254","3431","6590","6491","1045","744","4557","145","2194","4201","997","264","2897","43","1053","2290","48","480","1660","102","1141"
"225779","International Business College-El Paso","2013","Under 1,000","196","167","29","179","196","117","0","79","0","0","167","96","0","71","0","0","29","21","0","8","0","0"
"225788","International Business College-El Paso","2013","Under 1,000","195","111","84","144","195","168","0","27","0","0","111","95","0","16","0","0","84","73","0","11","0","0"
"225849","ITT Technical Institute-Arlington","2013","Under 1,000","612","498","114","543","612","93","17","502","0","0","498","82","14","402","0","0","114","11","3","100","0","0"
"225858","ITT Technical Institute-Houston West","2013","Under 1,000","609","550","59","573","609","98","8","503","0","0","550","93","7","450","0","0","59","5","1","53","0","0"
"225876","Jacksonville College-Main Campus","2013","Under 1,000","524","266","258","368","524","147","26","123","228","0","266","139","20","107","0","0","258","8","6","16","228","0"
"225885","Jarvis Christian College","2013","Under 1,000","609","569","40","585","609","138","62","378","31","0","569","136","61","372","0","0","40","2","1","6","31","0"
"225991","KD College Conservatory of Film and Dramatic Arts","2013","Under 1,000","153","153","0","153","153","24","42","87","0","0","153","24","42","87","0","0","0","0","0","0","0","0"
"226019","Kilgore College","2013","5,000 - 9,999","5867","2623","3244","3712","5867","1179","372","4213","103","0","2623","847","221","1536","19","0","3244","332","151","2677","84","0"
"226091","Lamar University","2013","10,000 - 19,999","14035","7356","6679","9888","9382","1451","742","6982","207","4653","6604","1400","422","4782","0","752","2778","51","320","2200","207","3901"
"226107","Lamar State College-Orange","2013","1,000 - 4,999","2426","992","1434","1473","2426","434","145","1359","488","0","992","325","78","586","3","0","1434","109","67","773","485","0"
"226116","Lamar State College-Port Arthur","2013","1,000 - 4,999","2721","955","1766","1548","2721","294","141","1376","910","0","955","208","48","381","318","0","1766","86","93","995","592","0"
"226125","Laredo Beauty College Inc","2013","Under 1,000","283","283","0","283","283","125","0","158","0","0","283","125","0","158","0","0","0","0","0","0","0","0"
"226134","Laredo Community College","2013","5,000 - 9,999","8726","3228","5498","5074","8726","1691","138","6219","678","0","3228","964","61","2006","197","0","5498","727","77","4213","481","0"
"226152","Texas A & M International University","2013","5,000 - 9,999","7431","4184","3247","5466","6585","831","467","5262","25","846","4022","821","292","2897","12","162","2563","10","175","2365","13","684"
"226204","Lee College","2013","5,000 - 9,999","5911","1452","4459","2949","5911","1040","269","4466","136","0","1452","445","86","897","24","0","4459","595","183","3569","112","0"
"226231","LeTourneau University","2013","1,000 - 4,999","2729","1392","1337","1913","2305","339","274","1560","132","424","1333","302","96","926","9","59","972","37","178","634","123","365"
"226277","Lincoln College of Technology-Grand Prairie","2013","Under 1,000","867","867","0","867","867","164","11","692","0","0","867","164","11","692","0","0","0","0","0","0","0","0"
"226374","Lubbock Hair Academy","2013","Under 1,000","49","49","0","49","49","32","0","17","0","0","49","32","0","17","0","0","0","0","0","0","0","0"
"226383","Lubbock Christian University","2013","1,000 - 4,999","2002","1332","670","1591","1531","255","176","1035","65","471","1258","255","134","869","0","74","273","0","42","166","65","397"
"226408","College of the Mainland","2013","1,000 - 4,999","4188","1121","3067","2151","4188","561","203","3424","0","0","1121","233","72","816","0","0","3067","328","131","2608","0","0"
"226471","University of Mary Hardin-Baylor","2013","1,000 - 4,999","3492","2998","494","3190","3063","675","301","2030","57","429","2793","672","256","1845","20","205","270","3","45","185","37","224"
"226578","McLennan Community College","2013","5,000 - 9,999","8555","3846","4709","5427","8555","1399","502","5401","1253","0","3846","1044","279","2475","48","0","4709","355","223","2926","1205","0"
"226587","McMurry University","2013","1,000 - 4,999","1216","1034","182","1105","1212","250","138","769","55","4","1032","249","113","670","0","2","180","1","25","99","55","2"
"226675","Covenant School of Nursing and Allied Health","2013","Under 1,000","310","310","0","310","310","0","0","310","0","0","310","0","0","310","0","0","0","0","0","0","0","0"
"226772","Metroplex Beauty School","2013","Under 1,000","58","32","26","42","58","23","0","35","0","0","32","13","0","19","0","0","26","10","0","16","0","0"
"226806","Midland College","2013","5,000 - 9,999","5233","1537","3696","3028","5233","758","249","2399","1827","0","1537","434","108","818","177","0","3696","324","141","1581","1650","0"
"226833","Midwestern State University","2013","5,000 - 9,999","5870","3984","1886","4722","5193","818","576","3798","1","677","3861","802","382","2677","0","123","1332","16","194","1121","1","554"
"226860","Mims Classic Beauty College","2013","Under 1,000","53","53","0","53","53","12","0","41","0","0","53","12","0","41","0","0","0","0","0","0","0","0"
"226879","Wade College","2013","Under 1,000","201","162","39","177","201","44","46","111","0","0","162","43","40","79","0","0","39","1","6","32","0","0"
"226903","Southern Careers Institute-Austin","2013","Under 1,000","316","316","0","316","316","255","0","61","0","0","316","255","0","61","0","0","0","0","0","0","0","0"
"226930","Mountain View College","2013","5,000 - 9,999","8797","1954","6843","4251","8797","1393","439","5587","1378","0","1954","730","85","958","181","0","6843","663","354","4629","1197","0"
"227003","Everest Institute-San Antonio","2013","Under 1,000","493","493","0","493","493","138","0","355","0","0","493","138","0","355","0","0","0","0","0","0","0","0"
"227058","Tint School of Makeup and Cosmetology-Irving","2013","Under 1,000","108","86","22","95","108","103","0","5","0","0","86","83","0","3","0","0","22","20","0","2","0","0"
"227146","Navarro College","2013","10,000 - 19,999","10256","4448","5808","6398","10256","2032","654","7570","0","0","4448","1523","358","2567","0","0","5808","509","296","5003","0","0"
"227155","Neilson Beauty College","2013","Under 1,000","51","12","39","27","51","48","0","3","0","0","12","10","0","2","0","0","39","38","0","1","0","0"
"227182","Lone Star College System","2013","20,000 and above","64072","19815","44257","34674","64072","12309","3675","40304","7784","0","19815","6261","1501","11753","300","0","44257","6048","2174","28551","7484","0"
"227191","North Lake College","2013","10,000 - 19,999","11365","2526","8839","5494","11365","1572","947","6800","2046","0","2526","739","282","1268","237","0","8839","833","665","5532","1809","0"
"227216","University of North Texas","2013","20,000 and above","38315","27282","11033","31570","31243","4596","4521","22126","0","7072","24126","4518","3325","16283","0","3156","7117","78","1196","5843","0","3916"
"227225","Northeast Texas Community College","2013","1,000 - 4,999","3225","1106","2119","1817","3225","774","129","2117","205","0","1106","438","51","563","54","0","2119","336","78","1554","151","0"
"227243","Northwood University-Texas","2013","Under 1,000","713","535","178","604","648","87","109","449","3","65","524","87","79","358","0","11","124","0","30","91","3","54"
"227289","Oblate School of Theology","2013","Under 1,000","125","70","55","91","0","0","0","0","0","125","0","0","0","0","0","70","0","0","0","0","0","55"
"227298","Ocean Corporation","2013","Under 1,000","360","360","0","360","360","157","0","203","0","0","360","157","0","203","0","0","0","0","0","0","0","0"
"227304","Odessa College","2013","5,000 - 9,999","5059","1423","3636","2644","5059","850","797","2134","1278","0","1423","397","267","698","61","0","3636","453","530","1436","1217","0"
"227313","Ogle School Hair Skin Nails-Arlington","2013","Under 1,000","212","149","63","174","212","85","0","127","0","0","149","62","0","87","0","0","63","23","0","40","0","0"
"227322","Ogle School Hair Skin Nails-Ft Worth","2013","Under 1,000","223","145","78","176","223","83","0","140","0","0","145","53","0","92","0","0","78","30","0","48","0","0"
"227331","Our Lady of the Lake University","2013","1,000 - 4,999","2927","2498","429","2665","1555","338","185","986","46","1372","1312","335","165","785","27","1186","243","3","20","201","19","186"
"227368","The University of Texas-Pan American","2013","20,000 and above","20053","14138","5915","16449","17230","3501","1252","12447","30","2823","13119","3269","878","8970","2","1019","4111","232","374","3477","28","1804"
"227377","The University of Texas at Brownsville","2013","10,000 - 19,999","12285","6018","6267","8511","11220","1777","825","7777","841","1065","5814","1275","377","3958","204","204","5406","502","448","3819","637","861"
"227386","Panola College","2013","1,000 - 4,999","2699","1327","1372","1788","2699","455","329","1915","0","0","1327","380","213","734","0","0","1372","75","116","1181","0","0"
"227401","Paris Junior College","2013","5,000 - 9,999","5301","2470","2831","3420","5301","1221","294","2449","1337","0","2470","970","166","1316","18","0","2831","251","128","1133","1319","0"
"227429","Paul Quinn College","2013","Under 1,000","243","216","27","227","243","70","42","131","0","0","216","69","37","110","0","0","27","1","5","21","0","0"
"227526","Prairie View A & M University","2013","5,000 - 9,999","8283","6828","1455","7375","6731","1466","449","4816","0","1552","6234","1463","394","4377","0","594","497","3","55","439","0","958"
"227687","Ranger College","2013","1,000 - 4,999","1893","982","911","1288","1893","748","212","778","155","0","982","369","147","408","58","0","911","379","65","370","97","0"
"227748","Aviation Institute of Maintenance-Houston","2013","Under 1,000","251","246","5","248","251","37","0","214","0","0","246","36","0","210","0","0","5","1","0","4","0","0"
"227757","Rice University","2013","5,000 - 9,999","6628","6356","272","6461","3965","976","57","2887","45","2663","3904","976","57","2834","37","2452","61","0","0","53","8","211"
"227766","Richland College","2013","10,000 - 19,999","19287","4613","14674","9540","19287","2411","1106","12462","3308","0","4613","982","256","2861","514","0","14674","1429","850","9601","2794","0"
"227836","Kaplan College-McAllen","2013","Under 1,000","540","540","0","540","540","152","14","372","2","0","540","152","14","372","2","0","0","0","0","0","0","0"
"227845","Saint Edward's University","2013","1,000 - 4,999","4861","3651","1210","4120","4089","791","310","2976","12","772","3442","791","251","2399","1","209","647","0","59","577","11","563"
"227854","St Philip's College","2013","10,000 - 19,999","10238","1769","8469","4612","10238","1130","612","6156","2340","0","1769","481","92","1018","178","0","8469","649","520","5138","2162","0"
"227863","University of St Thomas","2013","1,000 - 4,999","3525","1623","1902","2353","1572","237","183","1109","43","1953","1269","233","165","858","13","354","303","4","18","251","30","1599"
"227881","Sam Houston State University","2013","10,000 - 19,999","19210","14132","5078","16090","16255","2452","2406","11397","0","2955","13359","2375","1812","9172","0","773","2896","77","594","2225","0","2182"
"227924","San Antonio College","2013","20,000 and above","23004","5672","17332","11491","23004","3337","1615","14572","3480","0","5672","1415","354","3457","446","0","17332","1922","1261","11115","3034","0"
"227979","San Jacinto Community College","2013","20,000 and above","28385","7656","20729","14615","28385","5576","1563","17636","3610","0","7656","2668","467","4061","460","0","20729","2908","1096","13575","3150","0"
"228042","Schreiner University","2013","1,000 - 4,999","1136","1095","41","1111","1065","299","76","676","14","71","1029","299","71","659","0","66","36","0","5","17","14","5"
"228088","Seguin Beauty School-Seguin","2013","Under 1,000","48","48","0","48","48","23","0","25","0","0","48","23","0","25","0","0","0","0","0","0","0","0"
"228149","St Mary's University","2013","1,000 - 4,999","3868","3279","589","3505","2393","596","124","1670","3","1475","2286","596","107","1580","3","993","107","0","17","90","0","482"
"228158","South Plains College","2013","5,000 - 9,999","9559","4678","4881","6317","9559","1485","808","5472","1794","0","4678","1192","495","2968","23","0","4881","293","313","2504","1771","0"
"228185","South Texas Barber College Inc","2013","Under 1,000","42","39","3","40","42","34","0","8","0","0","39","32","0","7","0","0","3","2","0","1","0","0"
"228194","South Texas College of Law","2013","1,000 - 4,999","1197","933","264","1034","0","0","0","0","0","1197","0","0","0","0","0","933","0","0","0","0","0","264"
"228200","South Texas Vo-Tech Institute","2013","Under 1,000","316","316","0","316","316","109","0","207","0","0","316","109","0","207","0","0","0","0","0","0","0","0"
"228219","South Texas Vocational Technical Institute-McAllen","2013","Under 1,000","351","351","0","351","351","83","0","268","0","0","351","83","0","268","0","0","0","0","0","0","0","0"
"228246","Southern Methodist University","2013","10,000 - 19,999","10929","8541","2388","9456","6357","1431","337","4527","62","4572","6119","1428","328","4360","3","2422","238","3","9","167","59","2150"
"228282","Southwest School of Business and Technical Careers-San Antonio","2013","Under 1,000","230","230","0","230","230","123","0","107","0","0","230","123","0","107","0","0","0","0","0","0","0","0"
"228316","Southwest Texas Junior College","2013","5,000 - 9,999","5410","2039","3371","3171","5410","781","106","2985","1538","0","2039","514","43","1408","74","0","3371","267","63","1577","1464","0"
"228325","Southwestern Assemblies of God University","2013","1,000 - 4,999","2012","1488","524","1691","1700","345","220","1104","31","312","1434","330","191","913","0","54","266","15","29","191","31","258"
"228343","Southwestern University","2013","1,000 - 4,999","1535","1519","16","1525","1535","491","62","975","7","0","1519","491","61","961","6","0","16","0","1","14","1","0"
"228431","Stephen F Austin State University","2013","10,000 - 19,999","12772","9895","2877","11006","11006","2253","867","7595","291","1766","9333","2227","746","6352","8","562","1673","26","121","1243","283","1204"
"228459","Texas State University","2013","20,000 and above","35546","28185","7361","31070","31005","5365","3735","21905","0","4541","25683","5314","3098","17271","0","2502","5322","51","637","4634","0","2039"
"228468","Southwestern Adventist University","2013","Under 1,000","808","651","157","713","791","167","60","488","76","17","642","167","48","412","15","9","149","0","12","76","61","8"
"228486","Southwestern Christian College","2013","Under 1,000","172","157","15","163","172","60","13","96","3","0","157","60","13","82","2","0","15","0","0","14","1","0"
"228501","Sul Ross State University","2013","1,000 - 4,999","2842","1378","1464","1941","2003","305","310","1385","3","839","1213","301","156","756","0","165","790","4","154","629","3","674"
"228529","Tarleton State University","2013","10,000 - 19,999","13307","8278","5029","10244","11348","1827","1742","7759","20","1959","7842","1698","908","5234","2","436","3506","129","834","2525","18","1523"
"228547","Tarrant County College District","2013","20,000 and above","50771","17420","33351","28617","50771","8384","2349","32731","7307","0","17420","4495","942","10991","992","0","33351","3889","1407","21740","6315","0"
"228608","Temple College","2013","5,000 - 9,999","5506","1821","3685","3058","5506","671","344","4277","214","0","1821","358","103","1308","52","0","3685","313","241","2969","162","0"
"228635","University of Texas Southwestern Medical Center","2013","1,000 - 4,999","2374","1768","606","1987","10","0","6","4","0","2364","10","0","6","4","0","1758","0","0","0","0","0","606"
"228644","The University of Texas Health Science Center at San Antonio","2013","1,000 - 4,999","3148","2802","346","2929","793","0","259","534","0","2355","739","0","245","494","0","2063","54","0","14","40","0","292"
"228653","The University of Texas Medical Branch","2013","1,000 - 4,999","3112","2349","763","2630","725","0","273","452","0","2387","599","0","228","371","0","1750","126","0","45","81","0","637"
"228680","Texas State Technical College-Waco","2013","1,000 - 4,999","3988","2846","1142","3229","3988","900","1268","1531","289","0","2846","787","927","1118","14","0","1142","113","341","413","275","0"
"228699","Texarkana College","2013","1,000 - 4,999","4233","1661","2572","2525","4233","676","369","1839","1349","0","1661","457","195","885","124","0","2572","219","174","954","1225","0"
"228705","Texas A & M University-Kingsville","2013","10,000 - 19,999","12229","7665","4564","9442","9430","1270","1510","6620","30","2799","6416","1216","962","4237","1","1249","3014","54","548","2383","29","1550"
"228723","Texas A & M University-College Station","2013","20,000 and above","55697","48780","6917","51467","44072","10241","2309","31381","141","11625","39641","9030","2224","28281","106","9139","4431","1211","85","3100","35","2486"
"228769","The University of Texas at Arlington","2013","20,000 and above","33329","19318","14011","24794","25690","2713","3812","18890","275","7639","15938","2624","2111","11172","31","3380","9752","89","1701","7718","244","4259"
"228778","The University of Texas at Austin","2013","20,000 and above","52059","47741","4318","49432","39979","7249","2597","29477","656","12080","36899","7118","2461","27018","302","10842","3080","131","136","2459","354","1238"
"228787","The University of Texas at Dallas","2013","20,000 and above","21193","16006","5187","17983","13049","2233","1886","8923","7","8144","10635","2193","1375","7061","6","5371","2414","40","511","1862","1","2773"
"228796","The University of Texas at El Paso","2013","20,000 and above","23003","14241","8762","17692","19696","3241","1877","14409","169","3307","12973","2961","1044","8937","31","1268","6723","280","833","5472","138","2039"
"228802","The University of Texas at Tyler","2013","5,000 - 9,999","7476","4711","2765","5774","5591","707","820","3811","253","1885","4090","701","606","2781","2","621","1501","6","214","1030","251","1264"
"228866","Texas Chiropractic College Foundation Inc","2013","Under 1,000","239","227","12","232","0","0","0","0","0","239","0","0","0","0","0","227","0","0","0","0","0","12"
"228875","Texas Christian University","2013","5,000 - 9,999","9925","8936","989","9317","8640","1936","401","6260","43","1285","8326","1935","391","5983","17","610","314","1","10","277","26","675"
"228884","Texas College","2013","Under 1,000","971","931","40","947","971","242","172","531","26","0","931","242","169","520","0","0","40","0","3","11","26","0"
"228909","University of North Texas Health Science Center","2013","1,000 - 4,999","2142","1947","195","2018","0","0","0","0","0","2142","0","0","0","0","0","1947","0","0","0","0","0","195"
"228981","Texas Lutheran University","2013","1,000 - 4,999","1341","1268","73","1297","1329","346","60","889","34","12","1258","346","59","853","0","10","71","0","1","36","34","2"
"229018","The University of Texas of the Permian Basin","2013","5,000 - 9,999","5131","2124","3007","3309","4246","332","514","2101","1299","885","1924","314","305","1288","17","200","2322","18","209","813","1282","685"
"229027","The University of Texas at San Antonio","2013","20,000 and above","28623","21943","6680","24539","24342","3593","2134","18113","502","4281","20033","3559","1718","14613","143","1910","4309","34","416","3500","359","2371"
"229036","Texas School of Business-North Campus","2013","Under 1,000","436","436","0","436","436","103","37","278","18","0","436","103","37","278","18","0","0","0","0","0","0","0"
"229063","Texas Southern University","2013","5,000 - 9,999","8703","6936","1767","7616","6288","1109","703","4476","0","2415","5321","1057","537","3727","0","1615","967","52","166","749","0","800"
"229115","Texas Tech University","2013","20,000 and above","33111","28287","4824","30145","27044","4785","2642","19382","235","6067","24338","4725","2428","17149","36","3949","2706","60","214","2233","199","2118"
"229151","Texas Vocational Schools Inc","2013","Under 1,000","55","55","0","55","55","15","0","40","0","0","55","15","0","40","0","0","0","0","0","0","0","0"
"229160","Texas Wesleyan University","2013","1,000 - 4,999","2397","1904","493","2096","1724","273","300","1146","5","673","1429","266","221","942","0","475","295","7","79","204","5","198"
"229179","Texas Woman's University","2013","10,000 - 19,999","15058","8428","6630","10943","9515","1169","1348","6703","295","5543","6722","1155","894","4672","1","1706","2793","14","454","2031","294","3837"
"229267","Trinity University","2013","1,000 - 4,999","2358","2259","99","2297","2161","534","25","1568","34","197","2111","534","25","1545","7","148","50","0","0","23","27","49"
"229300","The University of Texas Health Science Center at Houston","2013","1,000 - 4,999","4615","3291","1324","3775","701","0","112","589","0","3914","577","0","106","471","0","2714","124","0","6","118","0","1200"
"229319","Texas State Technical College-Harlingen","2013","5,000 - 9,999","5332","2321","3011","3332","5332","766","304","2171","2091","0","2321","493","163","986","679","0","3011","273","141","1185","1412","0"
"229328","Texas State Technical College-West Texas","2013","1,000 - 4,999","1281","642","639","857","1281","350","158","422","351","0","642","159","80","221","182","0","639","191","78","201","169","0"
"229337","Texas Tech University Health Sciences Center","2013","1,000 - 4,999","4519","3545","974","3904","1346","0","465","881","0","3173","1195","0","378","817","0","2350","151","0","87","64","0","823"
"229355","Tyler Junior College","2013","10,000 - 19,999","11308","6200","5108","7915","11308","2958","738","7612","0","0","6200","2452","429","3319","0","0","5108","506","309","4293","0","0"
"229416","Universal Technical Institute of Texas Inc.","2013","1,000 - 4,999","2097","2097","0","2097","2097","556","0","1541","0","0","2097","556","0","1541","0","0","0","0","0","0","0","0"
"229425","University of Cosmetology Arts & Sciences-McAllen","2013","Under 1,000","173","66","107","108","173","18","0","155","0","0","66","10","0","56","0","0","107","8","0","99","0","0"
"229504","Vernon College","2013","1,000 - 4,999","3084","1099","1985","1765","3084","548","230","1808","498","0","1099","336","106","657","0","0","1985","212","124","1151","498","0"
"229522","Victoria Beauty College Inc","2013","Under 1,000","26","7","19","15","26","16","0","10","0","0","7","4","0","3","0","0","19","12","0","7","0","0"
"229540","Victoria College","2013","1,000 - 4,999","4419","1385","3034","2404","4419","680","177","3319","243","0","1385","390","85","846","64","0","3034","290","92","2473","179","0"
"229656","Vogue College of Cosmetology-McAllen","2013","Under 1,000","232","198","34","211","232","77","0","155","0","0","198","50","0","148","0","0","34","27","0","7","0","0"
"229780","Wayland Baptist University","2013","5,000 - 9,999","6222","1235","4987","3177","4515","343","307","3596","269","1707","1143","315","81","746","1","92","3372","28","226","2850","268","1615"
"229799","Weatherford College","2013","5,000 - 9,999","5694","2443","3251","3534","5694","1169","454","3926","145","0","2443","859","249","1317","18","0","3251","310","205","2609","127","0"
"229814","West Texas A & M University","2013","5,000 - 9,999","8377","6025","2352","6934","6906","1299","969","4622","16","1471","5523","1283","670","3568","2","502","1383","16","299","1054","14","969"
"229832","Western Texas College","2013","1,000 - 4,999","2044","608","1436","1090","2044","675","0","0","1369","0","608","347","0","0","261","0","1436","328","0","0","1108","0"
"229841","Wharton County Junior College","2013","5,000 - 9,999","7386","2803","4583","4342","7386","1633","518","4013","1222","0","2803","1162","201","1438","2","0","4583","471","317","2575","1220","0"
"229887","Wiley College","2013","1,000 - 4,999","1392","1327","65","1353","1388","289","146","953","0","4","1326","286","138","902","0","1","62","3","8","51","0","3"
"229957","AmeriTech College-Provo","2013","Under 1,000","156","156","0","156","156","32","0","124","0","0","156","32","0","124","0","0","0","0","0","0","0","0"
"230010","Bridgerland Applied Technology College","2013","Under 1,000","593","295","298","395","593","126","0","467","0","0","295","60","0","235","0","0","298","66","0","232","0","0"
"230038","Brigham Young University-Provo","2013","20,000 and above","31123","27114","4009","28675","27765","4423","789","22553","0","3358","25084","4366","719","19999","0","2030","2681","57","70","2554","0","1328"
"230047","Brigham Young University-Hawaii","2013","1,000 - 4,999","2882","2505","377","2653","2882","515","176","1973","218","0","2505","510","172","1806","17","0","377","5","4","167","201","0"
"230056","Broadview University-West Jordan","2013","Under 1,000","237","147","90","182","229","24","48","149","8","8","142","21","36","83","2","5","87","3","12","66","6","3"
"230065","Cameo College of Essential Beauty","2013","Under 1,000","228","85","143","142","228","214","0","14","0","0","85","81","0","4","0","0","143","133","0","10","0","0"
"230135","Sherman Kendall Academy-Salt Lake City","2013","Under 1,000","79","79","0","79","79","28","0","51","0","0","79","28","0","51","0","0","0","0","0","0","0","0"
"230144","Sherman Kendall Academy-Midvale","2013","Under 1,000","56","56","0","56","56","23","0","33","0","0","56","23","0","33","0","0","0","0","0","0","0","0"
"230162","Davis Applied Technology College","2013","1,000 - 4,999","2769","464","2305","1238","2769","497","0","1060","1212","0","464","103","0","326","35","0","2305","394","0","734","1177","0"
"230171","Dixie State University","2013","5,000 - 9,999","8350","5165","3185","6450","8350","1676","556","5073","1045","0","5165","1388","384","3282","111","0","3185","288","172","1791","934","0"
"230199","Evans Hairstyling College-Cedar City","2013","Under 1,000","33","33","0","33","33","24","0","9","0","0","33","24","0","9","0","0","0","0","0","0","0","0"
"230205","Evans Hairstyling College-St George","2013","Under 1,000","50","45","5","47","50","17","0","33","0","0","45","15","0","30","0","0","5","2","0","3","0","0"
"230214","Paul Mitchell the School-Salt Lake City","2013","Under 1,000","265","157","108","200","265","48","0","217","0","0","157","33","0","124","0","0","108","15","0","93","0","0"
"230366","Eagle Gate College-Murray","2013","Under 1,000","290","152","138","206","290","94","6","184","6","0","152","60","4","82","6","0","138","34","2","102","0","0"
"230384","ITT Technical Institute-Murray","2013","Under 1,000","471","341","130","392","471","61","11","399","0","0","341","53","6","282","0","0","130","8","5","117","0","0"
"230418","Latter-day Saints Business College","2013","1,000 - 4,999","2036","1409","627","1658","2036","425","262","1305","44","0","1409","341","183","871","14","0","627","84","79","434","30","0"
"230472","Everest College-Salt Lake City","2013","Under 1,000","404","319","85","352","404","37","35","332","0","0","319","37","22","260","0","0","85","0","13","72","0","0"
"230490","Ogden-Weber Applied Technology College","2013","1,000 - 4,999","2625","569","2056","1259","2625","160","0","1748","717","0","569","38","0","470","61","0","2056","122","0","1278","656","0"
"230597","Snow College","2013","1,000 - 4,999","4605","2813","1792","3536","4605","1403","91","1557","1554","0","2813","1324","72","1261","156","0","1792","79","19","296","1398","0"
"230603","Southern Utah University","2013","5,000 - 9,999","7745","5421","2324","6335","7017","1272","375","3973","1397","728","5254","1211","322","3502","219","167","1763","61","53","471","1178","561"
"230621","Stevens-Henager College-Ogden","2013","Under 1,000","320","320","0","320","320","136","0","184","0","0","320","136","0","184","0","0","0","0","0","0","0","0"
"230630","Stevens-Henager College of Business-Provo","2013","Under 1,000","351","351","0","351","351","20","34","297","0","0","351","20","34","297","0","0","0","0","0","0","0","0"
"230676","Uintah Basin Applied Technology College","2013","1,000 - 4,999","1238","260","978","588","1238","109","0","383","746","0","260","53","0","206","1","0","978","56","0","177","745","0"
"230728","Utah State University","2013","20,000 and above","27812","16436","11376","20933","24385","3970","1769","15036","3610","3427","15260","3564","1232","10356","108","1176","9125","406","537","4680","3502","2251"
"230737","Utah Valley University","2013","20,000 and above","30564","15755","14809","21723","30370","3352","1803","19088","6127","194","15751","2454","1190","11345","762","4","14619","898","613","7743","5365","190"
"230746","Salt Lake Community College","2013","20,000 and above","32003","8674","23329","16506","32003","3042","1337","20115","7509","0","8674","1357","539","6212","566","0","23329","1685","798","13903","6943","0"
"230764","University of Utah","2013","20,000 and above","32077","23084","8993","26637","24492","3124","1841","18308","1219","7585","17319","2790","1304","12941","284","5765","7173","334","537","5367","935","1820"
"230782","Weber State University","2013","20,000 and above","25155","11155","14000","16789","24498","2389","1068","13857","7184","657","10879","1837","602","8106","334","276","13619","552","466","5751","6850","381"
"230807","Westminster College","2013","1,000 - 4,999","3108","2680","428","2845","2295","449","161","1650","35","813","2140","446","141","1538","15","540","155","3","20","112","20","273"
"230816","Bennington College","2013","Under 1,000","738","720","18","727","619","140","16","457","6","119","609","140","16","453","0","111","10","0","0","4","6","8"
"230825","Burlington College","2013","Under 1,000","243","164","79","195","220","45","28","126","21","23","160","44","23","93","0","4","60","1","5","33","21","19"
"230834","Castleton State College","2013","1,000 - 4,999","2175","1877","298","1994","2068","480","144","1398","46","107","1854","480","107","1264","3","23","214","0","37","134","43","84"
"230852","Champlain College","2013","1,000 - 4,999","3305","2635","670","2897","2898","594","202","2055","47","407","2332","594","115","1620","3","303","566","0","87","435","44","104"
"230861","Community College of Vermont","2013","5,000 - 9,999","6200","967","5233","2724","6200","868","476","3057","1799","0","967","232","136","549","50","0","5233","636","340","2508","1749","0"
"230889","Goddard College","2013","Under 1,000","592","582","10","586","209","2","53","146","8","383","206","2","53","143","8","376","3","0","0","3","0","7"
"230898","Green Mountain College","2013","Under 1,000","840","819","21","827","590","135","49","394","12","250","569","135","49","380","5","250","21","0","0","14","7","0"
"230913","Johnson State College","2013","1,000 - 4,999","1692","993","699","1268","1486","225","147","1061","53","206","956","224","74","655","3","37","530","1","73","406","50","169"
"230931","Lyndon State College","2013","1,000 - 4,999","1519","1259","260","1360","1415","365","77","921","52","104","1257","361","69","827","0","2","158","4","8","94","52","102"
"230940","Marlboro College","2013","Under 1,000","260","228","32","241","260","45","16","169","30","0","228","45","16","167","0","0","32","0","0","2","30","0"
"230959","Middlebury College","2013","1,000 - 4,999","2495","2477","18","2484","2495","625","1","1840","29","0","2477","625","1","1830","21","0","18","0","0","10","8","0"
"230977","New England Culinary Institute","2013","Under 1,000","462","347","115","392","462","79","43","303","37","0","347","75","37","235","0","0","115","4","6","68","37","0"
"230995","Norwich University","2013","1,000 - 4,999","3417","3126","291","3240","2456","590","68","1774","24","961","2228","548","66","1609","5","898","228","42","2","165","19","63"
"231004","O'Briens Aveda Institute","2013","Under 1,000","80","80","0","80","80","34","0","46","0","0","80","34","0","46","0","0","0","0","0","0","0","0"
"231059","Saint Michael's College","2013","1,000 - 4,999","2378","2004","374","2147","1998","506","31","1404","57","380","1959","506","31","1385","37","45","39","0","0","19","20","335"
"231068","SIT Graduate Institute","2013","Under 1,000","443","184","259","283","0","0","0","0","0","443","0","0","0","0","0","184","0","0","0","0","0","259"
"231077","College of St Joseph","2013","Under 1,000","271","142","129","192","176","33","20","105","18","95","120","33","17","70","0","22","56","0","3","35","18","73"
"231086","Southern Vermont College","2013","Under 1,000","480","453","27","464","480","94","38","338","10","0","453","94","36","323","0","0","27","0","2","15","10","0"
"231095","Sterling College","2013","Under 1,000","116","104","12","109","116","18","32","64","2","0","104","17","30","57","0","0","12","1","2","7","2","0"
"231147","Vermont Law School","2013","Under 1,000","675","441","234","530","0","0","0","0","0","675","0","0","0","0","0","441","0","0","0","0","0","234"
"231165","Vermont Technical College","2013","1,000 - 4,999","1543","1049","494","1248","1543","194","244","923","182","0","1049","191","202","656","0","0","494","3","42","267","182","0"
"231174","University of Vermont","2013","10,000 - 19,999","12723","11001","1722","11672","10912","2495","407","7068","942","1811","9764","2483","375","6763","143","1237","1148","12","32","305","799","574"
"231280","Bar Palma Beauty Careers Academy","2013","Under 1,000","108","83","25","93","108","89","0","19","0","0","83","73","0","10","0","0","25","16","0","9","0","0"
"231411","Advanced Technology Institute","2013","Under 1,000","824","824","0","824","824","168","22","634","0","0","824","168","22","634","0","0","0","0","0","0","0","0"
"231420","Averett University","2013","Under 1,000","906","864","42","880","877","237","91","542","7","29","851","235","91","525","0","13","26","2","0","17","7","16"
"231536","Blue Ridge Community College","2013","1,000 - 4,999","4437","1607","2830","2557","4437","908","319","2297","913","0","1607","554","155","853","45","0","2830","354","164","1444","868","0"
"231554","Bluefield College","2013","Under 1,000","842","726","116","772","837","123","193","505","16","5","723","120","177","421","5","3","114","3","16","84","11","2"
"231581","Bridgewater College","2013","1,000 - 4,999","1848","1840","8","1843","1848","536","59","1227","26","0","1840","536","59","1224","21","0","8","0","0","3","5","0"
"231624","College of William and Mary","2013","5,000 - 9,999","8376","7850","526","8043","6271","1479","185","4571","36","2105","6195","1479","179","4531","6","1655","76","0","6","40","30","450"
"231651","Regent University","2013","5,000 - 9,999","5693","2530","3163","3748","2400","230","339","1717","114","3293","1497","218","208","1066","5","1033","903","12","131","651","109","2260"
"231688","Central School of Practical Nursing","2013","Under 1,000","50","19","31","29","50","16","0","34","0","0","19","5","0","14","0","0","31","11","0","20","0","0"
"231697","Central Virginia Community College","2013","1,000 - 4,999","4730","1465","3265","2561","4730","781","189","1881","1879","0","1465","462","95","623","285","0","3265","319","94","1258","1594","0"
"231712","Christopher Newport University","2013","5,000 - 9,999","5232","5066","166","5132","5094","1276","191","3616","11","138","4962","1276","179","3507","0","104","132","0","12","109","11","34"
"231721","Suffolk Beauty Academy","2013","Under 1,000","48","8","40","24","48","3","0","45","0","0","8","2","0","6","0","0","40","1","0","39","0","0"
"231785","Bryant & Stratton College-Virginia Beach","2013","Under 1,000","728","362","366","506","728","92","128","508","0","0","362","76","87","199","0","0","366","16","41","309","0","0"
"231828","Bryant & Stratton College-Richmond","2013","Under 1,000","906","488","418","652","906","108","196","602","0","0","488","86","121","281","0","0","418","22","75","321","0","0"
"231837","Jefferson College of Health Sciences","2013","1,000 - 4,999","1039","888","151","947","813","66","182","562","3","226","692","66","152","474","0","196","121","0","30","88","3","30"
"231873","Dabney S Lancaster Community College","2013","1,000 - 4,999","1312","432","880","727","1312","231","45","511","525","0","432","162","20","235","15","0","880","69","25","276","510","0"
"231882","Danville Community College","2013","1,000 - 4,999","4280","1540","2740","2460","4280","609","94","1790","1787","0","1540","457","50","903","130","0","2740","152","44","887","1657","0"
"231970","Eastern Virginia Medical School","2013","1,000 - 4,999","1017","963","54","983","0","0","0","0","0","1017","0","0","0","0","0","963","0","0","0","0","0","54"
"232016","Centura College-Virginia Beach","2013","Under 1,000","477","270","207","351","477","24","0","453","0","0","270","19","0","251","0","0","207","5","0","202","0","0"
"232025","Emory & Henry College","2013","Under 1,000","959","894","65","919","936","267","50","590","29","23","889","264","49","572","4","5","47","3","1","18","25","18"
"232043","Eastern Mennonite University","2013","1,000 - 4,999","1640","1252","388","1401","1184","232","157","759","36","456","1122","232","152","738","0","130","62","0","5","21","36","326"
"232052","Eastern Shore Community College","2013","Under 1,000","857","264","593","463","857","152","30","470","205","0","264","90","10","143","21","0","593","62","20","327","184","0"
"232089","Ferrum College","2013","1,000 - 4,999","1512","1492","20","1500","1512","554","67","885","6","0","1492","554","67","871","0","0","20","0","0","14","6","0"
"232186","George Mason University","2013","20,000 and above","33917","21421","12496","26139","21990","3011","2659","15654","666","11927","17261","2992","2032","12176","61","4160","4729","19","627","3478","605","7767"
"232195","Germanna Community College","2013","5,000 - 9,999","7379","2352","5027","4040","7379","1402","433","3935","1609","0","2352","787","170","1264","131","0","5027","615","263","2671","1478","0"
"232256","Hampden-Sydney College","2013","1,000 - 4,999","1070","1068","2","1069","1070","292","16","762","0","0","1068","292","16","760","0","0","2","0","0","2","0","0"
"232265","Hampton University","2013","1,000 - 4,999","4622","4116","506","4312","3742","1004","177","2348","213","880","3491","955","89","2298","149","625","251","49","88","50","64","255"
"232308","Hollins University","2013","Under 1,000","750","616","134","667","580","146","39","383","12","170","561","146","38","369","8","55","19","0","1","14","4","115"
"232414","J Sargeant Reynolds Community College","2013","10,000 - 19,999","12454","3552","8902","6541","12454","1869","939","7919","1727","0","3552","825","327","2258","142","0","8902","1044","612","5661","1585","0"
"232423","James Madison University","2013","20,000 and above","20181","18626","1555","19226","18431","4202","621","13304","304","1750","17526","4199","568","12737","22","1100","905","3","53","567","282","650"
"232450","John Tyler Community College","2013","10,000 - 19,999","10103","2697","7406","5183","10103","1429","537","4436","3701","0","2697","835","250","1445","167","0","7406","594","287","2991","3534","0"
"232502","Everest College-Newport News","2013","Under 1,000","525","444","81","476","525","29","94","402","0","0","444","28","69","347","0","0","81","1","25","55","0","0"
"232557","Liberty University","2013","20,000 and above","77338","36353","40985","52244","47464","4686","6469","35924","385","29874","25911","3218","3530","19088","75","10442","21553","1468","2939","16836","310","19432"
"232566","Longwood University","2013","1,000 - 4,999","4960","4265","695","4532","4497","1106","214","3037","140","463","4123","1091","197","2829","6","142","374","15","17","208","134","321"
"232575","Lord Fairfax Community College","2013","5,000 - 9,999","7238","1963","5275","3734","7238","1103","283","3280","2572","0","1963","583","95","1006","279","0","5275","520","188","2274","2293","0"
"232609","Lynchburg College","2013","1,000 - 4,999","2713","2335","378","2480","2178","512","125","1503","38","535","2089","512","119","1455","3","246","89","0","6","48","35","289"
"232618","Lynchburg General Hospital School of Nursing","2013","Under 1,000","144","34","110","78","144","0","36","108","0","0","34","0","9","25","0","0","110","0","27","83","0","0"
"232672","Mary Baldwin College","2013","1,000 - 4,999","1711","1149","562","1368","1441","217","124","966","134","270","1037","217","90","686","44","112","404","0","34","280","90","158"
"232681","University of Mary Washington","2013","1,000 - 4,999","4831","3989","842","4316","4383","944","308","3051","80","448","3843","927","237","2663","16","146","540","17","71","388","64","302"
"232706","Marymount University","2013","1,000 - 4,999","3486","2682","804","2992","2396","400","281","1690","25","1090","2141","397","257","1482","5","541","255","3","24","208","20","549"
"232724","Danville Regional Medical Center School of Health Professions","2013","Under 1,000","23","23","0","23","23","0","0","23","0","0","23","0","0","23","0","0","0","0","0","0","0","0"
"232788","Mountain Empire Community College","2013","1,000 - 4,999","2924","1310","1614","1852","2924","508","54","1337","1025","0","1310","422","26","752","110","0","1614","86","28","585","915","0"
"232797","American National University","2013","1,000 - 4,999","1857","1088","769","1390","1821","106","232","1466","17","36","1066","75","165","826","0","22","755","31","67","640","17","14"
"232867","New River Community College","2013","1,000 - 4,999","4808","1887","2921","2868","4808","688","304","1893","1923","0","1887","477","187","932","291","0","2921","211","117","961","1632","0"
"232885","Sentara College of Health Sciences","2013","Under 1,000","360","283","77","313","360","0","21","264","75","0","283","0","10","198","75","0","77","0","11","66","0","0"
"232919","Tidewater Tech-Trades","2013","Under 1,000","310","260","50","280","310","118","0","192","0","0","260","95","0","165","0","0","50","23","0","27","0","0"
"232937","Norfolk State University","2013","5,000 - 9,999","6728","5428","1300","5942","6021","820","542","4593","66","707","4979","797","426","3740","16","449","1042","23","116","853","50","258"
"232946","Northern Virginia Community College","2013","20,000 and above","51803","19700","32103","30478","51803","9128","2666","32798","7211","0","19700","5819","1057","12194","630","0","32103","3309","1609","20604","6581","0"
"232982","Old Dominion University","2013","20,000 and above","24828","16957","7871","20001","19819","2942","2105","14436","336","5009","15102","2908","1489","10653","52","1855","4717","34","616","3783","284","3154"
"233019","Patrick Henry Community College","2013","1,000 - 4,999","3163","1486","1677","2049","3163","707","131","1487","838","0","1486","542","70","765","109","0","1677","165","61","722","729","0"
"233037","Paul D Camp Community College","2013","1,000 - 4,999","1392","435","957","756","1392","198","90","604","500","0","435","120","35","240","40","0","957","78","55","364","460","0"
"233082","Southside Regional Medical Center Professional Schools","2013","Under 1,000","63","33","30","45","63","15","0","48","0","0","33","9","0","24","0","0","30","6","0","24","0","0"
"233091","Miller-Motte Technical College-Lynchburg","2013","Under 1,000","472","305","167","371","472","112","72","288","0","0","305","88","54","163","0","0","167","24","18","125","0","0"
"233116","Piedmont Virginia Community College","2013","5,000 - 9,999","5630","1208","4422","2693","5630","765","327","2721","1817","0","1208","349","116","628","115","0","4422","416","211","2093","1702","0"
"233277","Radford University","2013","5,000 - 9,999","9928","9166","762","9457","8913","1986","770","6110","47","1015","8545","1986","714","5824","21","621","368","0","56","286","26","394"
"233286","Sylvain Melloul International Hair Academy","2013","Under 1,000","80","80","0","80","80","34","0","46","0","0","80","34","0","46","0","0","0","0","0","0","0","0"
"233295","Randolph-Macon College","2013","1,000 - 4,999","1315","1295","20","1303","1315","382","28","884","21","0","1295","382","28","876","9","0","20","0","0","8","12","0"
"233301","Randolph College","2013","Under 1,000","682","663","19","670","665","216","24","411","14","17","649","216","24","405","4","14","16","0","0","6","10","3"
"233310","Rappahannock Community College","2013","1,000 - 4,999","3555","832","2723","1746","3555","413","97","1094","1951","0","832","222","27","336","247","0","2723","191","70","758","1704","0"
"233329","Fortis College-Norfolk","2013","Under 1,000","291","291","0","291","291","87","13","191","0","0","291","87","13","191","0","0","0","0","0","0","0","0"
"233338","Richard Bland College of the College of William and Mary","2013","1,000 - 4,999","1428","895","533","1074","1428","425","57","596","350","0","895","410","36","435","14","0","533","15","21","161","336","0"
"233356","Bon Secours Memorial College of Nursing","2013","Under 1,000","408","207","201","286","408","4","0","404","0","0","207","4","0","203","0","0","201","0","0","201","0","0"
"233374","University of Richmond","2013","1,000 - 4,999","4140","3554","586","3780","3215","807","101","2199","108","925","3010","805","81","2044","80","544","205","2","20","155","28","381"
"233408","Riverside School of Health Careers","2013","Under 1,000","305","291","14","297","305","7","0","298","0","0","291","7","0","284","0","0","14","0","0","14","0","0"
"233426","Roanoke College","2013","1,000 - 4,999","2029","1964","65","1990","2029","542","74","1364","49","0","1964","542","73","1325","24","0","65","0","1","39","25","0"
"233480","Bon Secours St Mary's Hospital School of Medical Imaging","2013","Under 1,000","28","28","0","28","28","0","0","28","0","0","28","0","0","28","0","0","0","0","0","0","0","0"
"233541","Shenandoah University","2013","1,000 - 4,999","4003","2683","1320","3191","2150","418","130","1311","291","1853","1791","418","119","1253","1","892","359","0","11","58","290","961"
"233611","Southern Virginia University","2013","Under 1,000","662","636","26","646","662","224","65","369","4","0","636","224","62","349","1","0","26","0","3","20","3","0"
"233639","Southside Virginia Community College","2013","5,000 - 9,999","5784","1852","3932","3172","5784","637","113","2023","3011","0","1852","411","58","735","648","0","3932","226","55","1288","2363","0"
"233648","Southwest Virginia Community College","2013","1,000 - 4,999","2630","1154","1476","1650","2630","525","93","1176","836","0","1154","437","29","605","83","0","1476","88","64","571","753","0"
"233657","Springfield Beauty Academy","2013","Under 1,000","79","45","34","58","79","25","0","54","0","0","45","18","0","27","0","0","34","7","0","27","0","0"
"233666","Staunton School of Cosmetology","2013","Under 1,000","32","23","9","27","32","30","0","2","0","0","23","22","0","1","0","0","9","8","0","1","0","0"
"233684","Strayer University-Virginia","2013","5,000 - 9,999","7649","1903","5746","4138","4943","306","450","4081","106","2706","1229","73","159","992","5","674","3714","233","291","3089","101","2032"
"233718","Sweet Briar College","2013","Under 1,000","710","687","23","696","703","197","11","391","104","7","680","197","11","386","86","7","23","0","0","5","18","0"
"233754","Thomas Nelson Community College","2013","10,000 - 19,999","11033","3565","7468","6072","11033","1802","799","6496","1936","0","3565","935","296","2175","159","0","7468","867","503","4321","1777","0"
"233772","Tidewater Community College","2013","20,000 and above","28999","11500","17499","17375","28999","5418","1962","18601","3018","0","11500","3033","831","7334","302","0","17499","2385","1131","11267","2716","0"
"233842","Union Presbyterian Seminary","2013","Under 1,000","205","112","93","148","0","0","0","0","0","205","0","0","0","0","0","112","0","0","0","0","0","93"
"233897","The University of Virginia's College at Wise","2013","1,000 - 4,999","2291","1471","820","1802","2291","335","123","1127","706","0","1471","332","106","1015","18","0","820","3","17","112","688","0"
"233903","Virginia Highlands Community College","2013","1,000 - 4,999","2484","1061","1423","1539","2484","411","107","1171","795","0","1061","329","54","579","99","0","1423","82","53","592","696","0"
"233921","Virginia Polytechnic Institute and State University","2013","20,000 and above","31205","28425","2780","29452","24034","5364","995","17569","106","7171","23512","5360","971","17110","71","4913","522","4","24","459","35","2258"
"233949","Virginia Western Community College","2013","5,000 - 9,999","8654","2688","5966","4691","8654","1435","322","3748","3149","0","2688","1056","148","1424","60","0","5966","379","174","2324","3089","0"
"234030","Virginia Commonwealth University","2013","20,000 and above","30974","24803","6171","27186","23356","3526","2093","16430","1307","7618","19746","3513","1790","14141","302","5057","3610","13","303","2289","1005","2561"
"234076","University of Virginia-Main Campus","2013","20,000 and above","23464","21086","2378","21988","16087","3534","671","10815","1067","7377","15089","3516","570","10358","645","5997","998","18","101","457","422","1380"
"234085","Virginia Military Institute","2013","1,000 - 4,999","1675","1675","0","1675","1675","421","45","1209","0","0","1675","421","45","1209","0","0","0","0","0","0","0","0"
"234119","Virginia School of Hair Design","2013","Under 1,000","89","40","49","59","89","72","0","17","0","0","40","35","0","5","0","0","49","37","0","12","0","0"
"234137","Virginia University of Lynchburg","2013","Under 1,000","582","326","256","426","493","126","0","367","0","89","259","95","0","164","0","67","234","31","0","203","0","22"
"234155","Virginia State University","2013","5,000 - 9,999","5763","5164","599","5391","5073","1137","372","3514","50","690","4817","1136","336","3340","5","347","256","1","36","174","45","343"
"234164","Virginia Union University","2013","1,000 - 4,999","1749","1700","49","1719","1359","404","83","872","0","390","1329","402","80","847","0","371","30","2","3","25","0","19"
"234173","Virginia Wesleyan College","2013","1,000 - 4,999","1459","1349","110","1392","1459","453","63","920","23","0","1349","453","59","834","3","0","110","0","4","86","20","0"
"234191","Wards Corner Beauty Academy-Norfolk","2013","Under 1,000","152","152","0","152","152","18","0","134","0","0","152","18","0","134","0","0","0","0","0","0","0","0"
"234207","Washington and Lee University","2013","1,000 - 4,999","2277","2273","4","2275","1855","480","0","1366","9","422","1851","480","0","1364","7","422","4","0","0","2","2","0"
"234216","Sanford-Brown College-Tysons Corner","2013","Under 1,000","231","194","37","209","231","0","0","231","0","0","194","0","0","194","0","0","37","0","0","37","0","0"
"234225","Washington County Adult Skill Center","2013","Under 1,000","81","81","0","81","81","56","0","25","0","0","81","56","0","25","0","0","0","0","0","0","0","0"
"234359","Woodrow Wilson Rehabilitation Center","2013","Under 1,000","164","164","0","164","164","51","0","113","0","0","164","51","0","113","0","0","0","0","0","0","0","0"
"234377","Wytheville Community College","2013","1,000 - 4,999","3468","1209","2259","1967","3468","588","127","1361","1392","0","1209","442","61","606","100","0","2259","146","66","755","1292","0"
"234401","Beauty Academy","2013","Under 1,000","77","77","0","77","77","32","0","45","0","0","77","32","0","45","0","0","0","0","0","0","0","0"
"234492","The Art Institute of Seattle","2013","1,000 - 4,999","1573","1009","564","1231","1573","276","277","1020","0","0","1009","200","184","625","0","0","564","76","93","395","0","0"
"234650","Evergreen Beauty and Barber College-Bellevue","2013","Under 1,000","100","100","0","100","100","7","0","93","0","0","100","7","0","93","0","0","0","0","0","0","0","0"
"234669","Bellevue College","2013","10,000 - 19,999","13820","6704","7116","9576","13820","949","2233","2502","8136","0","6704","679","1042","1280","3703","0","7116","270","1191","1222","4433","0"
"234696","Bellingham Technical College","2013","1,000 - 4,999","2258","1256","1002","1592","2258","80","332","308","1538","0","1256","59","226","208","763","0","1002","21","106","100","775","0"
"234711","Big Bend Community College","2013","1,000 - 4,999","1991","1440","551","1625","1991","310","288","932","461","0","1440","267","211","684","278","0","551","43","77","248","183","0"
"234739","Everest College-Bremerton","2013","Under 1,000","273","269","4","271","273","49","23","201","0","0","269","49","23","197","0","0","4","0","0","4","0","0"
"234784","Everest College-Renton","2013","Under 1,000","444","444","0","444","444","102","0","342","0","0","444","102","0","342","0","0","0","0","0","0","0","0"
"234827","Central Washington University","2013","10,000 - 19,999","11287","9458","1829","10179","10423","1502","1374","7082","465","864","8996","1486","1191","6231","88","462","1427","16","183","851","377","402"
"234845","Centralia College","2013","1,000 - 4,999","3453","1806","1647","2471","3453","398","364","870","1821","0","1806","355","265","661","525","0","1647","43","99","209","1296","0"
"234915","City University of Seattle","2013","1,000 - 4,999","2368","1367","1001","1756","1272","50","314","798","110","1096","638","6","217","408","7","729","634","44","97","390","103","367"
"234924","Lucas Marc Academy","2013","Under 1,000","128","128","0","128","128","30","0","98","0","0","128","30","0","98","0","0","0","0","0","0","0","0"
"234933","Clark College","2013","10,000 - 19,999","11462","5636","5826","7592","11462","1284","2131","6492","1555","0","5636","819","1068","3350","399","0","5826","465","1063","3142","1156","0"
"234951","Clover Park Technical College","2013","1,000 - 4,999","3720","2358","1362","2815","3720","278","725","630","2087","0","2358","251","602","522","983","0","1362","27","123","108","1104","0"
"234979","Columbia Basin College","2013","5,000 - 9,999","6480","3693","2787","4818","6480","959","1814","2373","1334","0","3693","723","919","1598","453","0","2787","236","895","775","881","0"
"235024","Cornish College of the Arts","2013","Under 1,000","778","752","26","762","775","167","83","525","0","3","749","166","83","500","0","3","26","1","0","25","0","0"
"235088","Divers Institute of Technology","2013","Under 1,000","234","234","0","234","234","157","0","77","0","0","234","157","0","77","0","0","0","0","0","0","0","0"
"235097","Eastern Washington University","2013","10,000 - 19,999","12791","10544","2247","11439","11678","1486","1386","8800","6","1113","9715","1469","1235","7009","2","829","1963","17","151","1791","4","284"
"235103","Edmonds Community College","2013","5,000 - 9,999","9070","4184","4886","5824","9070","532","1489","2568","4481","0","4184","397","805","1467","1515","0","4886","135","684","1101","2966","0"
"235149","Everett Community College","2013","5,000 - 9,999","7154","3925","3229","5009","7154","711","1088","2813","2542","0","3925","512","576","1531","1306","0","3229","199","512","1282","1236","0"
"235158","Paroba College of Cosmetology","2013","Under 1,000","109","109","0","109","109","13","0","96","0","0","109","13","0","96","0","0","0","0","0","0","0","0"
"235167","The Evergreen State College","2013","1,000 - 4,999","4398","3955","443","4129","4087","509","740","2768","70","311","3766","497","706","2555","8","189","321","12","34","213","62","122"
"235237","Pierce College at Fort Steilacoom","2013","5,000 - 9,999","6203","2800","3403","3943","6203","488","1535","2384","1796","0","2800","325","728","1098","649","0","3403","163","807","1286","1147","0"
"235307","Glen Dow Academy of Hair Design","2013","Under 1,000","153","151","2","152","153","48","0","105","0","0","151","47","0","104","0","0","2","1","0","1","0","0"
"235316","Gonzaga University","2013","5,000 - 9,999","7605","5490","2115","6299","4896","1238","155","3437","66","2709","4826","1238","151","3391","46","664","70","0","4","46","20","2045"
"235334","Grays Harbor College","2013","1,000 - 4,999","1958","1345","613","1551","1958","259","240","562","897","0","1345","246","184","443","472","0","613","13","56","119","425","0"
"235343","Green River Community College","2013","5,000 - 9,999","7801","5021","2780","5954","7801","814","1241","3136","2610","0","5021","602","807","2052","1560","0","2780","212","434","1084","1050","0"
"235352","Toni & Guy Hairdressing Academy-Shoreline","2013","Under 1,000","65","65","0","65","65","9","0","56","0","0","65","9","0","56","0","0","0","0","0","0","0","0"
"235422","Heritage University","2013","1,000 - 4,999","1128","719","409","878","876","84","122","636","34","252","651","74","104","473","0","68","225","10","18","163","34","184"
"235431","Highline Community College","2013","5,000 - 9,999","6612","3937","2675","4835","6612","467","861","1779","3505","0","3937","330","442","1094","2071","0","2675","137","419","685","1434","0"
"235495","Interface College-Spokane","2013","Under 1,000","49","49","0","49","49","3","34","12","0","0","49","3","34","12","0","0","0","0","0","0","0","0"
"235501","International Air and Hospitality Academy","2013","Under 1,000","266","266","0","266","266","186","0","80","0","0","266","186","0","80","0","0","0","0","0","0","0","0"
"235510","ITT Technical Institute-Seattle","2013","Under 1,000","444","352","92","388","444","63","11","370","0","0","352","55","10","287","0","0","92","8","1","83","0","0"
"235529","ITT Technical Institute-Spokane Valley","2013","Under 1,000","297","239","58","262","297","52","8","237","0","0","239","49","7","183","0","0","58","3","1","54","0","0"
"235547","Bastyr University","2013","1,000 - 4,999","1115","1015","100","1054","259","0","109","107","43","856","207","0","105","93","9","808","52","0","4","14","34","48"
"235583","Gene Juarez Academy of Beauty-Mountlake Terrace","2013","Under 1,000","230","230","0","230","230","28","0","202","0","0","230","28","0","202","0","0","0","0","0","0","0","0"
"235671","Bates Technical College","2013","1,000 - 4,999","3704","1987","1717","2563","3704","163","529","399","2613","0","1987","158","484","364","981","0","1717","5","45","35","1632","0"
"235699","Lake Washington Institute of Technology","2013","1,000 - 4,999","3819","1918","1901","2685","3819","208","1140","879","1592","0","1918","164","704","591","459","0","1901","44","436","288","1133","0"
"235750","Lower Columbia College","2013","1,000 - 4,999","3152","1633","1519","2143","3152","304","353","748","1747","0","1633","239","181","401","812","0","1519","65","172","347","935","0"
"235769","Trinity Lutheran College","2013","Under 1,000","194","182","12","187","194","48","27","117","2","0","182","48","26","108","0","0","12","0","1","9","2","0"
"235954","Cascade Beauty College","2013","Under 1,000","24","24","0","24","24","3","0","21","0","0","24","3","0","21","0","0","0","0","0","0","0","0"
"236018","BJ's Beauty & Barber College","2013","Under 1,000","121","121","0","121","121","24","0","97","0","0","121","24","0","97","0","0","0","0","0","0","0","0"
"236027","Northwest Hair Academy","2013","Under 1,000","160","160","0","160","160","27","0","133","0","0","160","27","0","133","0","0","0","0","0","0","0","0"
"236072","Seattle Community College-North Campus","2013","5,000 - 9,999","6118","2240","3878","3805","6118","159","1448","1145","3366","0","2240","99","613","648","880","0","3878","60","835","497","2486","0"
"236133","Northwest University","2013","1,000 - 4,999","1733","1436","297","1552","1438","215","325","814","84","295","1221","202","254","750","15","215","217","13","71","64","69","80"
"236188","Olympic College","2013","5,000 - 9,999","7329","4287","3042","5515","7329","561","1238","3101","2429","0","4287","382","715","2055","1135","0","3042","179","523","1046","1294","0"
"236212","Perry Technical Institute","2013","Under 1,000","774","774","0","774","774","179","0","595","0","0","774","179","0","595","0","0","0","0","0","0","0","0"
"236230","Pacific Lutheran University","2013","1,000 - 4,999","3462","3201","261","3302","3142","648","240","2174","80","320","3010","648","236","2080","46","191","132","0","4","94","34","129"
"236258","Peninsula College","2013","1,000 - 4,999","2405","1427","978","1822","2405","204","357","817","1027","0","1427","178","241","574","434","0","978","26","116","243","593","0"
"236328","University of Puget Sound","2013","1,000 - 4,999","2812","2756","56","2778","2544","670","59","1813","2","268","2522","670","59","1793","0","234","22","0","0","20","2","34"
"236382","Renton Technical College","2013","1,000 - 4,999","3338","1241","2097","1945","3338","178","598","505","2057","0","1241","134","419","353","335","0","2097","44","179","152","1722","0"
"236452","Saint Martin's University","2013","1,000 - 4,999","1787","1193","594","1423","1428","158","157","984","129","359","1111","158","134","811","8","82","317","0","23","173","121","277"
"236504","Seattle Community College-South Campus","2013","1,000 - 4,999","4951","1992","2959","3186","4951","228","895","879","2949","0","1992","193","456","552","791","0","2959","35","439","327","2158","0"
"236513","Seattle Central College","2013","5,000 - 9,999","7110","4184","2926","5365","7110","169","1381","1566","3994","0","4184","132","852","1136","2064","0","2926","37","529","430","1930","0"
"236531","Everest College-Seattle","2013","Under 1,000","174","174","0","174","174","22","0","152","0","0","174","22","0","152","0","0","0","0","0","0","0","0"
"236577","Seattle Pacific University","2013","1,000 - 4,999","4270","3609","661","3863","3366","767","216","2371","12","904","3230","765","216","2247","2","379","136","2","0","124","10","525"
"236595","Seattle University","2013","5,000 - 9,999","7422","5780","1642","6410","4608","964","388","3243","13","2814","4377","958","374","3044","1","1403","231","6","14","199","12","1411"
"236610","Shoreline Community College","2013","5,000 - 9,999","5937","3227","2710","4137","5937","419","1223","1285","3010","0","3227","341","728","770","1388","0","2710","78","495","515","1622","0"
"236638","Skagit Valley College","2013","1,000 - 4,999","4790","2571","2219","3316","4790","546","809","1413","2022","0","2571","432","479","835","825","0","2219","114","330","578","1197","0"
"236656","South Puget Sound Community College","2013","1,000 - 4,999","4938","2765","2173","3495","4938","556","1104","1624","1654","0","2765","401","606","960","798","0","2173","155","498","664","856","0"
"236692","Spokane Community College","2013","5,000 - 9,999","6731","4381","2350","5170","6731","678","1653","2527","1873","0","4381","597","1152","1871","761","0","2350","81","501","656","1112","0"
"236708","Spokane Falls Community College","2013","5,000 - 9,999","8855","4503","4352","5964","8855","938","1141","2486","4290","0","4503","808","781","1812","1102","0","4352","130","360","674","3188","0"
"236744","Stylemaster College of Hair Design","2013","Under 1,000","102","102","0","102","102","34","0","68","0","0","102","34","0","68","0","0","0","0","0","0","0","0"
"236753","Tacoma Community College","2013","5,000 - 9,999","7146","4373","2773","5304","7146","667","1773","2822","1884","0","4373","529","1070","1773","1001","0","2773","138","703","1049","883","0"
"236887","Walla Walla Community College","2013","5,000 - 9,999","5109","2969","2140","3687","5109","491","767","1457","2394","0","2969","454","554","1061","900","0","2140","37","213","396","1494","0"
"236896","Walla Walla University","2013","1,000 - 4,999","1917","1802","115","1847","1686","389","98","1159","40","231","1592","387","90","1112","3","210","94","2","8","47","37","21"
"236939","Washington State University","2013","20,000 and above","27642","23604","4038","25180","23070","4163","2346","16316","245","4572","20312","4057","1923","14274","58","3292","2758","106","423","2042","187","1280"
"236948","University of Washington-Seattle Campus","2013","20,000 and above","43762","38327","5435","40406","29756","6203","1503","21048","1002","14006","27050","6144","1338","19533","35","11277","2706","59","165","1515","967","2729"
"236975","Wenatchee Valley College","2013","1,000 - 4,999","3619","2624","995","2958","3619","553","507","1640","919","0","2624","461","395","1186","582","0","995","92","112","454","337","0"
"236993","Everest College-Vancouver","2013","Under 1,000","324","274","50","294","324","59","33","232","0","0","274","59","33","182","0","0","50","0","0","50","0","0"
"237011","Western Washington University","2013","10,000 - 19,999","14950","13457","1493","14042","14026","2795","1045","10085","101","924","12942","2764","942","9209","27","515","1084","31","103","876","74","409"
"237039","Whatcom Community College","2013","1,000 - 4,999","4427","2466","1961","3124","4427","377","947","1647","1456","0","2466","289","521","970","686","0","1961","88","426","677","770","0"
"237057","Whitman College","2013","1,000 - 4,999","1541","1505","36","1519","1541","392","20","1113","16","0","1505","392","20","1090","3","0","36","0","0","23","13","0"
"237066","Whitworth University","2013","1,000 - 4,999","2569","2373","196","2448","2358","593","84","1660","21","211","2317","593","83","1631","10","56","41","0","1","29","11","155"
"237109","Yakima Valley Community College","2013","1,000 - 4,999","4105","2873","1232","3287","4105","402","543","1642","1518","0","2873","317","390","1175","991","0","1232","85","153","467","527","0"
"237118","Alderson Broaddus University","2013","1,000 - 4,999","1117","1060","57","1082","1052","438","74","520","20","65","995","438","66","488","3","65","57","0","8","32","17","0"
"237127","Appalachian Beauty School","2013","Under 1,000","19","19","0","19","19","7","0","12","0","0","19","7","0","12","0","0","0","0","0","0","0","0"
"237136","Appalachian Bible College","2013","Under 1,000","285","197","88","231","278","61","24","119","74","7","197","60","23","114","0","0","81","1","1","5","74","7"
"237145","B M Spurr School of Practical Nursing","2013","Under 1,000","36","36","0","36","36","16","0","20","0","0","36","16","0","20","0","0","0","0","0","0","0","0"
"237172","Ben Franklin Career Center","2013","Under 1,000","477","120","357","240","477","455","0","22","0","0","120","109","0","11","0","0","357","346","0","11","0","0"
"237181","Bethany College","2013","Under 1,000","726","718","8","721","693","183","29","478","3","33","690","183","29","476","2","28","3","0","0","2","1","5"
"237215","Bluefield State College","2013","1,000 - 4,999","1747","1440","307","1564","1747","303","161","1244","39","0","1440","295","134","1008","3","0","307","8","27","236","36","0"
"237242","Cabell County Career Technology Center","2013","Under 1,000","130","70","60","90","130","43","0","87","0","0","70","37","0","33","0","0","60","6","0","54","0","0"
"237303","Charleston School of Beauty Culture","2013","Under 1,000","121","121","0","121","121","41","0","80","0","0","121","41","0","80","0","0","0","0","0","0","0","0"
"237312","University of Charleston","2013","1,000 - 4,999","1935","1788","147","1846","1386","272","345","756","13","549","1250","271","287","692","0","538","136","1","58","64","13","11"
"237321","Clarksburg Beauty Academy and School of Massage Therapy","2013","Under 1,000","70","70","0","70","70","41","0","29","0","0","70","41","0","29","0","0","0","0","0","0","0","0"
"237330","Concord University","2013","1,000 - 4,999","2767","2339","428","2503","2505","517","181","1776","31","262","2275","507","169","1596","3","64","230","10","12","180","28","198"
"237358","Davis & Elkins College","2013","Under 1,000","874","847","27","858","874","269","48","549","8","0","847","269","42","536","0","0","27","0","6","13","8","0"
"237367","Fairmont State University","2013","1,000 - 4,999","4232","3541","691","3813","3966","750","406","2700","110","266","3435","741","353","2317","24","106","531","9","53","383","86","160"
"237385","Glenville State College","2013","1,000 - 4,999","1850","1114","736","1411","1850","315","154","944","437","0","1114","280","58","754","22","0","736","35","96","190","415","0"
"237437","Huntington Junior College","2013","Under 1,000","685","583","102","623","685","125","98","459","3","0","583","120","88","375","0","0","102","5","10","84","3","0"
"237473","James Rumsey Technical Institute","2013","Under 1,000","129","129","0","129","129","93","0","36","0","0","129","93","0","36","0","0","0","0","0","0","0","0"
"237491","Ralph R Willis Career and Technical Center","2013","Under 1,000","27","27","0","27","27","6","0","21","0","0","27","6","0","21","0","0","0","0","0","0","0","0"
"237525","Marshall University","2013","10,000 - 19,999","13407","9949","3458","11262","9756","1857","613","6628","658","3651","8268","1843","506","5862","57","1681","1488","14","107","766","601","1970"
"237543","Mercer County Technical Education Center","2013","Under 1,000","219","70","149","120","219","156","0","63","0","0","70","67","0","3","0","0","149","89","0","60","0","0"
"237552","Meredith Manor International Equestrian Center","2013","Under 1,000","121","121","0","121","121","25","0","96","0","0","121","25","0","96","0","0","0","0","0","0","0","0"
"237561","Monongalia County Technical Education Center","2013","Under 1,000","84","81","3","82","84","30","0","54","0","0","81","27","0","54","0","0","3","3","0","0","0","0"
"237570","Morgantown Beauty College Inc","2013","Under 1,000","68","68","0","68","68","14","0","54","0","0","68","14","0","54","0","0","0","0","0","0","0","0"
"237598","Mountain State College","2013","Under 1,000","153","141","12","146","153","11","0","142","0","0","141","10","0","131","0","0","12","1","0","11","0","0"
"237604","Everest Institute-Cross Lanes","2013","Under 1,000","232","232","0","232","232","37","19","176","0","0","232","37","19","176","0","0","0","0","0","0","0","0"
"237613","Opportunities Industrialization Center","2013","Under 1,000","96","96","0","96","96","43","0","53","0","0","96","43","0","53","0","0","0","0","0","0","0","0"
"237640","Ohio Valley University","2013","Under 1,000","451","383","68","409","410","89","34","271","16","41","372","89","34","247","2","11","38","0","0","24","14","30"
"237686","West Virginia University at Parkersburg","2013","1,000 - 4,999","3461","2128","1333","2666","3461","540","216","2287","418","0","2128","456","138","1530","4","0","1333","84","78","757","414","0"
"237701","Potomac State College of West Virginia University","2013","1,000 - 4,999","1660","1289","371","1439","1660","631","49","698","282","0","1289","624","41","624","0","0","371","7","8","74","282","0"
"237729","Academy of Careers and Technology","2013","Under 1,000","124","55","69","78","124","49","0","75","0","0","55","11","0","44","0","0","69","38","0","31","0","0"
"237783","Salem International University","2013","Under 1,000","618","615","3","616","441","129","69","243","0","177","441","129","69","243","0","174","0","0","0","0","0","3"
"237792","Shepherd University","2013","1,000 - 4,999","4221","3371","850","3708","3990","684","355","2656","295","231","3289","676","299","2313","1","82","701","8","56","343","294","149"
"237817","Southern West Virginia Community and Technical College","2013","1,000 - 4,999","2002","1276","726","1520","2002","536","94","1199","173","0","1276","468","58","740","10","0","726","68","36","459","163","0"
"237844","Fred W Eberle Technical Center","2013","Under 1,000","120","91","29","101","120","118","0","2","0","0","91","90","0","1","0","0","29","28","0","1","0","0"
"237880","West Virginia School of Osteopathic Medicine","2013","Under 1,000","817","817","0","817","0","0","0","0","0","817","0","0","0","0","0","817","0","0","0","0","0","0"
"237899","West Virginia State University","2013","1,000 - 4,999","2677","1922","755","2226","2622","418","230","1547","427","55","1889","403","196","1259","31","33","733","15","34","288","396","22"
"237905","West Virginia University Hospital Departments of Rad Tech and Nutrition","2013","Under 1,000","49","49","0","49","42","15","0","27","0","7","42","15","0","27","0","7","0","0","0","0","0","0"
"237932","West Liberty University","2013","1,000 - 4,999","2776","2269","507","2472","2660","501","203","1708","248","116","2200","498","159","1527","16","69","460","3","44","181","232","47"
"237950","West Virginia University Institute of Technology","2013","1,000 - 4,999","1222","967","255","1070","1222","305","122","706","89","0","967","298","107","562","0","0","255","7","15","144","89","0"
"237969","West Virginia Wesleyan College","2013","1,000 - 4,999","1469","1433","36","1447","1367","471","40","845","11","102","1345","471","39","828","7","88","22","0","1","17","4","14"
"237978","West Virginia Business College-Wheeling","2013","Under 1,000","147","147","0","147","147","54","0","93","0","0","147","54","0","93","0","0","0","0","0","0","0","0"
"237987","West Virginia Junior College-Charleston","2013","Under 1,000","213","203","10","207","213","67","40","106","0","0","203","66","38","99","0","0","10","1","2","7","0","0"
"237996","West Virginia Junior College-Morgantown","2013","Under 1,000","291","291","0","291","291","83","93","115","0","0","291","83","93","115","0","0","0","0","0","0","0","0"
"238005","International Beauty School 4","2013","Under 1,000","70","70","0","70","70","31","0","39","0","0","70","31","0","39","0","0","0","0","0","0","0","0"
"238014","West Virginia Northern Community College","2013","1,000 - 4,999","2086","952","1134","1333","2086","337","254","1185","310","0","952","249","160","538","5","0","1134","88","94","647","305","0"
"238032","West Virginia University","2013","20,000 and above","29466","25796","3670","27196","22757","4913","1101","16116","627","6709","21027","4901","1030","15096","0","4769","1730","12","71","1020","627","1940"
"238078","Wheeling Jesuit University","2013","1,000 - 4,999","1619","1087","532","1293","1180","250","106","783","41","439","938","250","104","584","0","149","242","0","2","199","41","290"
"238096","Wood County School of Practical Nursing","2013","Under 1,000","35","35","0","35","35","9","0","26","0","0","35","9","0","26","0","0","0","0","0","0","0","0"
"238166","Advanced Institute of Hair Design-Glendale","2013","Under 1,000","121","121","0","121","121","16","0","105","0","0","121","16","0","105","0","0","0","0","0","0","0","0"
"238175","VICI Aveda Institute","2013","Under 1,000","136","136","0","136","136","31","0","105","0","0","136","31","0","105","0","0","0","0","0","0","0","0"
"238193","Alverno College","2013","1,000 - 4,999","2536","1750","786","2056","1862","208","165","1460","29","674","1360","202","140","1000","18","390","502","6","25","460","11","284"
"238263","Madison Area Technical College","2013","10,000 - 19,999","15402","5160","10242","9291","15340","2631","1094","9138","2477","62","5138","1264","529","3174","171","22","10202","1367","565","5964","2306","40"
"238324","Bellin College","2013","Under 1,000","325","237","88","271","286","41","10","234","1","39","237","41","10","186","0","0","49","0","0","48","1","39"
"238333","Beloit College","2013","1,000 - 4,999","1306","1254","52","1274","1306","299","24","921","62","0","1254","299","24","914","17","0","52","0","0","7","45","0"
"238397","Blackhawk Technical College","2013","1,000 - 4,999","2637","1056","1581","1587","2637","447","0","2190","0","0","1056","230","0","826","0","0","1581","217","0","1364","0","0"
"238430","Cardinal Stritch University","2013","1,000 - 4,999","4407","3988","419","4150","2693","195","255","2230","13","1714","2520","195","228","2091","6","1468","173","0","27","139","7","246"
"238458","Carroll University","2013","1,000 - 4,999","3534","2901","633","3147","3119","686","105","2233","95","415","2729","678","84","1941","26","172","390","8","21","292","69","243"
"238476","Carthage College","2013","1,000 - 4,999","2988","2583","405","2741","2902","717","116","2041","28","86","2581","714","105","1759","3","2","321","3","11","282","25","84"
"238573","Columbia College of Nursing","2013","Under 1,000","157","142","15","148","157","0","50","107","0","0","142","0","49","93","0","0","15","0","1","14","0","0"
"238616","Concordia University-Wisconsin","2013","5,000 - 9,999","7943","4676","3267","5938","4363","581","627","3114","41","3580","3059","581","259","2219","0","1617","1304","0","368","895","41","1963"
"238661","Edgewood College","2013","1,000 - 4,999","2894","1796","1098","2219","1998","298","207","1409","84","896","1681","298","186","1181","16","115","317","0","21","228","68","781"
"238722","Fox Valley Technical College","2013","10,000 - 19,999","10511","2911","7600","5463","10511","937","1903","4187","3484","0","2911","399","747","1475","290","0","7600","538","1156","2712","3194","0"
"238759","Gateway Technical College","2013","5,000 - 9,999","8268","1582","6686","3827","8268","1518","703","5074","973","0","1582","407","166","958","51","0","6686","1111","537","4116","922","0"
"238786","Gill-Tech Academy of Hair Design","2013","Under 1,000","113","93","20","101","113","23","0","90","0","0","93","15","0","78","0","0","20","8","0","12","0","0"
"238810","The Salon Professional Academy-Eau Claire","2013","Under 1,000","77","63","14","69","77","41","0","36","0","0","63","36","0","27","0","0","14","5","0","9","0","0"
"238892","ITT Technical Institute-Greenfield","2013","Under 1,000","448","341","107","383","448","92","2","354","0","0","341","79","2","260","0","0","107","13","0","94","0","0"
"238980","Lakeland College","2013","1,000 - 4,999","3806","1148","2658","2185","2972","216","283","1950","523","834","1024","214","80","728","2","124","1948","2","203","1222","521","710"
"239008","Lakeshore Technical College","2013","1,000 - 4,999","2930","910","2020","1588","2930","393","42","1820","675","0","910","226","18","655","11","0","2020","167","24","1165","664","0"
"239017","Lawrence University","2013","1,000 - 4,999","1553","1518","35","1532","1553","395","18","1104","36","0","1518","392","17","1082","27","0","35","3","1","22","9","0"
"239071","Maranatha Baptist University","2013","1,000 - 4,999","1035","717","318","841","946","210","33","537","166","89","689","206","32","451","0","28","257","4","1","86","166","61"
"239080","Marian University","2013","1,000 - 4,999","2188","1384","804","1695","1688","248","262","1166","12","500","1339","248","164","927","0","45","349","0","98","239","12","455"
"239105","Marquette University","2013","10,000 - 19,999","11782","10164","1618","10786","8365","1990","142","6058","175","3417","8046","1989","130","5877","50","2118","319","1","12","181","125","1299"
"239132","Empire Beauty School-Madison","2013","Under 1,000","89","70","19","78","89","27","0","62","0","0","70","22","0","48","0","0","19","5","0","14","0","0"
"239169","Medical College of Wisconsin","2013","1,000 - 4,999","1212","1010","202","1087","0","0","0","0","0","1212","0","0","0","0","0","1010","0","0","0","0","0","202"
"239220","Mid-State Technical College","2013","1,000 - 4,999","2905","1021","1884","1654","2905","492","45","2082","286","0","1021","265","12","725","19","0","1884","227","33","1357","267","0"
"239248","Milwaukee Area Technical College","2013","10,000 - 19,999","17961","5731","12230","9837","17961","1724","258","14190","1789","0","5731","897","121","4477","236","0","12230","827","137","9713","1553","0"
"239309","Milwaukee Institute of Art & Design","2013","Under 1,000","667","652","15","658","667","157","40","469","1","0","652","157","39","456","0","0","15","0","1","13","1","0"
"239318","Milwaukee School of Engineering","2013","1,000 - 4,999","2658","2341","317","2464","2459","539","201","1712","7","199","2284","538","182","1564","0","57","175","1","19","148","7","142"
"239372","Moraine Park Technical College","2013","5,000 - 9,999","6613","1112","5501","2959","6613","341","0","2979","3293","0","1112","163","0","911","38","0","5501","178","0","2068","3255","0"
"239390","Mount Mary University","2013","1,000 - 4,999","1481","1070","411","1230","926","114","62","635","115","555","685","113","58","510","4","385","241","1","4","125","111","170"
"239424","Nashotah House","2013","Under 1,000","124","101","23","110","0","0","0","0","0","124","0","0","0","0","0","101","0","0","0","0","0","23"
"239442","Nicolet Area Technical College","2013","1,000 - 4,999","1271","623","648","841","1271","229","34","860","148","0","623","149","19","452","3","0","648","80","15","408","145","0"
"239460","Northcentral Technical College","2013","1,000 - 4,999","4384","1859","2525","2707","4384","900","0","2732","752","0","1859","486","0","1259","114","0","2525","414","0","1473","638","0"
"239488","Northeast Wisconsin Technical College","2013","10,000 - 19,999","10441","3551","6890","5864","10441","1171","345","5159","3766","0","3551","705","192","2163","491","0","6890","466","153","2996","3275","0"
"239503","Northland International University","2013","Under 1,000","327","255","72","283","261","41","15","198","7","66","242","40","15","182","5","13","19","1","0","16","2","53"
"239512","Northland College","2013","Under 1,000","552","538","14","543","552","140","37","369","6","0","538","140","37","361","0","0","14","0","0","8","6","0"
"239628","Ripon College","2013","Under 1,000","904","888","16","894","904","238","10","635","21","0","888","238","10","632","8","0","16","0","0","3","13","0"
"239637","Sacred Heart School of Theology","2013","Under 1,000","113","96","17","102","0","0","0","0","0","113","0","0","0","0","0","96","0","0","0","0","0","17"
"239716","Saint Norbert College","2013","1,000 - 4,999","2222","2118","104","2158","2160","539","44","1545","32","62","2118","539","43","1522","14","0","42","0","1","23","18","62"
"239743","Silver Lake College of the Holy Family","2013","Under 1,000","679","223","456","400","501","40","31","228","202","178","213","40","19","142","12","10","288","0","12","86","190","168"
"239877","State College of Beauty Culture Inc","2013","Under 1,000","55","49","6","51","55","27","0","28","0","0","49","27","0","22","0","0","6","0","0","6","0","0"
"239910","Southwest Wisconsin Technical College","2013","1,000 - 4,999","4144","736","3408","1880","4144","366","386","595","2797","0","736","229","177","324","6","0","3408","137","209","271","2791","0"
"239929","Bryant & Stratton College-Milwaukee","2013","1,000 - 4,999","1051","418","633","667","1051","242","143","666","0","0","418","155","77","186","0","0","633","87","66","480","0","0"
"240055","University of Wisconsin Colleges","2013","10,000 - 19,999","13947","8015","5932","10007","13947","4189","755","6883","2120","0","8015","3642","449","3847","77","0","5932","547","306","3036","2043","0"
"240107","Viterbo University","2013","1,000 - 4,999","2762","1926","836","2251","2079","304","266","1482","27","683","1581","303","148","1129","1","345","498","1","118","353","26","338"
"240116","Chippewa Valley Technical College","2013","5,000 - 9,999","5617","2445","3172","3510","5617","1366","390","2931","930","0","2445","891","185","1267","102","0","3172","475","205","1664","828","0"
"240125","Waukesha County Technical College","2013","5,000 - 9,999","8799","1905","6894","4220","8799","518","393","4807","3081","0","1905","256","171","1478","0","0","6894","262","222","3329","3081","0"
"240170","Western Technical College","2013","1,000 - 4,999","4572","1920","2652","2810","4572","687","444","3196","245","0","1920","440","219","1250","11","0","2652","247","225","1946","234","0"
"240189","University of Wisconsin-Whitewater","2013","10,000 - 19,999","12027","10308","1719","10971","10864","2108","689","7641","426","1163","9889","2096","637","7062","94","419","975","12","52","579","332","744"
"240198","Wisconsin Indianhead Technical College","2013","1,000 - 4,999","3418","1469","1949","2123","3418","549","0","2407","462","0","1469","320","0","1136","13","0","1949","229","0","1271","449","0"
"240213","Wisconsin School of Professional Psychology","2013","Under 1,000","92","40","52","60","0","0","0","0","0","92","0","0","0","0","0","40","0","0","0","0","0","52"
"240240","Paul Mitchell the School-Green Bay","2013","Under 1,000","156","156","0","156","156","16","0","140","0","0","156","16","0","140","0","0","0","0","0","0","0","0"
"240268","University of Wisconsin-Eau Claire","2013","10,000 - 19,999","10923","9616","1307","10126","10404","2017","568","7633","186","519","9508","2014","502","6992","0","108","896","3","66","641","186","411"
"240277","University of Wisconsin-Green Bay","2013","5,000 - 9,999","6668","4388","2280","5301","6445","809","587","4369","680","223","4330","782","401","3122","25","58","2115","27","186","1247","655","165"
"240329","University of Wisconsin-La Crosse","2013","10,000 - 19,999","10520","9577","943","9940","9702","2005","540","6790","367","818","9188","1995","516","6531","146","389","514","10","24","259","221","429"
"240338","Wisconsin Lutheran College","2013","1,000 - 4,999","1178","1011","167","1076","1070","229","75","754","12","108","1002","229","67","705","1","9","68","0","8","49","11","99"
"240365","University of Wisconsin-Oshkosh","2013","10,000 - 19,999","13900","9375","4525","11155","12622","1747","924","7962","1989","1278","9193","1730","689","6723","51","182","3429","17","235","1239","1938","1096"
"240374","University of Wisconsin-Parkside","2013","1,000 - 4,999","4578","3365","1213","3851","4450","762","396","3196","96","128","3332","686","294","2350","2","33","1118","76","102","846","94","95"
"240392","Herzing University-Madison","2013","1,000 - 4,999","2680","1265","1415","1819","2452","227","69","2139","17","228","1166","125","43","998","0","99","1286","102","26","1141","17","129"
"240417","University of Wisconsin-Stout","2013","5,000 - 9,999","9313","7088","2225","7951","8208","1573","683","5838","114","1105","6820","1561","489","4732","38","268","1388","12","194","1106","76","837"
"240426","University of Wisconsin-Superior","2013","1,000 - 4,999","2661","2071","590","2306","2527","325","317","1773","112","134","2020","318","256","1436","10","51","507","7","61","337","102","83"
"240444","University of Wisconsin-Madison","2013","20,000 and above","42677","38428","4249","40055","30728","6339","1092","22073","1224","11949","28568","6323","1042","20818","385","9860","2160","16","50","1255","839","2089"
"240453","University of Wisconsin-Milwaukee","2013","20,000 and above","27416","21548","5868","23826","22648","3303","1721","16723","901","4768","18942","3201","1469","14035","237","2606","3706","102","252","2688","664","2162"
"240462","University of Wisconsin-Platteville","2013","5,000 - 9,999","8712","7136","1576","7741","7862","1646","446","5648","122","850","7033","1625","385","5001","22","103","829","21","61","647","100","747"
"240471","University of Wisconsin-River Falls","2013","5,000 - 9,999","6160","5375","785","5681","5782","1071","371","4064","276","378","5249","1059","342","3714","134","126","533","12","29","350","142","252"
"240480","University of Wisconsin-Stevens Point","2013","5,000 - 9,999","9661","8770","891","9120","9313","1636","754","6760","163","348","8650","1624","672","6335","19","120","663","12","82","425","144","228"
"240505","Casper College","2013","1,000 - 4,999","4082","1957","2125","2670","4082","685","129","1957","1311","0","1957","616","96","1194","51","0","2125","69","33","763","1260","0"
"240514","Central Wyoming College","2013","1,000 - 4,999","2182","831","1351","1285","2182","309","399","419","1055","0","831","235","189","250","157","0","1351","74","210","169","898","0"
"240596","Eastern Wyoming College","2013","1,000 - 4,999","1788","686","1102","1056","1788","265","176","330","1017","0","686","229","97","205","155","0","1102","36","79","125","862","0"
"240620","Laramie County Community College","2013","1,000 - 4,999","4780","1961","2819","2907","4780","438","259","2820","1263","0","1961","318","142","1445","56","0","2819","120","117","1375","1207","0"
"240657","Northwest College","2013","1,000 - 4,999","1880","1080","800","1349","1880","400","40","1184","256","0","1080","372","40","644","24","0","800","28","0","540","232","0"
"240666","Sheridan College","2013","1,000 - 4,999","4437","1441","2996","2447","4437","531","71","1506","2329","0","1441","448","34","860","99","0","2996","83","37","646","2230","0"
"240693","Western Wyoming Community College","2013","1,000 - 4,999","3620","1222","2398","2027","3620","428","324","2040","828","0","1222","356","132","694","40","0","2398","72","192","1346","788","0"
"240709","Cheeks International Academy of Beauty Culture-Cheyenne","2013","Under 1,000","46","34","12","39","46","35","0","11","0","0","34","25","0","9","0","0","12","10","0","2","0","0"
"240718","Wyotech-Laramie","2013","1,000 - 4,999","1462","1462","0","1462","1462","424","67","971","0","0","1462","424","67","971","0","0","0","0","0","0","0","0"
"240727","University of Wyoming","2013","10,000 - 19,999","12778","9743","3035","10919","10117","1582","1082","7305","148","2661","8255","1568","758","5928","1","1488","1862","14","324","1377","147","1173"
"240736","American Samoa Community College","2013","1,000 - 4,999","1488","735","753","1039","1488","438","1","1048","1","0","735","264","0","471","0","0","753","174","1","577","1","0"
"240745","Guam Community College","2013","1,000 - 4,999","2603","1021","1582","1552","2603","200","51","1911","441","0","1021","97","25","819","80","0","1582","103","26","1092","361","0"
"240754","University of Guam","2013","1,000 - 4,999","3836","2793","1043","3205","3532","575","168","2745","44","304","2690","488","129","2067","6","103","842","87","39","678","38","201"
"240790","Northern Marianas College","2013","1,000 - 4,999","1109","914","195","993","1109","284","6","773","46","0","914","256","4","636","18","0","195","28","2","137","28","0"
"240879","Institute of Beauty Careers","2013","Under 1,000","156","156","0","156","156","153","0","3","0","0","156","153","0","3","0","0","0","0","0","0","0","0"
"240985","Educational Technical College-Recinto de Bayamon","2013","Under 1,000","225","225","0","225","225","117","0","108","0","0","225","117","0","108","0","0","0","0","0","0","0","0"
"241100","American University of Puerto Rico","2013","Under 1,000","968","836","132","887","858","129","9","712","8","110","794","127","8","657","2","42","64","2","1","55","6","68"
"241128","American University of Puerto Rico","2013","1,000 - 4,999","1082","953","129","1003","1008","211","46","741","10","74","918","210","44","660","4","35","90","1","2","81","6","39"
"241146","American Educational College","2013","Under 1,000","560","557","3","558","560","328","0","232","0","0","557","328","0","229","0","0","3","0","0","3","0","0"
"241182","Antilles School of Technical Careers","2013","Under 1,000","548","548","0","548","548","195","0","353","0","0","548","195","0","353","0","0","0","0","0","0","0","0"
"241191","Universidad Adventista de las Antillas","2013","1,000 - 4,999","1403","1282","121","1329","1287","196","113","952","26","116","1190","195","111","883","1","92","97","1","2","69","25","24"
"241216","Atlantic University College","2013","1,000 - 4,999","1429","1038","391","1191","1365","270","84","1011","0","64","1015","266","78","671","0","23","350","4","6","340","0","41"
"241225","Bayamon Central University","2013","1,000 - 4,999","2065","1476","589","1705","1657","242","143","1269","3","408","1291","229","112","947","3","185","366","13","31","322","0","223"
"241304","Columbia Centro Universitario-Caguas","2013","1,000 - 4,999","1823","817","1006","1211","1680","295","0","1385","0","143","743","250","0","493","0","74","937","45","0","892","0","69"
"241331","Carlos Albizu University-San Juan","2013","Under 1,000","919","773","146","829","142","0","77","11","54","777","78","0","60","9","9","695","64","0","17","2","45","82"
"241377","Caribbean University-Bayamon","2013","1,000 - 4,999","1876","1395","481","1582","1578","265","53","1254","6","298","1251","237","42","971","1","144","327","28","11","283","5","154"
"241386","Caribbean University-Carolina","2013","Under 1,000","827","606","221","692","704","55","32","616","1","123","559","46","22","491","0","47","145","9","10","125","1","76"
"241395","Pontifical Catholic University of Puerto Rico-Arecibo","2013","Under 1,000","986","805","181","875","655","97","53","444","61","331","556","97","51","401","7","249","99","0","2","43","54","82"
"241410","Pontifical Catholic University of Puerto Rico-Ponce","2013","5,000 - 9,999","8341","7150","1191","7611","6032","1102","223","4601","106","2309","5479","1099","219","4135","26","1671","553","3","4","466","80","638"
"241517","Centro de Estudios Multidisciplinarios-San Juan","2013","Under 1,000","987","959","28","970","987","328","160","499","0","0","959","328","150","481","0","0","28","0","10","18","0","0"
"241614","Universidad Teologica del Caribe","2013","Under 1,000","202","110","92","146","202","21","37","141","3","0","110","13","19","78","0","0","92","8","18","63","3","0"
"241720","Colegio Universitario de San Juan","2013","1,000 - 4,999","1387","1171","216","1258","1387","176","209","1002","0","0","1171","167","184","820","0","0","216","9","25","182","0","0"
"241739","Universidad Metropolitana","2013","10,000 - 19,999","13631","10202","3429","11537","11503","2142","1322","8039","0","2128","9192","1984","1021","6187","0","1010","2311","158","301","1852","0","1118"
"241766","Puerto Rico Conservatory of Music","2013","Under 1,000","492","324","168","391","441","78","55","291","17","51","289","24","3","258","4","35","152","54","52","33","13","16"
"241793","Center for Advanced Studies On Puerto Rico and the Caribbean","2013","Under 1,000","503","299","204","377","0","0","0","0","0","503","0","0","0","0","0","299","0","0","0","0","0","204"
"241836","EDP University of Puerto Rico Inc-San Sebastian","2013","1,000 - 4,999","1195","850","345","986","1195","186","45","964","0","0","850","183","41","626","0","0","345","3","4","338","0","0"
"241906","Emma's Beauty Academy-Mayaguez","2013","Under 1,000","397","397","0","397","397","109","0","288","0","0","397","109","0","288","0","0","0","0","0","0","0","0"
"241951","Escuela de Artes Plasticas de Puerto Rico","2013","Under 1,000","529","370","159","434","529","87","37","405","0","0","370","86","30","254","0","0","159","1","7","151","0","0"
"242042","Instituto Tecnologico de Puerto Rico-Recinto de Manati","2013","Under 1,000","755","636","119","676","755","319","0","436","0","0","636","308","0","328","0","0","119","11","0","108","0","0"
"242112","Huertas College","2013","1,000 - 4,999","1255","1062","193","1139","1255","248","260","747","0","0","1062","245","244","573","0","0","193","3","16","174","0","0"
"242121","Humacao Community College","2013","Under 1,000","705","458","247","555","705","160","17","528","0","0","458","136","12","310","0","0","247","24","5","218","0","0"
"242130","ICPR Junior College-Arecibo","2013","Under 1,000","542","499","43","516","542","156","21","365","0","0","499","151","20","328","0","0","43","5","1","37","0","0"
"242149","ICPR Junior College-Mayaguez","2013","Under 1,000","596","503","93","540","596","225","18","353","0","0","503","219","13","271","0","0","93","6","5","82","0","0"
"242316","Instituto de Educacion Tecnica Ocupacional La Reine-Manati","2013","Under 1,000","335","335","0","335","335","298","0","37","0","0","335","298","0","37","0","0","0","0","0","0","0","0"
"242413","Hispanic American College","2013","Under 1,000","266","266","0","266","266","118","0","148","0","0","266","118","0","148","0","0","0","0","0","0","0","0"
"242422","Instituto de Banca y Comercio Inc","2013","10,000 - 19,999","16339","16339","0","16339","16339","8287","0","8052","0","0","16339","8287","0","8052","0","0","0","0","0","0","0","0"
"242556","Instituto Tecnologico de Puerto Rico-Recinto de Guayama","2013","Under 1,000","861","773","88","803","861","436","3","422","0","0","773","436","3","334","0","0","88","0","0","88","0","0"
"242565","Instituto Tecnologico de Puerto Rico-Recinto de Ponce","2013","Under 1,000","644","593","51","610","644","272","0","372","0","0","593","254","0","339","0","0","51","18","0","33","0","0"
"242583","Instituto Tecnologico de Puerto Rico-Recinto de San Juan","2013","Under 1,000","650","542","108","578","650","279","24","347","0","0","542","259","19","264","0","0","108","20","5","83","0","0"
"242617","Inter American University of Puerto Rico-San German","2013","5,000 - 9,999","5177","4443","734","4728","4395","892","93","3323","87","782","3940","882","82","2964","12","503","455","10","11","359","75","279"
"242626","Inter American University of Puerto Rico-Aguadilla","2013","1,000 - 4,999","4595","3938","657","4196","4280","870","102","3231","77","315","3666","860","90","2712","4","272","614","10","12","519","73","43"
"242635","Inter American University of Puerto Rico-Arecibo","2013","1,000 - 4,999","4799","4022","777","4326","4308","833","151","3291","33","491","3637","817","138","2678","4","385","671","16","13","613","29","106"
"242644","Inter American University of Puerto Rico-Barranquitas","2013","1,000 - 4,999","2073","1854","219","1940","2016","513","48","1444","11","57","1811","507","44","1259","1","43","205","6","4","185","10","14"
"242653","Inter American University of Puerto Rico-Metro","2013","5,000 - 9,999","9853","7725","2128","8553","7140","856","480","5508","296","2713","5739","819","412","4473","35","1986","1401","37","68","1035","261","727"
"242662","Inter American University of Puerto Rico-Ponce","2013","5,000 - 9,999","5821","4974","847","5306","5416","1064","139","4150","63","405","4618","1058","131","3428","1","356","798","6","8","722","62","49"
"242680","Inter American University of Puerto Rico-Fajardo","2013","1,000 - 4,999","2259","1902","357","2042","2179","431","45","1683","20","80","1828","413","40","1373","2","74","351","18","5","310","18","6"
"242699","Inter American University of Puerto Rico-Guayama","2013","1,000 - 4,999","2169","1844","325","1972","2093","324","77","1653","39","76","1784","317","70","1387","10","60","309","7","7","266","29","16"
"242705","Inter American University of Puerto Rico-Bayamon","2013","1,000 - 4,999","4857","4169","688","4439","4712","926","155","3600","31","145","4057","917","140","3000","0","112","655","9","15","600","31","33"
"242723","Inter American University of Puerto Rico-School of Law","2013","Under 1,000","803","457","346","589","0","0","0","0","0","803","0","0","0","0","0","457","0","0","0","0","0","346"
"242750","International Technical College","2013","Under 1,000","102","102","0","102","102","57","0","45","0","0","102","57","0","45","0","0","0","0","0","0","0","0"
"242820","Liceo de Arte y Tecnologia","2013","1,000 - 4,999","1316","1316","0","1316","1316","369","0","947","0","0","1316","369","0","947","0","0","0","0","0","0","0","0"
"242884","MBTI Business Training Institute","2013","1,000 - 4,999","4431","4425","6","4427","4431","2157","0","2274","0","0","4425","2157","0","2268","0","0","6","0","0","6","0","0"
"242945","Modern Hairstyling Institute-Bayamon","2013","Under 1,000","253","199","54","220","253","224","0","29","0","0","199","180","0","19","0","0","54","44","0","10","0","0"
"242954","Modern Hairstyling Institute-Arecibo","2013","Under 1,000","76","65","11","69","76","73","0","3","0","0","65","63","0","2","0","0","11","10","0","1","0","0"
"242972","National University College-Bayamon","2013","5,000 - 9,999","5213","3525","1688","4188","4998","1291","704","2998","5","215","3354","1029","509","1816","0","171","1644","262","195","1182","5","44"
"242981","National University College-Arecibo","2013","1,000 - 4,999","1650","1124","526","1331","1650","283","162","1201","4","0","1124","274","129","721","0","0","526","9","33","480","4","0"
"243072","Ponce Paramedical College Inc","2013","1,000 - 4,999","2882","2714","168","2781","2882","546","506","1830","0","0","2714","525","472","1717","0","0","168","21","34","113","0","0"
"243081","Ponce School of Medicine and Health Sciences","2013","Under 1,000","669","669","0","669","0","0","0","0","0","669","0","0","0","0","0","669","0","0","0","0","0","0"
"243106","University of Puerto Rico-Aguadilla","2013","1,000 - 4,999","2973","2708","265","2815","2973","718","72","2096","87","0","2708","718","69","1910","11","0","265","0","3","186","76","0"
"243115","University of Puerto Rico-Arecibo","2013","1,000 - 4,999","3759","3456","303","3578","3759","863","21","2770","105","0","3456","863","21","2546","26","0","303","0","0","224","79","0"
"243133","University of Puerto Rico-Bayamon","2013","5,000 - 9,999","5075","4305","770","4616","5075","1134","124","3589","228","0","4305","1131","92","3046","36","0","770","3","32","543","192","0"
"243142","University of Puerto Rico-Carolina","2013","1,000 - 4,999","3994","3155","839","3494","3994","973","55","2852","114","0","3155","971","55","2097","32","0","839","2","0","755","82","0"
"243151","University of Puerto Rico-Cayey","2013","1,000 - 4,999","3816","3530","286","3645","3816","872","148","2759","37","0","3530","871","110","2526","23","0","286","1","38","233","14","0"
"243179","University of Puerto Rico-Humacao","2013","1,000 - 4,999","3495","3099","396","3259","3495","780","59","2544","112","0","3099","777","58","2239","25","0","396","3","1","305","87","0"
"243188","University of Puerto Rico-Utuado","2013","1,000 - 4,999","1559","1460","99","1500","1559","645","24","835","55","0","1460","645","24","780","11","0","99","0","0","55","44","0"
"243197","University of Puerto Rico-Mayaguez","2013","10,000 - 19,999","11838","11057","781","11370","10944","1851","224","8622","247","894","10219","1850","221","8063","85","838","725","1","3","559","162","56"
"243203","University of Puerto Rico-Medical Sciences","2013","1,000 - 4,999","2253","2123","130","2172","489","0","192","297","0","1764","453","0","185","268","0","1670","36","0","7","29","0","94"
"243212","University of Puerto Rico-Ponce","2013","1,000 - 4,999","3120","2881","239","2977","3120","768","99","2253","0","0","2881","766","94","2021","0","0","239","2","5","232","0","0"
"243221","University of Puerto Rico-Rio Piedras","2013","10,000 - 19,999","15487","13538","1949","14299","12126","2211","359","9264","292","3361","10780","2180","336","8097","167","2758","1346","31","23","1167","125","603"
"243346","Universidad Del Este","2013","10,000 - 19,999","13420","9681","3739","11143","12287","2340","451","9496","0","1133","9217","2050","295","6872","0","464","3070","290","156","2624","0","669"
"243407","Ryder Memorial School for Practical Nursing","2013","Under 1,000","14","14","0","14","14","7","0","7","0","0","14","7","0","7","0","0","0","0","0","0","0","0"
"243443","Universidad del Sagrado Corazon","2013","5,000 - 9,999","5892","4435","1457","5000","5159","728","393","3976","62","733","4424","669","367","3358","30","11","735","59","26","618","32","722"
"243498","Seminario Evangelico de Puerto Rico","2013","Under 1,000","224","49","175","116","0","0","0","0","0","224","0","0","0","0","0","49","0","0","0","0","0","175"
"243568","Universidad Central Del Caribe","2013","Under 1,000","467","422","45","440","144","12","0","132","0","323","101","12","0","89","0","321","43","0","0","43","0","2"
"243577","Universidad Politecnica de Puerto Rico","2013","1,000 - 4,999","4646","2394","2252","3276","3861","364","247","3229","21","785","1873","348","141","1384","0","521","1988","16","106","1845","21","264"
"243586","Pontifical Catholic University of Puerto Rico-Mayaguez","2013","1,000 - 4,999","1501","1263","238","1356","1386","184","108","1077","17","115","1205","184","105","912","4","58","181","0","3","165","13","57"
"243601","Universidad Del Turabo","2013","10,000 - 19,999","17287","12133","5154","14142","14556","2542","538","11476","0","2731","10832","2365","367","8100","0","1301","3724","177","171","3376","0","1430"
"243638","College of Micronesia-FSM","2013","1,000 - 4,999","2446","1630","816","1904","2446","481","0","1965","0","0","1630","338","0","1292","0","0","816","143","0","673","0","0"
"243647","Palau Community College","2013","Under 1,000","646","417","229","494","646","216","5","416","9","0","417","182","2","231","2","0","229","34","3","185","7","0"
"243665","University of the Virgin Islands","2013","1,000 - 4,999","2321","1396","925","1764","2143","345","123","1555","120","178","1334","301","88","941","4","62","809","44","35","614","116","116"
"243744","Stanford University","2013","10,000 - 19,999","18346","15585","2761","16643","7274","1674","28","5278","294","11072","6981","1674","28","5278","1","8604","293","0","0","0","293","2468"
"243780","Purdue University-Main Campus","2013","20,000 and above","39794","34871","4923","36726","30446","6422","971","22774","279","9348","28659","6388","873","21354","44","6212","1787","34","98","1420","235","3136"
"243799","Blue Hills Regional Technical School","2013","Under 1,000","56","56","0","56","56","5","0","51","0","0","56","5","0","51","0","0","0","0","0","0","0","0"
"243823","Parker University","2013","Under 1,000","922","819","103","859","157","26","107","24","0","765","76","8","52","16","0","743","81","18","55","8","0","22"
"243832","EDP Univeristy of Puerto Rico Inc-San Juan","2013","1,000 - 4,999","1348","843","505","1041","1275","112","346","814","3","73","778","94","222","462","0","65","497","18","124","352","3","8"
"243841","ICPR Junior College-General Institutional","2013","Under 1,000","789","678","111","722","789","376","14","399","0","0","678","361","13","304","0","0","111","15","1","95","0","0"
"244011","ITT Technical Institute-Sylmar","2013","Under 1,000","557","435","122","483","557","91","4","462","0","0","435","81","3","351","0","0","122","10","1","111","0","0"
"244154","ITT Technical Institute-Westminster","2013","Under 1,000","218","170","48","189","218","37","3","178","0","0","170","34","3","133","0","0","48","3","0","45","0","0"
"244190","Widener University-Delaware Campus","2013","Under 1,000","905","720","185","792","110","28","5","72","5","795","28","6","3","19","0","692","82","22","2","53","5","103"
"244233","City College-Fort Lauderdale","2013","Under 1,000","633","386","247","483","633","47","61","525","0","0","386","33","33","320","0","0","247","14","28","205","0","0"
"244279","Meridian College","2013","Under 1,000","163","163","0","163","163","40","0","123","0","0","163","40","0","123","0","0","0","0","0","0","0","0"
"244437","Georgia Perimeter College","2013","20,000 and above","21123","8140","12983","12499","21123","3410","2121","13451","2141","0","8140","2133","974","4729","304","0","12983","1277","1147","8722","1837","0"
"244446","Georgia Piedmont Technical College","2013","1,000 - 4,999","4431","1470","2961","2464","4431","696","1848","1503","384","0","1470","281","654","468","67","0","2961","415","1194","1035","317","0"
"244491","Toni & Guy Hairdressing Academy-Coeur D Alene","2013","Under 1,000","112","112","0","112","112","24","0","88","0","0","112","24","0","88","0","0","0","0","0","0","0","0"
"244561","Cortiva Institute-Chicago","2013","Under 1,000","472","89","383","241","472","243","0","229","0","0","89","30","0","59","0","0","383","213","0","170","0","0"
"244613","ETI School of Skilled Trades","2013","Under 1,000","309","155","154","216","309","181","0","128","0","0","155","91","0","64","0","0","154","90","0","64","0","0"
"245069","Trend Setters' Academy of Beauty Culture-Elizabethtown","2013","Under 1,000","48","34","14","40","48","26","0","22","0","0","34","17","0","17","0","0","14","9","0","5","0","0"
"245281","Traxlers School of Hair","2013","Under 1,000","31","31","0","31","31","6","0","25","0","0","31","6","0","25","0","0","0","0","0","0","0","0"
"245290","Infinity Career College","2013","Under 1,000","112","75","37","90","112","46","0","66","0","0","75","31","0","44","0","0","37","15","0","22","0","0"
"245342","Vatterott College-Berkeley","2013","1,000 - 4,999","1344","1344","0","1344","1344","157","150","1037","0","0","1344","157","150","1037","0","0","0","0","0","0","0","0"
"245421","Metro Business College-Rolla","2013","Under 1,000","71","65","6","67","71","15","49","7","0","0","65","15","44","6","0","0","6","0","5","1","0","0"
"245430","Metro Business College-Jefferson City","2013","Under 1,000","142","113","29","125","142","14","41","87","0","0","113","14","35","64","0","0","29","0","6","23","0","0"
"245625","Warren County Community College","2013","1,000 - 4,999","2358","922","1436","1404","2358","576","152","716","914","0","922","328","55","360","179","0","1436","248","97","356","735","0"
"245652","St John's College","2013","Under 1,000","419","404","15","410","339","83","0","256","0","80","336","83","0","253","0","68","3","0","0","3","0","12"
"245731","Yeshiva and Kollel Harbotzas Torah","2013","Under 1,000","46","46","0","46","25","0","10","15","0","21","25","0","10","15","0","21","0","0","0","0","0","0"
"245777","Bais Medrash Elyon","2013","Under 1,000","54","54","0","54","27","0","22","5","0","27","27","0","22","5","0","27","0","0","0","0","0","0"
"245838","Antioch University-Los Angeles","2013","Under 1,000","986","666","320","791","319","0","34","103","182","667","67","0","21","46","0","599","252","0","13","57","182","68"
"245847","Antioch University-Santa Barbara","2013","Under 1,000","375","265","110","308","168","0","48","96","24","207","85","0","36","49","0","180","83","0","12","47","24","27"
"245865","Antioch University-New England","2013","Under 1,000","725","587","138","640","0","0","0","0","0","725","0","0","0","0","0","587","0","0","0","0","0","138"
"245883","Antioch University-Seattle","2013","Under 1,000","884","495","389","645","230","20","47","163","0","654","80","20","22","38","0","415","150","0","25","125","0","239"
"245892","Antioch University-Midwest","2013","Under 1,000","310","131","179","200","116","0","42","74","0","194","39","0","18","21","0","92","77","0","24","53","0","102"
"245953","Mid-America Christian University","2013","1,000 - 4,999","2942","2235","707","2510","2407","302","478","1567","60","535","1923","286","465","1167","5","312","484","16","13","400","55","223"
"245962","Platt College-Tulsa","2013","Under 1,000","360","360","0","360","360","32","57","271","0","0","360","32","57","271","0","0","0","0","0","0","0","0"
"245980","Ponca City Beauty College","2013","Under 1,000","31","31","0","31","31","14","0","17","0","0","31","14","0","17","0","0","0","0","0","0","0","0"
"245999","Francis Tuttle Technology Center","2013","1,000 - 4,999","2014","573","1441","1057","2014","345","0","576","1093","0","573","189","0","384","0","0","1441","156","0","192","1093","0"
"246008","Career Point College","2013","Under 1,000","236","236","0","236","236","141","0","95","0","0","236","141","0","95","0","0","0","0","0","0","0","0"
"246017","Central Technology Center","2013","Under 1,000","279","186","93","217","279","144","0","135","0","0","186","80","0","106","0","0","93","64","0","29","0","0"
"246035","Carrington College-Portland","2013","Under 1,000","242","237","5","239","242","0","0","242","0","0","237","0","0","237","0","0","5","0","0","5","0","0"
"246071","Career Technology Center of Lackawanna County","2013","Under 1,000","76","76","0","76","76","12","0","64","0","0","76","12","0","64","0","0","0","0","0","0","0","0"
"246202","Kaplan Career Institute-Nashville","2013","Under 1,000","323","323","0","323","323","40","44","231","8","0","323","40","44","231","8","0","0","0","0","0","0","0"
"246266","Kaplan College-El Paso","2013","Under 1,000","681","681","0","681","681","169","13","489","10","0","681","169","13","489","10","0","0","0","0","0","0","0"
"246345","Houston Graduate School of Theology","2013","Under 1,000","174","88","86","121","0","0","0","0","0","174","0","0","0","0","0","88","0","0","0","0","0","86"
"246354","Palo Alto College","2013","5,000 - 9,999","8427","1399","7028","3759","8427","1350","444","4843","1790","0","1399","419","68","881","31","0","7028","931","376","3962","1759","0"
"246406","Sebring Career Schools-Huntsville","2013","Under 1,000","31","31","0","31","31","9","0","22","0","0","31","9","0","22","0","0","0","0","0","0","0","0"
"246415","University of Cosmetology Arts & Sciences-San Antonio Perrin","2013","Under 1,000","56","13","43","30","56","0","0","56","0","0","13","0","0","13","0","0","43","0","0","43","0","0"
"246460","Central Texas Beauty College-Round Rock","2013","Under 1,000","80","80","0","80","80","65","0","15","0","0","80","65","0","15","0","0","0","0","0","0","0","0"
"246594","Empire Beauty School-Manitowoc","2013","Under 1,000","72","72","0","72","72","44","0","28","0","0","72","44","0","28","0","0","0","0","0","0","0","0"
"246789","Unification Theological Seminary","2013","Under 1,000","114","88","26","98","19","5","13","0","1","95","16","5","11","0","0","72","3","0","2","0","1","23"
"246813","Athens Technical College","2013","1,000 - 4,999","4563","1281","3282","2383","4563","898","517","2864","284","0","1281","337","176","747","21","0","3282","561","341","2117","263","0"
"246895","Maricopa Skill Center","2013","Under 1,000","798","389","409","526","798","352","0","443","3","0","389","121","0","265","3","0","409","231","0","178","0","0"
"246974","Carrington College California-San Leandro","2013","Under 1,000","521","505","16","511","521","70","86","365","0","0","505","70","82","353","0","0","16","0","4","12","0","0"
"247010","Headmasters School of Hair Design","2013","Under 1,000","41","41","0","41","41","38","0","3","0","0","41","38","0","3","0","0","0","0","0","0","0","0"
"247047","Razzle Dazzle College of Hair Design Inc","2013","Under 1,000","117","117","0","117","117","56","0","61","0","0","117","56","0","61","0","0","0","0","0","0","0","0"
"247065","Beckfield College-Florence","2013","Under 1,000","807","492","315","616","807","90","189","528","0","0","492","59","141","292","0","0","315","31","48","236","0","0"
"247153","Dorsey Business Schools-Wayne","2013","Under 1,000","191","191","0","191","191","77","0","114","0","0","191","77","0","114","0","0","0","0","0","0","0","0"
"247162","Ecumenical Theological Seminary","2013","Under 1,000","81","39","42","55","16","8","0","8","0","65","0","0","0","0","0","39","16","8","0","8","0","26"
"247409","Ross Medical Education Center-Saginaw","2013","Under 1,000","208","208","0","208","208","59","0","149","0","0","208","59","0","149","0","0","0","0","0","0","0","0"
"247603","Sussex County Community College","2013","1,000 - 4,999","3235","1746","1489","2246","3235","690","171","1977","397","0","1746","533","91","1069","53","0","1489","157","80","908","344","0"
"247649","Landmark College","2013","Under 1,000","494","491","3","492","494","138","98","255","3","0","491","138","98","255","0","0","3","0","0","0","3","0"
"247700","National American University-Independence","2013","Under 1,000","633","28","605","266","633","62","54","446","71","0","28","2","3","23","0","0","605","60","51","423","71","0"
"247773","Yeshiva Gedolah of Greater Detroit","2013","Under 1,000","74","69","5","71","58","15","3","40","0","16","58","15","3","40","0","11","0","0","0","0","0","5"
"247825","Austin Graduate School of Theology","2013","Under 1,000","60","16","44","33","28","0","0","28","0","32","2","0","0","2","0","14","26","0","0","26","0","18"
"247834","Collin County Community College District","2013","20,000 and above","27972","9529","18443","15721","27972","5334","2565","16788","3285","0","9529","3167","939","5382","41","0","18443","2167","1626","11406","3244","0"
"247940","Owensboro Community and Technical College","2013","1,000 - 4,999","4286","1845","2441","2665","4286","774","163","2359","990","0","1845","595","93","1133","24","0","2441","179","70","1226","966","0"
"248165","Heads West Kentucky Beauty College","2013","Under 1,000","62","40","22","49","62","28","0","34","0","0","40","20","0","20","0","0","22","8","0","14","0","0"
"248192","Jenny Lea Academy of Cosmetology","2013","Under 1,000","28","15","13","20","28","20","0","8","0","0","15","12","0","3","0","0","13","8","0","5","0","0"
"248305","Empire Beauty School-Hurstborne","2013","Under 1,000","118","97","21","105","118","35","0","83","0","0","97","29","0","68","0","0","21","6","0","15","0","0"
"248314","Southeast School of Cosmetology","2013","Under 1,000","6","5","1","5","6","4","0","2","0","0","5","4","0","1","0","0","1","0","0","1","0","0"
"248527","Cloyd's Beauty School 3 Inc","2013","Under 1,000","44","44","0","44","44","39","0","5","0","0","44","39","0","5","0","0","0","0","0","0","0","0"
"248606","Moore Norman Technology Center","2013","1,000 - 4,999","1165","238","927","549","1165","339","0","411","415","0","238","68","0","161","9","0","927","271","0","250","406","0"
"248624","Fayette County Career & Technical Institute Practical Nursing Program","2013","Under 1,000","109","109","0","109","109","12","0","96","1","0","109","12","0","96","1","0","0","0","0","0","0","0"
"248633","Franklin County Career and Technology Center","2013","Under 1,000","60","60","0","60","60","30","0","30","0","0","60","30","0","30","0","0","0","0","0","0","0","0"
"248660","Paul Mitchell the School-Knoxville","2013","Under 1,000","207","160","47","179","207","2","0","205","0","0","160","1","0","159","0","0","47","1","0","46","0","0"
"248703","Ogle School Hair Skin Nails-Hurst","2013","Under 1,000","161","92","69","119","161","55","0","106","0","0","92","34","0","58","0","0","69","21","0","48","0","0"
"248846","Fashion Institute of Design & Merchandising-San Diego","2013","Under 1,000","169","151","18","158","169","67","43","59","0","0","151","66","38","47","0","0","18","1","5","12","0","0"
"248882","National American University-Albuquerque","2013","Under 1,000","397","51","346","187","397","17","74","305","1","0","51","0","13","38","0","0","346","17","61","267","1","0"
"248925","Tennessee College of Applied Technology-Nashville","2013","1,000 - 4,999","1014","594","420","735","1014","279","0","470","265","0","594","226","0","368","0","0","420","53","0","102","265","0"
"248934","ECPI University","2013","10,000 - 19,999","10845","10283","562","10504","10803","948","975","8318","562","42","10241","948","975","8318","0","42","562","0","0","0","562","0"
"249140","Anthem Institute-Jersey City","2013","Under 1,000","435","435","0","435","435","150","0","285","0","0","435","150","0","285","0","0","0","0","0","0","0","0"
"249238","Paul Mitchell the School-Houston","2013","Under 1,000","272","181","91","217","272","45","0","227","0","0","181","30","0","151","0","0","91","15","0","76","0","0"
"249566","TDDS Technical Institute","2013","Under 1,000","374","374","0","374","374","360","0","14","0","0","374","360","0","14","0","0","0","0","0","0","0","0"
"249609","Fortis Institute-Forty Fort","2013","Under 1,000","224","224","0","224","224","66","20","138","0","0","224","66","20","138","0","0","0","0","0","0","0","0"
"250027","Laurel Business Institute","2013","Under 1,000","212","211","1","211","212","95","72","44","1","0","211","95","72","44","0","0","1","0","0","0","1","0"
"250072","Antonelli Medical and Professional Institute","2013","Under 1,000","119","96","23","105","119","62","0","57","0","0","96","50","0","46","0","0","23","12","0","11","0","0"
"250285","Aviation Institute of Maintenance-Philadelphia","2013","Under 1,000","385","347","38","362","385","72","0","313","0","0","347","63","0","284","0","0","38","9","0","29","0","0"
"250498","Fortis Institute-Mulberry","2013","Under 1,000","109","109","0","109","109","34","0","75","0","0","109","34","0","75","0","0","0","0","0","0","0","0"
"250601","Carrington College-Phoenix Westside","2013","Under 1,000","513","358","155","420","513","12","8","493","0","0","358","12","8","338","0","0","155","0","0","155","0","0"
"250744","Dorsey Business Schools-Roseville","2013","Under 1,000","515","515","0","515","515","146","0","369","0","0","515","146","0","369","0","0","0","0","0","0","0","0"
"250902","Moler-Pickens Beauty Academy","2013","Under 1,000","74","38","36","52","74","66","0","8","0","0","38","33","0","5","0","0","36","33","0","3","0","0"
"250993","Red River Technology Center","2013","Under 1,000","448","59","389","190","448","74","0","32","342","0","59","38","0","21","0","0","389","36","0","11","342","0"
"251075","Kaplan Career Institute-Harrisburg","2013","Under 1,000","335","335","0","335","335","68","11","256","0","0","335","68","11","256","0","0","0","0","0","0","0","0"
"251251","ITT Technical Institute-Newburgh","2013","Under 1,000","295","197","98","235","295","24","0","271","0","0","197","21","0","176","0","0","98","3","0","95","0","0"
"251260","Southern Union State Community College","2013","1,000 - 4,999","4805","2811","1994","3480","4805","1202","600","2811","192","0","2811","1060","373","1371","7","0","1994","142","227","1440","185","0"
"251312","South University-Columbia","2013","1,000 - 4,999","1627","888","739","1176","1167","35","277","855","0","460","673","23","134","516","0","215","494","12","143","339","0","245"
"260293","Everest University-Brandon","2013","1,000 - 4,999","4318","2224","2094","3045","4140","80","224","3836","0","178","2157","72","139","1946","0","67","1983","8","85","1890","0","111"
"260336","Clinton Technical School","2013","Under 1,000","23","23","0","23","23","3","0","20","0","0","23","3","0","20","0","0","0","0","0","0","0","0"
"260354","Consolidated School of Business-Lancaster","2013","Under 1,000","112","107","5","109","112","9","16","87","0","0","107","9","15","83","0","0","5","0","1","4","0","0"
"260363","Greene County Career and Technology Center","2013","Under 1,000","35","35","0","35","35","0","0","35","0","0","35","0","0","35","0","0","0","0","0","0","0","0"
"260372","Lac Courte Oreilles Ojibwa Community College","2013","Under 1,000","303","194","109","231","303","52","15","187","49","0","194","37","10","137","10","0","109","15","5","50","39","0"
"260664","Diesel Driving Academy-Shreveport","2013","Under 1,000","149","149","0","149","149","54","0","95","0","0","149","54","0","95","0","0","0","0","0","0","0","0"
"260691","Pima Medical Institute-Mesa","2013","1,000 - 4,999","1146","1146","0","1146","1146","325","0","821","0","0","1146","325","0","821","0","0","0","0","0","0","0","0"
"260789","Platt College-Los Angeles","2013","Under 1,000","608","608","0","608","608","83","38","487","0","0","608","83","38","487","0","0","0","0","0","0","0","0"
"260813","Platt College-Aurora","2013","Under 1,000","209","209","0","209","209","2","21","186","0","0","209","2","21","186","0","0","0","0","0","0","0","0"
"260901","Kaplan University-Davenport Campus","2013","20,000 and above","52407","12935","39472","28382","40349","4984","8818","26407","140","12058","6413","50","952","5410","1","6522","33936","4934","7866","20997","139","5536"
"260910","Kaplan University-Cedar Falls Campus","2013","Under 1,000","449","302","147","360","386","28","108","250","0","63","251","17","58","176","0","51","135","11","50","74","0","12"
"260929","Paul Mitchell the School-Boise","2013","Under 1,000","150","114","36","128","150","24","0","126","0","0","114","19","0","95","0","0","36","5","0","31","0","0"
"260947","Christian Life College","2013","Under 1,000","41","22","19","29","41","5","6","30","0","0","22","2","1","19","0","0","19","3","5","11","0","0"
"260956","Knowledge Systems Institute","2013","Under 1,000","186","182","4","184","0","0","0","0","0","186","0","0","0","0","0","182","0","0","0","0","0","4"
"260965","Educators of Beauty College of Cosmetology-Rockford","2013","Under 1,000","61","61","0","61","61","7","0","54","0","0","61","7","0","54","0","0","0","0","0","0","0","0"
"260974","ITT Technical Institute-Arlington Heights","2013","Under 1,000","248","193","55","215","248","30","7","211","0","0","193","27","5","161","0","0","55","3","2","50","0","0"
"260992","Northwestern College-Southwestern Campus","2013","Under 1,000","756","342","414","506","756","199","79","478","0","0","342","123","0","219","0","0","414","76","79","259","0","0"
"261375","Tulsa Technology Center-Lemley Campus","2013","1,000 - 4,999","1762","362","1400","832","1762","89","0","1673","0","0","362","63","0","299","0","0","1400","26","0","1374","0","0"
"261384","Tulsa Technology Center-Riverside Campus","2013","Under 1,000","694","142","552","327","694","64","0","630","0","0","142","27","0","115","0","0","552","37","0","515","0","0"
"261393","Tulsa Technology Center-Broken Arrow Campus","2013","Under 1,000","736","156","580","351","736","87","0","649","0","0","156","39","0","117","0","0","580","48","0","532","0","0"
"261436","Douglas J Aveda Institute","2013","Under 1,000","977","977","0","977","977","486","0","491","0","0","977","486","0","491","0","0","0","0","0","0","0","0"
"261472","ITT Technical Institute-Troy","2013","Under 1,000","581","392","189","466","581","66","8","507","0","0","392","56","7","329","0","0","189","10","1","178","0","0"
"261676","Ross Medical Education Center-Brighton","2013","Under 1,000","127","127","0","127","127","62","0","65","0","0","127","62","0","65","0","0","0","0","0","0","0","0"
"261685","Ross Medical Education Center-Ann Arbor","2013","Under 1,000","128","128","0","128","128","35","0","93","0","0","128","35","0","93","0","0","0","0","0","0","0","0"
"261719","Taylortown School of Beauty Inc","2013","Under 1,000","204","204","0","204","204","115","0","89","0","0","204","115","0","89","0","0","0","0","0","0","0","0"
"261773","Pike-Lincoln Technical Center","2013","Under 1,000","27","25","2","26","27","25","0","2","0","0","25","24","0","1","0","0","2","1","0","1","0","0"
"261861","Pennsylvania Institute of Health and Technology","2013","Under 1,000","118","118","0","118","118","30","25","63","0","0","118","30","25","63","0","0","0","0","0","0","0","0"
"261931","Skyline College-Roanoke","2013","Under 1,000","195","195","0","195","195","14","28","151","2","0","195","14","28","151","2","0","0","0","0","0","0","0"
"262022","Bethel Seminary-San Diego","2013","Under 1,000","178","41","137","93","0","0","0","0","0","178","0","0","0","0","0","41","0","0","0","0","0","137"
"262031","St Charles Community College","2013","5,000 - 9,999","7396","3549","3847","4841","7396","1561","586","4597","652","0","3549","1155","376","1920","98","0","3847","406","210","2677","554","0"
"262086","Brandman University","2013","5,000 - 9,999","7746","3037","4709","4861","3885","46","761","2835","243","3861","1552","10","293","1225","24","1485","2333","36","468","1610","219","2376"
"262129","New College of Florida","2013","Under 1,000","793","793","0","793","793","222","31","540","0","0","793","222","31","540","0","0","0","0","0","0","0","0"
"262165","Montana Bible College","2013","Not reported",,,,,,,,,,,,,,,,,,,,,,
"262235","Arizona Academy of Beauty-North","2013","Under 1,000","55","55","0","55","55","3","0","52","0","0","55","3","0","52","0","0","0","0","0","0","0","0"
"262299","Empire Beauty School-Prescott","2013","Under 1,000","84","68","16","74","84","25","0","59","0","0","68","20","0","48","0","0","16","5","0","11","0","0"
"262332","Le Cordon Bleu College of Culinary Arts-Scottsdale","2013","1,000 - 4,999","1551","1551","0","1551","1551","119","129","1300","3","0","1551","119","129","1300","3","0","0","0","0","0","0","0"
"262341","Conservatory of Recording Arts and Sciences","2013","Under 1,000","693","693","0","693","693","320","0","373","0","0","693","320","0","373","0","0","0","0","0","0","0","0"
"262369","Adrian's College of Beauty Turlock","2013","Under 1,000","157","157","0","157","157","106","0","51","0","0","157","106","0","51","0","0","0","0","0","0","0","0"
"262402","California Career School","2013","Under 1,000","212","212","0","212","212","93","0","119","0","0","212","93","0","119","0","0","0","0","0","0","0","0"
"262466","Rolf Institute of Structural Integration","2013","Under 1,000","72","0","72","29","72","0","0","72","0","0","0","0","0","0","0","0","72","0","0","72","0","0"
"262509","Heritage College-Denver","2013","Under 1,000","466","466","0","466","466","81","26","359","0","0","466","81","26","359","0","0","0","0","0","0","0","0"
"262660","Empire Beauty School-Highland","2013","Under 1,000","80","52","28","63","80","25","0","55","0","0","52","15","0","37","0","0","28","10","0","18","0","0"
"362700","Sunstate Academy","2013","Under 1,000","355","331","24","341","355","35","0","320","0","0","331","34","0","297","0","0","24","1","0","23","0","0"
"362782","Elizabeth Grady School of Esthetics and Massage Therapy","2013","Under 1,000","171","129","42","146","171","22","0","149","0","0","129","21","0","108","0","0","42","1","0","41","0","0"
"363013","Ross Medical Education Center-Port Huron","2013","Under 1,000","62","62","0","62","62","21","0","41","0","0","62","21","0","41","0","0","0","0","0","0","0","0"
"363077","Capri Institute of Hair Design-Clifton","2013","Under 1,000","268","152","116","198","268","66","0","202","0","0","152","44","0","108","0","0","116","22","0","94","0","0"
"363147","Raphael's School of Beauty Culture Inc-Alliance","2013","Under 1,000","87","21","66","47","87","13","0","74","0","0","21","5","0","16","0","0","66","8","0","58","0","0"
"363165","Metro Technology Centers","2013","Under 1,000","914","503","411","641","914","269","0","645","0","0","503","139","0","364","0","0","411","130","0","281","0","0"
"363387","Heald College-Roseville","2013","1,000 - 4,999","1256","914","342","1050","1256","125","122","1005","4","0","914","66","68","779","1","0","342","59","54","226","3","0"
"363439","Daymar College-Bowling Green","2013","Under 1,000","255","185","70","212","255","22","37","196","0","0","185","22","25","138","0","0","70","0","12","58","0","0"
"363590","Everest College-Everett","2013","Under 1,000","451","440","11","444","451","59","58","334","0","0","440","59","57","324","0","0","11","0","1","10","0","0"
"363633","Luna Community College","2013","1,000 - 4,999","1657","527","1130","906","1657","121","34","713","789","0","527","87","18","404","18","0","1130","34","16","309","771","0"
"363679","Grabber School of Hair Design","2013","Under 1,000","134","98","36","112","134","63","0","71","0","0","98","50","0","48","0","0","36","13","0","23","0","0"
"363712","Yeshivah Gedolah Rabbinical College","2013","Under 1,000","51","51","0","51","51","18","18","15","0","0","51","18","18","15","0","0","0","0","0","0","0","0"
"363721","University of the District of Columbia-David A Clarke School of Law","2013","Under 1,000","336","195","141","246","0","0","0","0","0","336","0","0","0","0","0","195","0","0","0","0","0","141"
"363882","Raphael's School of Beauty Culture Inc-Brunswick","2013","Under 1,000","53","3","50","23","53","6","0","47","0","0","3","1","0","2","0","0","50","5","0","45","0","0"
"363907","Caribbean University-Ponce","2013","1,000 - 4,999","1529","1087","442","1258","1161","159","64","936","2","368","936","152","53","731","0","151","225","7","11","205","2","217"
"363916","Caribbean University-Vega Baja","2013","Under 1,000","604","445","159","507","489","29","32","422","6","115","407","28","31","347","1","38","82","1","1","75","5","77"
"363934","University of Advancing Technology","2013","1,000 - 4,999","1017","1014","3","1015","959","107","118","734","0","58","959","107","118","734","0","55","0","0","0","0","0","3"
"364016","Paradise Valley Community College","2013","5,000 - 9,999","9477","2671","6806","4956","9477","1368","851","4849","2409","0","2671","780","205","1393","293","0","6806","588","646","3456","2116","0"
"364025","Chandler-Gilbert Community College","2013","10,000 - 19,999","14399","4467","9932","7802","14399","2004","879","6738","4778","0","4467","1269","266","2332","600","0","9932","735","613","4406","4178","0"
"364122","St John's Hospital School of Clinical Lab Science","2013","Under 1,000","6","6","0","6","6","0","0","6","0","0","6","0","0","6","0","0","0","0","0","0","0","0"
"364168","Madison Media Institute","2013","Under 1,000","396","385","11","389","396","159","2","235","0","0","385","150","2","233","0","0","11","9","0","2","0","0"
"364326","Sanford-Brown Institute-White Plains","2013","Under 1,000","371","371","0","371","371","0","0","371","0","0","371","0","0","371","0","0","0","0","0","0","0","0"
"364335","Sanford-Brown Institute-Garden City","2013","Under 1,000","915","915","0","915","915","108","0","807","0","0","915","108","0","807","0","0","0","0","0","0","0","0"
"364548","Great Plains Technology Center","2013","Under 1,000","296","265","31","275","296","278","0","18","0","0","265","248","0","17","0","0","31","30","0","1","0","0"
"364575","Roane-Jackson Technical Center","2013","Under 1,000","39","39","0","39","39","24","0","15","0","0","39","24","0","15","0","0","0","0","0","0","0","0"
"364584","Total Cosmetology Training Center","2013","Under 1,000","129","65","64","90","129","32","0","97","0","0","65","26","0","39","0","0","64","6","0","58","0","0"
"364627","Pioneer Technology Center","2013","Under 1,000","421","107","314","212","421","270","0","151","0","0","107","67","0","40","0","0","314","203","0","111","0","0"
"364636","Portage Lakes Career Center","2013","Under 1,000","55","55","0","55","55","32","0","23","0","0","55","32","0","23","0","0","0","0","0","0","0","0"
"364751","Eastern College of Health Vocations-New Orleans","2013","Under 1,000","221","221","0","221","221","66","0","155","0","0","221","66","0","155","0","0","0","0","0","0","0","0"
"364760","Bell Mar Beauty College","2013","Under 1,000","75","39","36","53","75","61","0","14","0","0","39","34","0","5","0","0","36","27","0","9","0","0"
"364812","Cannella School of Hair Design-Chicago","2013","Under 1,000","52","4","48","23","52","28","0","24","0","0","4","1","0","3","0","0","48","27","0","21","0","0"
"364946","Caddo Kiowa Technology Center","2013","Under 1,000","198","72","126","114","198","98","0","100","0","0","72","24","0","48","0","0","126","74","0","52","0","0"
"364955","Kaplan College-San Antonio-San Pedro","2013","Under 1,000","645","645","0","645","645","126","38","481","0","0","645","126","38","481","0","0","0","0","0","0","0","0"
"364964","Oswego County BOCES","2013","Under 1,000","134","72","62","93","134","73","0","61","0","0","72","31","0","41","0","0","62","42","0","20","0","0"
"364973","Le Cordon Bleu College of Culinary Arts-Austin","2013","Under 1,000","655","655","0","655","655","132","37","486","0","0","655","132","37","486","0","0","0","0","0","0","0","0"
"365055","The Art Institute of New York City","2013","1,000 - 4,999","1158","920","238","1014","1158","296","77","785","0","0","920","262","62","596","0","0","238","34","15","189","0","0"
"365073","Paris II Educational Center","2013","Under 1,000","94","68","26","78","94","10","0","84","0","0","68","3","0","65","0","0","26","7","0","19","0","0"
"365091","International School of Skin Nailcare & Massage Therapy","2013","Under 1,000","328","328","0","328","328","21","0","307","0","0","328","21","0","307","0","0","0","0","0","0","0","0"
"365125","Palomar Institute of Cosmetology","2013","Under 1,000","136","136","0","136","136","22","0","114","0","0","136","22","0","114","0","0","0","0","0","0","0","0"
"365198","Southern Oklahoma Technology Center","2013","Under 1,000","470","63","407","200","470","22","0","70","378","0","63","17","0","46","0","0","407","5","0","24","378","0"
"365204","Vista College","2013","1,000 - 4,999","2746","2746","0","2746","2746","2026","0","720","0","0","2746","2026","0","720","0","0","0","0","0","0","0","0"
"365213","Autry Technology Center","2013","Under 1,000","543","100","443","249","543","81","0","171","291","0","100","16","0","84","0","0","443","65","0","87","291","0"
"365240","Greene County Vocational School District","2013","Under 1,000","171","115","56","134","171","53","0","118","0","0","115","42","0","73","0","0","56","11","0","45","0","0"
"365374","Canadian Valley Technology Center","2013","1,000 - 4,999","1402","258","1144","642","1402","127","0","233","1042","0","258","67","0","191","0","0","1144","60","0","42","1042","0"
"365383","Wilkes-Barre Area Career and Technical Center Practical Nursing","2013","Under 1,000","119","119","0","119","119","108","0","11","0","0","119","108","0","11","0","0","0","0","0","0","0","0"
"365426","Mayo Graduate School","2013","Under 1,000","322","227","95","263","0","0","0","0","0","322","0","0","0","0","0","227","0","0","0","0","0","95"
"365480","Meridian Technology Center","2013","Under 1,000","807","155","652","374","807","121","0","183","503","0","155","45","0","110","0","0","652","76","0","73","503","0"
"365505","Waynesville Career Center","2013","Under 1,000","55","55","0","55","55","55","0","0","0","0","55","55","0","0","0","0","0","0","0","0","0","0"
"365569","Connecticut Institute of Hair Design","2013","Under 1,000","28","16","12","21","28","20","0","8","0","0","16","13","0","3","0","0","12","7","0","5","0","0"
"365693","Capitol School of Hairstyling and Esthetics","2013","Under 1,000","144","118","26","128","144","103","0","41","0","0","118","85","0","33","0","0","26","18","0","8","0","0"
"365763","Morris County Vocational School District","2013","Under 1,000","53","53","0","53","53","31","0","12","10","0","53","31","0","12","10","0","0","0","0","0","0","0"
"365824","Ross Medical Education Center-Roosevelt Park","2013","Under 1,000","186","186","0","186","186","62","0","124","0","0","186","62","0","124","0","0","0","0","0","0","0","0"
"365833","Ross Medical Education Center-Kentwood","2013","Under 1,000","176","176","0","176","176","51","0","125","0","0","176","51","0","125","0","0","0","0","0","0","0","0"
"366003","South Florida Bible College and Theological Seminary","2013","Under 1,000","126","30","96","68","110","31","0","76","3","16","21","13","0","8","0","9","89","18","0","68","3","7"
"366155","Cloyd's Barber School 2 Inc","2013","Under 1,000","27","27","0","27","27","12","0","15","0","0","27","12","0","15","0","0","0","0","0","0","0","0"
"366191","Universal Technical Institute of Illinois Inc","2013","1,000 - 4,999","1343","1343","0","1343","1343","373","0","970","0","0","1343","373","0","970","0","0","0","0","0","0","0","0"
"366252","Pennsylvania College of Technology","2013","5,000 - 9,999","5678","4774","904","5139","5678","1418","435","3762","63","0","4774","1387","365","3014","8","0","904","31","70","748","55","0"
"366261","Commonwealth Institute of Funeral Service","2013","Under 1,000","219","200","19","208","219","39","21","159","0","0","200","39","6","155","0","0","19","0","15","4","0","0"
"366270","Delta College of Arts & Technology","2013","Under 1,000","678","678","0","678","678","48","162","468","0","0","678","48","162","468","0","0","0","0","0","0","0","0"
"366289","InterCoast Colleges-Orange","2013","Under 1,000","134","134","0","134","134","4","0","0","130","0","134","4","0","0","130","0","0","0","0","0","0","0"
"366340","Stone Child College","2013","Under 1,000","404","206","198","272","404","124","0","192","88","0","206","43","0","162","1","0","198","81","0","30","87","0"
"366368","New York Academy of Art","2013","Under 1,000","104","104","0","104","0","0","0","0","0","104","0","0","0","0","0","104","0","0","0","0","0","0"
"366395","Suffolk County Community College","2013","20,000 and above","26711","14831","11880","18820","26711","5445","1322","15934","4010","0","14831","4603","1019","9191","18","0","11880","842","303","6743","3992","0"
"366401","Las Positas College","2013","5,000 - 9,999","8631","2923","5708","4839","8631","1693","789","5473","676","0","2923","868","144","1878","33","0","5708","825","645","3595","643","0"
"366438","Blades School of Hair Design","2013","Under 1,000","92","40","52","61","92","69","0","23","0","0","40","25","0","15","0","0","52","44","0","8","0","0"
"366465","Ogeechee Technical College","2013","1,000 - 4,999","2216","854","1362","1311","2216","350","582","1217","67","0","854","157","242","455","0","0","1362","193","340","762","67","0"
"366535","Remington College-Mobile Campus","2013","Under 1,000","472","472","0","472","472","171","32","269","0","0","472","171","32","269","0","0","0","0","0","0","0","0"
"366544","Everest College-Aurora","2013","Under 1,000","383","326","57","349","383","46","43","294","0","0","326","46","39","241","0","0","57","0","4","53","0","0"
"366553","Southwest Florida College","2013","1,000 - 4,999","1263","880","383","1030","1263","156","236","869","2","0","880","119","148","613","0","0","383","37","88","256","2","0"
"366571","Mercy-St Luke's School of Radiologic Technology","2013","Under 1,000","24","24","0","24","24","0","0","24","0","0","24","0","0","24","0","0","0","0","0","0","0","0"
"366580","ITT Technical Institute-Norwood","2013","Under 1,000","478","368","110","411","478","50","9","419","0","0","368","44","9","315","0","0","110","6","0","104","0","0"
"366605","Southwest Acupuncture College-Santa Fe","2013","Under 1,000","53","44","9","47","0","0","0","0","0","53","0","0","0","0","0","44","0","0","0","0","0","9"
"366623","Northwest Technology Center-Alva","2013","Under 1,000","108","7","101","41","108","6","0","102","0","0","7","3","0","4","0","0","101","3","0","98","0","0"
"366632","Mercer County Career Center","2013","Under 1,000","40","40","0","40","40","21","0","19","0","0","40","21","0","19","0","0","0","0","0","0","0","0"
"366650","ITT Technical Institute-Knoxville","2013","Under 1,000","400","294","106","336","400","67","5","328","0","0","294","49","4","241","0","0","106","18","1","87","0","0"
"366678","ITT Technical Institute-Austin","2013","Under 1,000","432","348","84","381","432","66","10","356","0","0","348","61","9","278","0","0","84","5","1","78","0","0"
"366696","ITT Technical Institute-Houston North","2013","Under 1,000","650","575","75","604","650","109","5","536","0","0","575","105","5","465","0","0","75","4","0","71","0","0"
"366711","California State University-San Marcos","2013","10,000 - 19,999","11300","9177","2123","10024","10738","2158","1614","6917","49","562","8852","2100","1186","5538","28","325","1886","58","428","1379","21","237"
"366748","Argosy University-Hawaii","2013","Under 1,000","795","289","506","484","326","15","120","176","15","469","130","6","44","68","12","159","196","9","76","108","3","310"
"366793","Baptist Theological Seminary at Richmond","2013","Under 1,000","77","35","42","51","0","0","0","0","0","77","0","0","0","0","0","35","0","0","0","0","0","42"
"366960","Kaplan College-Modesto","2013","Under 1,000","490","490","0","490","490","88","13","389","0","0","490","88","13","389","0","0","0","0","0","0","0","0"
"367024","Kaplan University-Des Moines Campus","2013","Under 1,000","875","553","322","679","780","91","231","457","1","95","502","60","141","301","0","51","278","31","90","156","1","44"
"367051","Hairmasters Institute of Cosmetology","2013","Under 1,000","111","58","53","79","111","46","0","65","0","0","58","19","0","39","0","0","53","27","0","26","0","0"
"367088","Hair Arts Academy","2013","Under 1,000","74","74","0","74","74","25","0","49","0","0","74","25","0","49","0","0","0","0","0","0","0","0"
"367097","Pinnacle Career Institute-Lawrence","2013","Under 1,000","113","113","0","113","113","47","0","66","0","0","113","47","0","66","0","0","0","0","0","0","0","0"
"367103","Interactive College of Technology-Newport","2013","Under 1,000","30","30","0","30","30","5","0","25","0","0","30","5","0","25","0","0","0","0","0","0","0","0"
"367112","Career Technical College-Monroe","2013","Under 1,000","580","382","198","461","580","125","66","389","0","0","382","107","26","249","0","0","198","18","40","140","0","0"
"367130","Empire Beauty School-Lowell","2013","Under 1,000","116","78","38","93","116","39","0","77","0","0","78","30","0","48","0","0","38","9","0","29","0","0"
"367158","Ross Medical Education Center-Taylor","2013","Under 1,000","80","80","0","80","80","17","0","63","0","0","80","17","0","63","0","0","0","0","0","0","0","0"
"367194","McNally Smith College of Music","2013","Under 1,000","596","393","203","473","576","101","94","361","20","20","381","87","62","232","0","12","195","14","32","129","20","8"
"367334","National Tractor Trailer School Inc-Liverpool","2013","Under 1,000","179","114","65","140","179","125","0","54","0","0","114","83","0","31","0","0","65","42","0","23","0","0"
"367361","Interactive Learning Systems-Houston","2013","Under 1,000","31","30","1","30","31","12","0","18","1","0","30","12","0","18","0","0","1","0","0","0","1","0"
"367398","Star Career Academy–Brick","2013","Under 1,000","267","154","113","199","267","214","0","53","0","0","154","118","0","36","0","0","113","96","0","17","0","0"
"367431","New Castle Beauty Academy","2013","Under 1,000","34","34","0","34","34","23","0","11","0","0","34","23","0","11","0","0","0","0","0","0","0","0"
"367459","NorthWest Arkansas Community College","2013","5,000 - 9,999","8020","2843","5177","4581","8020","1559","566","4573","1322","0","2843","952","253","1547","91","0","5177","607","313","3026","1231","0"
"367662","Madera Beauty College","2013","Under 1,000","55","7","48","26","55","51","0","4","0","0","7","6","0","1","0","0","48","45","0","3","0","0"
"367839","Colorado Heights University","2013","Under 1,000","375","349","26","359","343","35","33","275","0","32","329","32","28","269","0","20","14","3","5","6","0","12"
"367875","Brewster Technical Center","2013","Under 1,000","202","202","0","202","202","87","0","115","0","0","202","87","0","115","0","0","0","0","0","0","0","0"
"367884","Hodges University","2013","1,000 - 4,999","2078","1323","755","1618","1877","170","287","1407","13","201","1303","145","221","937","0","20","574","25","66","470","13","181"
"367909","Everest University-Lakeland","2013","Under 1,000","449","319","130","370","449","44","58","347","0","0","319","44","38","237","0","0","130","0","20","110","0","0"
"367936","Argosy University-Atlanta","2013","1,000 - 4,999","1920","236","1684","883","435","51","103","280","1","1485","112","17","32","63","0","124","323","34","71","217","1","1361"
"367954","University of St Augustine for Health Sciences","2013","1,000 - 4,999","1705","1363","342","1494","0","0","0","0","0","1705","0","0","0","0","0","1363","0","0","0","0","0","342"
"367972","Capital Area School of Practical Nursing","2013","Under 1,000","131","131","0","131","131","30","0","101","0","0","131","30","0","101","0","0","0","0","0","0","0","0"
"367981","Hair Professionals Career College","2013","Under 1,000","87","36","51","56","87","3","0","84","0","0","36","2","0","34","0","0","51","1","0","50","0","0"
"368036","Alexandria School of Scientific Therapeutics","2013","Under 1,000","30","30","0","30","30","16","0","14","0","0","30","16","0","14","0","0","0","0","0","0","0","0"
"368230","Empire Beauty School-Bloomfield","2013","Under 1,000","180","134","46","152","180","65","0","115","0","0","134","57","0","77","0","0","46","8","0","38","0","0"
"368364","Southwest Technology Center","2013","Under 1,000","104","74","30","84","104","77","0","27","0","0","74","52","0","22","0","0","30","25","0","5","0","0"
"368407","Western Area Career and Technology Center","2013","Under 1,000","90","64","26","73","90","25","0","65","0","0","64","20","0","44","0","0","26","5","0","21","0","0"
"368443","Daymar Institute-Clarksville","2013","Under 1,000","497","433","64","458","497","50","105","342","0","0","433","45","102","286","0","0","64","5","3","56","0","0"
"368452","Nossi College of Art","2013","Under 1,000","279","279","0","279","279","83","19","177","0","0","279","83","19","177","0","0","0","0","0","0","0","0"
"368540","Seguin Beauty School-New Braunfels","2013","Under 1,000","38","38","0","38","38","8","0","30","0","0","38","8","0","30","0","0","0","0","0","0","0","0"
"368601","ITT Technical Institute-Norfolk","2013","Under 1,000","720","578","142","634","720","114","15","591","0","0","578","93","10","475","0","0","142","21","5","116","0","0"
"368629","Pima Medical Institute-Seattle","2013","Under 1,000","787","787","0","787","787","228","0","559","0","0","787","228","0","559","0","0","0","0","0","0","0","0"
"368647","Mineral County Vocational Technical Center","2013","Under 1,000","25","25","0","25","25","0","0","25","0","0","25","0","0","25","0","0","0","0","0","0","0","0"
"368771","Hypnosis Motivation Institute","2013","Under 1,000","111","111","0","111","111","5","0","106","0","0","111","5","0","106","0","0","0","0","0","0","0","0"
"368780","Los Angeles ORT College-Los Angeles Campus","2013","Under 1,000","396","396","0","396","396","124","0","272","0","0","396","124","0","272","0","0","0","0","0","0","0","0"
"368805","Everest College-West Los Angeles","2013","Under 1,000","422","378","44","395","422","51","31","340","0","0","378","51","28","299","0","0","44","0","3","41","0","0"
"368832","Thanh Le College School of Cosmetology","2013","Under 1,000","40","26","14","32","40","12","0","28","0","0","26","7","0","19","0","0","14","5","0","9","0","0"
"368911","Southeastern Technical College","2013","1,000 - 4,999","1533","442","1091","808","1533","287","139","925","182","0","442","99","56","272","15","0","1091","188","83","653","167","0"
"369002","Massachusetts School of Law","2013","Under 1,000","529","269","260","368","0","0","0","0","0","529","0","0","0","0","0","269","0","0","0","0","0","260"
"369084","ITT Technical Institute-Albuquerque","2013","Under 1,000","476","350","126","399","476","55","25","396","0","0","350","53","21","276","0","0","126","2","4","120","0","0"
"369109","Community Services Division-Alliance City","2013","Under 1,000","106","47","59","67","106","26","0","80","0","0","47","24","0","23","0","0","59","2","0","57","0","0"
"369400","Universal Technical Institute-Auto Motorcycle & Marine Mechanics Institute Division-Orlando","2013","1,000 - 4,999","3208","3208","0","3208","3208","648","0","2560","0","0","3208","648","0","2560","0","0","0","0","0","0","0","0"
"369419","D G Erwin Technical Center","2013","Under 1,000","840","840","0","840","840","703","0","137","0","0","840","703","0","137","0","0","0","0","0","0","0","0"
"369446","Rosel School of Cosmetology","2013","Under 1,000","80","38","42","55","80","10","0","70","0","0","38","7","0","31","0","0","42","3","0","39","0","0"
"369455","Worsham College of Mortuary Science","2013","Under 1,000","108","108","0","108","108","0","108","0","0","0","108","0","108","0","0","0","0","0","0","0","0","0"
"369516","Bryan University","2013","Under 1,000","448","448","0","448","431","51","67","313","0","17","431","51","67","313","0","17","0","0","0","0","0","0"
"369659","Oregon College of Oriental Medicine","2013","Under 1,000","224","204","20","212","0","0","0","0","0","224","0","0","0","0","0","204","0","0","0","0","0","20"
"369668","Central Pennsylvania Institute of Science and Technology","2013","Under 1,000","197","178","19","184","197","176","0","19","2","0","178","176","0","0","2","0","19","0","0","19","0","0"
"369686","Northwest Educational Center","2013","Under 1,000","169","169","0","169","169","95","0","74","0","0","169","95","0","74","0","0","0","0","0","0","0","0"
"369695","Sebring Career Schools-Houston","2013","Under 1,000","98","98","0","98","98","27","0","71","0","0","98","27","0","71","0","0","0","0","0","0","0","0"
"369783","PCI Health Training Center","2013","Under 1,000","521","521","0","521","521","100","0","421","0","0","521","100","0","421","0","0","0","0","0","0","0","0"
"369792","Windham Memorial Hospital-Radiologic Technology Program","2013","Under 1,000","17","17","0","17","17","0","0","17","0","0","17","0","0","17","0","0","0","0","0","0","0","0"
"369862","Miami-Jacobs Career College-Columbus","2013","Under 1,000","304","183","121","231","304","97","32","175","0","0","183","62","18","103","0","0","121","35","14","72","0","0"
"369905","Bryant & Stratton College-Eastlake","2013","Under 1,000","614","237","377","385","614","32","93","488","1","0","237","21","37","179","0","0","377","11","56","309","1","0"
"369950","Hamrick School","2013","Under 1,000","187","187","0","187","187","29","0","158","0","0","187","29","0","158","0","0","0","0","0","0","0","0"
"371034","Alabama State College of Barber Styling","2013","Under 1,000","26","26","0","26","26","16","0","10","0","0","26","16","0","10","0","0","0","0","0","0","0","0"
"371052","Fortis College-Mobile","2013","Under 1,000","359","359","0","359","359","59","69","231","0","0","359","59","69","231","0","0","0","0","0","0","0","0"
"371140","Arkansas Beauty School","2013","Under 1,000","36","28","8","31","36","19","0","17","0","0","28","14","0","14","0","0","8","5","0","3","0","0"
"371265","Everest College-Ontario","2013","Under 1,000","782","782","0","782","782","136","0","646","0","0","782","136","0","646","0","0","0","0","0","0","0","0"
"371690","Downey Adult School","2013","1,000 - 4,999","1317","579","738","827","1317","514","0","803","0","0","579","407","0","172","0","0","738","107","0","631","0","0"
"371760","Heald College-Stockton","2013","1,000 - 4,999","1418","1011","407","1173","1418","168","112","1129","9","0","1011","114","57","839","1","0","407","54","55","290","8","0"
"371779","Heald College-Hayward","2013","1,000 - 4,999","1249","823","426","992","1249","135","91","1018","5","0","823","75","45","703","0","0","426","60","46","315","5","0"
"371830","CRU Institute","2013","Under 1,000","55","31","24","41","55","27","0","28","0","0","31","17","0","14","0","0","24","10","0","14","0","0"
"371928","Modern Technology School","2013","Under 1,000","83","83","0","83","83","37","0","46","0","0","83","37","0","46","0","0","0","0","0","0","0","0"
"371964","National Career Education","2013","Under 1,000","51","51","0","51","51","49","0","2","0","0","51","49","0","2","0","0","0","0","0","0","0","0"
"371982","Everest College-Anaheim","2013","Under 1,000","574","510","64","535","574","71","54","449","0","0","510","71","53","386","0","0","64","0","1","63","0","0"
"372000","Thuy Princess Beauty College","2013","Under 1,000","77","65","12","70","77","27","0","50","0","0","65","17","0","48","0","0","12","10","0","2","0","0"
"372028","North-West College-Glendale","2013","Under 1,000","177","177","0","177","177","50","0","127","0","0","177","50","0","127","0","0","0","0","0","0","0","0"
"372037","Everest College-City of Industry","2013","1,000 - 4,999","1029","953","76","983","1029","142","102","785","0","0","953","140","96","717","0","0","76","2","6","68","0","0"
"372073","Fremont College","2013","Under 1,000","344","344","0","344","344","54","67","223","0","0","344","54","67","223","0","0","0","0","0","0","0","0"
"372082","Pomona Unified School District Adult and Career Education","2013","Under 1,000","471","251","220","325","471","44","0","400","27","0","251","32","0","219","0","0","220","12","0","181","27","0"
"372240","Universal College of Beauty Inc-Los Angeles 2","2013","Under 1,000","32","32","0","32","32","14","0","18","0","0","32","14","0","18","0","0","0","0","0","0","0","0"
"372329","IBMC College","2013","Under 1,000","258","258","0","258","258","232","0","26","0","0","258","232","0","26","0","0","0","0","0","0","0","0"
"372356","Xenon International Academy-Denver","2013","Under 1,000","101","101","0","101","101","14","0","87","0","0","101","14","0","87","0","0","0","0","0","0","0","0"
"372462","Academy of Cosmetology","2013","Under 1,000","144","137","7","140","144","10","0","134","0","0","137","10","0","127","0","0","7","0","0","7","0","0"
"372578","ITT Technical Institute-Lake Mary","2013","Under 1,000","269","183","86","217","269","30","23","216","0","0","183","27","8","148","0","0","86","3","15","68","0","0"
"372718","Sunstate Academy","2013","Under 1,000","224","183","41","199","224","30","0","194","0","0","183","27","0","156","0","0","41","3","0","38","0","0"
"372772","Heritage Institute-Jacksonville","2013","Under 1,000","279","279","0","279","279","66","14","199","0","0","279","66","14","199","0","0","0","0","0","0","0","0"
"372921","Fortis College-Smyrna","2013","Under 1,000","617","617","0","617","617","119","73","425","0","0","617","119","73","425","0","0","0","0","0","0","0","0"
"372958","Remington College-Honolulu Campus","2013","Under 1,000","495","495","0","495","495","144","1","350","0","0","495","144","1","350","0","0","0","0","0","0","0","0"
"373058","Vatterott College-Des Moines","2013","Under 1,000","239","239","0","239","239","39","20","180","0","0","239","39","20","180","0","0","0","0","0","0","0","0"
"373085","Brown Mackie College-Quad Cities","2013","Under 1,000","364","364","0","364","364","62","20","282","0","0","364","62","20","282","0","0","0","0","0","0","0","0"
"373216","Pivot Point Academy-Bloomingdale","2013","Under 1,000","175","175","0","175","175","122","0","53","0","0","175","122","0","53","0","0","0","0","0","0","0","0"
"373456","BLALOCKS PROFESSIONAL BEAUTY COLLEGE","2013",,,,,,,,,,,,,,,,,,,,,,,
"373526","Diesel Driving Academy-Baton Rouge","2013","Under 1,000","256","256","0","256","256","119","0","137","0","0","256","119","0","137","0","0","0","0","0","0","0","0"
"373605","Jonesville Beauty School","2013","Under 1,000","36","36","0","36","36","18","0","18","0","0","36","18","0","18","0","0","0","0","0","0","0","0"
"373678","New England Hair Academy","2013","Under 1,000","168","117","51","137","168","50","0","118","0","0","117","30","0","87","0","0","51","20","0","31","0","0"
"373696","Rob Roy Academy-Worcester","2013","Under 1,000","176","176","0","176","176","65","0","111","0","0","176","65","0","111","0","0","0","0","0","0","0","0"
"373711","Upper Cape Cod Regional Technical School","2013","Under 1,000","59","59","0","59","59","12","0","47","0","0","59","12","0","47","0","0","0","0","0","0","0","0"
"373784","All-State Career-Baltimore","2013","1,000 - 4,999","1078","1078","0","1078","1078","200","0","878","0","0","1078","200","0","878","0","0","0","0","0","0","0","0"
"373827","New England School of Communications","2013","Under 1,000","457","429","28","440","457","94","22","340","1","0","429","93","21","315","0","0","28","1","1","25","1","0"
"373890","Everest Institute-Kalamazoo","2013","Under 1,000","356","356","0","356","356","75","0","281","0","0","356","75","0","281","0","0","0","0","0","0","0","0"
"374024","Adler Graduate School","2013","Under 1,000","380","0","380","145","0","0","0","0","0","380","0","0","0","0","0","0","0","0","0","0","0","380"
"374316","Academy of Hair Design-Jackson","2013","Under 1,000","121","77","44","94","121","7","0","114","0","0","77","4","0","73","0","0","44","3","0","41","0","0"
"374343","KC's School of Hair Design","2013","Under 1,000","76","76","0","76","76","25","0","51","0","0","76","25","0","51","0","0","0","0","0","0","0","0"
"374440","Mitchells Hairstyling Academy-Goldsboro","2013","Under 1,000","46","46","0","46","46","17","0","29","0","0","46","17","0","29","0","0","0","0","0","0","0","0"
"374574","Lincoln Technical Institute-Moorestown","2013","Under 1,000","579","361","218","448","579","154","0","425","0","0","361","101","0","260","0","0","218","53","0","165","0","0"
"374592","Monmouth County Vocational School District","2013","Under 1,000","98","98","0","98","98","96","0","2","0","0","98","96","0","2","0","0","0","0","0","0","0","0"
"374875","Kaplan College-Las Vegas","2013","Under 1,000","994","994","0","994","994","187","75","732","0","0","994","187","75","732","0","0","0","0","0","0","0","0"
"374927","Beauty School of Middletown","2013","Under 1,000","68","41","27","52","68","33","0","35","0","0","41","21","0","20","0","0","27","12","0","15","0","0"
"374972","Bryant & Stratton College-Southtowns","2013","Under 1,000","570","316","254","416","570","51","84","364","71","0","316","45","62","209","0","0","254","6","22","155","71","0"
"374990","Continental School of Beauty Culture-Olean","2013","Under 1,000","78","51","27","62","78","25","0","53","0","0","51","20","0","31","0","0","27","5","0","22","0","0"
"375106","National Tractor Trailer School Inc-Buffalo","2013","Under 1,000","89","81","8","84","89","58","0","31","0","0","81","51","0","30","0","0","8","7","0","1","0","0"
"375230","Yeshiva Gedolah Imrei Yosef D'spinka","2013","Under 1,000","125","125","0","125","125","10","40","75","0","0","125","10","40","75","0","0","0","0","0","0","0","0"
"375300","Cleveland Institute of Dental-Medical Assistants-Mentor","2013","Under 1,000","135","135","0","135","135","64","0","71","0","0","135","64","0","71","0","0","0","0","0","0","0","0"
"375319","Cleveland Institute of Dental-Medical Assistants-Lyndhurst","2013","Under 1,000","64","64","0","64","64","29","0","35","0","0","64","29","0","35","0","0","0","0","0","0","0","0"
"375373","Knox County Career Center","2013","Under 1,000","252","252","0","252","252","151","0","101","0","0","252","151","0","101","0","0","0","0","0","0","0","0"
"375407","Madison Adult Career Center","2013","Under 1,000","145","114","31","124","145","41","0","104","0","0","114","33","0","81","0","0","31","8","0","23","0","0"
"375416","Remington College-Cleveland Campus","2013","Under 1,000","438","438","0","438","438","160","6","272","0","0","438","160","6","272","0","0","0","0","0","0","0","0"
"375489","Brown Mackie College-Findlay","2013","Under 1,000","448","448","0","448","448","86","24","338","0","0","448","86","24","338","0","0","0","0","0","0","0","0"
"375540","Toledo Academy of Beauty Culture-East","2013","Under 1,000","111","42","69","69","111","56","0","55","0","0","42","18","0","24","0","0","69","38","0","31","0","0"
"375568","U S Grant Joint Vocational School","2013","Under 1,000","18","8","10","11","18","7","0","11","0","0","8","4","0","4","0","0","10","3","0","7","0","0"
"375647","CC's Cosmetology College","2013","Under 1,000","47","47","0","47","47","28","0","19","0","0","47","28","0","19","0","0","0","0","0","0","0","0"
"375656","Chisholm Trail Technology Center","2013","Under 1,000","164","66","98","99","164","54","0","42","68","0","66","36","0","30","0","0","98","18","0","12","68","0"
"375683","Gordon Cooper Technology Center","2013","Under 1,000","923","204","719","445","923","726","0","197","0","0","204","67","0","137","0","0","719","659","0","60","0","0"
"375692","Kiamichi Technology Center-Atoka","2013","Under 1,000","123","17","106","53","123","15","0","11","97","0","17","8","0","9","0","0","106","7","0","2","97","0"
"375708","Kiamichi Technology Center-Durant","2013","Under 1,000","288","73","215","145","288","173","0","115","0","0","73","36","0","37","0","0","215","137","0","78","0","0"
"375717","Kiamichi Technology Center-Hugo","2013","Under 1,000","101","45","56","64","101","29","0","31","41","0","45","22","0","23","0","0","56","7","0","8","41","0"
"375726","Kiamichi Technology Center-McAlester","2013","Under 1,000","195","107","88","137","195","106","0","89","0","0","107","48","0","59","0","0","88","58","0","30","0","0"
"375735","Kiamichi Technology Center-Idabel","2013","Under 1,000","75","40","35","52","75","62","0","13","0","0","40","36","0","4","0","0","35","26","0","9","0","0"
"375744","Kiamichi Technology Center-Poteau","2013","Under 1,000","246","102","144","150","246","20","0","226","0","0","102","4","0","98","0","0","144","16","0","128","0","0"
"375753","Kiamichi Technology Center-Spiro","2013","Under 1,000","57","26","31","36","57","21","0","5","31","0","26","21","0","5","0","0","31","0","0","0","31","0"
"375762","Kiamichi Technology Center-Talihina","2013","Under 1,000","101","35","66","57","101","21","0","31","49","0","35","15","0","20","0","0","66","6","0","11","49","0"
"375841","Le Cordon Bleu College of Culinary Arts-Portland","2013","Under 1,000","563","563","0","563","563","88","34","441","0","0","563","88","34","441","0","0","0","0","0","0","0","0"
"375939","YTI Career Institute-Altoona","2013","Under 1,000","405","405","0","405","405","122","42","241","0","0","405","122","42","241","0","0","0","0","0","0","0","0"
"375966","Eastern Center for Arts and Technology","2013","Under 1,000","142","63","79","90","142","11","0","131","0","0","63","8","0","55","0","0","79","3","0","76","0","0"
"375984","Empire Beauty School-Center City Philadelphia","2013","Under 1,000","337","281","56","303","337","112","0","225","0","0","281","105","0","176","0","0","56","7","0","49","0","0"
"376224","Centro de Estudios Multidisciplinarios-Humacao","2013","Under 1,000","743","651","92","687","743","182","85","476","0","0","651","182","76","393","0","0","92","0","9","83","0","0"
"376242","Colegio Mayor de Tecnologia Inc","2013","Under 1,000","87","87","0","87","87","35","0","52","0","0","87","35","0","52","0","0","0","0","0","0","0","0"
"376288","Institucion Chaviano de Mayaguez","2013","Under 1,000","82","82","0","82","82","58","0","24","0","0","82","58","0","24","0","0","0","0","0","0","0","0"
"376321","EDIC College","2013","Under 1,000","752","517","235","610","752","417","335","0","0","0","517","313","204","0","0","0","235","104","131","0","0","0"
"376330","Liceo de Arte-Dise-O y Comercio","2013","Under 1,000","325","319","6","321","325","35","0","290","0","0","319","35","0","284","0","0","6","0","0","6","0","0"
"376385","Universal Technology College of Puerto Rico","2013","1,000 - 4,999","1260","1191","69","1218","1260","754","155","351","0","0","1191","739","129","323","0","0","69","15","26","28","0","0"
"376446","Academy of Hair Technology","2013","Under 1,000","84","63","21","71","84","8","0","76","0","0","63","6","0","57","0","0","21","2","0","19","0","0"
"376631","Mr Wayne's School of Unisex Hair Design","2013","Under 1,000","37","27","10","31","37","20","0","17","0","0","27","16","0","11","0","0","10","4","0","6","0","0"
"376668","Southern Institute of Cosmetology","2013","Under 1,000","30","16","14","22","30","23","0","7","0","0","16","14","0","2","0","0","14","9","0","5","0","0"
"376677","Queen City College","2013","Under 1,000","119","117","2","118","119","16","0","103","0","0","117","16","0","101","0","0","2","0","0","2","0","0"
"376695","College of the Marshall Islands","2013","1,000 - 4,999","1000","673","327","783","1000","260","3","725","12","0","673","235","2","436","0","0","327","25","1","289","12","0"
"376950","Central Texas Commercial College","2013",,,,,,,,,,,,,,,,,,,,,,,
"376987","American National College","2013","Under 1,000","102","102","0","102","102","92","0","10","0","0","102","92","0","10","0","0","0","0","0","0","0","0"
"377069","ITT Technical Institute-San Antonio","2013","Under 1,000","585","459","126","508","585","86","15","484","0","0","459","73","14","372","0","0","126","13","1","112","0","0"
"377111","Remington College-Fort Worth Campus","2013","Under 1,000","408","408","0","408","408","120","2","286","0","0","408","120","2","286","0","0","0","0","0","0","0","0"
"377193","University of Cosmetology Arts & Sciences-San Antonio Jamar","2013","Under 1,000","35","15","20","23","35","1","0","34","0","0","15","0","0","15","0","0","20","1","0","19","0","0"
"377218","School of Automotive Machinists","2013","Under 1,000","156","156","0","156","156","21","45","90","0","0","156","21","45","90","0","0","0","0","0","0","0","0"
"377272","SW School of Business and Technical Careers-Cosmetology","2013","Under 1,000","59","59","0","59","59","54","0","5","0","0","59","54","0","5","0","0","0","0","0","0","0","0"
"377281","SW School of Business and Technical Careers","2013","Under 1,000","68","68","0","68","68","65","0","3","0","0","68","65","0","3","0","0","0","0","0","0","0","0"
"377315","Texas College of Cosmetology-Abilene","2013","Under 1,000","82","82","0","82","82","30","0","52","0","0","82","30","0","52","0","0","0","0","0","0","0","0"
"377342","Vista College-Online","2013","Under 1,000","207","207","0","207","207","179","0","28","0","0","207","179","0","28","0","0","0","0","0","0","0","0"
"377449","Centura College-Newport News","2013","Under 1,000","138","86","52","107","138","39","0","99","0","0","86","24","0","62","0","0","52","15","0","37","0","0"
"377458","Centura College-Norfolk","2013","Under 1,000","260","170","90","206","260","63","0","197","0","0","170","40","0","130","0","0","90","23","0","67","0","0"
"377485","Virginia Beach City Public Schools School of Practical Nursing","2013","Under 1,000","58","19","39","32","58","15","0","15","28","0","19","14","0","5","0","0","39","1","0","10","28","0"
"377546","Northwest College of Art & Design","2013","Under 1,000","94","89","5","91","94","33","11","50","0","0","89","33","10","46","0","0","5","0","1","4","0","0"
"377555","University of Washington-Bothell Campus","2013","1,000 - 4,999","4604","3699","905","4054","4104","570","744","2763","27","500","3432","554","571","2304","3","267","672","16","173","459","24","233"
"377564","University of Washington-Tacoma Campus","2013","1,000 - 4,999","4295","3463","832","3785","3626","410","755","2422","39","669","3114","392","653","2062","7","349","512","18","102","360","32","320"
"377652","Valley College-Beckley","2013","Under 1,000","223","223","0","223","223","156","52","15","0","0","223","156","52","15","0","0","0","0","0","0","0","0"
"377661","Valley College-Martinsburg","2013","Under 1,000","55","55","0","55","55","35","0","20","0","0","55","35","0","20","0","0","0","0","0","0","0","0"
"377670","Valley College-Princeton","2013","Under 1,000","66","66","0","66","66","50","0","16","0","0","66","50","0","16","0","0","0","0","0","0","0","0"
"377722","Bellus Academy-Poway","2013","Under 1,000","372","372","0","372","372","78","0","294","0","0","372","78","0","294","0","0","0","0","0","0","0","0"
"377759","Capstone College","2013","Under 1,000","50","50","0","50","50","21","0","29","0","0","50","21","0","29","0","0","0","0","0","0","0","0"
"378105","Central Coast College","2013","Under 1,000","233","178","55","200","233","85","0","148","0","0","178","66","0","112","0","0","55","19","0","36","0","0"
"378406","ITT Technical Institute-Torrance","2013","Under 1,000","457","360","97","398","457","53","7","397","0","0","360","45","7","308","0","0","97","8","0","89","0","0"
"378576","Pacific College of Oriental Medicine-San Diego","2013","Under 1,000","510","305","205","384","125","37","6","81","1","385","48","21","3","24","0","257","77","16","3","57","1","128"
"378886","Artistic Nails and Beauty Academy-Tampa","2013","Under 1,000","198","72","126","122","198","19","0","179","0","0","72","12","0","60","0","0","126","7","0","119","0","0"
"378956","National Aviation Academy of Tampa Bay","2013","Under 1,000","692","692","0","692","692","99","0","593","0","0","692","99","0","593","0","0","0","0","0","0","0","0"
"379135","Cain's Barber College Inc","2013","Under 1,000","85","73","12","78","85","40","0","45","0","0","73","34","0","39","0","0","12","6","0","6","0","0"
"379621","Madison Oneida BOCES-Practical Nursing Program","2013","Under 1,000","51","51","0","51","51","19","0","32","0","0","51","19","0","32","0","0","0","0","0","0","0","0"
"379746","Astrodome Career Centers","2013","Under 1,000","46","46","0","46","46","27","0","19","0","0","46","27","0","19","0","0","0","0","0","0","0","0"
"379782","Center for Advanced Legal Studies","2013","Under 1,000","182","182","0","182","125","3","22","100","0","57","125","3","22","100","0","57","0","0","0","0","0","0"
"380067","Houston Training School-Main Campus","2013","Under 1,000","177","177","0","177","177","103","0","74","0","0","177","103","0","74","0","0","0","0","0","0","0","0"
"380094","Remington College-Houston Campus","2013","Under 1,000","354","354","0","354","354","135","1","218","0","0","354","135","1","218","0","0","0","0","0","0","0","0"
"380359","Bay Mills Community College","2013","Under 1,000","531","298","233","376","531","133","22","359","17","0","298","92","7","193","6","0","233","41","15","166","11","0"
"380368","Fond du Lac Tribal and Community College","2013","1,000 - 4,999","2272","824","1448","1310","2272","190","145","661","1276","0","824","168","89","369","198","0","1448","22","56","292","1078","0"
"380377","Northwest Indian College","2013","Under 1,000","681","514","167","581","681","104","8","541","28","0","514","79","4","429","2","0","167","25","4","112","26","0"
"380401","Marinello Schools of Beauty-Provo","2013","Under 1,000","79","52","27","63","79","19","0","60","0","0","52","11","0","41","0","0","27","8","0","19","0","0"
"380438","Provo College","2013","Under 1,000","336","137","199","216","336","115","19","173","29","0","137","59","9","42","27","0","199","56","10","131","2","0"
"380456","Paul Mitchell the School-Provo","2013","Under 1,000","132","106","26","116","132","23","0","109","0","0","106","21","0","85","0","0","26","2","0","24","0","0"
"380465","University of Phoenix-Utah Campus","2013","1,000 - 4,999","1703","1703","0","1703","1056","13","69","876","98","647","1056","13","69","876","98","647","0","0","0","0","0","0"
"380474","Utah College of Massage Therapy-Salt Lake City","2013","Under 1,000","346","193","153","254","346","130","0","216","0","0","193","78","0","115","0","0","153","52","0","101","0","0"
"381255","CET-Coachella","2013","Under 1,000","187","64","123","113","187","50","0","137","0","0","64","36","0","28","0","0","123","14","0","109","0","0"
"381282","CET-Oxnard","2013","Under 1,000","133","111","22","120","133","38","0","95","0","0","111","32","0","79","0","0","22","6","0","16","0","0"
"381325","CET-Santa Maria","2013","Under 1,000","155","105","50","125","155","45","0","110","0","0","105","36","0","69","0","0","50","9","0","41","0","0"
"381352","Colorado School of Traditional Chinese Medicine","2013","Under 1,000","136","115","21","123","0","0","0","0","0","136","0","0","0","0","0","115","0","0","0","0","0","21"
"381361","Massage Therapy Institute of Colorado","2013","Under 1,000","82","82","0","82","82","14","0","68","0","0","82","14","0","68","0","0","0","0","0","0","0","0"
"381370","Michigan College of Beauty-Troy","2013","Under 1,000","301","212","89","247","301","119","0","182","0","0","212","90","0","122","0","0","89","29","0","60","0","0"
"381404","Ogle School Hair Skin Nails-Dallas","2013","Under 1,000","231","131","100","171","231","96","0","135","0","0","131","53","0","78","0","0","100","43","0","57","0","0"
"381459","Phoenix Seminary","2013","Under 1,000","187","31","156","91","0","0","0","0","0","187","0","0","0","0","0","31","0","0","0","0","0","156"
"381486","Faust Institute of Cosmetology-Spirit Lake","2013","Under 1,000","14","14","0","14","14","6","0","8","0","0","14","6","0","8","0","0","0","0","0","0","0","0"
"381529","Seattle Vocational Institute","2013","Under 1,000","249","211","38","224","249","29","0","200","20","0","211","26","0","169","16","0","38","3","0","31","4","0"
"381617","Baker College of Port Huron","2013","1,000 - 4,999","1039","626","413","788","1039","170","64","802","3","0","626","119","43","464","0","0","413","51","21","338","3","0"
"381635","Empire Beauty School-Hyannis","2013","Under 1,000","77","49","28","60","77","32","0","45","0","0","49","24","0","25","0","0","28","8","0","20","0","0"
"381644","Brookstone College-Greensboro","2013","Under 1,000","154","154","0","154","154","46","0","108","0","0","154","46","0","108","0","0","0","0","0","0","0","0"
"381699","Cheeks International Academy of Beauty Culture-Fort Collins","2013","Under 1,000","34","22","12","27","34","28","0","6","0","0","22","18","0","4","0","0","12","10","0","2","0","0"
"381705","Cheeks International Academy of Beauty Culture-Greeley","2013","Under 1,000","39","24","15","30","39","33","0","6","0","0","24","21","0","3","0","0","15","12","0","3","0","0"
"381732","Colorado School of Healing Arts","2013","Under 1,000","201","119","82","152","201","38","0","161","2","0","119","34","0","85","0","0","82","4","0","76","2","0"
"381750","Empire Beauty School-Arvada","2013","Under 1,000","52","41","11","45","52","20","0","32","0","0","41","15","0","26","0","0","11","5","0","6","0","0"
"381787","Westwood College-Denver South","2013","Under 1,000","275","185","90","220","275","20","1","254","0","0","185","19","1","165","0","0","90","1","0","89","0","0"
"381866","Healing Arts Institute","2013","Under 1,000","50","50","0","50","50","18","0","32","0","0","50","18","0","32","0","0","0","0","0","0","0","0"
"381909","ITT Technical Institute-San Bernardino","2013","Under 1,000","730","606","124","655","730","97","3","630","0","0","606","89","3","514","0","0","124","8","0","116","0","0"
"381945","Los Angeles ORT College-Van Nuys Campus","2013","Under 1,000","43","43","0","43","43","19","0","0","24","0","43","19","0","0","24","0","0","0","0","0","0","0"
"382063","University of Phoenix-Puerto Rico Campus","2013","Under 1,000","928","928","0","928","449","3","23","411","12","479","449","3","23","411","12","479","0","0","0","0","0","0"
"382258","Mt Diablo Adult Education","2013","Under 1,000","176","76","100","110","176","90","0","86","0","0","76","28","0","48","0","0","100","62","0","38","0","0"
"382267","Royale College of Beauty","2013","Under 1,000","54","53","1","53","54","10","0","44","0","0","53","9","0","44","0","0","1","1","0","0","0","0"
"382276","Westech College","2013","Under 1,000","484","390","94","427","484","152","0","332","0","0","390","125","0","265","0","0","94","27","0","67","0","0"
"382416","Greater Lowell Technical School","2013","Under 1,000","80","80","0","80","80","7","0","73","0","0","80","7","0","73","0","0","0","0","0","0","0","0"
"382461","Academy of Hair Design-Pearl","2013","Under 1,000","65","53","12","58","65","7","0","58","0","0","53","6","0","47","0","0","12","1","0","11","0","0"
"382504","King's College","2013","Under 1,000","381","381","0","381","381","214","0","167","0","0","381","214","0","167","0","0","0","0","0","0","0","0"
"382771","Miller-Motte Technical College-Clarksville","2013","Under 1,000","524","366","158","429","524","151","101","272","0","0","366","109","73","184","0","0","158","42","28","88","0","0"
"382780","Genesis Career College-Lebanon","2013","Under 1,000","247","247","0","247","247","45","0","202","0","0","247","45","0","202","0","0","0","0","0","0","0","0"
"382896","Kaplan College-Dallas","2013","Under 1,000","357","357","0","357","357","89","44","224","0","0","357","89","44","224","0","0","0","0","0","0","0","0"
"382902","Star College of Cosmetology 2","2013","Under 1,000","90","90","0","90","90","34","0","56","0","0","90","34","0","56","0","0","0","0","0","0","0","0"
"382911","Southwest Collegiate Institute for the Deaf","2013","Under 1,000","149","122","27","131","149","51","8","88","2","0","122","47","8","67","0","0","27","4","0","21","2","0"
"382957","Fortis College-Richmond","2013","Under 1,000","457","457","0","457","457","90","50","317","0","0","457","90","50","317","0","0","0","0","0","0","0","0"
"383020","Midwest College of Oriental Medicine-Racine","2013","Under 1,000","74","48","26","58","20","0","0","20","0","54","10","0","0","10","0","38","10","0","0","10","0","16"
"383084","Hacienda La Puente Adult Education","2013","1,000 - 4,999","4151","1684","2467","2512","4151","2351","0","1353","447","0","1684","942","0","592","150","0","2467","1409","0","761","297","0"
"383163","La Belle Beauty Academy","2013","Under 1,000","435","49","386","202","435","84","0","351","0","0","49","8","0","41","0","0","386","76","0","310","0","0"
"383172","Advanced Technical Centers","2013","Under 1,000","35","35","0","35","35","33","0","2","0","0","35","33","0","2","0","0","0","0","0","0","0","0"
"383190","Hawaii Community College","2013","1,000 - 4,999","3406","1598","1808","2205","3406","727","300","1895","484","0","1598","457","166","963","12","0","1808","270","134","932","472","0"
"383251","Regency Beauty Institute-Winston-Salem","2013","Under 1,000","97","97","0","97","97","23","0","74","0","0","97","23","0","74","0","0","0","0","0","0","0","0"
"383279","Robert Fiance Beauty Schools-North Plainfield","2013","Under 1,000","185","89","96","127","185","23","0","162","0","0","89","15","0","74","0","0","96","8","0","88","0","0"
"383297","Long Island Beauty School-Hauppauge","2013","Under 1,000","311","224","87","259","311","94","0","217","0","0","224","79","0","145","0","0","87","15","0","72","0","0"
"383312","Buckeye Joint Vocational School","2013","Under 1,000","89","89","0","89","89","82","0","7","0","0","89","82","0","7","0","0","0","0","0","0","0","0"
"383330","Sandusky Career Center","2013","Under 1,000","95","72","23","80","95","60","0","35","0","0","72","45","0","27","0","0","23","15","0","8","0","0"
"383367","Greater Altoona Career & Technology Center","2013","Under 1,000","264","226","38","239","264","141","0","123","0","0","226","113","0","113","0","0","38","28","0","10","0","0"
"383400","Northeastern Hospital School of Nursing","2013","Under 1,000","72","72","0","72","72","0","0","72","0","0","72","0","0","72","0","0","0","0","0","0","0","0"
"383464","Central Texas Beauty College-Temple","2013","Under 1,000","132","132","0","132","132","100","0","32","0","0","132","100","0","32","0","0","0","0","0","0","0","0"
"383507","Dance Theatre of Harlem Inc","2013","Under 1,000","11","11","0","11","11","6","0","5","0","0","11","6","0","5","0","0","0","0","0","0","0","0"
"383525","Erie 2 Chautauqua Cattaraugus BOCES-Practical Nursing Program","2013","Under 1,000","85","85","0","85","85","17","0","68","0","0","85","17","0","68","0","0","0","0","0","0","0","0"
"383765","Empire Beauty School-Brooklyn","2013","Under 1,000","63","63","0","63","63","29","0","34","0","0","63","29","0","34","0","0","0","0","0","0","0","0"
"383792","Houston Training School-Gulfgate","2013","Under 1,000","277","277","0","277","277","123","0","154","0","0","277","123","0","154","0","0","0","0","0","0","0","0"
"383899","Star Career Academy-Philadelphia","2013","Under 1,000","838","698","140","754","838","759","0","79","0","0","698","624","0","74","0","0","140","135","0","5","0","0"
"383950","Antonelli College-Hattiesburg","2013","Under 1,000","256","237","19","245","256","89","0","167","0","0","237","83","0","154","0","0","19","6","0","13","0","0"
"383996","Eastern New Mexico University-Ruidoso Campus","2013","Under 1,000","895","235","660","457","895","86","60","422","327","0","235","69","13","121","32","0","660","17","47","301","295","0"
"384254","Beacon College","2013","Under 1,000","190","188","2","189","190","41","20","129","0","0","188","41","20","127","0","0","2","0","0","2","0","0"
"384306","Acupuncture and Integrative Medicine College-Berkeley","2013","Under 1,000","140","106","34","119","0","0","0","0","0","140","0","0","0","0","0","106","0","0","0","0","0","34"
"384333","Estrella Mountain Community College","2013","5,000 - 9,999","8832","2810","6022","4832","8832","1636","793","5205","1198","0","2810","855","206","1610","139","0","6022","781","587","3595","1059","0"
"384342","Heartland Community College","2013","5,000 - 9,999","5215","2241","2974","3239","5215","783","474","3435","523","0","2241","511","250","1416","64","0","2974","272","224","2019","459","0"
"384412","University of the Potomac-Washington DC Campus","2013","Under 1,000","341","341","0","341","330","12","21","287","10","11","330","12","21","287","10","11","0","0","0","0","0","0"
"384421","Rabbi Jacob Joseph School","2013","Under 1,000","86","86","0","86","86","32","1","53","0","0","86","32","1","53","0","0","0","0","0","0","0","0"
"385008","Sanford-Brown Institute-Ft Lauderdale","2013","Under 1,000","477","465","12","470","477","54","45","378","0","0","465","54","45","366","0","0","12","0","0","12","0","0"
"385132","The Salon Professional Academy-Melbourne","2013","Under 1,000","99","89","10","93","99","90","0","9","0","0","89","87","0","2","0","0","10","3","0","7","0","0"
"385503","Fortis Institute-Scranton","2013","Under 1,000","464","408","56","430","464","66","64","334","0","0","408","61","56","291","0","0","56","5","8","43","0","0"
"385549","Milan Institute of Cosmetology-Amarillo","2013","Under 1,000","174","174","0","174","174","47","0","127","0","0","174","47","0","127","0","0","0","0","0","0","0","0"
"385619","Everglades University","2013","1,000 - 4,999","1252","1203","49","1222","1184","54","3","1127","0","68","1184","54","3","1127","0","19","0","0","0","0","0","49"
"386153","Seminar L'moros Bais Yaakov","2013","Under 1,000","257","143","114","188","257","257","0","0","0","0","143","143","0","0","0","0","114","114","0","0","0","0"
"386472","Herzing University-Winter Park","2013","Under 1,000","378","256","122","304","378","12","34","331","1","0","256","11","20","225","0","0","122","1","14","106","1","0"
"387660","Emil Fries Piano Hospital and Training Center","2013","Under 1,000","3","3","0","3","3","1","0","2","0","0","3","1","0","2","0","0","0","0","0","0","0","0"
"387819","Fairview Beauty Academy","2013","Under 1,000","105","91","14","97","105","59","0","46","0","0","91","51","0","40","0","0","14","8","0","6","0","0"
"387925","Florida College of Natural Health-Pompano Beach","2013","Under 1,000","262","262","0","262","262","84","4","174","0","0","262","84","4","174","0","0","0","0","0","0","0","0"
"388043","National College-Nashville","2013","Under 1,000","710","503","207","585","710","46","151","507","6","0","503","43","123","337","0","0","207","3","28","170","6","0"
"388520","College of Biblical Studies-Houston","2013","Under 1,000","498","74","424","241","498","46","49","398","5","0","74","14","15","45","0","0","424","32","34","353","5","0"
"388663","Inner State Beauty School","2013","Under 1,000","139","139","0","139","139","42","0","97","0","0","139","42","0","97","0","0","0","0","0","0","0","0"
"389727","Virginia College-Pensacola","2013","Under 1,000","365","246","119","293","365","163","0","202","0","0","246","139","0","107","0","0","119","24","0","95","0","0"
"389860","Mid-EastCTC-Adult Education","2013","Under 1,000","385","270","115","309","385","180","0","205","0","0","270","133","0","137","0","0","115","47","0","68","0","0"
"390701","Everest University-South Orlando","2013","20,000 and above","29693","15437","14256","21036","29460","314","6213","22933","0","233","15344","180","3751","11413","0","93","14116","134","2462","11520","0","140"
"390905","Polaris Career Center","2013","Under 1,000","350","350","0","350","350","246","0","104","0","0","350","246","0","104","0","0","0","0","0","0","0","0"
"391005","P&A Scholars Beauty School","2013","Under 1,000","241","241","0","241","241","15","0","226","0","0","241","15","0","226","0","0","0","0","0","0","0","0"
"391333","Rensselaer BOCES-Practical Nursing Program","2013","Under 1,000","34","34","0","34","34","9","0","25","0","0","34","9","0","25","0","0","0","0","0","0","0","0"
"391546","ASM Beauty World Academy","2013","Under 1,000","64","5","59","28","64","30","0","34","0","0","5","3","0","2","0","0","59","27","0","32","0","0"
"391564","The Salter School-Tewksbury Campus","2013","Under 1,000","230","175","55","197","230","165","0","65","0","0","175","120","0","55","0","0","55","45","0","10","0","0"
"391759","Sharps Academy of Hair Styling","2013","Under 1,000","73","2","71","30","73","39","0","34","0","0","2","1","0","1","0","0","71","38","0","33","0","0"
"392257","College of Health Care Professions-Northwest","2013","Under 1,000","810","810","0","810","810","802","6","2","0","0","810","802","6","2","0","0","0","0","0","0","0","0"
"392354","School of Professional Horticulture at the New York Botanical Garden","2013","Under 1,000","10","10","0","10","10","1","0","9","0","0","10","1","0","9","0","0","0","0","0","0","0","0"
"392415","Fortis College-Houston","2013","Under 1,000","382","382","0","382","382","58","0","324","0","0","382","58","0","324","0","0","0","0","0","0","0","0"
"392798","Volunteer Beauty Academy-Madison","2013","Under 1,000","44","29","15","35","44","6","0","38","0","0","29","3","0","26","0","0","15","3","0","12","0","0"
"392840","Watkins College of Art Design & Film","2013","Under 1,000","363","251","112","295","363","58","25","251","29","0","251","53","20","178","0","0","112","5","5","73","29","0"
"393180","Chicago ORT Technical Institute","2013","Under 1,000","425","425","0","425","425","138","8","279","0","0","425","138","8","279","0","0","0","0","0","0","0","0"
"393524","Alhambra Beauty College","2013","Under 1,000","159","159","0","159","159","48","0","111","0","0","159","48","0","111","0","0","0","0","0","0","0","0"
"393649","American Auto Institute","2013","1,000 - 4,999","1444","1444","0","1444","1444","443","0","1001","0","0","1444","443","0","1001","0","0","0","0","0","0","0","0"
"393861","Asian American International Beauty College","2013","Under 1,000","142","101","41","117","142","54","0","88","0","0","101","44","0","57","0","0","41","10","0","31","0","0"
"393977","Avance Beauty College","2013","Under 1,000","54","54","0","54","54","20","0","34","0","0","54","20","0","34","0","0","0","0","0","0","0","0"
"395195","Colton-Redlands-Yucaipa Regional Occupational Program","2013","Under 1,000","101","101","0","101","101","50","0","51","0","0","101","50","0","51","0","0","0","0","0","0","0","0"
"395362","Copper Mountain Community College","2013","1,000 - 4,999","1783","750","1033","1097","1783","306","104","1069","304","0","750","157","45","477","71","0","1033","149","59","592","233","0"
"395690","Diversified Vocational College","2013","Under 1,000","913","617","296","735","913","626","0","287","0","0","617","422","0","195","0","0","296","204","0","92","0","0"
"397270","Bristol University","2013","Under 1,000","82","82","0","82","33","10","6","17","0","49","33","10","6","17","0","49","0","0","0","0","0","0"
"397942","UEI College-Fresno","2013","1,000 - 4,999","1014","1014","0","1014","1014","346","0","668","0","0","1014","346","0","668","0","0","0","0","0","0","0","0"
"398130","Mt Sierra College","2013","Under 1,000","538","340","198","418","538","63","44","429","2","0","340","53","33","253","1","0","198","10","11","176","1","0"
"398574","Wyotech-Long Beach","2013","1,000 - 4,999","1400","1400","0","1400","1400","253","64","1083","0","0","1400","253","64","1083","0","0","0","0","0","0","0","0"
"399212","Santiago Canyon College","2013","10,000 - 19,999","10939","1938","9001","4960","10939","2151","1112","6792","884","0","1938","769","99","1029","41","0","9001","1382","1013","5763","843","0"
"399869","Southern California Institute of Technology","2013","Under 1,000","496","496","0","496","496","135","0","358","3","0","496","135","0","358","3","0","0","0","0","0","0","0"
"399911","Soka University of America","2013","Under 1,000","412","412","0","412","412","112","0","300","0","0","412","112","0","300","0","0","0","0","0","0","0","0"
"400080","Summit College","2013","Under 1,000","947","947","0","947","947","941","0","6","0","0","947","941","0","6","0","0","0","0","0","0","0","0"
"400187","Advance Beauty College","2013","Under 1,000","506","368","138","423","506","331","0","175","0","0","368","264","0","104","0","0","138","67","0","71","0","0"
"401223","World Mission University","2013","Under 1,000","261","167","94","203","122","5","12","105","0","139","73","2","7","64","0","94","49","3","5","41","0","45"
"401250","Yo San University of Traditional Chinese Medicine","2013","Under 1,000","211","154","57","176","0","0","0","0","0","211","0","0","0","0","0","154","0","0","0","0","0","57"
"401339","Coast Career Institute","2013","Under 1,000","169","169","0","169","169","57","0","112","0","0","169","57","0","112","0","0","0","0","0","0","0","0"
"401481","Cannella School of Hair Design-Blue Island","2013","Under 1,000","52","16","36","30","52","20","0","32","0","0","16","8","0","8","0","0","36","12","0","24","0","0"
"401764","John Amico School of Hair Design","2013",,,,,,,,,,,,,,,,,,,,,,,
"402563","Delta College Inc","2013","Under 1,000","102","102","0","102","102","20","0","82","0","0","102","20","0","82","0","0","0","0","0","0","0","0"
"402615","Colorado Technical University-Sioux Falls","2013","Under 1,000","276","144","132","196","242","0","0","242","0","34","133","0","0","133","0","11","109","0","0","109","0","23"
"402776","Southwest University of Visual Arts-Albuquerque","2013","Under 1,000","224","127","97","165","224","32","11","181","0","0","127","22","3","102","0","0","97","10","8","79","0","0"
"402800","Tri-State Cosmetology Institute","2013","Under 1,000","144","106","38","121","144","23","0","121","0","0","106","18","0","88","0","0","38","5","0","33","0","0"
"402828","Widener University-Harrisburg Campus","2013","Under 1,000","381","289","92","324","0","0","0","0","0","381","0","0","0","0","0","289","0","0","0","0","0","92"
"403414","Volunteer Beauty Academy-Nashville","2013","Under 1,000","41","17","24","27","41","6","0","35","0","0","17","4","0","13","0","0","24","2","0","22","0","0"
"403469","Frontier Community College","2013","1,000 - 4,999","2194","226","1968","887","2194","96","10","340","1748","0","226","69","6","126","25","0","1968","27","4","214","1723","0"
"403478","Lincoln Trail College","2013","Under 1,000","972","421","551","606","972","174","9","350","439","0","421","160","6","233","22","0","551","14","3","117","417","0"
"403487","Wabash Valley College","2013","1,000 - 4,999","4512","554","3958","1883","4512","364","39","437","3672","0","554","269","26","233","26","0","3958","95","13","204","3646","0"
"404037","American Institute of Interior Design","2013","Under 1,000","32","32","0","32","32","3","0","29","0","0","32","3","0","29","0","0","0","0","0","0","0","0"
"404055","Brookline College-Tempe","2013","Under 1,000","223","223","0","223","223","80","0","143","0","0","223","80","0","143","0","0","0","0","0","0","0","0"
"404073","Baker College of Auburn Hills","2013","1,000 - 4,999","3105","1314","1791","2017","3082","315","384","2367","16","23","1310","175","156","979","0","4","1772","140","228","1388","16","19"
"404082","Baker College of Clinton Township","2013","1,000 - 4,999","4383","2256","2127","3091","4358","715","327","3303","13","25","2253","563","164","1525","1","3","2105","152","163","1778","12","22"
"404222","Inter American University of Puerto Rico-School of Optometry","2013","Under 1,000","221","217","4","219","0","0","0","0","0","221","0","0","0","0","0","217","0","0","0","0","0","4"
"404338","Schiller International University","2013","Under 1,000","159","159","0","159","128","12","20","96","0","31","128","12","20","96","0","31","0","0","0","0","0","0"
"404365","Vatterott College-Springfield","2013","Under 1,000","312","312","0","312","312","42","29","241","0","0","312","42","29","241","0","0","0","0","0","0","0","0"
"404374","Vatterott College-Joplin","2013","Under 1,000","236","236","0","236","236","32","20","184","0","0","236","32","20","184","0","0","0","0","0","0","0","0"
"404383","Vatterott College-Kansas City","2013","Under 1,000","540","540","0","540","540","59","39","442","0","0","540","59","39","442","0","0","0","0","0","0","0","0"
"404426","Coconino Community College","2013","1,000 - 4,999","3694","1009","2685","1910","3694","647","416","1731","900","0","1009","288","151","540","30","0","2685","359","265","1191","870","0"
"404499","Sanford-Brown College-Houston","2013","Under 1,000","756","738","18","745","756","103","82","571","0","0","738","103","82","553","0","0","18","0","0","18","0","0"
"404505","Sanford-Brown Institute-Jacksonville","2013","Under 1,000","360","325","35","339","360","53","55","252","0","0","325","53","55","217","0","0","35","0","0","35","0","0"
"404514","Sanford-Brown College-Dallas","2013","Under 1,000","588","588","0","588","588","64","70","454","0","0","588","64","70","454","0","0","0","0","0","0","0","0"
"404648","Baker College of Cadillac","2013","1,000 - 4,999","1549","903","646","1157","1545","302","101","1131","11","4","903","210","54","638","1","0","642","92","47","493","10","4"
"404684","Emma's Beauty Academy-Juana Diaz","2013","Under 1,000","404","404","0","404","404","189","0","215","0","0","404","189","0","215","0","0","0","0","0","0","0","0"
"404718","Franklin Academy","2013","Under 1,000","105","105","0","105","105","53","0","52","0","0","105","53","0","52","0","0","0","0","0","0","0","0"
"404806","Columbia Centro Universitario-Yauco","2013","Under 1,000","402","223","179","293","402","93","0","309","0","0","223","73","0","150","0","0","179","20","0","159","0","0"
"404912","Pima Medical Institute-Denver","2013","Under 1,000","951","951","0","951","951","321","0","619","11","0","951","321","0","619","11","0","0","0","0","0","0","0"
"404994","ASA College","2013","1,000 - 4,999","4706","4368","338","4502","4706","1378","100","3174","54","0","4368","1357","98","2894","19","0","338","21","2","280","35","0"
"405012","Ohio State School of Cosmetology-Westerville","2013","Under 1,000","79","79","0","79","79","60","0","19","0","0","79","60","0","19","0","0","0","0","0","0","0","0"
"405021","Nationwide Beauty Academy","2013","Under 1,000","57","57","0","57","57","19","0","38","0","0","57","19","0","38","0","0","0","0","0","0","0","0"
"405058","Yeshivas Novominsk","2013","Under 1,000","118","118","0","118","118","42","0","76","0","0","118","42","0","76","0","0","0","0","0","0","0","0"
"405076","Southern Careers Institute-Corpus Christi","2013","Under 1,000","320","320","0","320","320","271","0","49","0","0","320","271","0","49","0","0","0","0","0","0","0","0"
"405748","Kiamichi Technology Center-Stigler","2013","Under 1,000","16","9","7","11","16","12","0","4","0","0","9","7","0","2","0","0","7","5","0","2","0","0"
"405854","Rabbinical College of Ohr Shimon Yisroel","2013","Under 1,000","155","155","0","155","155","27","0","128","0","0","155","27","0","128","0","0","0","0","0","0","0","0"
"405872","Carroll Community College","2013","1,000 - 4,999","3785","1437","2348","2225","3785","733","251","2599","202","0","1437","513","77","837","10","0","2348","220","174","1762","192","0"
"405997","University of Phoenix-Albuquerque Campus","2013","1,000 - 4,999","2462","2462","0","2462","2098","63","143","1891","1","364","2098","63","143","1891","1","364","0","0","0","0","0","0"
"406024","Galen College of Nursing-Tampa Bay","2013","Under 1,000","790","427","363","571","790","38","167","585","0","0","427","37","46","344","0","0","363","1","121","241","0","0"
"406033","Galen College of Nursing-San Antonio","2013","1,000 - 4,999","1119","715","404","875","1119","96","215","808","0","0","715","95","93","527","0","0","404","1","122","281","0","0"
"406149","Sarasota School of Massage Therapy","2013","Under 1,000","77","77","0","77","77","34","0","43","0","0","77","34","0","43","0","0","0","0","0","0","0","0"
"406194","Westwood College-Dupage","2013","Under 1,000","186","127","59","150","186","16","2","168","0","0","127","14","1","112","0","0","59","2","1","56","0","0"
"406200","Wright Career College","2013","1,000 - 4,999","1763","1763","0","1763","1763","741","0","1022","0","0","1763","741","0","1022","0","0","0","0","0","0","0","0"
"406219","Daymar College-Louisville","2013","Under 1,000","189","126","63","151","189","15","28","146","0","0","126","12","24","90","0","0","63","3","4","56","0","0"
"406325","Schuyler Steuben Chemung Tioga Allegany BOCES","2013","Under 1,000","96","76","20","83","96","16","0","80","0","0","76","16","0","60","0","0","20","0","0","20","0","0"
"406361","Delaware Chenango Madison Otsego BOCES-Practical Nursing Program","2013","Under 1,000","37","37","0","37","37","4","0","33","0","0","37","4","0","33","0","0","0","0","0","0","0","0"
"406413","DCI Career Institute","2013","Under 1,000","107","107","0","107","107","57","0","50","0","0","107","57","0","50","0","0","0","0","0","0","0","0"
"406422","Central Susquehanna Intermediate Unit LPN Career","2013","Under 1,000","92","59","33","70","92","30","0","62","0","0","59","30","0","29","0","0","33","0","0","33","0","0"
"406486","Myotherapy College of Utah","2013","Under 1,000","63","25","38","40","63","36","0","27","0","0","25","19","0","6","0","0","38","17","0","21","0","0"
"406495","Graham Webb International Academy of Hair","2013","Under 1,000","160","125","35","139","160","142","0","18","0","0","125","114","0","11","0","0","35","28","0","7","0","0"
"406547","City College-Gainesville","2013","Under 1,000","444","341","103","381","444","55","31","358","0","0","341","53","30","258","0","0","103","2","1","100","0","0"
"407009","Arizona State University-West","2013","1,000 - 4,999","3661","2911","750","3205","3249","271","637","2335","6","412","2694","267","526","1901","0","217","555","4","111","434","6","195"
"407054","Connecticut Center for Massage Therapy-Westport","2013","Under 1,000","158","19","139","74","158","52","0","106","0","0","19","9","0","10","0","0","139","43","0","96","0","0"
"407063","ITT Technical Institute-Jacksonville","2013","Under 1,000","591","441","150","500","591","69","6","516","0","0","441","61","5","375","0","0","150","8","1","141","0","0"
"407090","G Skin & Beauty Institute","2013","Under 1,000","286","103","183","176","286","2","0","284","0","0","103","0","0","103","0","0","183","2","0","181","0","0"
"407142","Cosmetology Training Center","2013","Under 1,000","109","109","0","109","109","11","0","98","0","0","109","11","0","98","0","0","0","0","0","0","0","0"
"407151","Stage One-The Hair School","2013","Under 1,000","99","99","0","99","99","23","0","76","0","0","99","23","0","76","0","0","0","0","0","0","0","0"
"407179","Empire Beauty School-Malden","2013","Under 1,000","155","125","30","137","155","63","0","92","0","0","125","55","0","70","0","0","30","8","0","22","0","0"
"407285","Minnesota School of Business-Brooklyn Center","2013","Under 1,000","169","100","69","127","169","12","31","119","7","0","100","8","20","69","3","0","69","4","11","50","4","0"
"407319","ITT Technical Institute-Omaha","2013","Under 1,000","505","344","161","407","505","79","22","404","0","0","344","63","18","263","0","0","161","16","4","141","0","0"
"407328","Omaha School of Massage and Healthcare of Herzing University","2013","Under 1,000","121","110","11","114","121","40","0","80","1","0","110","38","0","72","0","0","11","2","0","8","1","0"
"407355","Xenon International Academy-Omaha","2013","Under 1,000","237","236","1","236","237","28","0","209","0","0","236","28","0","208","0","0","1","0","0","1","0","0"
"407391","Capri Institute of Hair Design-Brick","2013","Under 1,000","172","123","49","142","172","12","0","160","0","0","123","9","0","114","0","0","49","3","0","46","0","0"
"407407","Capri Institute of Hair Design-Kenilworth","2013","Under 1,000","153","110","43","127","153","40","0","113","0","0","110","32","0","78","0","0","43","8","0","35","0","0"
"407425","Capri Institute of Hair Design-Paramus","2013","Under 1,000","197","108","89","143","197","27","0","170","0","0","108","21","0","87","0","0","89","6","0","83","0","0"
"407434","Orlo School of Hair Design and Cosmetology","2013","Under 1,000","99","71","28","82","99","41","0","58","0","0","71","37","0","34","0","0","28","4","0","24","0","0"
"407452","Delaware Area Career Center","2013","Under 1,000","68","64","4","65","68","52","0","12","4","0","64","52","0","12","0","0","4","0","0","0","4","0"
"407461","Eastland-Fairfield Career and Technical Schools","2013","Under 1,000","188","188","0","188","188","91","0","97","0","0","188","91","0","97","0","0","0","0","0","0","0","0"
"407470","Empire Beauty School-Cincinnati","2013","Under 1,000","186","123","63","148","186","99","0","87","0","0","123","71","0","52","0","0","63","28","0","35","0","0"
"407489","Mahoning County Career and Technical Center","2013","Under 1,000","96","55","41","69","96","28","0","68","0","0","55","17","0","38","0","0","41","11","0","30","0","0"
"407513","Pickaway Ross Joint Vocational School District","2013","Under 1,000","374","236","138","282","374","177","0","197","0","0","236","113","0","123","0","0","138","64","0","74","0","0"
"407522","Pioneer Career and Technology Center","2013","Under 1,000","35","33","2","34","35","27","0","8","0","0","33","26","0","7","0","0","2","1","0","1","0","0"
"407568","Raphael's School of Beauty Culture Inc-Boardman","2013","Under 1,000","124","50","74","79","124","14","0","110","0","0","50","10","0","40","0","0","74","4","0","70","0","0"
"407577","Scioto County Career Technical Center","2013","Under 1,000","321","281","40","294","321","273","0","48","0","0","281","244","0","37","0","0","40","29","0","11","0","0"
"407595","Trumbull Career & Technical Center","2013","Under 1,000","230","230","0","230","230","115","0","0","115","0","230","115","0","0","115","0","0","0","0","0","0","0"
"407601","Northwest Technology Center-Fairview","2013","Under 1,000","97","3","94","35","97","6","0","6","85","0","3","2","0","1","0","0","94","4","0","5","85","0"
"407629","Lake Erie College of Osteopathic Medicine","2013","1,000 - 4,999","3594","3594","0","3594","0","0","0","0","0","3594","0","0","0","0","0","3594","0","0","0","0","0","0"
"407683","University of Cosmetology Arts & Sciences-Harlingen","2013","Under 1,000","137","67","70","95","137","30","0","107","0","0","67","14","0","53","0","0","70","16","0","54","0","0"
"407708","Gene Juarez Academy of Beauty-Federal Way","2013","Under 1,000","360","360","0","360","360","42","0","318","0","0","360","42","0","318","0","0","0","0","0","0","0","0"
"407726","Empire Beauty School-Appleton","2013","Under 1,000","67","49","18","56","67","21","0","46","0","0","49","18","0","31","0","0","18","3","0","15","0","0"
"407735","Empire Beauty School-Green Bay","2013","Under 1,000","102","102","0","102","102","45","0","57","0","0","102","45","0","57","0","0","0","0","0","0","0","0"
"407832","Warren County Career Center","2013","Under 1,000","392","287","105","322","392","208","0","184","0","0","287","177","0","110","0","0","105","31","0","74","0","0"
"408039","Brown Mackie College-Fort Wayne","2013","Under 1,000","659","659","0","659","659","76","101","482","0","0","659","76","101","482","0","0","0","0","0","0","0","0"
"408066","Paul Mitchell the School-Wichita","2013","Under 1,000","121","73","48","92","121","26","0","95","0","0","73","18","0","55","0","0","48","8","0","40","0","0"
"408163","Pinnacle Institute of Cosmetology","2013","Under 1,000","78","78","0","78","78","13","0","65","0","0","78","13","0","65","0","0","0","0","0","0","0","0"
"408312","Career Training Academy-Monroeville","2013","Under 1,000","112","112","0","112","112","16","18","78","0","0","112","16","18","78","0","0","0","0","0","0","0","0"
"408385","Southern Careers Institute-Pharr","2013","Under 1,000","358","358","0","358","358","306","0","52","0","0","358","306","0","52","0","0","0","0","0","0","0","0"
"408394","Texas State Technical College-Marshall","2013","Under 1,000","755","392","363","514","755","105","61","262","327","0","392","87","48","168","89","0","363","18","13","94","238","0"
"408729","BUSINESS INSTITUTE OF PENNSYLVANIA-TITUSVILLE","2013",,,,,,,,,,,,,,,,,,,,,,,
"408844","Florida National University-Main Campus","2013","1,000 - 4,999","2448","1773","675","2038","2420","332","0","1471","617","28","1754","283","0","1029","442","19","666","49","0","442","175","9"
"408862","Georgia Institute of Cosmetology","2013","Under 1,000","302","109","193","186","302","126","0","176","0","0","109","45","0","64","0","0","193","81","0","112","0","0"
"409032","Nouvelle Institute","2013","Under 1,000","116","116","0","116","116","108","0","8","0","0","116","108","0","8","0","0","0","0","0","0","0","0"
"409069","ITT Technical Institute-Fort Lauderdale","2013","Under 1,000","531","386","145","443","531","76","10","445","0","0","386","67","4","315","0","0","145","9","6","130","0","0"
"409120","Franklin Technology-MSSU","2013","Under 1,000","189","189","0","189","189","74","0","115","0","0","189","74","0","115","0","0","0","0","0","0","0","0"
"409193","Professional Technical Institution Inc","2013","Under 1,000","231","231","0","231","231","25","0","206","0","0","231","25","0","206","0","0","0","0","0","0","0","0"
"409254","Erikson Institute","2013","Under 1,000","253","42","211","123","0","0","0","0","0","253","0","0","0","0","0","42","0","0","0","0","0","211"
"409315","South Texas College","2013","20,000 and above","31232","10349","20883","18776","31232","3863","1044","13127","13198","0","10349","2688","543","5741","1377","0","20883","1175","501","7386","11821","0"
"409537","Pike County Joint Vocational School District","2013","Under 1,000","83","58","25","66","83","39","0","44","0","0","58","26","0","32","0","0","25","13","0","12","0","0"
"409591","Lorain County Joint Vocational School District","2013","Under 1,000","106","68","38","81","106","56","0","50","0","0","68","33","0","35","0","0","38","23","0","15","0","0"
"409616","Roger Williams University School of Law","2013","Under 1,000","420","420","0","420","0","0","0","0","0","420","0","0","0","0","0","420","0","0","0","0","0","0"
"409670","Everest Institute-Kendall","2013","Under 1,000","461","385","76","415","461","19","53","389","0","0","385","19","47","319","0","0","76","0","6","70","0","0"
"409698","California State University-Monterey Bay","2013","5,000 - 9,999","5732","5205","527","5410","5306","866","744","3543","153","426","4954","862","675","3311","106","251","352","4","69","232","47","175"
"409874","Heald College-Salinas","2013","1,000 - 4,999","1076","758","318","884","1076","103","90","883","0","0","758","72","44","642","0","0","318","31","46","241","0","0"
"410070","Heritage College-Oklahoma City","2013","Under 1,000","722","722","0","722","722","179","106","437","0","0","722","179","106","437","0","0","0","0","0","0","0","0"
"410256","Ann Arbor Institute of Massage Therapy","2013","Under 1,000","80","80","0","80","80","19","0","61","0","0","80","19","0","61","0","0","0","0","0","0","0","0"
"410283","Brown Mackie College-Atlanta","2013","1,000 - 4,999","1033","1033","0","1033","1033","382","0","651","0","0","1033","382","0","651","0","0","0","0","0","0","0","0"
"410496","Bryant & Stratton College-Henrietta","2013","Under 1,000","412","293","119","340","412","42","82","244","44","0","293","40","78","175","0","0","119","2","4","69","44","0"
"410502","The Art Institute of California-Argosy University Hollywood","2013","1,000 - 4,999","1906","1157","749","1451","1906","325","229","1352","0","0","1157","234","148","775","0","0","749","91","81","577","0","0"
"410520","Sage College","2013","Under 1,000","447","183","264","288","447","5","0","442","0","0","183","4","0","179","0","0","264","1","0","263","0","0"
"410788","Lincoln Technical Institute-Hartford","2013","Under 1,000","575","287","288","401","575","81","0","494","0","0","287","32","0","255","0","0","288","49","0","239","0","0"
"410797","Ohio Center for Broadcasting-Valley View","2013","Under 1,000","172","172","0","172","172","48","0","124","0","0","172","48","0","124","0","0","0","0","0","0","0","0"
"410964","EINE Inc","2013","Under 1,000","35","19","16","25","35","3","0","32","0","0","19","3","0","16","0","0","16","0","0","16","0","0"
"411684","Marian Health Careers Center-Los Angeles Campus","2013","Under 1,000","108","108","0","108","108","20","0","88","0","0","108","20","0","88","0","0","0","0","0","0","0","0"
"411754","Cleveland Clinic Health System-School of Diagnostic Imaging","2013","Under 1,000","44","44","0","44","44","0","0","44","0","0","44","0","0","44","0","0","0","0","0","0","0","0"
"412003","National Institute of Massotherapy","2013","Under 1,000","56","48","8","51","56","14","9","31","2","0","48","8","9","31","0","0","8","6","0","0","2","0"
"412173","Academy for Nursing and Health Occupations","2013","Under 1,000","694","694","0","694","694","42","182","469","1","0","694","42","182","469","1","0","0","0","0","0","0","0"
"412535","Shawsheen Valley Regional Vocational Technical School","2013","Under 1,000","47","46","1","46","47","12","0","35","0","0","46","12","0","34","0","0","1","0","0","1","0","0"
"412544","Shear Ego International School of Hair Design","2013","Under 1,000","73","62","11","66","73","7","0","66","0","0","62","7","0","55","0","0","11","0","0","11","0","0"
"412599","Remington College-Memphis Campus","2013","Under 1,000","814","814","0","814","814","264","4","546","0","0","814","264","4","546","0","0","0","0","0","0","0","0"
"412650","Star Truck Driving School-Hickory Hills","2013","Under 1,000","83","72","11","76","83","71","0","12","0","0","72","62","0","10","0","0","11","9","0","2","0","0"
"413176","Fayette Institute of Technology","2013","Under 1,000","43","43","0","43","43","35","0","8","0","0","43","35","0","8","0","0","0","0","0","0","0","0"
"413343","Professional Beauty School","2013","Under 1,000","22","22","0","22","22","4","0","18","0","0","22","4","0","18","0","0","0","0","0","0","0","0"
"413413","Capella University","2013","20,000 and above","34007","2108","31899","14367","7947","142","512","7281","12","26060","1291","2","23","1265","1","817","6656","140","489","6016","11","25243"
"413617","College of Menominee Nation","2013","Under 1,000","661","217","444","391","661","89","41","381","150","0","217","63","16","138","0","0","444","26","25","243","150","0"
"413626","Leech Lake Tribal College","2013","Under 1,000","348","275","73","300","348","119","0","221","8","0","275","108","0","167","0","0","73","11","0","54","8","0"
"413644","Southwest Acupuncture College-Albuquerque","2013","Under 1,000","62","53","9","56","0","0","0","0","0","62","0","0","0","0","0","53","0","0","0","0","0","9"
"413680","Crimson Technical College","2013","Under 1,000","458","458","0","458","458","199","0","259","0","0","458","199","0","259","0","0","0","0","0","0","0","0"
"413778","Stone Academy-Waterbury","2013","Under 1,000","212","212","0","212","212","157","0","55","0","0","212","157","0","55","0","0","0","0","0","0","0","0"
"413802","East San Gabriel Valley Regional Occupational Program","2013","Under 1,000","983","331","652","550","983","68","0","915","0","0","331","24","0","307","0","0","652","44","0","608","0","0"
"413820","Yukon Beauty College Inc","2013","Under 1,000","17","17","0","17","17","4","0","13","0","0","17","4","0","13","0","0","0","0","0","0","0","0"
"413839","ITT Technical Institute-Little Rock","2013","Under 1,000","289","236","53","257","289","66","5","218","0","0","236","59","5","172","0","0","53","7","0","46","0","0"
"413848","ITT Technical Institute-Oxnard","2013","Under 1,000","312","261","51","281","312","40","5","267","0","0","261","40","3","218","0","0","51","0","2","49","0","0"
"413857","ITT Technical Institute-Louisville","2013","Under 1,000","547","376","171","443","547","62","16","469","0","0","376","57","10","309","0","0","171","5","6","160","0","0"
"413866","ITT Technical Institute-Greenville","2013","Under 1,000","353","285","68","312","353","60","0","293","0","0","285","56","0","229","0","0","68","4","0","64","0","0"
"413884","ITT Technical Institute-Cordova","2013","Under 1,000","552","402","150","461","552","107","4","441","0","0","402","82","4","316","0","0","150","25","0","125","0","0"
"413945","Toni & Guy Hairdressing Academy-Atlanta","2013","Under 1,000","78","78","0","78","78","21","0","57","0","0","78","21","0","57","0","0","0","0","0","0","0","0"
"413972","Mitchell's Hair Styling Academy-Raleigh","2013","Under 1,000","76","58","18","65","76","53","0","23","0","0","58","45","0","13","0","0","18","8","0","10","0","0"
"414054","Salon Academy","2013","Under 1,000","48","46","2","47","48","23","0","25","0","0","46","22","0","24","0","0","2","1","0","1","0","0"
"414063","Artistic Academy of Hair Design","2013","Under 1,000","179","149","30","161","179","56","0","123","0","0","149","53","0","96","0","0","30","3","0","27","0","0"
"414124","Motoring Technical Training Institute","2013","Under 1,000","298","271","27","282","298","222","0","76","0","0","271","200","0","71","0","0","27","22","0","5","0","0"
"414160","Baker College of Jackson","2013","1,000 - 4,999","2257","1077","1180","1540","2239","286","230","1686","37","18","1070","198","111","761","0","7","1169","88","119","925","37","11"
"414452","Phagans Newport Academy of Cosmetology Careers","2013","Under 1,000","25","25","0","25","25","16","0","9","0","0","25","16","0","9","0","0","0","0","0","0","0","0"
"414461","Mech-Tech College","2013","1,000 - 4,999","3262","2780","482","2971","3262","1046","441","1775","0","0","2780","1046","291","1443","0","0","482","0","150","332","0","0"
"414489","Baldwin Beauty School-North Austin","2013","Under 1,000","79","79","0","79","79","77","0","2","0","0","79","77","0","2","0","0","0","0","0","0","0","0"
"414531","ITT Technical Institute-Everett","2013","Under 1,000","271","201","70","228","271","53","4","214","0","0","201","41","3","157","0","0","70","12","1","57","0","0"
"414540","Jean Madeline Aveda Institute","2013","Under 1,000","278","233","45","251","278","69","0","209","0","0","233","60","0","173","0","0","45","9","0","36","0","0"
"414559","Cosmetology Schools Inc","2013","Under 1,000","18","18","0","18","18","10","0","8","0","0","18","10","0","8","0","0","0","0","0","0","0","0"
"414568","ITT Technical Institute-Bessemer","2013","Under 1,000","538","386","152","446","538","98","8","432","0","0","386","80","7","299","0","0","152","18","1","133","0","0"
"414586","ITT Technical Institute-Orland Park","2013","Under 1,000","527","306","221","393","527","60","19","448","0","0","306","52","9","245","0","0","221","8","10","203","0","0"
"414595","Pacific College of Oriental Medicine-New York","2013","Under 1,000","602","422","180","492","145","15","11","113","6","457","45","9","8","26","2","377","100","6","3","87","4","80"
"414708","Baker College Center for Graduate Studies","2013","5,000 - 9,999","5270","1619","3651","3049","4513","195","357","3897","64","757","1283","46","5","1232","0","336","3230","149","352","2665","64","421"
"414823","Johnson & Wales University-North Miami","2013","1,000 - 4,999","1952","1900","52","1920","1952","491","160","1286","15","0","1900","486","158","1241","15","0","52","5","2","45","0","0"
"414841","ITT Technical Institute-Pittsburgh","2013","Under 1,000","224","168","56","190","224","20","3","201","0","0","168","20","3","145","0","0","56","0","0","56","0","0"
"414869","Tricoci University of Beauty Culture-Indianapolis","2013","Under 1,000","111","63","48","82","111","24","0","87","0","0","63","18","0","45","0","0","48","6","0","42","0","0"
"414878","Trine University-Regional/Non-Traditional Campuses","2013","Under 1,000","541","353","188","426","438","4","59","372","3","103","297","2","36","259","0","56","141","2","23","113","3","47"
"414911","Pennsylvania Highlands Community College","2013","1,000 - 4,999","2506","984","1522","1495","2506","177","49","1110","1170","0","984","130","36","743","75","0","1522","47","13","367","1095","0"
"414939","Nevada Career Institute","2013","Under 1,000","272","272","0","272","272","75","0","197","0","0","272","75","0","197","0","0","0","0","0","0","0","0"
"414966","Phillips Theological Seminary","2013","Under 1,000","126","42","84","74","0","0","0","0","0","126","0","0","0","0","0","42","0","0","0","0","0","84"
"415039","Empire Beauty School-Hanover","2013","Under 1,000","96","73","23","82","96","54","0","42","0","0","73","43","0","30","0","0","23","11","0","12","0","0"
"415057","Industrial Management Training Institute","2013","Under 1,000","117","117","0","117","117","69","0","48","0","0","117","69","0","48","0","0","0","0","0","0","0","0"
"415729","Faris Technical Institute Inc","2013","Under 1,000","19","11","8","14","19","2","0","17","0","0","11","2","0","9","0","0","8","0","0","8","0","0"
"415774","Four-D College","2013","Under 1,000","641","437","204","518","641","198","0","443","0","0","437","139","0","298","0","0","204","59","0","145","0","0"
"415987","Allen School-Jamaica","2013","Under 1,000","486","333","153","394","486","171","0","315","0","0","333","87","0","246","0","0","153","84","0","69","0","0"
"416458","Premiere Career College","2013","Under 1,000","557","557","0","557","557","117","0","440","0","0","557","117","0","440","0","0","0","0","0","0","0","0"
"416670","Tennessee Academy of Cosmetology-Stage Road","2013","Under 1,000","135","56","79","87","135","80","0","55","0","0","56","34","0","22","0","0","79","46","0","33","0","0"
"416801","The University of Texas MD Anderson Cancer Center","2013","Under 1,000","317","283","34","297","313","0","166","147","0","4","279","0","164","115","0","4","34","0","2","32","0","0"
"416971","Carousel Beauty College-Springfield","2013","Under 1,000","57","29","28","40","57","22","0","35","0","0","29","13","0","16","0","0","28","9","0","19","0","0"
"416980","Carousel Beauty College-Kettering","2013","Under 1,000","61","38","23","47","61","24","0","37","0","0","38","18","0","20","0","0","23","6","0","17","0","0"
"417008","Paul Mitchell the School-Huntsville","2013","Under 1,000","148","148","0","148","148","55","0","93","0","0","148","55","0","93","0","0","0","0","0","0","0","0"
"417062","Estes Institute of Cosmetology Arts and Science","2013","Under 1,000","89","89","0","89","89","22","0","67","0","0","89","22","0","67","0","0","0","0","0","0","0","0"
"417105","Baldwin Park Adult & Community Education","2013","Under 1,000","495","378","117","417","495","132","0","363","0","0","378","115","0","263","0","0","117","17","0","100","0","0"
"417123","Ventura Adult and Continuing Education","2013","Under 1,000","142","118","24","126","142","48","0","94","0","0","118","41","0","77","0","0","24","7","0","17","0","0"
"417132","Marinello Schools of Beauty-Sacramento","2013","Under 1,000","561","464","97","503","561","193","0","368","0","0","464","153","0","311","0","0","97","40","0","57","0","0"
"417178","Albert I Prince Technical High School","2013","Under 1,000","55","55","0","55","55","7","0","48","0","0","55","7","0","48","0","0","0","0","0","0","0","0"
"417187","Bullard-Havens Technical High School","2013","Under 1,000","21","21","0","21","21","1","0","20","0","0","21","1","0","20","0","0","0","0","0","0","0","0"
"417248","Howell Cheney Technical High School","2013","Under 1,000","41","41","0","41","41","38","0","3","0","0","41","38","0","3","0","0","0","0","0","0","0","0"
"417257","W F Kaynor Technical High School","2013","Under 1,000","39","39","0","39","39","9","0","30","0","0","39","9","0","30","0","0","0","0","0","0","0","0"
"417275","Platt Technical High School","2013","Under 1,000","13","13","0","13","13","3","0","10","0","0","13","3","0","10","0","0","0","0","0","0","0","0"
"417318","College of Business and Technology-Kendall","2013","Under 1,000","127","127","0","127","127","19","7","100","1","0","127","19","7","100","1","0","0","0","0","0","0","0"
"417327","City College-Altamonte Springs","2013","Under 1,000","425","300","125","350","425","33","50","342","0","0","300","25","39","236","0","0","125","8","11","106","0","0"
"417345","Augusta Area Dietetic Internship-University Hospital","2013","Under 1,000","12","12","0","12","0","0","0","0","0","12","0","0","0","0","0","12","0","0","0","0","0","0"
"417381","Empire Beauty School-Dunwoody","2013","Under 1,000","168","138","30","150","168","53","0","115","0","0","138","45","0","93","0","0","30","8","0","22","0","0"
"417406","Cobb Beauty College Inc","2013","Under 1,000","58","58","0","58","58","17","0","41","0","0","58","17","0","41","0","0","0","0","0","0","0","0"
"417442","Career Center of Southern Illinois","2013","Under 1,000","90","90","0","90","90","11","0","79","0","0","90","11","0","79","0","0","0","0","0","0","0","0"
"417503","Xenon International Academy-Wichita","2013","Under 1,000","286","240","46","258","286","56","0","230","0","0","240","49","0","191","0","0","46","7","0","39","0","0"
"417549","Camelot College","2013","Under 1,000","267","267","0","267","267","150","0","117","0","0","267","150","0","117","0","0","0","0","0","0","0","0"
"417600","Hastings Beauty School","2013","Under 1,000","39","39","0","39","39","19","0","20","0","0","39","19","0","20","0","0","0","0","0","0","0","0"
"417628","Kirksville Area Technical Center","2013","Under 1,000","27","26","1","26","27","4","0","23","0","0","26","4","0","22","0","0","1","0","0","1","0","0"
"417637","South Central Career Center","2013","Under 1,000","135","135","0","135","135","45","0","90","0","0","135","45","0","90","0","0","0","0","0","0","0","0"
"417646","Saline County Career Center","2013","Under 1,000","23","23","0","23","23","11","0","12","0","0","23","11","0","12","0","0","0","0","0","0","0","0"
"417655","Warrensburg Area Career Center","2013","Under 1,000","40","40","0","40","40","19","0","21","0","0","40","19","0","21","0","0","0","0","0","0","0","0"
"417673","Nevada Regional Technical Center","2013","Under 1,000","19","18","1","18","19","11","0","8","0","0","18","10","0","8","0","0","1","1","0","0","0","0"
"417682","Cass Career Center","2013","Under 1,000","28","28","0","28","28","3","0","25","0","0","28","3","0","25","0","0","0","0","0","0","0","0"
"417716","Applied Technology Services","2013","Under 1,000","166","166","0","166","166","11","0","155","0","0","166","11","0","155","0","0","0","0","0","0","0","0"
"417725","Central College of Cosmetology","2013","Under 1,000","105","105","0","105","105","10","0","95","0","0","105","10","0","95","0","0","0","0","0","0","0","0"
"417734","Southeast Missouri Hospital College of Nursing and Health Sciences","2013","Under 1,000","222","61","161","125","222","5","42","175","0","0","61","3","18","40","0","0","161","2","24","135","0","0"
"417752","Messenger College","2013","Under 1,000","47","38","9","42","47","13","4","30","0","0","38","12","4","22","0","0","9","1","0","8","0","0"
"417789","Tennessee Academy of Cosmetology-Shelby Drive","2013","Under 1,000","125","62","63","87","125","81","0","44","0","0","62","33","0","29","0","0","63","48","0","15","0","0"
"417804","Durham Beauty Academy","2013","Under 1,000","70","70","0","70","70","4","0","66","0","0","70","4","0","66","0","0","0","0","0","0","0","0"
"417831","Union County Vocational Technical School","2013","Under 1,000","137","137","0","137","137","66","0","71","0","0","137","66","0","71","0","0","0","0","0","0","0","0"
"417840","Prism Career Institute-Philadelphia","2013","Under 1,000","280","280","0","280","280","190","0","90","0","0","280","190","0","90","0","0","0","0","0","0","0","0"
"417868","Clinton Essex Warren Washington BOCES-Practical Nursing Program","2013","Under 1,000","22","22","0","22","22","22","0","0","0","0","22","22","0","0","0","0","0","0","0","0","0","0"
"417886","Jefferson Lewis BOCES-Practical Nursing Program","2013","Under 1,000","84","84","0","84","84","10","0","74","0","0","84","10","0","74","0","0","0","0","0","0","0","0"
"417901","Rochester General Hospital School of Medical Technology","2013","Under 1,000","24","24","0","24","24","0","0","24","0","0","24","0","0","24","0","0","0","0","0","0","0","0"
"417910","Veeb Nassau County School of Practical Nursing","2013","Under 1,000","158","158","0","158","158","118","0","40","0","0","158","118","0","40","0","0","0","0","0","0","0","0"
"417947","Syracuse City Schools Practical Nursing Program","2013","Under 1,000","26","26","0","26","26","3","0","23","0","0","26","3","0","23","0","0","0","0","0","0","0","0"
"417983","Cattaraugus Allegany BOCES-Practical Nursing Program","2013","Under 1,000","70","0","70","24","70","44","0","26","0","0","0","0","0","0","0","0","70","44","0","26","0","0"
"417992","Orange Ulster BOCES-Practical Nursing Program","2013","Under 1,000","54","40","14","45","54","10","0","44","0","0","40","10","0","30","0","0","14","0","0","14","0","0"
"418001","Wayne Finger Lakes BOCES-Practical Nursing Program","2013","Under 1,000","283","283","0","283","283","26","0","257","0","0","283","26","0","257","0","0","0","0","0","0","0","0"
"418010","Broome Delaware Tioga BOCES-Practical Nursing Program","2013","Under 1,000","61","20","41","34","61","16","0","45","0","0","20","5","0","15","0","0","41","11","0","30","0","0"
"418029","Washington Saratoga Warren Hamilton Essex BOCES-Practical Nursing Program","2013","Under 1,000","46","36","10","39","46","8","0","38","0","0","36","8","0","28","0","0","10","0","0","10","0","0"
"418038","Albany BOCES-Adult Practical Nursing Program","2013","Under 1,000","136","136","0","136","136","24","0","112","0","0","136","24","0","112","0","0","0","0","0","0","0","0"
"418056","Ulster County BOCES-Practical Nursing Program","2013","Under 1,000","127","93","34","104","127","58","0","69","0","0","93","49","0","44","0","0","34","9","0","25","0","0"
"418065","Eastern Suffolk BOCES-Practical Nursing Program","2013","Under 1,000","339","252","87","281","339","110","0","229","0","0","252","80","0","172","0","0","87","30","0","57","0","0"
"418083","Rockland County BOCES-Practical Nursing Program","2013","Under 1,000","126","83","43","97","126","56","0","70","0","0","83","32","0","51","0","0","43","24","0","19","0","0"
"418126","New York College of Health Professions","2013","Under 1,000","782","462","320","587","537","64","82","383","8","245","312","43","53","215","1","150","225","21","29","168","7","95"
"418171","Charles Stuart School of Diamond Setting","2013","Under 1,000","37","37","0","37","37","28","0","9","0","0","37","28","0","9","0","0","0","0","0","0","0","0"
"418199","Penta County Joint Vocational School","2013","Under 1,000","55","55","0","55","55","30","0","25","0","0","55","30","0","25","0","0","0","0","0","0","0","0"
"418205","Career and Technology Education Centers of Licking County","2013","Under 1,000","348","161","187","224","348","91","0","186","71","0","161","54","0","107","0","0","187","37","0","79","71","0"
"418223","Willoughby-Eastlake School of Practical Nursing","2013","Under 1,000","67","67","0","67","67","24","0","43","0","0","67","24","0","43","0","0","0","0","0","0","0","0"
"418250","Washington County Career Center-Adult Technical Training","2013","Under 1,000","261","184","77","210","261","214","0","47","0","0","184","144","0","40","0","0","77","70","0","7","0","0"
"418269","Ohio Center for Broadcasting-Cincinnati","2013","Under 1,000","19","19","0","19","19","10","0","9","0","0","19","10","0","9","0","0","0","0","0","0","0","0"
"418278","Vantage Career Center","2013","Under 1,000","62","29","33","40","62","30","0","32","0","0","29","11","0","18","0","0","33","19","0","14","0","0"
"418296","Indian Capital Technology Center-Muskogee","2013","Under 1,000","759","172","587","369","759","665","0","94","0","0","172","96","0","76","0","0","587","569","0","18","0","0"
"418302","Western Technology Center","2013","Under 1,000","459","116","343","231","459","101","0","39","319","0","116","84","0","32","0","0","343","17","0","7","319","0"
"418320","Mid-America Technology Center","2013","Under 1,000","762","66","696","300","762","99","0","663","0","0","66","48","0","18","0","0","696","51","0","645","0","0"
"418339","Northeast Technology Center-Pryor","2013","Under 1,000","384","55","329","165","384","55","0","45","284","0","55","21","0","33","1","0","329","34","0","12","283","0"
"418348","Eastern Oklahoma County Technology Center","2013","Under 1,000","500","81","419","222","500","89","0","53","358","0","81","48","0","33","0","0","419","41","0","20","358","0"
"418357","Wes Watkins Technology Center","2013","Under 1,000","198","103","95","135","198","47","0","61","90","0","103","42","0","61","0","0","95","5","0","0","90","0"
"418384","Technical Institute of Cosmetology Arts and Sciences","2013","Under 1,000","48","48","0","48","48","26","0","22","0","0","48","26","0","22","0","0","0","0","0","0","0","0"
"418409","York County School of Technology-Adult & Continuing Education","2013","Under 1,000","174","53","121","94","174","89","0","85","0","0","53","22","0","31","0","0","121","67","0","54","0","0"
"418427","Chester County Intermediate Unit","2013","Under 1,000","156","135","21","142","156","20","0","136","0","0","135","20","0","115","0","0","21","0","0","21","0","0"
"418445","Jefferson County Dubois Area Vocational Technical Practical Nursing Program","2013","Under 1,000","34","34","0","34","34","18","0","16","0","0","34","18","0","16","0","0","0","0","0","0","0","0"
"418454","Greater Johnstown Career and Technology Center","2013","Under 1,000","228","193","35","205","228","204","0","24","0","0","193","182","0","11","0","0","35","22","0","13","0","0"
"418481","Mifflin-Juniata Career and Technology Center","2013","Under 1,000","53","53","0","53","53","25","0","28","0","0","53","25","0","28","0","0","0","0","0","0","0","0"
"418506","Hanover Public School District Practical Nursing Program","2013","Under 1,000","36","36","0","36","36","35","0","1","0","0","36","35","0","1","0","0","0","0","0","0","0","0"
"418515","Lenape Technical School Practical Nursing Program","2013","Under 1,000","79","51","28","60","79","62","0","17","0","0","51","42","0","9","0","0","28","20","0","8","0","0"
"418524","Venango County Area Vocational Technical School","2013","Under 1,000","65","65","0","65","65","27","0","38","0","0","65","27","0","38","0","0","0","0","0","0","0","0"
"418533","Lancaster County Career and Technology Center","2013","Under 1,000","407","225","182","286","407","264","0","143","0","0","225","140","0","85","0","0","182","124","0","58","0","0"
"418542","Lebanon County Area Vocational Technical School","2013","Under 1,000","159","91","68","114","159","82","0","77","0","0","91","44","0","47","0","0","68","38","0","30","0","0"
"418560","Indiana County Technology Center","2013","Under 1,000","105","39","66","61","105","41","0","64","0","0","39","13","0","26","0","0","66","28","0","38","0","0"
"418588","Northern Tier Career Center","2013","Under 1,000","39","39","0","39","39","15","0","24","0","0","39","15","0","24","0","0","0","0","0","0","0","0"
"418603","Clarion County Career Center Practical Nursing Program","2013","Under 1,000","35","13","22","20","35","17","0","18","0","0","13","4","0","9","0","0","22","13","0","9","0","0"
"418612","Hazleton Area Career Center","2013","Under 1,000","26","26","0","26","26","4","0","22","0","0","26","4","0","22","0","0","0","0","0","0","0","0"
"418658","All-State Career School-Pittsburgh","2013","Under 1,000","364","364","0","364","364","102","0","262","0","0","364","102","0","262","0","0","0","0","0","0","0","0"
"418755","Colegio Tecnologico y Comercial de Puerto Rico","2013","Under 1,000","118","118","0","118","118","23","0","95","0","0","118","23","0","95","0","0","0","0","0","0","0","0"
"418764","Quality Technical and Beauty College","2013","Under 1,000","94","94","0","94","94","41","0","53","0","0","94","41","0","53","0","0","0","0","0","0","0","0"
"418773","D'Mart Institute","2013","1,000 - 4,999","1550","1289","261","1393","1550","748","0","802","0","0","1289","562","0","727","0","0","261","186","0","75","0","0"
"418782","Automeca Technical College-Aguadilla","2013","Under 1,000","211","211","0","211","211","132","0","79","0","0","211","132","0","79","0","0","0","0","0","0","0","0"
"418870","Fortis Institute-Cookeville","2013","Under 1,000","247","247","0","247","247","39","24","184","0","0","247","39","24","184","0","0","0","0","0","0","0","0"
"418889","North Central Institute","2013","Under 1,000","134","89","45","107","134","55","55","24","0","0","89","33","50","6","0","0","45","22","5","18","0","0"
"418913","Pipo Academy of Hair Design","2013","Under 1,000","11","11","0","11","11","0","0","11","0","0","11","0","0","11","0","0","0","0","0","0","0","0"
"418968","Tint School of Makeup and Cosmetology-Dallas","2013","Under 1,000","69","69","0","69","69","64","0","5","0","0","69","64","0","5","0","0","0","0","0","0","0","0"
"419031","United Technical Center","2013","Under 1,000","22","22","0","22","22","10","0","12","0","0","22","10","0","12","0","0","0","0","0","0","0","0"
"419095","Charles H McCann Technical School","2013","Under 1,000","49","49","0","49","49","16","0","33","0","0","49","16","0","33","0","0","0","0","0","0","0","0"
"419147","Ailano School of Cosmetology","2013","Under 1,000","36","26","10","30","36","31","0","5","0","0","26","23","0","3","0","0","10","8","0","2","0","0"
"419156","Carsten Institute of Cosmetology","2013","Under 1,000","41","41","0","41","41","19","0","22","0","0","41","19","0","22","0","0","0","0","0","0","0","0"
"419183","Central California School","2013","Under 1,000","412","412","0","412","412","183","0","229","0","0","412","183","0","229","0","0","0","0","0","0","0","0"
"419217","Mercy Hospital School of Practical Nursing-Plantation General Hospital","2013","Under 1,000","138","138","0","138","138","6","0","132","0","0","138","6","0","132","0","0","0","0","0","0","0","0"
"419226","Marion County Community Technical and Adult Education Center","2013","Under 1,000","427","427","0","427","427","149","0","278","0","0","427","149","0","278","0","0","0","0","0","0","0","0"
"419235","Rivertown School of Beauty Barber Skin Care and Nails","2013","Under 1,000","207","207","0","207","207","55","0","152","0","0","207","55","0","152","0","0","0","0","0","0","0","0"
"419244","Atlanta Institute of Music","2013","Under 1,000","193","124","69","151","193","93","0","100","0","0","124","49","0","75","0","0","69","44","0","25","0","0"
"419253","Illinois Center for Broadcasting","2013","Under 1,000","170","170","0","170","170","46","0","124","0","0","170","46","0","124","0","0","0","0","0","0","0","0"
"419271","St Louis Hair Academy","2013","Under 1,000","12","7","5","9","12","7","0","5","0","0","7","5","0","2","0","0","5","2","0","3","0","0"
"419280","New Dimensions School of Hair Design","2013","Under 1,000","51","22","29","34","51","14","0","37","0","0","22","4","0","18","0","0","29","10","0","19","0","0"
"419314","Adirondack Beauty School","2013","Under 1,000","24","24","0","24","24","11","0","13","0","0","24","11","0","13","0","0","0","0","0","0","0","0"
"419332","Forbes Road Career and Technology Center","2013","Under 1,000","28","17","11","21","28","14","0","14","0","0","17","9","0","8","0","0","11","5","0","6","0","0"
"419341","Jna Institute of Culinary Arts","2013","Under 1,000","65","65","0","65","65","35","0","30","0","0","65","35","0","30","0","0","0","0","0","0","0","0"
"419411","Cortiva Institute-Seattle","2013","Under 1,000","219","129","90","165","219","85","0","134","0","0","129","49","0","80","0","0","90","36","0","54","0","0"
"419420","Putnam Career and Technical Center","2013","Under 1,000","126","57","69","80","126","103","0","23","0","0","57","51","0","6","0","0","69","52","0","17","0","0"
"419457","Argosy University-Washington DC","2013","Under 1,000","925","244","681","505","134","19","18","89","8","791","18","1","1","15","1","226","116","18","17","74","7","565"
"419484","Crawford County Career and Technical Center Practical Nursing Program","2013","Under 1,000","31","31","0","31","31","23","0","8","0","0","31","23","0","8","0","0","0","0","0","0","0","0"
"419633","Texas College of Cosmetology-San Angelo","2013","Under 1,000","93","93","0","93","93","26","0","67","0","0","93","26","0","67","0","0","0","0","0","0","0","0"
"419660","Beauty Schools of America-Hialeah","2013","Under 1,000","777","777","0","777","777","199","0","578","0","0","777","199","0","578","0","0","0","0","0","0","0","0"
"419703","Automeca Technical College-Bayamon","2013","Under 1,000","579","579","0","579","579","312","0","267","0","0","579","312","0","267","0","0","0","0","0","0","0","0"
"419712","Automeca Technical College-Caguas","2013","Under 1,000","244","244","0","244","244","147","0","97","0","0","244","147","0","97","0","0","0","0","0","0","0","0"
"419721","Automeca Technical College-Ponce","2013","Under 1,000","217","217","0","217","217","126","0","91","0","0","217","126","0","91","0","0","0","0","0","0","0","0"
"420006","Everest University-Melbourne","2013","Under 1,000","522","378","144","434","492","59","21","412","0","30","367","58","10","299","0","11","125","1","11","113","0","19"
"420024","Centura College-Chesapeake","2013","Under 1,000","166","122","44","139","166","32","0","134","0","0","122","24","0","98","0","0","44","8","0","36","0","0"
"420042","University of Phoenix-Hawaii Campus","2013","1,000 - 4,999","1454","1454","0","1454","1281","19","121","1141","0","173","1281","19","121","1141","0","173","0","0","0","0","0","0"
"420103","Florida College of Natural Health-Miami","2013","Under 1,000","201","201","0","201","201","77","2","122","0","0","201","77","2","122","0","0","0","0","0","0","0","0"
"420130","Prism Career Institute-Cherry Hill","2013","Under 1,000","179","179","0","179","179","172","0","7","0","0","179","172","0","7","0","0","0","0","0","0","0","0"
"420194","Amerian National College","2013","Under 1,000","115","115","0","115","115","99","0","16","0","0","115","99","0","16","0","0","0","0","0","0","0","0"
"420200","Francois D College of Hair Skin and Nails","2013","Under 1,000","92","23","69","50","92","47","0","45","0","0","23","11","0","12","0","0","69","36","0","33","0","0"
"420246","Southwest College of Naturopathic Medicine & Health Sciences","2013","Under 1,000","427","404","23","413","0","0","0","0","0","427","0","0","0","0","0","404","0","0","0","0","0","23"
"420255","Escuela de Peritos Electricistas de Isabela Inc","2013","Under 1,000","61","61","0","61","61","42","0","19","0","0","61","42","0","19","0","0","0","0","0","0","0","0"
"420307","Virginia College-Birmingham","2013","1,000 - 4,999","3877","2453","1424","3012","3741","1398","0","2343","0","136","2380","1041","0","1339","0","73","1361","357","0","1004","0","63"
"420316","Virginia College-Huntsville","2013","Under 1,000","567","398","169","464","567","257","0","310","0","0","398","205","0","193","0","0","169","52","0","117","0","0"
"420325","Yeshiva D'monsey Rabbinical College","2013","Under 1,000","53","53","0","53","48","8","2","38","0","5","48","8","2","38","0","5","0","0","0","0","0","0"
"420343","Lincoln Technical Institute-Mahwah","2013","Under 1,000","665","453","212","537","665","201","0","464","0","0","453","86","0","367","0","0","212","115","0","97","0","0"
"420370","Career Technical Institute","2013","Under 1,000","670","670","0","670","670","470","0","200","0","0","670","470","0","200","0","0","0","0","0","0","0","0"
"420398","Northwest Vista College","2013","10,000 - 19,999","15965","3902","12063","7952","15965","2387","973","9326","3279","0","3902","930","256","2646","70","0","12063","1457","717","6680","3209","0"
"420404","ITT Technical Institute-Getzville","2013","Under 1,000","381","298","83","331","381","70","3","308","0","0","298","55","2","241","0","0","83","15","1","67","0","0"
"420431","Oconee Fall Line Technical College","2013","1,000 - 4,999","1869","554","1315","995","1869","336","166","981","386","0","554","127","63","353","11","0","1315","209","103","628","375","0"
"420440","York County Community College","2013","1,000 - 4,999","1583","634","949","953","1583","286","150","877","270","0","634","174","76","375","9","0","949","112","74","502","261","0"
"420459","Northeast Technology Center-Afton","2013","Under 1,000","397","80","317","186","397","54","0","68","275","0","80","38","0","42","0","0","317","16","0","26","275","0"
"420468","Western Suffolk BOCES","2013","Under 1,000","366","236","130","280","366","315","0","51","0","0","236","199","0","37","0","0","130","116","0","14","0","0"
"420495","Sanford-Brown College-Atlanta","2013","Under 1,000","360","355","5","357","360","43","42","275","0","0","355","43","42","270","0","0","5","0","0","5","0","0"
"420501","Sanford-Brown College-Middleburg Heights","2013","Under 1,000","495","478","17","485","495","59","64","372","0","0","478","59","64","355","0","0","17","0","0","17","0","0"
"420538","Arkansas State University-Mountain Home","2013","1,000 - 4,999","1238","889","349","1006","1238","285","119","762","72","0","889","226","71","564","28","0","349","59","48","198","44","0"
"420556","Columbia Gorge Community College","2013","Under 1,000","974","332","642","548","974","180","2","659","133","0","332","62","0","255","15","0","642","118","2","404","118","0"
"420574","Arizona State University-Polytechnic","2013","1,000 - 4,999","3697","2964","733","3251","3312","409","514","2382","7","385","2789","395","411","1979","4","175","523","14","103","403","3","210"
"420608","Colleen O'Haras Beauty Academy","2013","Under 1,000","155","145","10","149","155","29","0","126","0","0","145","28","0","117","0","0","10","1","0","9","0","0"
"420705","Bakke Graduate University","2013","Under 1,000","126","4","122","51","0","0","0","0","0","126","0","0","0","0","0","4","0","0","0","0","0","122"
"420723","Tillamook Bay Community College","2013","Under 1,000","514","227","287","323","514","212","35","267","0","0","227","102","11","114","0","0","287","110","24","153","0","0"
"420866","Argosy University-Schaumburg","2013","Under 1,000","493","153","340","284","141","2","22","115","2","352","63","0","7","56","0","90","78","2","15","59","2","262"
"420981","Manhattan School of Computer Technology","2013","Under 1,000","448","448","0","448","448","213","0","235","0","0","448","213","0","235","0","0","0","0","0","0","0","0"
"421513","Brown Mackie College-Hopkinsville","2013","Under 1,000","284","284","0","284","284","43","46","195","0","0","284","43","46","195","0","0","0","0","0","0","0","0"
"421540","Indian Capital Technology Center-Sallisaw","2013","Under 1,000","218","62","156","114","218","182","0","36","0","0","62","31","0","31","0","0","156","151","0","5","0","0"
"421559","Indian Capital Technology Center-Stilwell","2013","Under 1,000","145","58","87","87","145","119","0","26","0","0","58","33","0","25","0","0","87","86","0","1","0","0"
"421586","Globelle Technical Institute","2013","Under 1,000","96","96","0","96","96","69","0","27","0","0","96","69","0","27","0","0","0","0","0","0","0","0"
"421610","Hairitage Hair Academy","2013","Under 1,000","53","35","18","42","53","17","0","36","0","0","35","13","0","22","0","0","18","4","0","14","0","0"
"421665","Houghton Lake Institute of Cosmetology","2013","Under 1,000","14","6","8","9","14","5","0","9","0","0","6","2","0","4","0","0","8","3","0","5","0","0"
"421708","Arizona College-Glendale","2013","Under 1,000","937","937","0","937","937","421","0","516","0","0","937","421","0","516","0","0","0","0","0","0","0","0"
"421717","Vanguard-Sentinel Adult Career and Technology Center","2013","Under 1,000","54","54","0","54","54","18","0","36","0","0","54","18","0","36","0","0","0","0","0","0","0","0"
"421771","House of Heavilin Beauty College-Raymore","2013","Under 1,000","51","51","0","51","51","9","0","42","0","0","51","9","0","42","0","0","0","0","0","0","0","0"
"421832","Living Arts College","2013","Under 1,000","513","513","0","513","513","95","13","405","0","0","513","95","13","405","0","0","0","0","0","0","0","0"
"421841","New York Conservatory for Dramatic Arts","2013","Under 1,000","273","273","0","273","273","90","39","144","0","0","273","90","39","144","0","0","0","0","0","0","0","0"
"421878","Eastern International College-Jersey City","2013","Under 1,000","222","173","49","192","222","80","0","142","0","0","173","69","0","104","0","0","49","11","0","38","0","0"
"421896","Academia Serrant Inc","2013","Under 1,000","390","390","0","390","390","90","0","300","0","0","390","90","0","300","0","0","0","0","0","0","0","0"
"422190","Champion Institute of Cosmetology","2013","Under 1,000","74","9","65","35","74","19","0","55","0","0","9","1","0","8","0","0","65","18","0","47","0","0"
"422695","Pacific College","2013","Under 1,000","277","277","0","277","277","21","0","256","0","0","277","21","0","256","0","0","0","0","0","0","0","0"
"422835","American College of Healthcare","2013","Under 1,000","290","290","0","290","290","99","0","191","0","0","290","99","0","191","0","0","0","0","0","0","0","0"
"423120","Compu-Med Vocational Careers Corp","2013","Under 1,000","920","920","0","920","920","545","0","375","0","0","920","545","0","375","0","0","0","0","0","0","0","0"
"423397","Professional Electrical School Inc","2013","Under 1,000","40","40","0","40","40","13","0","27","0","0","40","13","0","27","0","0","0","0","0","0","0","0"
"423643","Midwestern University-Glendale","2013","1,000 - 4,999","2984","2950","34","2963","0","0","0","0","0","2984","0","0","0","0","0","2950","0","0","0","0","0","34"
"423652","Oregon Coast Community College","2013","Under 1,000","580","184","396","317","580","148","57","300","75","0","184","49","31","103","1","0","396","99","26","197","74","0"
"423980","Le Cordon Bleu College of Culinary Arts-Pasadena","2013","1,000 - 4,999","1739","1739","0","1739","1739","265","81","1393","0","0","1739","265","81","1393","0","0","0","0","0","0","0","0"
"425250","Gwinnett College-Sandy Springs","2013","Under 1,000","108","43","65","69","108","32","0","76","0","0","43","13","0","30","0","0","65","19","0","46","0","0"
"425889","Lincoln Technical Institute-Brockton","2013","Under 1,000","378","303","75","333","378","133","0","245","0","0","303","109","0","194","0","0","75","24","0","51","0","0"
"425986","Mildred Elley-Pittsfield Campus","2013","Under 1,000","196","196","0","196","196","68","0","128","0","0","196","68","0","128","0","0","0","0","0","0","0","0"
"426314","Embry-Riddle Aeronautical University-Worldwide","2013","10,000 - 19,999","14564","5356","9208","8948","9789","387","934","8368","100","4775","2898","74","204","2617","3","2458","6891","313","730","5751","97","2317"
"427025","Computer Systems Institute","2013","1,000 - 4,999","2154","2154","0","2154","2154","592","0","1562","0","0","2154","592","0","1562","0","0","0","0","0","0","0","0"
"427308","Merkaz Bnos-Business School","2013","Under 1,000","150","150","0","150","150","121","0","29","0","0","150","121","0","29","0","0","0","0","0","0","0","0"
"427335","Lia Schorr Institute of Cosmetic Skin Care Training","2013","Under 1,000","60","28","32","41","60","56","0","4","0","0","28","26","0","2","0","0","32","30","0","2","0","0"
"427663","ITT Technical Institute-Webster","2013","Under 1,000","303","264","39","279","303","59","5","239","0","0","264","58","4","202","0","0","39","1","1","37","0","0"
"427894","CET-Alexandria","2013","Under 1,000","169","36","133","89","169","48","0","121","0","0","36","8","0","28","0","0","133","40","0","93","0","0"
"427919","CET-Durham","2013","Under 1,000","134","81","53","102","134","42","0","92","0","0","81","23","0","58","0","0","53","19","0","34","0","0"
"427973","Aviation Institute of Maintenance-Chesapeake","2013","Under 1,000","235","223","12","228","235","53","0","182","0","0","223","52","0","171","0","0","12","1","0","11","0","0"
"427982","Centura College-Richmond Main","2013","Under 1,000","229","142","87","177","229","46","0","183","0","0","142","28","0","114","0","0","87","18","0","69","0","0"
"427991","Technical Education Center-Osceola","2013","Under 1,000","478","351","127","394","478","290","0","188","0","0","351","228","0","123","0","0","127","62","0","65","0","0"
"428000","Miami Ad School-Miami Beach","2013","Under 1,000","173","173","0","173","173","0","0","173","0","0","173","0","0","173","0","0","0","0","0","0","0","0"
"428019","Green Country Technology Center","2013","Under 1,000","310","63","247","146","310","46","0","264","0","0","63","46","0","17","0","0","247","0","0","247","0","0"
"428055","Nova College de Puerto Rico","2013","Under 1,000","195","195","0","195","195","40","0","155","0","0","195","40","0","155","0","0","0","0","0","0","0","0"
"428073","Styles and Profiles Beauty College","2013","Under 1,000","25","25","0","25","25","18","0","7","0","0","25","18","0","7","0","0","0","0","0","0","0","0"
"428125","John Wesley International Barber and Beauty College","2013","Under 1,000","89","87","2","88","89","22","0","67","0","0","87","22","0","65","0","0","2","0","0","2","0","0"
"428143","Platt College-Lawton","2013","Under 1,000","185","185","0","185","185","64","0","121","0","0","185","64","0","121","0","0","0","0","0","0","0","0"
"428170","Southeastern College-Greenacres","2013","1,000 - 4,999","1157","721","436","894","1157","573","63","517","4","0","721","392","34","295","0","0","436","181","29","222","4","0"
"428259","Ottawa University-Milwaukee","2013","Under 1,000","341","3","338","135","289","0","45","244","0","52","3","0","0","3","0","0","286","0","45","241","0","52"
"428268","Argosy University-Tampa","2013","Under 1,000","533","121","412","279","123","16","28","79","0","410","27","2","6","19","0","94","96","14","22","60","0","316"
"428286","The Illinois Institute of Art-Schaumburg","2013","1,000 - 4,999","1066","804","262","907","1066","176","156","734","0","0","804","142","93","569","0","0","262","34","63","165","0","0"
"428295","Star Truck Driving School-Bensenville","2013","Under 1,000","63","45","18","52","63","55","0","8","0","0","45","40","0","5","0","0","18","15","0","3","0","0"
"428329","Cambria-Rowe Business College-Indiana","2013","Under 1,000","105","105","0","105","105","28","10","67","0","0","105","28","10","67","0","0","0","0","0","0","0","0"
"428392","Klamath Community College","2013","1,000 - 4,999","1304","544","760","799","1304","272","200","507","325","0","544","183","98","205","58","0","760","89","102","302","267","0"
"428444","The Art Institute of Phoenix","2013","1,000 - 4,999","1045","833","212","916","1045","229","185","631","0","0","833","191","143","499","0","0","212","38","42","132","0","0"
"429012","Aerosim Flight Academy","2013","Under 1,000","74","74","0","74","74","26","0","48","0","0","74","26","0","48","0","0","0","0","0","0","0","0"
"429085","American College of Acupuncture and Oriental Med","2013","Under 1,000","130","80","50","99","0","0","0","0","0","130","0","0","0","0","0","80","0","0","0","0","0","50"
"429094","AOMA Graduate School of Integrative Medicine","2013","Under 1,000","189","142","47","160","0","0","0","0","0","189","0","0","0","0","0","142","0","0","0","0","0","47"
"429100","Arlington Medical Institute","2013","Under 1,000","54","54","0","54","54","39","0","15","0","0","54","39","0","15","0","0","0","0","0","0","0","0"
"429128","Urban College of Boston","2013","Under 1,000","762","29","733","320","762","245","10","368","139","0","29","5","8","16","0","0","733","240","2","352","139","0"
"429599","ITT Technical Institute-Henderson","2013","Under 1,000","469","359","110","402","469","83","4","382","0","0","359","76","4","279","0","0","110","7","0","103","0","0"
"430087","Colorado Technical University-Greenwood Village","2013","Under 1,000","869","451","418","614","645","34","69","541","1","224","308","11","37","259","1","143","337","23","32","282","0","81"
"430096","Branford Hall Career Institute-Windsor Campus","2013","Under 1,000","449","326","123","375","449","308","0","141","0","0","326","229","0","97","0","0","123","79","0","44","0","0"
"430148","Heald College-Portland","2013","Under 1,000","682","525","157","587","682","80","70","532","0","0","525","44","44","437","0","0","157","36","26","95","0","0"
"430157","Golf Academy of America-Altamonte Springs","2013","Under 1,000","255","238","17","245","255","62","0","193","0","0","238","55","0","183","0","0","17","7","0","10","0","0"
"430166","Golf Academy of America-Phoenix","2013","Under 1,000","171","159","12","164","171","55","0","116","0","0","159","49","0","110","0","0","12","6","0","6","0","0"
"430175","Everest College-Merrillville","2013","Under 1,000","645","645","0","645","645","76","0","569","0","0","645","76","0","569","0","0","0","0","0","0","0","0"
"430184","Strayer University-Maryland","2013","1,000 - 4,999","3074","497","2577","1501","2062","214","145","1679","24","1012","282","25","32","224","1","215","1780","189","113","1455","23","797"
"430218","Empire Beauty School-Bordentown","2013","Under 1,000","114","82","32","95","114","53","0","61","0","0","82","41","0","41","0","0","32","12","0","20","0","0"
"430227","Empire Beauty School-Monroeville","2013","Under 1,000","130","96","34","109","130","46","0","84","0","0","96","32","0","64","0","0","34","14","0","20","0","0"
"430245","Southern Careers Institute-San Antonio","2013","Under 1,000","612","612","0","612","612","494","0","118","0","0","612","494","0","118","0","0","0","0","0","0","0","0"
"430254","Virginia School of Massage","2013","Under 1,000","56","40","16","46","56","20","0","36","0","0","40","15","0","25","0","0","16","5","0","11","0","0"
"430263","ITT Technical Institute-Miami","2013","Under 1,000","417","295","122","343","417","82","3","332","0","0","295","70","2","223","0","0","122","12","1","109","0","0"
"430306","Cayce Reilly School of Massotherapy","2013","Under 1,000","30","20","10","24","30","5","0","25","0","0","20","3","0","17","0","0","10","2","0","8","0","0"
"430342","CET-Sacramento","2013","Under 1,000","145","145","0","145","145","39","0","106","0","0","145","39","0","106","0","0","0","0","0","0","0","0"
"430351","ITT Technical Institute-Harrisburg","2013","Under 1,000","239","186","53","207","239","45","7","187","0","0","186","36","5","145","0","0","53","9","2","42","0","0"
"430360","ITT Technical Institute-Tarentum","2013","Under 1,000","255","199","56","221","255","38","11","206","0","0","199","31","10","158","0","0","56","7","1","48","0","0"
"430379","ITT Technical Institute-Norwood","2013","Under 1,000","419","307","112","351","419","60","8","351","0","0","307","49","5","253","0","0","112","11","3","98","0","0"
"430388","ITT Technical Institute-Strongsville","2013","Under 1,000","391","291","100","330","391","52","16","323","0","0","291","49","10","232","0","0","100","3","6","91","0","0"
"430403","Prism Career Institute-West Atlantic City","2013","Under 1,000","42","42","0","42","42","13","0","29","0","0","42","13","0","29","0","0","0","0","0","0","0","0"
"430421","Everest Institute-Marietta","2013","Under 1,000","329","329","0","329","329","42","0","287","0","0","329","42","0","287","0","0","0","0","0","0","0","0"
"430485","The Creative Center","2013","Under 1,000","86","86","0","86","86","23","6","57","0","0","86","23","6","57","0","0","0","0","0","0","0","0"
"430564","Studio Jewelers","2013","Under 1,000","61","25","36","39","61","21","0","40","0","0","25","8","0","17","0","0","36","13","0","23","0","0"
"430582","Praxis Institute","2013","Under 1,000","388","388","0","388","388","227","0","161","0","0","388","227","0","161","0","0","0","0","0","0","0","0"
"430591","American College of Traditional Chinese Medicine","2013","Under 1,000","268","193","75","222","0","0","0","0","0","268","0","0","0","0","0","193","0","0","0","0","0","75"
"430670","San Juan Bautista School of Medicine","2013","Under 1,000","295","295","0","295","27","6","7","14","0","268","27","6","7","14","0","268","0","0","0","0","0","0"
"430704","Texas Health and Science University","2013","Under 1,000","88","75","13","80","6","0","5","1","0","82","6","0","5","1","0","69","0","0","0","0","0","13"
"430795","Carver Career Center","2013","Under 1,000","278","261","17","267","278","145","2","131","0","0","261","129","1","131","0","0","17","16","1","0","0","0"
"430810","New Hampshire Institute of Art","2013","Under 1,000","506","449","57","471","470","107","25","338","0","36","413","95","23","295","0","36","57","12","2","43","0","0"
"430883","Cayuga Onondaga BOCES-Practical Nursing Program","2013","Under 1,000","34","34","0","34","34","21","0","13","0","0","34","21","0","13","0","0","0","0","0","0","0","0"
"430908","Clearfield County Career and Technology Center","2013","Under 1,000","67","50","17","56","67","37","0","30","0","0","50","31","0","19","0","0","17","6","0","11","0","0"
"430935","Colegio de Cinematografía Artes y Television","2013","Under 1,000","867","651","216","737","867","254","107","506","0","0","651","244","102","305","0","0","216","10","5","201","0","0"
"430971","Delaware County Technical School-Practical Nursing Program","2013","Under 1,000","56","56","0","56","56","25","0","31","0","0","56","25","0","31","0","0","0","0","0","0","0","0"
"430980","Everest College-Torrance","2013","Under 1,000","167","167","0","167","167","20","0","147","0","0","167","20","0","147","0","0","0","0","0","0","0","0"
"431017","Mid-Del Technology Center","2013","Under 1,000","114","82","32","93","114","91","0","23","0","0","82","69","0","13","0","0","32","22","0","10","0","0"
"431026","BIR Training Center","2013","1,000 - 4,999","1114","1079","35","1093","1114","1089","0","25","0","0","1079","1056","0","23","0","0","35","33","0","2","0","0"
"431071","New York Institute of Massage Inc","2013","Under 1,000","103","58","45","76","103","35","0","68","0","0","58","23","0","35","0","0","45","12","0","33","0","0"
"431099","Jolie Hair and Beauty Academy-Ludlow","2013","Under 1,000","102","65","37","80","102","81","0","21","0","0","65","56","0","9","0","0","37","25","0","12","0","0"
"431105","Dutchess BOCES-Practical Nursing Program","2013","Under 1,000","151","29","122","70","151","77","0","74","0","0","29","8","0","21","0","0","122","69","0","53","0","0"
"431123","Escuela Tecnica de Electricidad","2013","Under 1,000","356","356","0","356","356","65","0","291","0","0","356","65","0","291","0","0","0","0","0","0","0","0"
"431141","Institute of Technology Inc","2013","1,000 - 4,999","1989","1962","27","1973","1989","491","57","1441","0","0","1962","491","57","1414","0","0","27","0","0","27","0","0"
"431169","Garnet Career Center","2013","Under 1,000","117","117","0","117","117","30","0","87","0","0","117","30","0","87","0","0","0","0","0","0","0","0"
"431187","Bristol Technical Education Center","2013","Under 1,000","45","45","0","45","45","45","0","0","0","0","45","45","0","0","0","0","0","0","0","0","0","0"
"431196","Genesee Valley BOCES-Practical Nursing Program","2013","Under 1,000","143","143","0","143","143","29","0","114","0","0","143","29","0","114","0","0","0","0","0","0","0","0"
"431202","Hamilton Fulton Montgomery BOCES-Practical Nursing Program","2013","Under 1,000","69","0","69","23","69","10","0","59","0","0","0","0","0","0","0","0","69","10","0","59","0","0"
"431266","Henrico County-Saint Marys Hospital School of Practical Nursing","2013","Under 1,000","91","35","56","54","91","15","0","76","0","0","35","0","0","35","0","0","56","15","0","41","0","0"
"431275","Herkimer County BOCES-Practical Nursing Program","2013","Under 1,000","123","31","92","62","123","35","0","88","0","0","31","10","0","21","0","0","92","25","0","67","0","0"
"431284","International Beauty College","2013","Under 1,000","55","12","43","29","55","12","0","43","0","0","12","2","0","10","0","0","43","10","0","33","0","0"
"431309","Dewey University-Hato Rey","2013","Under 1,000","96","96","0","96","96","45","0","51","0","0","96","45","0","51","0","0","0","0","0","0","0","0"
"431558","Cape Coral Institute of Technology","2013","Under 1,000","330","330","0","330","330","155","0","168","7","0","330","155","0","168","7","0","0","0","0","0","0","0"
"431594","Massachusetts General Hospital Dietetic Internship","2013","Under 1,000","20","20","0","20","0","0","0","0","0","20","0","0","0","0","0","20","0","0","0","0","0","0"
"431600","Mercy Hospital School of Nursing","2013","Under 1,000","168","163","5","165","168","15","0","153","0","0","163","15","0","148","0","0","5","0","0","5","0","0"
"431637","American Beauty Academy","2013","Under 1,000","812","525","287","639","812","206","0","606","0","0","525","141","0","384","0","0","287","65","0","222","0","0"
"431691","Northland Career Center","2013","Under 1,000","36","36","0","36","36","16","0","20","0","0","36","16","0","20","0","0","0","0","0","0","0","0"
"431707","Norwich Technical High School","2013","Under 1,000","31","31","0","31","31","0","0","31","0","0","31","0","0","31","0","0","0","0","0","0","0","0"
"431716","Ocean County Vocational-Technical School","2013","Under 1,000","522","522","0","522","522","356","0","166","0","0","522","356","0","166","0","0","0","0","0","0","0","0"
"431770","Putnam Westchester BOCES-Practical Nursing Program","2013","Under 1,000","55","20","35","32","55","36","0","19","0","0","20","20","0","0","0","0","35","16","0","19","0","0"
"431877","Sullivan County BOCES-Practical Nursing Program","2013","Under 1,000","30","10","20","17","30","21","0","9","0","0","10","10","0","0","0","0","20","11","0","9","0","0"
"431886","Kaplan College-San Antonio-Ingram","2013","Under 1,000","625","625","0","625","625","137","28","455","5","0","625","137","28","455","5","0","0","0","0","0","0","0"
"431929","Trinity College of Puerto Rico","2013","Under 1,000","243","237","6","239","243","62","0","181","0","0","237","62","0","175","0","0","6","0","0","6","0","0"
"431956","Virginia Sewing Machines and School Center","2013","Under 1,000","66","66","0","66","66","28","0","38","0","0","66","28","0","38","0","0","0","0","0","0","0","0"
"431965","Vogue Beauty and Barber School","2013","Under 1,000","144","144","0","144","144","89","0","55","0","0","144","89","0","55","0","0","0","0","0","0","0","0"
"431983","Yeshiva of the Telshe Alumni","2013","Under 1,000","126","126","0","126","126","37","2","87","0","0","126","37","2","87","0","0","0","0","0","0","0","0"
"432074","Northeast Technology Center-Kansas","2013","Under 1,000","200","66","134","111","200","130","0","70","0","0","66","42","0","24","0","0","134","88","0","46","0","0"
"432117","Kenneth Shuler School of Cosmetology-Rock Hill","2013","Under 1,000","110","69","41","85","110","12","0","98","0","0","69","10","0","59","0","0","41","2","0","39","0","0"
"432223","University of Phoenix-Western Washington Campus","2013","Under 1,000","642","642","0","642","566","8","48","510","0","76","566","8","48","510","0","76","0","0","0","0","0","0"
"432241","University of Phoenix-Oregon Campus","2013","Under 1,000","694","694","0","694","639","11","20","608","0","55","639","11","20","608","0","55","0","0","0","0","0","0"
"432269","CET-El Paso","2013","Under 1,000","99","99","0","99","99","39","0","60","0","0","99","39","0","60","0","0","0","0","0","0","0","0"
"432302","Kaplan College-Riverside","2013","Under 1,000","234","234","0","234","234","54","8","171","1","0","234","54","8","171","1","0","0","0","0","0","0","0"
"432348","Appalachian School of Law","2013","Under 1,000","219","216","3","217","0","0","0","0","0","219","0","0","0","0","0","216","0","0","0","0","0","3"
"432357","LIU Hudson at Westchester","2013","Under 1,000","205","63","142","117","0","0","0","0","0","205","0","0","0","0","0","63","0","0","0","0","0","142"
"432384","Platt College-Ontario","2013","Under 1,000","467","467","0","467","467","40","38","389","0","0","467","40","38","389","0","0","0","0","0","0","0","0"
"432524","Delaware College of Art and Design","2013","Under 1,000","196","183","13","188","196","91","20","83","2","0","183","87","20","74","2","0","13","4","0","9","0","0"
"432533","The Art Institute of California-Argosy University Los Angeles","2013","1,000 - 4,999","1808","1250","558","1469","1808","371","206","1230","1","0","1250","299","158","793","0","0","558","72","48","437","1","0"
"433004","American University of Health Sciences","2013","Under 1,000","287","287","0","287","280","3","25","252","0","7","280","3","25","252","0","7","0","0","0","0","0","0"
"433013","Career Networks Institute","2013","Under 1,000","561","552","9","556","561","48","50","463","0","0","552","47","50","455","0","0","9","1","0","8","0","0"
"433040","Monty Tech","2013","Under 1,000","40","40","0","40","40","39","0","1","0","0","40","39","0","1","0","0","0","0","0","0","0","0"
"433068","CHOICE High School and Technical Center","2013","Under 1,000","349","282","67","304","349","154","0","195","0","0","282","111","0","171","0","0","67","43","0","24","0","0"
"433101","Lincoln Technical Institute-Lincoln","2013","Under 1,000","607","470","137","524","607","161","0","446","0","0","470","119","0","351","0","0","137","42","0","95","0","0"
"433138","Wayne County Schools Career Center","2013","Under 1,000","360","248","112","286","360","131","0","221","8","0","248","71","0","175","2","0","112","60","0","46","6","0"
"433165","Blessing Hospital School of Medical Laboratory Technology","2013","Under 1,000","4","4","0","4","4","0","0","4","0","0","4","0","0","4","0","0","0","0","0","0","0","0"
"433174","Carolinas College of Health Sciences","2013","Under 1,000","449","81","368","205","449","24","152","269","4","0","81","3","27","51","0","0","368","21","125","218","4","0"
"433217","Lester E Cox Medical Center-School of Medical Technology","2013","Under 1,000","7","7","0","7","0","0","0","0","0","7","0","0","0","0","0","7","0","0","0","0","0","0"
"433387","Western Governors University","2013","20,000 and above","46733","46733","0","46733","35493","52","33554","1887","0","11240","35493","52","33554","1887","0","11240","0","0","0","0","0","0"
"433420","Santa Barbara Business College-Ventura","2013","Under 1,000","349","349","0","349","339","25","211","103","0","10","339","25","211","103","0","10","0","0","0","0","0","0"
"433466","Sullivan and Cogliano Training Center","2013","Under 1,000","943","859","84","892","943","207","0","736","0","0","859","182","0","677","0","0","84","25","0","59","0","0"
"433536","Herzing University-Kenner","2013","Under 1,000","329","194","135","247","316","24","5","276","11","13","189","18","2","169","0","5","127","6","3","107","11","8"
"433563","Spencerian College-Lexington","2013","Under 1,000","159","120","39","135","159","23","24","109","3","0","120","23","21","76","0","0","39","0","3","33","3","0"
"433660","Florida Gulf Coast University","2013","10,000 - 19,999","14077","10539","3538","11934","12907","2739","1160","8896","112","1170","10151","2668","744","6720","19","388","2756","71","416","2176","93","782"
"433970","Seacoast Career Schools-Sanford Campus","2013","Under 1,000","254","193","61","217","254","164","0","90","0","0","193","121","0","72","0","0","61","43","0","18","0","0"
"434016","Little Priest Tribal College","2013","Under 1,000","144","73","71","101","144","25","5","102","12","0","73","18","2","53","0","0","71","7","3","49","12","0"
"434052","ITT Technical Institute-Richardson","2013","Under 1,000","652","469","183","541","652","81","25","546","0","0","469","71","12","386","0","0","183","10","13","160","0","0"
"434061","South Louisiana Community College","2013","1,000 - 4,999","4593","2235","2358","3027","4593","1027","469","1781","1316","0","2235","779","261","1014","181","0","2358","248","208","767","1135","0"
"434140","Pima Medical Institute-Chula Vista","2013","Under 1,000","927","927","0","927","927","301","0","599","27","0","927","301","0","599","27","0","0","0","0","0","0","0"
"434159","Lincoln College of Technology-Marietta","2013","Under 1,000","267","267","0","267","267","72","0","195","0","0","267","72","0","195","0","0","0","0","0","0","0","0"
"434274","Academy of Hair Design-Lufkin","2013","Under 1,000","99","57","42","74","99","75","0","24","0","0","57","53","0","4","0","0","42","22","0","20","0","0"
"434283","Academy of Hair Design-Beaumont","2013","Under 1,000","86","86","0","86","86","24","0","62","0","0","86","24","0","62","0","0","0","0","0","0","0","0"
"434308","Baltimore School of Massage-Linthicum","2013","Under 1,000","312","183","129","234","312","139","0","173","0","0","183","98","0","85","0","0","129","41","0","88","0","0"
"434317","Charter College-Canyon Country","2013","1,000 - 4,999","1317","1317","0","1317","1317","401","0","916","0","0","1317","401","0","916","0","0","0","0","0","0","0","0"
"434344","Toni & Guy Hairdressing Academy-Worcester","2013","Under 1,000","58","58","0","58","58","2","0","56","0","0","58","2","0","56","0","0","0","0","0","0","0","0"
"434362","Northwest HVAC/R Training Center","2013","Under 1,000","43","43","0","43","43","33","0","10","0","0","43","33","0","10","0","0","0","0","0","0","0","0"
"434380","L T International Beauty School","2013","Under 1,000","51","51","0","51","51","40","0","11","0","0","51","40","0","11","0","0","0","0","0","0","0","0"
"434414","Michigan Jewish Institute","2013","1,000 - 4,999","1662","1262","400","1419","1662","661","301","680","20","0","1262","497","244","521","0","0","400","164","57","159","20","0"
"434432","Myotherapy Institute","2013","Under 1,000","23","23","0","23","23","10","13","0","0","0","23","10","13","0","0","0","0","0","0","0","0","0"
"434441","Florida College of Integrative Medicine","2013","Under 1,000","147","147","0","147","0","0","0","0","0","147","0","0","0","0","0","147","0","0","0","0","0","0"
"434469","New Professions Technical Institute","2013","Under 1,000","67","29","38","44","67","34","0","33","0","0","29","14","0","15","0","0","38","20","0","18","0","0"
"434496","Strand College of Hair Design","2013","Under 1,000","58","58","0","58","58","55","0","3","0","0","58","55","0","3","0","0","0","0","0","0","0","0"
"434502","Cosmetology Career Institute","2013","Under 1,000","129","129","0","129","129","13","0","116","0","0","129","13","0","116","0","0","0","0","0","0","0","0"
"434520","Branford Hall Career Institute-Southington Campus","2013","Under 1,000","541","371","170","438","541","430","0","111","0","0","371","295","0","76","0","0","170","135","0","35","0","0"
"434539","City College-Miami","2013","Under 1,000","283","207","76","237","283","22","17","244","0","0","207","19","14","174","0","0","76","3","3","70","0","0"
"434548","ITT Technical Institute-Arnold","2013","Under 1,000","291","208","83","241","291","34","14","243","0","0","208","29","12","167","0","0","83","5","2","76","0","0"
"434557","ITT Technical Institute-Oak Brook","2013","Under 1,000","336","255","81","287","336","47","9","280","0","0","255","42","6","207","0","0","81","5","3","73","0","0"
"434566","ITT Technical Institute-Albany","2013","Under 1,000","253","201","52","222","253","48","3","202","0","0","201","42","3","156","0","0","52","6","0","46","0","0"
"434575","ITT Technical Institute-Liverpool","2013","Under 1,000","278","223","55","245","278","44","5","229","0","0","223","41","4","178","0","0","55","3","1","51","0","0"
"434584","Ilisagvik College","2013","Under 1,000","257","50","207","119","257","30","8","64","155","0","50","21","2","16","11","0","207","9","6","48","144","0"
"434672","The Community College of Baltimore County","2013","20,000 and above","23981","7983","15998","13354","23981","4940","2008","15709","1324","0","7983","2508","839","4413","223","0","15998","2432","1169","11296","1101","0"
"434690","Golf Academy of America-Myrtle Beach","2013","Under 1,000","299","283","16","289","299","126","0","173","0","0","283","122","0","161","0","0","16","4","0","12","0","0"
"434715","Florida Coastal School of Law","2013","1,000 - 4,999","1279","1109","170","1174","0","0","0","0","0","1279","0","0","0","0","0","1109","0","0","0","0","0","170"
"434751","White Earth Tribal and Community College","2013","Under 1,000","60","36","24","46","60","11","4","43","2","0","36","7","2","27","0","0","24","4","2","16","2","0"
"434812","Centura College-North Charleston","2013","Under 1,000","43","9","34","22","43","6","0","37","0","0","9","0","0","9","0","0","34","6","0","28","0","0"
"434821","Blue Cliff College-Metairie","2013","Under 1,000","603","388","215","473","603","147","0","456","0","0","388","109","0","279","0","0","215","38","0","177","0","0"
"434830","Creative Images Institute of Cosmetology-North Dayton","2013","Under 1,000","181","113","68","140","181","87","0","94","0","0","113","54","0","59","0","0","68","33","0","35","0","0"
"434900","Dewey University-Carolina","2013","1,000 - 4,999","1031","1031","0","1031","1031","505","0","526","0","0","1031","505","0","526","0","0","0","0","0","0","0","0"
"434937","Yeshiva College of the Nations Capital","2013","Under 1,000","45","45","0","45","45","1","8","14","22","0","45","1","8","14","22","0","0","0","0","0","0","0"
"434973","University of Phoenix-Maryland Campus","2013","Under 1,000","560","560","0","560","479","7","38","434","0","81","479","7","38","434","0","81","0","0","0","0","0","0"
"435000","Louisiana State University Health Sciences Center-Shreveport","2013","Under 1,000","856","816","40","831","44","0","7","37","0","812","43","0","6","37","0","773","1","0","1","0","0","39"
"436003","Central Career Institute LLC","2013","Under 1,000","161","111","50","131","161","66","0","95","0","0","111","39","0","72","0","0","50","27","0","23","0","0"
"436012","Franklin Career Institute","2013","Under 1,000","711","711","0","711","711","109","0","602","0","0","711","109","0","602","0","0","0","0","0","0","0","0"
"436021","Montessori Institute of Milwaukee","2013","Under 1,000","23","23","0","23","0","0","0","0","0","23","0","0","0","0","0","23","0","0","0","0","0","0"
"436030","Hair Academy II","2013","Under 1,000","39","13","26","23","39","26","0","13","0","0","13","10","0","3","0","0","26","16","0","10","0","0"
"436067","Pryor Beauty College","2013","Under 1,000","47","47","0","47","47","12","0","35","0","0","47","12","0","35","0","0","0","0","0","0","0","0"
"436094","Argosy University-Phoenix","2013","Under 1,000","743","251","492","440","223","20","44","155","4","520","100","9","17","71","3","151","123","11","27","84","1","369"
"436100","Mr Leon's School of Hair Design-Lewiston","2013","Under 1,000","34","34","0","34","34","27","0","7","0","0","34","27","0","7","0","0","0","0","0","0","0","0"
"436182","Vatterott College-St Joseph","2013","Under 1,000","231","231","0","231","231","31","18","182","0","0","231","31","18","182","0","0","0","0","0","0","0","0"
"436191","Vatterott College-Sunset Hills","2013","Under 1,000","624","624","0","624","624","60","64","500","0","0","624","60","64","500","0","0","0","0","0","0","0","0"
"436261","Southwest Acupuncture College-Boulder","2013","Under 1,000","138","113","25","123","0","0","0","0","0","138","0","0","0","0","0","113","0","0","0","0","0","25"
"436270","Utah College of Massage Therapy-Utah Valley","2013","Under 1,000","158","83","75","113","158","62","0","96","0","0","83","32","0","51","0","0","75","30","0","45","0","0"
"436304","River Parishes Community College","2013","1,000 - 4,999","3146","853","2293","1623","3146","333","215","1054","1544","0","853","229","104","476","44","0","2293","104","111","578","1500","0"
"436429","Los Angeles Film School","2013","1,000 - 4,999","2218","2218","0","2218","2218","467","0","1751","0","0","2218","467","0","1751","0","0","0","0","0","0","0","0"
"436438","Argosy University-Orange County","2013","Under 1,000","673","244","429","410","251","17","33","200","1","422","101","6","14","81","0","143","150","11","19","119","1","279"
"436465","Dewey University-Bayamon","2013","Under 1,000","307","307","0","307","307","129","0","178","0","0","307","129","0","178","0","0","0","0","0","0","0","0"
"436483","National American University-Bloomington","2013","Under 1,000","509","88","421","253","509","30","109","370","0","0","88","1","9","78","0","0","421","29","100","292","0","0"
"436553","Century College","2013","Under 1,000","225","225","0","225","225","13","0","212","0","0","225","13","0","212","0","0","0","0","0","0","0","0"
"436599","FINE Mortuary College","2013","Under 1,000","76","10","66","36","76","19","0","57","0","0","10","2","0","8","0","0","66","17","0","49","0","0"
"436614","International Baptist College and Seminary","2013","Under 1,000","61","32","29","43","46","10","4","29","3","15","29","10","3","16","0","3","17","0","1","13","3","12"
"436632","The Medical Arts School","2013","Under 1,000","163","99","64","124","163","50","0","113","0","0","99","31","0","68","0","0","64","19","0","45","0","0"
"436641","Fortis College-Foley","2013","Under 1,000","175","148","27","159","175","44","0","131","0","0","148","38","0","110","0","0","27","6","0","21","0","0"
"436650","Medical Training College","2013","Under 1,000","98","98","0","98","98","21","0","77","0","0","98","21","0","77","0","0","0","0","0","0","0","0"
"436702","Professional Training Centers","2013","Under 1,000","801","239","562","460","801","237","30","534","0","0","239","103","8","128","0","0","562","134","22","406","0","0"
"436775","Toni & Guy Hairdressing Academy-Carrollton","2013","Under 1,000","192","192","0","192","192","55","0","137","0","0","192","55","0","137","0","0","0","0","0","0","0","0"
"436818","University of Connecticut-Tri-Campus","2013","1,000 - 4,999","2518","1966","552","2189","2518","661","165","1556","136","0","1966","639","119","1202","6","0","552","22","46","354","130","0"
"436827","University of Connecticut-Avery Point","2013","Under 1,000","682","539","143","597","682","212","57","376","37","0","539","209","41","283","6","0","143","3","16","93","31","0"
"436836","University of Connecticut-Stamford","2013","1,000 - 4,999","1363","924","439","1101","1363","231","119","874","139","0","924","222","81","620","1","0","439","9","38","254","138","0"
"437042","ITT Technical Institute-Saint Rose","2013","Under 1,000","470","397","73","426","470","104","1","365","0","0","397","96","1","300","0","0","73","8","0","65","0","0"
"437051","ITT Technical Institute-Richmond","2013","Under 1,000","573","477","96","515","573","96","11","466","0","0","477","88","10","379","0","0","96","8","1","87","0","0"
"437060","Vatterott College-Oklahoma City","2013","Under 1,000","280","280","0","280","280","37","24","219","0","0","280","37","24","219","0","0","0","0","0","0","0","0"
"437097","University of Management and Technology","2013","1,000 - 4,999","1044","963","81","994","785","5","160","616","4","259","741","5","159","573","4","222","44","0","1","43","0","37"
"437103","Baton Rouge Community College","2013","5,000 - 9,999","8043","4216","3827","5501","8043","1790","974","4499","780","0","4216","1385","604","2150","77","0","3827","405","370","2349","703","0"
"437219","ITT Technical Institute-Lathrop","2013","Under 1,000","492","415","77","445","492","70","12","410","0","0","415","64","8","343","0","0","77","6","4","67","0","0"
"437237","International Yacht Restoration School","2013","Under 1,000","71","71","0","71","71","53","0","18","0","0","71","53","0","18","0","0","0","0","0","0","0","0"
"437316","Linfield College-School of Nursing","2013","Under 1,000","344","332","12","337","344","0","76","268","0","0","332","0","76","256","0","0","12","0","0","12","0","0"
"437325","Linfield College-Adult Degree Program","2013","Under 1,000","515","66","449","242","466","0","84","362","20","49","65","0","15","49","1","1","401","0","69","313","19","48"
"437529","Star Career Academy-Syosset","2013","Under 1,000","355","232","123","281","355","273","0","82","0","0","232","177","0","55","0","0","123","96","0","27","0","0"
"437556","Midwest Technical Institute-Springfield","2013","Under 1,000","464","464","0","464","464","155","0","309","0","0","464","155","0","309","0","0","0","0","0","0","0","0"
"437608","Advanced Barber College and Hair Design","2013","Under 1,000","164","164","0","164","164","121","0","43","0","0","164","121","0","43","0","0","0","0","0","0","0","0"
"437635","The College of Health Care Professions-Austin","2013","Under 1,000","223","223","0","223","223","221","1","1","0","0","223","221","1","1","0","0","0","0","0","0","0","0"
"437653","The English Center","2013","Under 1,000","79","78","1","78","79","56","0","23","0","0","78","56","0","22","0","0","1","0","0","1","0","0"
"437662","ICDC College","2013","1,000 - 4,999","3265","3002","263","3106","3265","558","4","2703","0","0","3002","438","1","2563","0","0","263","120","3","140","0","0"
"437705","Monteclaro Escuela de Hoteleria y Artes Culinarias","2013","Under 1,000","11","9","2","10","11","5","0","6","0","0","9","5","0","4","0","0","2","0","0","2","0","0"
"437732","Dallas Nursing Institute","2013","Under 1,000","169","84","85","118","169","61","0","108","0","0","84","61","0","23","0","0","85","0","0","85","0","0"
"437750","Professional Golfers Career College","2013","Under 1,000","265","265","0","265","265","70","0","195","0","0","265","70","0","195","0","0","0","0","0","0","0","0"
"437769","Richmond School of Health and Technology","2013","Under 1,000","172","172","0","172","172","16","0","156","0","0","172","16","0","156","0","0","0","0","0","0","0","0"
"437778","Milan Institute-San Antonio Ingram","2013","Under 1,000","314","314","0","314","314","119","0","195","0","0","314","119","0","195","0","0","0","0","0","0","0","0"
"437848","Westwood College-Anaheim","2013","Under 1,000","772","564","208","646","772","71","0","701","0","0","564","69","0","495","0","0","208","2","0","206","0","0"
"437857","Rudae's School of Beauty Culture-Ft Wayne","2013","Under 1,000","138","112","26","122","138","49","0","89","0","0","112","46","0","66","0","0","26","3","0","23","0","0"
"437884","InterCoast Colleges-Burbank","2013","Under 1,000","30","30","0","30","30","10","0","20","0","0","30","10","0","20","0","0","0","0","0","0","0","0"
"437936","Carrington College California-San Jose","2013","Under 1,000","693","662","31","674","693","55","115","523","0","0","662","55","113","494","0","0","31","0","2","29","0","0"
"438151","Stevens-Henager College-Murray","2013","1,000 - 4,999","2541","2541","0","2541","2382","104","88","2190","0","159","2382","104","88","2190","0","159","0","0","0","0","0","0"
"438179","Brookline College-Tucson","2013","Under 1,000","420","420","0","420","420","158","0","262","0","0","420","158","0","262","0","0","0","0","0","0","0","0"
"438197","Everest Institute-Jonesboro","2013","Under 1,000","406","406","0","406","406","72","0","334","0","0","406","72","0","334","0","0","0","0","0","0","0","0"
"438212","McCann School of Business & Technology","2013","1,000 - 4,999","3544","2272","1272","2777","3544","645","219","2680","0","0","2272","453","151","1668","0","0","1272","192","68","1012","0","0"
"438258","Carrington College California-Pleasant Hill","2013","Under 1,000","589","512","77","543","589","50","100","439","0","0","512","42","64","406","0","0","77","8","36","33","0","0"
"438267","Ridley-Lowell Business & Technical Institute-Poughkeepsie","2013","Under 1,000","376","376","0","376","376","249","0","127","0","0","376","249","0","127","0","0","0","0","0","0","0","0"
"438285","Florida College of Natural Health-Maitland","2013","Under 1,000","380","380","0","380","380","127","1","252","0","0","380","127","1","252","0","0","0","0","0","0","0","0"
"438294","Florida College of Natural Health-Bradenton","2013","Under 1,000","127","127","0","127","127","42","7","78","0","0","127","42","7","78","0","0","0","0","0","0","0","0"
"438337","Modern Hairstyling Institute-Carolina","2013","Under 1,000","188","153","35","167","188","181","0","7","0","0","153","147","0","6","0","0","35","34","0","1","0","0"
"438498","Stratford University","2013","1,000 - 4,999","2825","810","2015","1600","2279","211","137","1923","8","546","432","32","33","367","0","378","1847","179","104","1556","8","168"
"438504","Universal Technical Institute of California Inc","2013","1,000 - 4,999","2466","2466","0","2466","2466","466","0","2000","0","0","2466","466","0","2000","0","0","0","0","0","0","0","0"
"438586","American InterContinental University-Atlanta","2013","1,000 - 4,999","1103","378","725","662","1003","129","80","793","1","100","340","38","26","276","0","38","663","91","54","517","1","62"
"438601","American InterContinental University-South Florida","2013","Under 1,000","164","104","60","127","148","0","0","148","0","16","101","0","0","101","0","3","47","0","0","47","0","13"
"438647","Everest College-Chesapeake","2013","Under 1,000","840","779","61","803","840","129","74","637","0","0","779","128","69","582","0","0","61","1","5","55","0","0"
"438656","Everest Institute-Greenspoint","2013","Under 1,000","501","501","0","501","501","123","0","378","0","0","501","123","0","378","0","0","0","0","0","0","0","0"
"438674","The Academy of Hair Design Six","2013","Under 1,000","79","79","0","79","79","9","0","70","0","0","79","9","0","70","0","0","0","0","0","0","0","0"
"438708","Eastern West Virginia Community and Technical College","2013","Under 1,000","867","293","574","486","867","85","84","375","323","0","293","55","58","174","6","0","574","30","26","201","317","0"
"438735","Aviation Institute of Maintenance-Indianapolis","2013","Under 1,000","157","148","9","152","157","36","0","121","0","0","148","34","0","114","0","0","9","2","0","7","0","0"
"438805","Branford Hall Career Institute-Springfield Campus","2013","Under 1,000","696","570","126","620","696","668","0","28","0","0","570","543","0","27","0","0","126","125","0","1","0","0"
"438869","Remington College-Little Rock Campus","2013","Under 1,000","229","229","0","229","229","85","2","142","0","0","229","85","2","142","0","0","0","0","0","0","0","0"
"438902","Everest University-Jacksonville","2013","Under 1,000","665","501","164","565","604","60","57","487","0","61","496","60","46","390","0","5","108","0","11","97","0","56"
"438984","IVAEM College","2013","Under 1,000","161","157","4","159","161","76","0","85","0","0","157","75","0","82","0","0","4","1","0","3","0","0"
"439020","Midwest College of Oriental Medicine-Chicago","2013","Under 1,000","107","74","33","87","31","0","2","29","0","76","14","0","2","12","0","60","17","0","0","17","0","16"
"439057","Argosy University-Seattle","2013","Under 1,000","365","73","292","186","153","18","42","93","0","212","42","1","11","30","0","31","111","17","31","63","0","181"
"439118","Carrington College-Spokane","2013","Under 1,000","538","538","0","538","538","71","81","386","0","0","538","71","81","386","0","0","0","0","0","0","0","0"
"439127","Texas School of Business-Friendswood","2013","Under 1,000","262","262","0","262","262","83","18","161","0","0","262","83","18","161","0","0","0","0","0","0","0","0"
"439136","ITT Technical Institute-Wilmington","2013","Under 1,000","403","313","90","348","403","62","0","341","0","0","313","57","0","256","0","0","90","5","0","85","0","0"
"439145","Pierce College at Puyallup","2013","1,000 - 4,999","3396","1518","1878","2149","3396","448","599","1684","665","0","1518","253","215","810","240","0","1878","195","384","874","425","0"
"439190","Cascadia Community College","2013","1,000 - 4,999","2821","1539","1282","1969","2821","381","620","1176","644","0","1539","275","307","657","300","0","1282","106","313","519","344","0"
"439288","Johnson & Wales University-Denver","2013","1,000 - 4,999","1529","1393","136","1446","1506","337","132","1037","0","23","1373","327","113","933","0","20","133","10","19","104","0","3"
"439297","University of Phoenix-Cleveland Campus","2013","Under 1,000","385","385","0","385","333","18","31","284","0","52","333","18","31","284","0","52","0","0","0","0","0","0"
"439303","Du Bois Business College-Huntingdon","2013","Under 1,000","88","75","13","80","88","13","6","69","0","0","75","13","6","56","0","0","13","0","0","13","0","0"
"439312","Du Bois Business College-Oil City","2013","Under 1,000","40","29","11","33","40","5","3","32","0","0","29","5","3","21","0","0","11","0","0","11","0","0"
"439367","CBD College","2013","Under 1,000","230","230","0","230","230","67","1","162","0","0","230","67","1","162","0","0","0","0","0","0","0","0"
"439394","East West College of Natural Medicine","2013","Under 1,000","125","125","0","125","2","0","0","0","2","123","2","0","0","0","2","123","0","0","0","0","0","0"
"439400","Infinity Career College","2013","Under 1,000","66","38","28","49","66","26","0","40","0","0","38","16","0","22","0","0","28","10","0","18","0","0"
"439437","Lincoln Technical Institute-Fern Park","2013","Under 1,000","231","231","0","231","231","55","0","176","0","0","231","55","0","176","0","0","0","0","0","0","0","0"
"439446","Atlantic Institute of Oriental Medicine","2013","Under 1,000","142","142","0","142","27","0","0","27","0","115","27","0","0","27","0","115","0","0","0","0","0","0"
"439455","ATS Institute of Technology","2013","Under 1,000","504","388","116","434","504","167","0","337","0","0","388","129","0","259","0","0","116","38","0","78","0","0"
"439473","Bennett Career Institute","2013","Under 1,000","294","162","132","214","294","94","0","200","0","0","162","50","0","112","0","0","132","44","0","88","0","0"
"439482","Blue Cliff College-Shreveport","2013","Under 1,000","320","186","134","239","320","66","0","254","0","0","186","42","0","144","0","0","134","24","0","110","0","0"
"439491","Blue Cliff College-Lafayette","2013","Under 1,000","291","291","0","291","291","230","0","61","0","0","291","230","0","61","0","0","0","0","0","0","0","0"
"439507","Quest College","2013","Under 1,000","355","355","0","355","355","221","0","134","0","0","355","221","0","134","0","0","0","0","0","0","0","0"
"439525","Central Florida Institute","2013","Under 1,000","285","285","0","285","285","89","181","15","0","0","285","89","181","15","0","0","0","0","0","0","0","0"
"439570","Community Care College","2013","Under 1,000","587","587","0","587","587","175","0","412","0","0","587","175","0","412","0","0","0","0","0","0","0","0"
"439589","Marinello Schools of Beauty-Topeka","2013","Under 1,000","302","215","87","250","302","85","0","217","0","0","215","63","0","152","0","0","87","22","0","65","0","0"
"439613","Crossroads Bible College","2013","Under 1,000","257","139","118","185","257","41","64","114","38","0","139","18","42","66","13","0","118","23","22","48","25","0"
"439622","Erie 1 BOCES","2013","Under 1,000","155","155","0","155","155","21","0","134","0","0","155","21","0","134","0","0","0","0","0","0","0","0"
"439631","Fayette Beauty Academy","2013","Under 1,000","34","34","0","34","34","23","0","11","0","0","34","23","0","11","0","0","0","0","0","0","0","0"
"439668","HDS Truck Driving Institute","2013","Under 1,000","120","120","0","120","120","74","0","46","0","0","120","74","0","46","0","0","0","0","0","0","0","0"
"439686","International Training Careers","2013","Under 1,000","280","222","58","245","280","92","0","188","0","0","222","68","0","154","0","0","58","24","0","34","0","0"
"439701","King's University","2013","Under 1,000","598","212","386","362","372","53","70","249","0","226","151","25","31","95","0","61","221","28","39","154","0","165"
"439738","Fortis College-Baton Rouge","2013","Under 1,000","381","381","0","381","381","27","83","271","0","0","381","27","83","271","0","0","0","0","0","0","0","0"
"439747","My Le's Beauty College","2013","Under 1,000","33","26","7","29","33","32","0","1","0","0","26","25","0","1","0","0","7","7","0","0","0","0"
"439774","New Concept Massage and Beauty School","2013","Under 1,000","39","28","11","32","39","32","0","7","0","0","28","23","0","5","0","0","11","9","0","2","0","0"
"439783","New York College of Traditional Chinese Medicine","2013","Under 1,000","150","80","70","107","81","0","25","39","17","69","47","0","21","26","0","33","34","0","4","13","17","36"
"439792","Fortis College-Orange Park","2013","Under 1,000","266","266","0","266","266","40","17","209","0","0","266","40","17","209","0","0","0","0","0","0","0","0"
"439817","Northeastern Seminary","2013","Under 1,000","170","113","57","135","0","0","0","0","0","170","0","0","0","0","0","113","0","0","0","0","0","57"
"439826","Bryan College-Gold River","2013","Under 1,000","326","326","0","326","326","71","0","255","0","0","326","71","0","255","0","0","0","0","0","0","0","0"
"439844","Omega Institute of Cosmetology","2013","Under 1,000","67","67","0","67","67","16","0","51","0","0","67","16","0","51","0","0","0","0","0","0","0","0"
"439862","Pacific Islands University","2013","Under 1,000","79","57","22","66","75","17","7","47","4","4","57","17","7","33","0","0","18","0","0","14","4","4"
"439871","PCI College","2013","Under 1,000","104","104","0","104","104","25","0","79","0","0","104","25","0","79","0","0","0","0","0","0","0","0"
"439899","Rosedale Bible College","2013","Under 1,000","45","40","5","42","45","28","5","9","3","0","40","27","5","8","0","0","5","1","0","1","3","0"
"439905","American Career College at St Francis","2013","Under 1,000","47","47","0","47","47","6","0","41","0","0","47","6","0","41","0","0","0","0","0","0","0","0"
"439914","Seattle Institute of Oriental Medicine","2013","Under 1,000","50","50","0","50","0","0","0","0","0","50","0","0","0","0","0","50","0","0","0","0","0","0"
"439932","Shawnee Beauty College","2013","Under 1,000","26","26","0","26","26","20","0","6","0","0","26","20","0","6","0","0","0","0","0","0","0","0"
"439969","Acupuncture and Massage College","2013","Under 1,000","173","138","35","152","35","20","0","15","0","138","0","0","0","0","0","138","35","20","0","15","0","0"
"439978","Southeastern School of Cosmetology","2013","Under 1,000","84","84","0","84","84","31","0","53","0","0","84","31","0","53","0","0","0","0","0","0","0","0"
"439996","Universal Therapeutic Massage Institute","2013","Under 1,000","90","90","0","90","90","78","0","12","0","0","90","78","0","12","0","0","0","0","0","0","0","0"
"440004","Upper Valley Educators Institute","2013","Under 1,000","35","35","0","35","0","0","0","0","0","35","0","0","0","0","0","35","0","0","0","0","0","0"
"440031","Keck Graduate Institute","2013","Under 1,000","169","157","12","162","0","0","0","0","0","169","0","0","0","0","0","157","0","0","0","0","0","12"
"440059","Aviation Institute of Maintenance-Atlanta","2013","Under 1,000","542","521","21","529","542","93","0","449","0","0","521","89","0","432","0","0","21","4","0","17","0","0"
"440077","National Beauty College","2013","Under 1,000","50","50","0","50","50","30","0","20","0","0","50","30","0","20","0","0","0","0","0","0","0","0"
"440086","Star Career Academy-Egg Harbor","2013","Under 1,000","318","244","74","273","318","251","0","67","0","0","244","196","0","48","0","0","74","55","0","19","0","0"
"440101","Empire Beauty School-Kennesaw","2013","Under 1,000","188","134","54","155","188","32","0","156","0","0","134","28","0","106","0","0","54","4","0","50","0","0"
"440147","Westwood College-River Oaks","2013","Under 1,000","321","275","46","293","321","38","2","281","0","0","275","37","0","238","0","0","46","1","2","43","0","0"
"440165","ITT Technical Institute-Green Bay","2013","Under 1,000","181","126","55","148","181","23","6","152","0","0","126","21","6","99","0","0","55","2","0","53","0","0"
"440174","Career Training Academy-Pittsburgh","2013","Under 1,000","83","83","0","83","83","6","3","74","0","0","83","6","3","74","0","0","0","0","0","0","0","0"
"440217","Huntingdon County Career and Technology Center","2013","Under 1,000","34","34","0","34","34","13","0","21","0","0","34","13","0","21","0","0","0","0","0","0","0","0"
"440226","Missouri College of Cosmetology North","2013","Under 1,000","88","88","0","88","88","29","0","59","0","0","88","29","0","59","0","0","0","0","0","0","0","0"
"440262","New York Automotive and Diesel Institute","2013","Under 1,000","276","276","0","276","276","141","0","135","0","0","276","141","0","135","0","0","0","0","0","0","0","0"
"440271","Remington College-Baton Rouge Campus","2013","Under 1,000","300","300","0","300","300","125","5","170","0","0","300","125","5","170","0","0","0","0","0","0","0","0"
"440299","Everest College-Ontario Metro","2013","Under 1,000","962","643","319","768","962","5","82","875","0","0","643","2","47","594","0","0","319","3","35","281","0","0"
"440323","Kaplan College-Beaumont","2013","Under 1,000","273","273","0","273","273","34","45","189","5","0","273","34","45","189","5","0","0","0","0","0","0","0"
"440332","Kaplan College-Laredo","2013","Under 1,000","329","329","0","329","329","104","6","219","0","0","329","104","6","219","0","0","0","0","0","0","0","0"
"440341","The Art Institute of Washington","2013","1,000 - 4,999","1499","1115","384","1266","1499","405","211","869","14","0","1115","330","153","629","3","0","384","75","58","240","11","0"
"440369","Everest Institute-Dearborn","2013","Under 1,000","666","666","0","666","666","53","0","613","0","0","666","53","0","613","0","0","0","0","0","0","0","0"
"440402","Arkansas State University-Newport","2013","1,000 - 4,999","2057","963","1094","1330","2057","355","437","519","746","0","963","289","217","390","67","0","1094","66","220","129","679","0"
"440411","Marlboro College-Graduate School","2013","Under 1,000","114","26","88","60","14","0","1","13","0","100","1","0","1","0","0","25","13","0","0","13","0","75"
"440420","University of Phoenix-Boston Campus","2013","Under 1,000","210","210","0","210","181","3","16","162","0","29","181","3","16","162","0","29","0","0","0","0","0","0"
"440457","University of Phoenix-Milwaukee Campus","2013","Under 1,000","268","268","0","268","256","8","6","242","0","12","256","8","6","242","0","12","0","0","0","0","0","0"
"440466","University of Phoenix-Idaho Campus","2013","Under 1,000","307","307","0","307","283","13","18","252","0","24","283","13","18","252","0","24","0","0","0","0","0","0"
"440484","Westwood College-Inland Empire","2013","Under 1,000","979","706","273","813","979","124","0","855","0","0","706","120","0","586","0","0","273","4","0","269","0","0"
"440642","ITT Technical Institute-Levittown","2013","Under 1,000","380","311","69","338","380","58","2","320","0","0","311","54","2","255","0","0","69","4","0","65","0","0"
"440651","Atenas College","2013","1,000 - 4,999","1269","1056","213","1140","1269","246","310","713","0","0","1056","243","294","519","0","0","213","3","16","194","0","0"
"440721","Southwest Skill Center-Campus of Estrella Mountain Community College","2013","Under 1,000","283","171","112","209","283","112","0","164","7","0","171","62","0","109","0","0","112","50","0","55","7","0"
"440730","Onondaga Cortland Madison BOCES","2013","Under 1,000","503","503","0","503","503","322","0","181","0","0","503","322","0","181","0","0","0","0","0","0","0","0"
"440749","National American University-Ellsworth AFB Extension","2013","Under 1,000","292","47","245","143","292","10","16","124","142","0","47","1","9","35","2","0","245","9","7","89","140","0"
"440758","National American University-Albuquerque West","2013","Under 1,000","346","29","317","154","346","14","83","249","0","0","29","0","3","26","0","0","317","14","80","223","0","0"
"440767","National American University-Brooklyn Center","2013","Under 1,000","756","45","711","324","756","66","147","542","1","0","45","0","11","34","0","0","711","66","136","508","1","0"
"440776","Interactive Learning Systems-Pasadena","2013","Under 1,000","30","30","0","30","30","12","0","18","0","0","30","12","0","18","0","0","0","0","0","0","0","0"
"440794","Pillar College","2013","Under 1,000","418","353","65","379","418","61","81","269","7","0","353","53","73","227","0","0","65","8","8","42","7","0"
"440800","Miami Ad School-Minneapolis","2013","Under 1,000","18","18","0","18","18","0","0","18","0","0","18","0","0","18","0","0","0","0","0","0","0","0"
"440819","Miami Ad School-San Francisco","2013","Under 1,000","131","131","0","131","131","0","0","131","0","0","131","0","0","131","0","0","0","0","0","0","0","0"
"440828","Oregon State University-Cascades Campus","2013","Under 1,000","934","291","643","548","782","0","220","545","17","152","190","0","18","172","0","101","592","0","202","373","17","51"
"440855","Milan Institute-Amarillo","2013","Under 1,000","162","162","0","162","162","57","0","105","0","0","162","57","0","105","0","0","0","0","0","0","0","0"
"440873","Vatterott College-Dividend","2013","Under 1,000","882","882","0","882","882","74","54","754","0","0","882","74","54","754","0","0","0","0","0","0","0","0"
"440882","Vatterott College-Tulsa","2013","Under 1,000","164","164","0","164","164","12","15","137","0","0","164","12","15","137","0","0","0","0","0","0","0","0"
"440891","Vatterott College-Wichita","2013","Under 1,000","209","209","0","209","209","31","20","158","0","0","209","31","20","158","0","0","0","0","0","0","0","0"
"440907","Star Career Academy-Newark","2013","Under 1,000","497","208","289","323","497","492","0","5","0","0","208","205","0","3","0","0","289","287","0","2","0","0"
"440916","Southern University Law Center","2013","Under 1,000","691","683","8","686","0","0","0","0","0","691","0","0","0","0","0","683","0","0","0","0","0","8"
"440925","International Academy of Design and Technology-Orlando","2013","Under 1,000","348","289","59","312","348","28","28","289","3","0","289","16","22","251","0","0","59","12","6","38","3","0"
"440952","Lincoln Technical Institute-Lowell","2013","Under 1,000","388","295","93","332","388","79","0","309","0","0","295","65","0","230","0","0","93","14","0","79","0","0"
"440989","Texas Barber Colleges and Hairstyling Schools","2013","Under 1,000","907","907","0","907","907","93","0","814","0","0","907","93","0","814","0","0","0","0","0","0","0","0"
"441016","Everest Institute-Hobby","2013","Under 1,000","557","557","0","557","557","182","0","375","0","0","557","182","0","375","0","0","0","0","0","0","0","0"
"441025","Miller-Motte Technical College-North Charleston","2013","Under 1,000","704","458","246","556","704","117","116","471","0","0","458","78","80","300","0","0","246","39","36","171","0","0"
"441052","American Career College-Anaheim","2013","1,000 - 4,999","1565","1565","0","1565","1565","181","252","1132","0","0","1565","181","252","1132","0","0","0","0","0","0","0","0"
"441070","Saginaw Chippewa Tribal College","2013","Under 1,000","117","59","58","78","117","21","2","82","12","0","59","10","2","44","3","0","58","11","0","38","9","0"
"441089","Wyo Tech-Blairsville","2013","1,000 - 4,999","1277","1277","0","1277","1277","418","66","793","0","0","1277","418","66","793","0","0","0","0","0","0","0","0"
"441104","Richmont Graduate University","2013","Under 1,000","279","188","91","223","0","0","0","0","0","279","0","0","0","0","0","188","0","0","0","0","0","91"
"441131","The Seattle School of Theology & Psychology","2013","Under 1,000","284","62","222","147","0","0","0","0","0","284","0","0","0","0","0","62","0","0","0","0","0","222"
"441168","Northwest College-Hillsboro","2013","Under 1,000","85","85","0","85","85","18","0","67","0","0","85","18","0","67","0","0","0","0","0","0","0","0"
"441195","American Broadcasting School-Arlington","2013","Under 1,000","54","54","0","54","54","20","0","34","0","0","54","20","0","34","0","0","0","0","0","0","0","0"
"441201","Miami-Jacobs Career College-Sharonville","2013","Under 1,000","156","94","62","119","156","28","16","112","0","0","94","19","11","64","0","0","62","9","5","48","0","0"
"441210","East Valley Institute of Technology","2013","Under 1,000","343","160","183","221","343","161","0","182","0","0","160","40","0","120","0","0","183","121","0","62","0","0"
"441229","West Coast Ultrasound Institute","2013","Under 1,000","796","796","0","796","796","185","0","498","113","0","796","185","0","498","113","0","0","0","0","0","0","0"
"441238","Irell & Manella Graduate School of Biological Sciences at City of Hope","2013","Under 1,000","82","82","0","82","0","0","0","0","0","82","0","0","0","0","0","82","0","0","0","0","0","0"
"441256","Design's School of Cosmetology","2013","Under 1,000","61","61","0","61","61","21","0","40","0","0","61","21","0","40","0","0","0","0","0","0","0","0"
"441274","Paul Mitchell the School-Santa Barbara","2013","Under 1,000","127","88","39","103","127","23","0","104","0","0","88","21","0","67","0","0","39","2","0","37","0","0"
"441308","University of the Rockies","2013","1,000 - 4,999","1797","1573","224","1659","0","0","0","0","0","1797","0","0","0","0","0","1573","0","0","0","0","0","224"
"441317","Eli Whitney Technical High School","2013","Under 1,000","41","41","0","41","41","17","0","24","0","0","41","17","0","24","0","0","0","0","0","0","0","0"
"441335","Vinal Technical High School","2013","Under 1,000","29","29","0","29","29","0","0","29","0","0","29","0","0","29","0","0","0","0","0","0","0","0"
"441353","Windham Technical High School","2013","Under 1,000","16","16","0","16","16","5","0","11","0","0","16","5","0","11","0","0","0","0","0","0","0","0"
"441362","Harris School of Business-Wilmington Campus","2013","Under 1,000","480","351","129","402","480","397","0","83","0","0","351","290","0","61","0","0","129","107","0","22","0","0"
"441371","Ultimate Medical Academy-Clearwater","2013","Under 1,000","359","357","2","358","359","97","0","262","0","0","357","97","0","260","0","0","2","0","0","2","0","0"
"441380","Florida Barber Academy","2013","Under 1,000","201","157","44","174","201","63","0","138","0","0","157","58","0","99","0","0","44","5","0","39","0","0"
"441405","Jacksonville Beauty Institute","2013","Under 1,000","14","14","0","14","14","12","0","2","0","0","14","12","0","2","0","0","0","0","0","0","0","0"
"441414","M-DCPS The English Center","2013","Under 1,000","390","78","312","183","390","154","0","236","0","0","78","25","0","53","0","0","312","129","0","183","0","0"
"441423","Florida Education Institute","2013","Under 1,000","350","350","0","350","350","145","0","205","0","0","350","145","0","205","0","0","0","0","0","0","0","0"
"441441","Institute of Technical Arts","2013","Under 1,000","263","263","0","263","263","191","0","72","0","0","263","191","0","72","0","0","0","0","0","0","0","0"
"441478","National Graduate School of Quality Management","2013","Under 1,000","142","142","0","142","33","0","33","0","0","109","33","0","33","0","0","109","0","0","0","0","0","0"
"441487","Texas County Technical College","2013","Under 1,000","139","94","45","112","139","54","47","38","0","0","94","29","27","38","0","0","45","25","20","0","0","0"
"441496","Aviation Institute of Maintenance-Kansas City","2013","Under 1,000","92","89","3","90","92","0","0","92","0","0","89","0","0","89","0","0","3","0","0","3","0","0"
"441502","Blue Cliff College-Gulfport","2013","Under 1,000","274","199","75","229","274","161","113","0","0","0","199","117","82","0","0","0","75","44","31","0","0","0"
"441511","Apex School of Theology","2013","Under 1,000","767","636","131","687","620","63","23","534","0","147","562","44","23","495","0","74","58","19","0","39","0","73"
"441548","Institute for Therapeutic Massage","2013","Under 1,000","139","139","0","139","139","129","0","10","0","0","139","129","0","10","0","0","0","0","0","0","0","0"
"441575","Metropolitan Learning Institute","2013","Under 1,000","864","864","0","864","864","234","0","630","0","0","864","234","0","630","0","0","0","0","0","0","0","0"
"441593","Orleans Niagara BOCES-Practical Nursing Program","2013","Under 1,000","33","33","0","33","33","10","0","23","0","0","33","10","0","23","0","0","0","0","0","0","0","0"
"441609","Yeshiva Shaarei Torah of Rockland","2013","Under 1,000","116","116","0","116","116","5","0","111","0","0","116","5","0","111","0","0","0","0","0","0","0","0"
"441618","Leon Studio One School of Hair Design","2013","Under 1,000","14","10","4","12","14","8","0","6","0","0","10","6","0","4","0","0","4","2","0","2","0","0"
"441627","St Joseph's Medical Center School of Radiography","2013","Under 1,000","24","24","0","24","24","0","0","24","0","0","24","0","0","24","0","0","0","0","0","0","0","0"
"441636","American Institute of Alternative Medicine","2013","Under 1,000","263","220","43","237","263","9","100","154","0","0","220","6","84","130","0","0","43","3","16","24","0","0"
"441645","Brown Aveda Institute-Mentor","2013","Under 1,000","149","145","4","147","149","14","0","135","0","0","145","14","0","131","0","0","4","0","0","4","0","0"
"441663","Institute of Technology Inc","2013","Under 1,000","335","304","31","316","335","121","0","214","0","0","304","114","0","190","0","0","31","7","0","24","0","0"
"441672","Susquehanna County Career and Technology Center","2013","Under 1,000","64","64","0","64","64","57","0","7","0","0","64","57","0","7","0","0","0","0","0","0","0","0"
"441690","Universidad Pentecostal Mizpa","2013","Under 1,000","412","160","252","259","375","31","59","265","20","37","145","12","27","106","0","15","230","19","32","159","20","22"
"441706","Caribbean Forensic and Technical College","2013","Under 1,000","189","189","0","189","189","141","0","48","0","0","189","141","0","48","0","0","0","0","0","0","0","0"
"441742","Concorde Career College-Grand Prairie","2013","Under 1,000","785","785","0","785","785","174","0","611","0","0","785","174","0","611","0","0","0","0","0","0","0","0"
"441751","Kussad Institute of Court Reporting","2013","Under 1,000","18","18","0","18","18","1","0","17","0","0","18","1","0","17","0","0","0","0","0","0","0","0"
"441760","Lamar Institute of Technology","2013","1,000 - 4,999","2995","1366","1629","1913","2995","660","321","1588","426","0","1366","439","177","714","36","0","1629","221","144","874","390","0"
"441779","MJ's Beauty Academy Inc","2013","Under 1,000","68","68","0","68","68","21","0","47","0","0","68","21","0","47","0","0","0","0","0","0","0","0"
"441788","Aviation Institute of Maintenance-Dallas","2013","Under 1,000","341","313","28","324","341","59","0","282","0","0","313","58","0","255","0","0","28","1","0","27","0","0"
"441830","Healing Mountain Massage School","2013","Under 1,000","67","23","44","40","67","25","0","42","0","0","23","11","0","12","0","0","44","14","0","30","0","0"
"441858","Career Training Solutions","2013","Under 1,000","280","197","83","230","280","125","0","155","0","0","197","82","0","115","0","0","83","43","0","40","0","0"
"441876","Rudy & Kelly Academy of Hair and Nails","2013","Under 1,000","228","167","61","191","228","20","0","208","0","0","167","17","0","150","0","0","61","3","0","58","0","0"
"441900","Nevada State College","2013","1,000 - 4,999","3377","1199","2178","2078","3377","264","507","2305","301","0","1199","163","155","864","17","0","2178","101","352","1441","284","0"
"441919","Virginia College-Jackson","2013","Under 1,000","376","279","97","318","376","185","0","191","0","0","279","164","0","115","0","0","97","21","0","76","0","0"
"441928","Virginia College-Austin","2013","Under 1,000","642","315","327","445","642","326","0","316","0","0","315","183","0","132","0","0","327","143","0","184","0","0"
"441937","California State University-Channel Islands","2013","5,000 - 9,999","5140","4401","739","4697","4963","832","915","3203","13","177","4281","823","730","2719","9","120","682","9","185","484","4","57"
"441955","ITT Technical Institute-Springfield","2013","Under 1,000","678","495","183","567","678","103","0","575","0","0","495","93","0","402","0","0","183","10","0","173","0","0"
"441964","ITT Technical Institute-Chantilly","2013","Under 1,000","573","465","108","507","573","58","9","506","0","0","465","54","9","402","0","0","108","4","0","104","0","0"
"441973","The Art Institute of California-Argosy University Orange County","2013","1,000 - 4,999","1761","951","810","1269","1761","357","247","1157","0","0","951","230","150","571","0","0","810","127","97","586","0","0"
"441982","Franklin W Olin College of Engineering","2013","Under 1,000","355","355","0","355","355","82","4","257","12","0","355","82","4","257","12","0","0","0","0","0","0","0"
"442037","Lincoln Technical Institute-Northeast Philadelphia","2013","Under 1,000","311","311","0","311","311","27","3","281","0","0","311","27","3","281","0","0","0","0","0","0","0","0"
"442046","Lincoln Technical Institute-Center City Philadelphia","2013","Under 1,000","478","438","40","454","478","171","1","306","0","0","438","159","1","278","0","0","40","12","0","28","0","0"
"442064","Won Institute of Graduate Studies","2013","Under 1,000","86","76","10","80","0","0","0","0","0","86","0","0","0","0","0","76","0","0","0","0","0","10"
"442073","Lincoln Technical Institute-Paramus","2013","Under 1,000","645","371","274","480","645","134","0","511","0","0","371","88","0","283","0","0","274","46","0","228","0","0"
"442134","Pima Medical Institute-Colorado Springs","2013","Under 1,000","547","547","0","547","547","199","0","344","4","0","547","199","0","344","4","0","0","0","0","0","0","0"
"442161","University of Phoenix-Chicago Campus","2013","Under 1,000","882","882","0","882","813","39","48","726","0","69","813","39","48","726","0","69","0","0","0","0","0","0"
"442204","David's Academy of Beauty","2013","Under 1,000","199","187","12","192","199","135","0","64","0","0","187","132","0","55","0","0","12","3","0","9","0","0"
"442213","Birthwise Midwifery School","2013","Under 1,000","58","19","39","34","58","2","0","56","0","0","19","1","0","18","0","0","39","1","0","38","0","0"
"442222","Argosy University-Dallas","2013","Under 1,000","495","62","433","230","219","41","52","125","1","276","19","0","3","16","0","43","200","41","49","109","1","233"
"442231","Le Cordon Bleu College of Culinary Arts-Orlando","2013","Under 1,000","961","961","0","961","961","129","55","777","0","0","961","129","55","777","0","0","0","0","0","0","0","0"
"442240","Paul Mitchell the School-Costa Mesa","2013","Under 1,000","188","141","47","160","188","44","0","144","0","0","141","36","0","105","0","0","47","8","0","39","0","0"
"442295","Ave Maria School of Law","2013","Under 1,000","319","315","4","317","0","0","0","0","0","319","0","0","0","0","0","315","0","0","0","0","0","4"
"442329","Tulsa Welding School-Jacksonville","2013","Under 1,000","696","696","0","696","696","336","0","360","0","0","696","336","0","360","0","0","0","0","0","0","0","0"
"442338","ITT Technical Institute-Canton","2013","Under 1,000","442","303","139","358","442","52","25","365","0","0","303","45","20","238","0","0","139","7","5","127","0","0"
"442347","ITT Technical Institute-Plymouth Meeting","2013","Under 1,000","310","220","90","256","310","53","4","253","0","0","220","41","4","175","0","0","90","12","0","78","0","0"
"442356","Pennsylvania College of Health Sciences","2013","1,000 - 4,999","1429","520","909","877","1429","179","278","937","35","0","520","109","80","330","1","0","909","70","198","607","34","0"
"442383","West Virginia Junior College-Bridgeport","2013","Under 1,000","210","194","16","200","210","63","37","110","0","0","194","62","37","95","0","0","16","1","0","15","0","0"
"442392","Antioch University-PhD Program in Leadership and Change","2013","Under 1,000","152","152","0","152","0","0","0","0","0","152","0","0","0","0","0","152","0","0","0","0","0","0"
"442408","Vatterott College-Cleveland","2013","Under 1,000","229","229","0","229","229","24","16","189","0","0","229","24","16","189","0","0","0","0","0","0","0","0"
"442426","St Louis College of Health Careers-Fenton","2013","Under 1,000","301","246","55","268","301","47","213","41","0","0","246","37","172","37","0","0","55","10","41","4","0","0"
"442435","Interactive College of Technology-Gainesville","2013","Under 1,000","39","39","0","39","39","14","0","21","4","0","39","14","0","21","4","0","0","0","0","0","0","0"
"442523","Alaska Christian College","2013","Under 1,000","53","49","4","51","53","20","5","28","0","0","49","19","4","26","0","0","4","1","1","2","0","0"
"442569","Grantham University","2013","10,000 - 19,999","11188","7841","3347","9153","9590","1912","486","7123","69","1598","6545","1773","393","4371","8","1296","3045","139","93","2752","61","302"
"442578","Minnesota School of Business-Plymouth","2013","Under 1,000","190","107","83","140","190","17","30","137","6","0","107","12","23","71","1","0","83","5","7","66","5","0"
"442602","Carrington College-Albuquerque","2013","Under 1,000","647","545","102","585","647","50","105","492","0","0","545","43","65","437","0","0","102","7","40","55","0","0"
"442611","NASCAR Technical Institute","2013","1,000 - 4,999","1510","1510","0","1510","1510","358","0","1152","0","0","1510","358","0","1152","0","0","0","0","0","0","0","0"
"442620","Everest Institute-Tigard","2013","Under 1,000","314","314","0","314","314","43","0","271","0","0","314","43","0","271","0","0","0","0","0","0","0","0"
"442639","University of the Potomac-VA Campus","2013","Under 1,000","35","35","0","35","27","3","5","18","1","8","27","3","5","18","1","8","0","0","0","0","0","0"
"442657","Milan Institute-Palm Desert","2013","Under 1,000","272","272","0","272","272","103","0","169","0","0","272","103","0","169","0","0","0","0","0","0","0","0"
"442718","National American University-Overland Park","2013","Under 1,000","470","88","382","238","470","14","87","369","0","0","88","0","5","83","0","0","382","14","82","286","0","0"
"442727","Everest Institute-Austin","2013","Under 1,000","880","880","0","880","880","270","0","610","0","0","880","270","0","610","0","0","0","0","0","0","0","0"
"442736","Everest College-Burr Ridge","2013","Under 1,000","288","288","0","288","288","41","0","247","0","0","288","41","0","247","0","0","0","0","0","0","0","0"
"442745","Medvance Institute-West Palm","2013","Under 1,000","365","365","0","365","365","69","10","286","0","0","365","69","10","286","0","0","0","0","0","0","0","0"
"442781","Tohono O'Odham Community College","2013","Under 1,000","243","73","170","130","243","32","20","132","59","0","73","12","9","52","0","0","170","20","11","80","59","0"
"442790","Everest College-Dallas","2013","1,000 - 4,999","1071","889","182","961","1071","95","147","829","0","0","889","92","108","689","0","0","182","3","39","140","0","0"
"442806","Edward Via College of Osteopathic Medicine","2013","1,000 - 4,999","1278","1278","0","1278","0","0","0","0","0","1278","0","0","0","0","0","1278","0","0","0","0","0","0"
"442815","The Salter School-Malden Campus","2013","Under 1,000","345","259","86","293","345","322","0","23","0","0","259","240","0","19","0","0","86","82","0","4","0","0"
"442842","Pacific College of Oriental Medicine-Chicago","2013","Under 1,000","219","126","93","162","75","19","0","56","0","144","25","7","0","18","0","101","50","12","0","38","0","43"
"442879","Southwest Institute of Healing Arts","2013","1,000 - 4,999","1108","1108","0","1108","1108","317","0","745","46","0","1108","317","0","745","46","0","0","0","0","0","0","0"
"442888","InterCoast Colleges-Riverside","2013","Under 1,000","84","84","0","84","84","12","0","72","0","0","84","12","0","72","0","0","0","0","0","0","0","0"
"442897","Ottawa University-Jeffersonville","2013","Under 1,000","114","0","114","44","87","1","13","73","0","27","0","0","0","0","0","0","87","1","13","73","0","27"
"442930","University of Antelope Valley","2013","Under 1,000","804","804","0","804","793","155","94","544","0","11","793","155","94","544","0","11","0","0","0","0","0","0"
"442949","Birthingway College of Midwifery","2013","Under 1,000","82","32","50","52","82","0","0","67","15","0","32","0","0","32","0","0","50","0","0","35","15","0"
"442958","Blue Water College of Cosmetology Inc","2013","Under 1,000","57","33","24","43","57","18","0","39","0","0","33","15","0","18","0","0","24","3","0","21","0","0"
"442967","Pima Medical Institute-Albuquerque West","2013","Under 1,000","103","103","0","103","103","34","0","69","0","0","103","34","0","69","0","0","0","0","0","0","0","0"
"442976","Brighton Center's Center for Employment Training","2013","Under 1,000","89","89","0","89","89","40","0","49","0","0","89","40","0","49","0","0","0","0","0","0","0","0"
"442985","California Healing Arts College","2013","Under 1,000","9","9","0","9","9","3","0","6","0","0","9","3","0","6","0","0","0","0","0","0","0","0"
"443021","Dallas Barber & Stylist College","2013","Under 1,000","158","158","0","158","158","108","0","50","0","0","158","108","0","50","0","0","0","0","0","0","0","0"
"443030","NorthShore University HealthSystem School of Nurse Anesthesia","2013","Under 1,000","59","59","0","59","0","0","0","0","0","59","0","0","0","0","0","59","0","0","0","0","0","0"
"443049","Faith Evangelical College & Seminary","2013","Under 1,000","318","219","99","257","135","6","17","107","5","183","81","6","13","60","2","138","54","0","4","47","3","45"
"443058","Family of Faith College","2013","Under 1,000","39","18","21","26","39","3","2","14","20","0","18","2","2","14","0","0","21","1","0","0","20","0"
"443076","Hood Theological Seminary","2013","Under 1,000","181","146","35","159","6","1","0","5","0","175","0","0","0","0","0","146","6","1","0","5","0","29"
"443100","Colegio Educativo Tecnologico Industrial Inc","2013","Under 1,000","188","188","0","188","188","79","0","109","0","0","188","79","0","109","0","0","0","0","0","0","0","0"
"443128","International Technological University","2013","1,000 - 4,999","1342","932","410","1089","0","0","0","0","0","1342","0","0","0","0","0","932","0","0","0","0","0","410"
"443137","Irene's Myomassology Institute","2013","Under 1,000","353","353","0","353","353","283","0","70","0","0","353","283","0","70","0","0","0","0","0","0","0","0"
"443146","Jay's Technical Institute","2013","Under 1,000","128","79","49","98","128","15","0","113","0","0","79","10","0","69","0","0","49","5","0","44","0","0"
"443173","Mr John's School of Cosmetology Esthetics & Nails-Jacksonville","2013","Under 1,000","39","36","3","37","39","12","0","27","0","0","36","11","0","25","0","0","3","1","0","2","0","0"
"443207","NTMA Training Centers of Southern California","2013","Under 1,000","242","242","0","242","242","241","0","1","0","0","242","241","0","1","0","0","0","0","0","0","0","0"
"443216","P C Age-Jersey City","2013","Under 1,000","196","196","0","196","196","35","0","161","0","0","196","35","0","161","0","0","0","0","0","0","0","0"
"443225","P C Age-Edison","2013","Under 1,000","65","65","0","65","65","57","0","8","0","0","65","57","0","8","0","0","0","0","0","0","0","0"
"443234","American Institute-Margate","2013","Under 1,000","240","240","0","240","240","35","0","205","0","0","240","35","0","205","0","0","0","0","0","0","0","0"
"443252","South Florida Institute of Technology","2013","Under 1,000","756","756","0","756","756","490","0","266","0","0","756","490","0","266","0","0","0","0","0","0","0","0"
"443261","Southeastern Institute-Charleston","2013","Under 1,000","229","148","81","180","229","68","0","161","0","0","148","45","0","103","0","0","81","23","0","58","0","0"
"443270","Southeastern College-Jacksonville","2013","Under 1,000","205","153","52","174","205","90","0","115","0","0","153","71","0","82","0","0","52","19","0","33","0","0"
"443289","Toni & Guy Hairdressing Academy-Colorado Springs","2013","Under 1,000","49","49","0","49","49","17","0","32","0","0","49","17","0","32","0","0","0","0","0","0","0","0"
"443298","Trend Barber College","2013","Under 1,000","196","196","0","196","196","30","0","166","0","0","196","30","0","166","0","0","0","0","0","0","0","0"
"443322","Valley Grande Institute for Academic Studies","2013","Under 1,000","118","118","0","118","118","78","0","40","0","0","118","78","0","40","0","0","0","0","0","0","0","0"
"443331","West Coast University-Los Angeles","2013","1,000 - 4,999","1435","1369","66","1395","1374","16","153","1205","0","61","1310","16","151","1143","0","59","64","0","2","62","0","2"
"443340","Williamson Christian College","2013","Under 1,000","72","71","1","71","72","9","13","50","0","0","71","9","13","49","0","0","1","0","0","1","0","0"
"443359","International Barber & Style College","2013","Under 1,000","107","100","7","103","107","28","0","79","0","0","100","22","0","78","0","0","7","6","0","1","0","0"
"443377","Triangle Tech Inc-Sunbury","2013","Under 1,000","105","105","0","105","105","61","10","34","0","0","105","61","10","34","0","0","0","0","0","0","0","0"
"443410","DigiPen Institute of Technology","2013","1,000 - 4,999","1000","852","148","910","894","156","138","600","0","106","791","148","133","510","0","61","103","8","5","90","0","45"
"443438","Fortis Institute-Fort Lauderdale","2013","Under 1,000","214","214","0","214","214","14","32","168","0","0","214","14","32","168","0","0","0","0","0","0","0","0"
"443483","Connecticut Center for Massage Therapy-Groton","2013","Under 1,000","157","22","135","76","157","49","0","108","0","0","22","9","0","13","0","0","135","40","0","95","0","0"
"443492","Pierpont Community and Technical College","2013","1,000 - 4,999","2683","1725","958","2047","2683","572","315","1221","575","0","1725","503","262","942","18","0","958","69","53","279","557","0"
"443526","ITT Technical Institute-Duluth","2013","Under 1,000","591","469","122","517","591","41","5","545","0","0","469","35","4","430","0","0","122","6","1","115","0","0"
"443535","ITT Technical Institute-Hilliard","2013","Under 1,000","322","222","100","261","322","50","17","255","0","0","222","41","11","170","0","0","100","9","6","85","0","0"
"443544","University of Phoenix-Indianapolis Campus","2013","Under 1,000","372","372","0","372","338","21","14","303","0","34","338","21","14","303","0","34","0","0","0","0","0","0"
"443562","Dewey University-Hato Rey","2013","1,000 - 4,999","2565","1772","793","2083","2470","676","20","1774","0","95","1719","532","20","1167","0","53","751","144","0","607","0","42"
"443571","InterCoast Colleges-West Covina","2013","Under 1,000","37","37","0","37","37","12","0","25","0","0","37","12","0","25","0","0","0","0","0","0","0","0"
"443599","American College of Healthcare Sciences","2013","Under 1,000","387","35","352","172","293","22","45","226","0","94","27","3","8","16","0","8","266","19","37","210","0","86"
"443623","Le Cordon Bleu College of Culinary Arts-Atlanta","2013","1,000 - 4,999","1108","1108","0","1108","1108","158","100","850","0","0","1108","158","100","850","0","0","0","0","0","0","0","0"
"443632","Colorado Media School","2013","Under 1,000","187","187","0","187","187","85","0","102","0","0","187","85","0","102","0","0","0","0","0","0","0","0"
"443641","Paul Mitchell the School-Rhode Island","2013","Under 1,000","188","125","63","150","188","46","0","142","0","0","125","31","0","94","0","0","63","15","0","48","0","0"
"443650","Miller-Motte Technical College-Chattanooga","2013","Under 1,000","442","275","167","341","442","117","53","272","0","0","275","77","35","163","0","0","167","40","18","109","0","0"
"443669","Milan Institute-Sparks","2013","Under 1,000","328","328","0","328","328","120","0","208","0","0","328","120","0","208","0","0","0","0","0","0","0","0"
"443678","Empire Beauty School-Framingham","2013","Under 1,000","94","56","38","71","94","44","0","50","0","0","56","31","0","25","0","0","38","13","0","25","0","0"
"443687","Westwood College-Chicago Loop","2013","Under 1,000","417","341","76","371","417","27","0","390","0","0","341","26","0","315","0","0","76","1","0","75","0","0"
"443696","Interactive Learning Systems-North Houston","2013","Under 1,000","25","25","0","25","25","10","0","12","3","0","25","10","0","12","3","0","0","0","0","0","0","0"
"443702","Bexley Hall Episcopal Seminary","2013","Under 1,000","15","11","4","13","0","0","0","0","0","15","0","0","0","0","0","11","0","0","0","0","0","4"
"443748","Everest Institute-Norcross","2013","Under 1,000","527","523","4","525","527","76","55","396","0","0","523","76","55","392","0","0","4","0","0","4","0","0"
"443766","Strayer University-Tennessee","2013","1,000 - 4,999","1973","142","1831","854","1196","209","146","839","2","777","62","4","9","49","0","80","1134","205","137","790","2","697"
"443784","Strayer University-Pennsylvania","2013","1,000 - 4,999","2329","267","2062","1071","1650","214","179","1251","6","679","143","7","21","115","0","124","1507","207","158","1136","6","555"
"443827","Kaplan College-Brownsville","2013","Under 1,000","461","461","0","461","461","87","18","356","0","0","461","87","18","356","0","0","0","0","0","0","0","0"
"443836","Kaplan College-Corpus Christi","2013","Under 1,000","370","370","0","370","370","57","40","272","1","0","370","57","40","272","1","0","0","0","0","0","0","0"
"443845","School of Health","2013","Under 1,000","413","413","0","413","413","124","0","289","0","0","413","124","0","289","0","0","0","0","0","0","0","0"
"443854","Everest College-Arlington","2013","Under 1,000","643","602","41","618","643","100","74","469","0","0","602","97","67","438","0","0","41","3","7","31","0","0"
"443942","Toni & Guy Hairdressing Academy-Boise","2013","Under 1,000","105","105","0","105","105","16","0","89","0","0","105","16","0","89","0","0","0","0","0","0","0","0"
"443951","Charlie's Guard-Detective Bureau and Academy Inc","2013","Under 1,000","96","96","0","96","96","58","0","38","0","0","96","58","0","38","0","0","0","0","0","0","0","0"
"443979","PCI Academy-Plymouth","2013","Under 1,000","57","39","18","46","57","6","0","51","0","0","39","4","0","35","0","0","18","2","0","16","0","0"
"444024","Everest College-Tacoma","2013","Under 1,000","859","842","17","849","859","104","118","637","0","0","842","104","118","620","0","0","17","0","0","17","0","0"
"444042","National University College-Rio Grande","2013","1,000 - 4,999","1869","1025","844","1357","1869","315","132","1421","1","0","1025","260","92","673","0","0","844","55","40","748","1","0"
"444051","Creative Images Institute of Cosmetology-South Dayton","2013","Under 1,000","99","71","28","82","99","46","0","53","0","0","71","33","0","38","0","0","28","13","0","15","0","0"
"444079","Fortis Institute-Jacksonville","2013","Under 1,000","158","144","14","150","158","30","0","128","0","0","144","25","0","119","0","0","14","5","0","9","0","0"
"444088","Brookline College-Albuquerque","2013","Under 1,000","272","272","0","272","272","159","0","113","0","0","272","159","0","113","0","0","0","0","0","0","0","0"
"444103","Byzantine Catholic Seminary of Saints Cyril and Methodius","2013","Under 1,000","11","7","4","9","0","0","0","0","0","11","0","0","0","0","0","7","0","0","0","0","0","4"
"444130","Northcentral University","2013","10,000 - 19,999","10928","4786","6142","7135","250","0","29","221","0","10678","69","0","3","66","0","4717","181","0","26","155","0","5961"
"444158","Colorado Technical University-Online","2013","20,000 and above","20826","12777","8049","15938","18061","1559","2421","13922","159","2765","10124","1081","1570","7454","19","2653","7937","478","851","6468","140","112"
"444167","Baker College of Allen Park","2013","1,000 - 4,999","3800","2035","1765","2728","3795","581","544","2636","34","5","2035","440","333","1262","0","0","1760","141","211","1374","34","5"
"444194","Bayamon Community College","2013","Under 1,000","147","147","0","147","147","33","0","114","0","0","147","33","0","114","0","0","0","0","0","0","0","0"
"444200","Harris School of Business-Dover Campus","2013","Under 1,000","438","350","88","385","438","427","0","11","0","0","350","342","0","8","0","0","88","85","0","3","0","0"
"444219","Folsom Lake College","2013","5,000 - 9,999","8034","2017","6017","4037","8034","1524","962","4910","638","0","2017","543","81","1291","102","0","6017","981","881","3619","536","0"
"444228","LeGrand Institute of Cosmetology Inc","2013","Under 1,000","31","31","0","31","31","11","0","20","0","0","31","11","0","20","0","0","0","0","0","0","0","0"
"444237","Everest Institute-Detroit","2013","Under 1,000","494","494","0","494","494","78","0","416","0","0","494","78","0","416","0","0","0","0","0","0","0","0"
"444255","Daymar Institute-Murfreesboro","2013","Under 1,000","190","156","34","169","190","23","18","149","0","0","156","21","17","118","0","0","34","2","1","31","0","0"
"444264","Cambridge Technical Institute","2013","Under 1,000","144","121","23","130","144","47","0","97","0","0","121","36","0","85","0","0","23","11","0","12","0","0"
"444282","Empire Beauty School-Midlothian","2013","Under 1,000","145","114","31","126","145","58","0","87","0","0","114","45","0","69","0","0","31","13","0","18","0","0"
"444291","Empire Beauty School-Owings Mills","2013","Under 1,000","122","95","27","106","122","47","0","75","0","0","95","39","0","56","0","0","27","8","0","19","0","0"
"444307","Empire Beauty School-West Mifflin","2013","Under 1,000","109","79","30","91","109","50","0","59","0","0","79","40","0","39","0","0","30","10","0","20","0","0"
"444316","Bold Beauty Academy","2013","Under 1,000","165","165","0","165","165","149","0","16","0","0","165","149","0","16","0","0","0","0","0","0","0","0"
"444325","ATI College-Norwalk","2013","Under 1,000","120","66","54","87","120","34","0","86","0","0","66","29","0","37","0","0","54","5","0","49","0","0"
"444334","Advance Science Institute","2013","Under 1,000","39","39","0","39","39","22","0","17","0","0","39","22","0","17","0","0","0","0","0","0","0","0"
"444343","Advanced College","2013","Under 1,000","227","227","0","227","227","140","18","69","0","0","227","140","18","69","0","0","0","0","0","0","0","0"
"444352","Advance Tech College","2013","Under 1,000","55","55","0","55","55","11","0","44","0","0","55","11","0","44","0","0","0","0","0","0","0","0"
"444361","Advanced Training Associates","2013","Under 1,000","103","103","0","103","103","30","0","73","0","0","103","30","0","73","0","0","0","0","0","0","0","0"
"444370","American Advanced Technicians Institute","2013","Under 1,000","97","97","0","97","97","22","0","75","0","0","97","22","0","75","0","0","0","0","0","0","0","0"
"444398","Baptist University of the Americas","2013","Under 1,000","189","140","49","159","189","19","20","150","0","0","140","17","16","107","0","0","49","2","4","43","0","0"
"444404","The Beauty Institute","2013","Under 1,000","70","42","28","53","70","66","0","4","0","0","42","40","0","2","0","0","28","26","0","2","0","0"
"444413","Beis Medrash Heichal Dovid","2013","Under 1,000","113","113","0","113","96","32","7","57","0","17","96","32","7","57","0","17","0","0","0","0","0","0"
"444422","Bellefonte Academy of Beauty","2013","Under 1,000","141","141","0","141","141","14","0","127","0","0","141","14","0","127","0","0","0","0","0","0","0","0"
"444440","Blue Cliff Career College","2013","Under 1,000","82","82","0","82","82","76","0","6","0","0","82","76","0","6","0","0","0","0","0","0","0","0"
"444468","Career Beauty College","2013","Under 1,000","27","27","0","27","27","12","0","15","0","0","27","12","0","15","0","0","0","0","0","0","0","0"
"444486","Paul Mitchell the School-Gastonia","2013","Under 1,000","386","281","105","323","386","24","0","362","0","0","281","14","0","267","0","0","105","10","0","95","0","0"
"444510","CES College","2013","Under 1,000","166","148","18","155","166","53","0","113","0","0","148","48","0","100","0","0","18","5","0","13","0","0"
"444529","Computer Tutor Business and Technical Institute","2013","Under 1,000","121","121","0","121","121","54","0","67","0","0","121","54","0","67","0","0","0","0","0","0","0","0"
"444547","Court Reporting Institute of Louisiana","2013","Under 1,000","31","23","8","26","31","3","0","28","0","0","23","3","0","20","0","0","8","0","0","8","0","0"
"444556","Auguste Escoffier School of Culinary Arts-Austin","2013","Under 1,000","261","261","0","261","261","257","0","4","0","0","261","257","0","4","0","0","0","0","0","0","0","0"
"444565","Culinary Institute Inc","2013","Under 1,000","374","126","248","224","374","28","20","320","6","0","126","9","12","100","5","0","248","19","8","220","1","0"
"444574","Dade Medical College-Miami","2013","1,000 - 4,999","1083","1083","0","1083","1083","264","48","771","0","0","1083","264","48","771","0","0","0","0","0","0","0","0"
"444583","Escuela Hotelera de San Juan","2013","Under 1,000","886","886","0","886","886","490","0","396","0","0","886","490","0","396","0","0","0","0","0","0","0","0"
"444592","Expertise Cosmetology Institute","2013","Under 1,000","29","16","13","21","29","23","0","6","0","0","16","14","0","2","0","0","13","9","0","4","0","0"
"444608","Paul Mitchell the School-Monroe","2013","Under 1,000","57","57","0","57","57","11","0","46","0","0","57","11","0","46","0","0","0","0","0","0","0","0"
"444635","Healing Arts Institute","2013","Under 1,000","48","0","48","19","48","10","0","38","0","0","0","0","0","0","0","0","48","10","0","38","0","0"
"444644","Health Works Institute","2013","Under 1,000","36","36","0","36","36","6","0","30","0","0","36","6","0","30","0","0","0","0","0","0","0","0"
"444653","In Session Arts of Cosmetology Beauty School","2013","Under 1,000","77","49","28","60","77","70","0","7","0","0","49","46","0","3","0","0","28","24","0","4","0","0"
"444662","Moore Career College","2013","Under 1,000","59","45","14","51","59","32","0","27","0","0","45","32","0","13","0","0","14","0","0","14","0","0"
"444671","Industrial Technical College","2013","Under 1,000","258","258","0","258","258","73","0","185","0","0","258","73","0","185","0","0","0","0","0","0","0","0"
"444680","Institute of Beauty Occupation and Technology Course","2013","Under 1,000","52","52","0","52","52","38","0","14","0","0","52","38","0","14","0","0","0","0","0","0","0","0"
"444699","Institute of Clinical Acupuncture & Oriental Med","2013","Under 1,000","53","48","5","50","0","0","0","0","0","53","0","0","0","0","0","48","0","0","0","0","0","5"
"444705","Institute of Hair Design","2013","Under 1,000","19","19","0","19","19","15","0","4","0","0","19","15","0","4","0","0","0","0","0","0","0","0"
"444714","MedTech Institute-Atlanta Campus","2013","Under 1,000","539","539","0","539","539","124","22","393","0","0","539","124","22","393","0","0","0","0","0","0","0","0"
"444723","Jones International University","2013","1,000 - 4,999","2782","1599","1183","2060","1634","320","96","1170","48","1148","786","249","66","470","1","813","848","71","30","700","47","335"
"444732","Leston College","2013","Under 1,000","180","180","0","180","180","101","0","79","0","0","180","101","0","79","0","0","0","0","0","0","0","0"
"444769","Medical Professional Institute","2013","Under 1,000","283","130","153","191","283","43","0","240","0","0","130","3","0","127","0","0","153","40","0","113","0","0"
"444778","New Life Theological Seminary","2013","Under 1,000","163","56","107","98","122","4","3","115","0","41","54","1","3","50","0","2","68","3","0","65","0","39"
"444787","Nightingale College","2013","Under 1,000","86","86","0","86","86","0","45","41","0","0","86","0","45","41","0","0","0","0","0","0","0","0"
"444796","Omnitech Institute","2013","Under 1,000","92","92","0","92","92","82","0","10","0","0","92","82","0","10","0","0","0","0","0","0","0","0"
"444811","PITC Institute","2013","Under 1,000","289","198","91","234","289","25","0","264","0","0","198","25","0","173","0","0","91","0","0","91","0","0"
"444857","Skinworks School of Advanced Skincare","2013","Under 1,000","56","56","0","56","56","16","0","40","0","0","56","16","0","40","0","0","0","0","0","0","0","0"
"444866","Southeastern Institute-Columbia","2013","Under 1,000","177","111","66","137","177","26","0","151","0","0","111","21","0","90","0","0","66","5","0","61","0","0"
"444893","Technical Learning Centers Inc","2013","Under 1,000","290","290","0","290","290","206","0","84","0","0","290","206","0","84","0","0","0","0","0","0","0","0"
"444909","Total Look School of Cosmetology & Massage Therapy","2013","Under 1,000","5","5","0","5","5","4","0","1","0","0","5","4","0","1","0","0","0","0","0","0","0","0"
"444927","The Art Institute of Tucson","2013","Under 1,000","426","305","121","353","426","86","61","279","0","0","305","72","48","185","0","0","121","14","13","94","0","0"
"444936","Turning Point Beauty College","2013","Under 1,000","49","49","0","49","49","42","0","7","0","0","49","42","0","7","0","0","0","0","0","0","0","0"
"444945","Unitech Training Academy-Lafayette","2013","Under 1,000","129","129","0","129","129","87","0","42","0","0","129","87","0","42","0","0","0","0","0","0","0","0"
"444954","Mountwest Community and Technical College","2013","1,000 - 4,999","2257","1402","855","1689","2257","534","409","1098","216","0","1402","384","273","693","52","0","855","150","136","405","164","0"
"444972","Centura College-Columbia","2013","Under 1,000","64","31","33","44","64","0","0","64","0","0","31","0","0","31","0","0","33","0","0","33","0","0"
"444990","Flagler College-Tallahassee","2013","Under 1,000","478","439","39","454","478","0","131","338","9","0","439","0","130","308","1","0","39","0","1","30","8","0"
"445027","American InterContinental University-Online","2013","10,000 - 19,999","11619","6119","5500","8271","10105","874","1435","7794","2","1514","5440","607","1018","3815","0","679","4665","267","417","3979","2","835"
"445072","Westwood College-Atlanta Midtown","2013","Under 1,000","448","349","99","388","448","41","1","406","0","0","349","39","0","310","0","0","99","2","1","96","0","0"
"445081","ITT Technical Institute-Eden Prairie","2013","Under 1,000","208","148","60","172","208","23","2","183","0","0","148","19","2","127","0","0","60","4","0","56","0","0"
"445090","Virginia College-Mobile","2013","Under 1,000","561","425","136","479","561","274","0","287","0","0","425","243","0","182","0","0","136","31","0","105","0","0"
"445115","Le Cordon Bleu College of Culinary Arts-Las Vegas","2013","Under 1,000","605","605","0","605","605","65","32","508","0","0","605","65","32","508","0","0","0","0","0","0","0","0"
"445124","International Academy of Design and Technology-Troy","2013","Under 1,000","351","259","92","295","351","25","17","305","4","0","259","12","10","236","1","0","92","13","7","69","3","0"
"445133","American InterContinental University-Houston","2013","Under 1,000","521","306","215","390","463","62","62","339","0","58","257","39","34","184","0","49","206","23","28","155","0","9"
"445188","University of California-Merced","2013","5,000 - 9,999","6195","6132","63","6157","5837","1654","103","4080","0","358","5776","1653","102","4021","0","356","61","1","1","59","0","2"
"445197","Everest College-Fort Worth","2013","Under 1,000","505","460","45","478","505","85","40","380","0","0","460","85","36","339","0","0","45","0","4","41","0","0"
"445203","Remington College-North Houston Campus","2013","Under 1,000","474","474","0","474","474","147","3","324","0","0","474","147","3","324","0","0","0","0","0","0","0","0"
"445212","Paul Mitchell the School-Orlando","2013","Under 1,000","252","179","73","208","252","40","0","212","0","0","179","28","0","151","0","0","73","12","0","61","0","0"
"445221","Regency Beauty Institute-Maplewood","2013","Under 1,000","58","41","17","48","58","23","0","35","0","0","41","17","0","24","0","0","17","6","0","11","0","0"
"445230","Pima Medical Institute-Las Vegas","2013","1,000 - 4,999","1018","1018","0","1018","1018","347","0","671","0","0","1018","347","0","671","0","0","0","0","0","0","0","0"
"445249","Remington College-Nashville Campus","2013","Under 1,000","298","298","0","298","298","82","23","193","0","0","298","82","23","193","0","0","0","0","0","0","0","0"
"445258","Platt College-North OKC","2013","Under 1,000","266","266","0","266","266","47","39","180","0","0","266","47","39","180","0","0","0","0","0","0","0","0"
"445267","Central Methodist University-College of Graduate and Extended Studies","2013","1,000 - 4,999","4555","1445","3110","2667","4330","0","753","871","2706","225","1246","0","590","648","8","199","3084","0","163","223","2698","26"
"445276","Westwood College-Northlake","2013","Under 1,000","420","337","83","370","420","40","3","377","0","0","337","36","3","298","0","0","83","4","0","79","0","0"
"445300","University of Phoenix-Jersey City Campus","2013","Under 1,000","455","455","0","455","455","40","23","392","0","0","455","40","23","392","0","0","0","0","0","0","0","0"
"445319","University of Phoenix-Minneapolis St Paul Campus","2013","Under 1,000","180","180","0","180","153","5","10","138","0","27","153","5","10","138","0","27","0","0","0","0","0","0"
"445328","Kaplan College-Fort Worth","2013","Under 1,000","282","282","0","282","282","75","5","184","18","0","282","75","5","184","18","0","0","0","0","0","0","0"
"445346","Kaplan College-Lubbock","2013","Under 1,000","267","267","0","267","267","85","14","166","2","0","267","85","14","166","2","0","0","0","0","0","0","0"
"445364","North-West College-Riverside","2013","Under 1,000","392","392","0","392","392","95","0","297","0","0","392","95","0","297","0","0","0","0","0","0","0","0"
"445373","Everest Institute-Chelsea","2013","Under 1,000","434","434","0","434","434","74","0","360","0","0","434","74","0","360","0","0","0","0","0","0","0","0"
"445382","Everest Institute-Eagan","2013","Under 1,000","327","327","0","327","327","40","0","287","0","0","327","40","0","287","0","0","0","0","0","0","0","0"
"445391","University of Phoenix-Louisville Campus","2013","Under 1,000","216","216","0","216","203","6","13","184","0","13","203","6","13","184","0","13","0","0","0","0","0","0"
"445434","Everest University-Orange Park","2013","Under 1,000","711","575","136","628","711","94","54","563","0","0","575","92","40","443","0","0","136","2","14","120","0","0"
"445461","Everest Institute-Bissonnet","2013","Under 1,000","934","934","0","934","934","174","0","760","0","0","934","174","0","760","0","0","0","0","0","0","0","0"
"445470","Everest College-McLean","2013","Under 1,000","237","208","29","220","237","48","36","153","0","0","208","48","34","126","0","0","29","0","2","27","0","0"
"445498","Colegio Tecnico de Electricidad Galloza","2013","Under 1,000","76","76","0","76","76","29","0","47","0","0","76","29","0","47","0","0","0","0","0","0","0","0"
"445504","Empire Beauty School-St Paul","2013","Under 1,000","76","53","23","62","76","18","0","58","0","0","53","14","0","39","0","0","23","4","0","19","0","0"
"445540","Arthur's Beauty School Inc-Conway","2013","Under 1,000","67","67","0","67","67","16","0","51","0","0","67","16","0","51","0","0","0","0","0","0","0","0"
"445559","Vatterott College-St Charles","2013","Under 1,000","305","305","0","305","305","64","27","214","0","0","305","64","27","214","0","0","0","0","0","0","0","0"
"445577","Anthem Institute-North Brunswick","2013","Under 1,000","293","293","0","293","293","117","0","176","0","0","293","117","0","176","0","0","0","0","0","0","0","0"
"445638","Spa Tech Institute-Ipswich","2013","Under 1,000","43","26","17","33","43","5","0","38","0","0","26","3","0","23","0","0","17","2","0","15","0","0"
"445647","Spa Tech Institute-Westboro","2013","Under 1,000","93","44","49","63","93","13","0","80","0","0","44","6","0","38","0","0","49","7","0","42","0","0"
"445656","Spa Tech Institute-Plymouth","2013","Under 1,000","136","66","70","94","136","28","0","108","0","0","66","12","0","54","0","0","70","16","0","54","0","0"
"445665","Milan Institute of Cosmetology-San Antonio Walzem","2013","Under 1,000","233","233","0","233","233","67","0","166","0","0","233","67","0","166","0","0","0","0","0","0","0","0"
"445683","Wards Corner Beauty Academy-Virginia Beach","2013","Under 1,000","35","35","0","35","35","34","0","1","0","0","35","34","0","1","0","0","0","0","0","0","0","0"
"445692","Neumont University","2013","Under 1,000","420","420","0","420","420","138","21","261","0","0","420","138","21","261","0","0","0","0","0","0","0","0"
"445708","Johnson & Wales University-Charlotte","2013","1,000 - 4,999","2325","2286","39","2301","2325","624","164","1537","0","0","2286","622","163","1501","0","0","39","2","1","36","0","0"
"445726","L'Ecole Culinaire-St Louis","2013","Under 1,000","269","269","0","269","269","28","24","217","0","0","269","28","24","217","0","0","0","0","0","0","0","0"
"445735","Roseman University of Health Sciences","2013","1,000 - 4,999","1343","1297","46","1315","264","0","166","98","0","1079","264","0","166","98","0","1033","0","0","0","0","0","46"
"445744","Fortis Institute-Port Saint Lucie","2013","Under 1,000","464","464","0","464","464","78","30","356","0","0","464","78","30","356","0","0","0","0","0","0","0","0"
"445753","Fortis Institute-Miami","2013","Under 1,000","130","130","0","130","130","3","17","110","0","0","130","3","17","110","0","0","0","0","0","0","0","0"
"445762","Aviation Institute of Maintenance-Manassas","2013","Under 1,000","77","73","4","75","77","0","0","77","0","0","73","0","0","73","0","0","4","0","0","4","0","0"
"445771","Everest College-North Aurora","2013","Under 1,000","275","275","0","275","275","32","0","243","0","0","275","32","0","243","0","0","0","0","0","0","0","0"
"445780","Cosmetology School of Arts and Sciences","2013","Under 1,000","32","32","0","32","32","15","0","17","0","0","32","15","0","17","0","0","0","0","0","0","0","0"
"445799","Universal Technical Institute of Pennsylvania Inc","2013","1,000 - 4,999","1728","1728","0","1728","1728","560","0","1168","0","0","1728","560","0","1168","0","0","0","0","0","0","0","0"
"445814","Heritage College-Kansas City","2013","Under 1,000","616","616","0","616","616","99","79","438","0","0","616","99","79","438","0","0","0","0","0","0","0","0"
"445841","Kenneth Shuler School of Cosmetology-Spartanburg","2013","Under 1,000","113","84","29","96","113","11","0","102","0","0","84","9","0","75","0","0","29","2","0","27","0","0"
"445850","Kenneth Shuler School of Cosmetology-Columbia","2013","Under 1,000","119","80","39","95","119","9","0","110","0","0","80","8","0","72","0","0","39","1","0","38","0","0"
"445869","Institute for the Psychological Sciences","2013","Under 1,000","80","78","2","79","0","0","0","0","0","80","0","0","0","0","0","78","0","0","0","0","0","2"
"445911","Lincoln Technical Institute-Shelton","2013","Under 1,000","532","348","184","421","532","82","0","450","0","0","348","61","0","287","0","0","184","21","0","163","0","0"
"445920","Minnesota School of Business-Waite Park","2013","Under 1,000","354","247","107","289","354","42","51","246","15","0","247","41","45","159","2","0","107","1","6","87","13","0"
"445948","Northwest Career College","2013","Under 1,000","207","202","5","204","207","65","0","142","0","0","202","62","0","140","0","0","5","3","0","2","0","0"
"445957","Soma Institute-The National School of Clinical Massage Therapy","2013","Under 1,000","268","0","268","106","268","101","0","167","0","0","0","0","0","0","0","0","268","101","0","167","0","0"
"445984","Xtreme Career Institute","2013","Under 1,000","33","33","0","33","33","31","0","2","0","0","33","31","0","2","0","0","0","0","0","0","0","0"
"445993","Marinello Schools of Beauty-Niantic","2013","Under 1,000","307","221","86","255","307","31","0","276","0","0","221","23","0","198","0","0","86","8","0","78","0","0"
"446002","American Academy of Acupuncture and Oriental Medicine","2013","Under 1,000","65","35","30","46","0","0","0","0","0","65","0","0","0","0","0","35","0","0","0","0","0","30"
"446039","Arizona School of Acupuncture and Oriental Medicine","2013","Under 1,000","42","37","5","39","0","0","0","0","0","42","0","0","0","0","0","37","0","0","0","0","0","5"
"446048","Ave Maria University","2013","Under 1,000","988","965","23","974","906","254","62","588","2","82","890","254","61","575","0","75","16","0","1","13","2","7"
"446057","Blue Sky School of Professional Massage and Therapeutic Bodywork","2013","Under 1,000","39","39","0","39","39","11","0","28","0","0","39","11","0","28","0","0","0","0","0","0","0","0"
"446075","Buchanan Beauty College","2013","Under 1,000","21","21","0","21","21","4","0","17","0","0","21","4","0","17","0","0","0","0","0","0","0","0"
"446084","CALC Institute of Technology","2013","Under 1,000","201","11","190","86","201","56","0","145","0","0","11","0","0","11","0","0","190","56","0","134","0","0"
"446093","Cambridge Junior College-Yuba City","2013","Under 1,000","167","167","0","167","167","17","54","96","0","0","167","17","54","96","0","0","0","0","0","0","0","0"
"446109","Cambridge Institute of Allied Health & Technology","2013","Under 1,000","185","185","0","185","185","58","0","127","0","0","185","58","0","127","0","0","0","0","0","0","0","0"
"446118","Career Care Institute","2013","Under 1,000","615","615","0","615","615","331","0","284","0","0","615","331","0","284","0","0","0","0","0","0","0","0"
"446127","ATA Career Education","2013","Under 1,000","228","228","0","228","228","27","105","96","0","0","228","27","105","96","0","0","0","0","0","0","0","0"
"446136","Career Quest Learning Centers-Lansing","2013","Under 1,000","422","422","0","422","422","182","0","240","0","0","422","182","0","240","0","0","0","0","0","0","0","0"
"446145","Central State Massage Academy","2013","Under 1,000","36","28","8","31","36","5","0","31","0","0","28","4","0","24","0","0","8","1","0","7","0","0"
"446163","Community Christian College","2013","Under 1,000","60","42","18","49","60","28","1","31","0","0","42","17","1","24","0","0","18","11","0","7","0","0"
"446190","Crossett School of Cosmetology","2013","Under 1,000","27","27","0","27","27","8","0","19","0","0","27","8","0","19","0","0","0","0","0","0","0","0"
"446206","Culpeper Cosmetology Training Center","2013","Under 1,000","33","26","7","28","33","10","0","23","0","0","26","9","0","17","0","0","7","1","0","6","0","0"
"446215","Day Spa Career College","2013","Under 1,000","44","44","0","44","44","11","0","33","0","0","44","11","0","33","0","0","0","0","0","0","0","0"
"446224","Eastern School of Acupuncture and Traditional Medicine","2013","Under 1,000","64","63","1","63","64","0","0","64","0","0","63","0","0","63","0","0","1","0","0","1","0","0"
"446233","Ecclesia College","2013","Under 1,000","178","144","34","157","178","80","4","91","3","0","144","77","2","63","2","0","34","3","2","28","1","0"
"446242","Employment Solutions-College for Technical Education","2013","Under 1,000","176","176","0","176","176","51","0","125","0","0","176","51","0","125","0","0","0","0","0","0","0","0"
"446251","European Massage Therapy School-Skokie","2013","Under 1,000","67","67","0","67","67","30","0","37","0","0","67","30","0","37","0","0","0","0","0","0","0","0"
"446260","Evergreen Beauty and Barber College-Everett","2013","Under 1,000","128","128","0","128","128","31","0","97","0","0","128","31","0","97","0","0","0","0","0","0","0","0"
"446288","Paul Mitchell the School-Great Lakes","2013","Under 1,000","87","60","27","71","87","17","0","70","0","0","60","11","0","49","0","0","27","6","0","21","0","0"
"446303","Healthcare Training Institute","2013","Under 1,000","68","34","34","47","68","24","0","44","0","0","34","14","0","20","0","0","34","10","0","24","0","0"
"446349","John D Rockefeller IV Career Center","2013","Under 1,000","3","3","0","3","3","2","0","1","0","0","3","2","0","1","0","0","0","0","0","0","0","0"
"446385","Los Angeles Music Academy","2013","Under 1,000","148","142","6","144","148","25","43","80","0","0","142","25","43","74","0","0","6","0","0","6","0","0"
"446394","Maple Springs Baptist Bible College and Seminary","2013","Under 1,000","105","7","98","45","76","6","6","64","0","29","4","1","1","2","0","3","72","5","5","62","0","26"
"446400","MCI Institute of Technology","2013","Under 1,000","148","148","0","148","148","78","0","70","0","0","148","78","0","70","0","0","0","0","0","0","0","0"
"446446","Centura Institute","2013","Under 1,000","45","20","25","30","45","0","0","45","0","0","20","0","0","20","0","0","25","0","0","25","0","0"
"446455","Precision Manufacturing Institute","2013","Under 1,000","38","38","0","38","38","26","0","12","0","0","38","26","0","12","0","0","0","0","0","0","0","0"
"446464","Professional Massage Training Center","2013","Under 1,000","57","57","0","57","57","2","0","55","0","0","57","2","0","55","0","0","0","0","0","0","0","0"
"446516","Rosslyn Training Academy of Cosmetology","2013","Under 1,000","31","31","0","31","31","24","0","7","0","0","31","24","0","7","0","0","0","0","0","0","0","0"
"446525","SAE Institute of Technology-Nashville","2013","Under 1,000","92","92","0","92","92","42","16","34","0","0","92","42","16","34","0","0","0","0","0","0","0","0"
"446534","eClips School of Cosmetology and Barbering","2013","Under 1,000","114","114","0","114","114","81","0","33","0","0","114","81","0","33","0","0","0","0","0","0","0","0"
"446543","Shear Academy","2013","Under 1,000","26","26","0","26","26","24","0","2","0","0","26","24","0","2","0","0","0","0","0","0","0","0"
"446552","Southern Technical College","2013","1,000 - 4,999","1502","1502","0","1502","1502","468","0","1034","0","0","1502","468","0","1034","0","0","0","0","0","0","0","0"
"446561","Stanbridge College","2013","Under 1,000","963","963","0","963","963","144","24","795","0","0","963","144","24","795","0","0","0","0","0","0","0","0"
"446570","Styletrends Barber and Hairstyling Academy","2013","Under 1,000","17","6","11","10","17","14","0","3","0","0","6","5","0","1","0","0","11","9","0","2","0","0"
"446589","Universal Career School","2013","Under 1,000","133","92","41","108","133","38","0","95","0","0","92","27","0","65","0","0","41","11","0","30","0","0"
"446598","Universal College of Healing Arts","2013","Under 1,000","28","28","0","28","28","5","1","21","1","0","28","5","1","21","1","0","0","0","0","0","0","0"
"446604","Uta Mesivta of Kiryas Joel","2013","1,000 - 4,999","1561","1561","0","1561","1561","305","171","1085","0","0","1561","305","171","1085","0","0","0","0","0","0","0","0"
"446613","W L Bonner College","2013","Not reported",,,,,,,,,,,,,,,,,,,,,,
"446640","Harrisburg University of Science and Technology","2013","Under 1,000","344","281","63","305","289","108","5","165","11","55","271","107","4","160","0","10","18","1","1","5","11","45"
"446668","The Art Institute of Ohio-Cincinnati","2013","Under 1,000","834","578","256","679","834","292","71","471","0","0","578","202","36","340","0","0","256","90","35","131","0","0"
"446677","Stevens-Henager College-Logan","2013","Under 1,000","140","140","0","140","140","17","8","115","0","0","140","17","8","115","0","0","0","0","0","0","0","0"
"446729","University of Phoenix-Des Moines Campus","2013","Under 1,000","61","61","0","61","46","0","4","42","0","15","46","0","4","42","0","15","0","0","0","0","0","0"
"446774","Blue Ridge Community and Technical College","2013","5,000 - 9,999","5020","1191","3829","2477","5020","487","311","1442","2780","0","1191","331","125","722","13","0","3829","156","186","720","2767","0"
"446792","International Academy of Design and Technology-Henderson","2013","Under 1,000","447","344","103","384","447","60","36","351","0","0","344","29","19","296","0","0","103","31","17","55","0","0"
"446808","International Academy of Design and Technology-Seattle","2013","Under 1,000","384","298","86","332","384","70","33","281","0","0","298","35","16","247","0","0","86","35","17","34","0","0"
"446817","International Academy of Design and Technology-Nashville","2013","Under 1,000","117","80","37","95","117","0","0","117","0","0","80","0","0","80","0","0","37","0","0","37","0","0"
"446835","Le Cordon Bleu College of Culinary Arts-Miami","2013","Under 1,000","721","721","0","721","721","108","40","573","0","0","721","108","40","573","0","0","0","0","0","0","0","0"
"446844","Le Cordon Bleu College of Culinary Arts-Minneapolis","2013","Under 1,000","572","572","0","572","572","72","21","479","0","0","572","72","21","479","0","0","0","0","0","0","0","0"
"446880","Career Technical College-Shreveport","2013","Under 1,000","395","319","76","349","395","108","115","172","0","0","319","94","98","127","0","0","76","14","17","45","0","0"
"446899","ITT Technical Institute-Kansas City","2013","Under 1,000","362","300","62","324","362","58","13","291","0","0","300","55","12","233","0","0","62","3","1","58","0","0"
"446905","ITT Technical Institute-Kennesaw","2013","Under 1,000","351","278","73","307","351","20","5","326","0","0","278","16","3","259","0","0","73","4","2","67","0","0"
"446914","ITT Technical Institute-Owings Mills","2013","Under 1,000","616","432","184","504","616","86","2","528","0","0","432","74","1","357","0","0","184","12","1","171","0","0"
"446923","ITT Technical Institute-Warrensville Heights","2013","Under 1,000","458","344","114","389","458","74","16","368","0","0","344","68","8","268","0","0","114","6","8","100","0","0"
"446932","Union Graduate College","2013","Under 1,000","410","115","295","228","0","0","0","0","0","410","0","0","0","0","0","115","0","0","0","0","0","295"
"446996","Chambersburg Beauty School","2013","Under 1,000","64","51","13","56","64","29","0","35","0","0","51","26","0","25","0","0","13","3","0","10","0","0"
"447014","Daytona College","2013","Under 1,000","327","327","0","327","327","123","112","92","0","0","327","123","112","92","0","0","0","0","0","0","0","0"
"447023","Delta Technical College","2013","Under 1,000","648","631","17","638","648","294","0","354","0","0","631","279","0","352","0","0","17","15","0","2","0","0"
"447050","United States University","2013","Under 1,000","282","145","137","198","178","3","61","17","97","104","110","1","38","14","57","35","68","2","23","3","40","69"
"447069","Westwood College-Arlington Ballston","2013","Under 1,000","371","264","107","306","371","50","4","317","0","0","264","44","3","217","0","0","107","6","1","100","0","0"
"447102","Kaplan College-Bakersfield","2013","Under 1,000","512","512","0","512","512","116","21","342","33","0","512","116","21","342","33","0","0","0","0","0","0","0"
"447120","Kaplan College-Fresno","2013","Under 1,000","312","312","0","312","312","69","11","232","0","0","312","69","11","232","0","0","0","0","0","0","0","0"
"447148","Empire Beauty School-Avondale","2013","Under 1,000","249","184","65","210","249","103","0","146","0","0","184","79","0","105","0","0","65","24","0","41","0","0"
"447166","Empire Beauty School-Littleton","2013","Under 1,000","92","72","20","80","92","25","0","67","0","0","72","22","0","50","0","0","20","3","0","17","0","0"
"447175","Empire Beauty School-Aurora","2013","Under 1,000","136","103","33","116","136","53","0","83","0","0","103","44","0","59","0","0","33","9","0","24","0","0"
"447209","Everest Institute-Gahanna","2013","Under 1,000","462","462","0","462","462","61","0","401","0","0","462","61","0","401","0","0","0","0","0","0","0","0"
"447218","Everest College-Merrionette Park","2013","Under 1,000","420","420","0","420","420","69","0","351","0","0","420","69","0","351","0","0","0","0","0","0","0","0"
"447227","Everest College-Earth City","2013","Under 1,000","573","573","0","573","573","55","0","518","0","0","573","55","0","518","0","0","0","0","0","0","0","0"
"447236","Everest College-Mesa","2013","Under 1,000","367","274","93","311","367","47","48","272","0","0","274","46","33","195","0","0","93","1","15","77","0","0"
"447245","Everest Institute-Silver Spring","2013","Under 1,000","527","527","0","527","527","115","0","412","0","0","527","115","0","412","0","0","0","0","0","0","0","0"
"447254","Alvareitas College of Cosmetology-Belleville","2013","Under 1,000","18","18","0","18","18","10","0","8","0","0","18","10","0","8","0","0","0","0","0","0","0","0"
"447263","AmeriTech College-Draper","2013","1,000 - 4,999","1036","1036","0","1036","1036","80","0","956","0","0","1036","80","0","956","0","0","0","0","0","0","0","0"
"447272","Argosy University-Los Angeles","2013","Under 1,000","620","151","469","333","319","44","58","217","0","301","84","9","15","60","0","67","235","35","43","157","0","234"
"447290","Brown Mackie College-Miami","2013","Under 1,000","953","953","0","953","953","115","149","689","0","0","953","115","149","689","0","0","0","0","0","0","0","0"
"447315","Regency Beauty Institute-Darien","2013","Under 1,000","58","35","23","44","58","19","0","39","0","0","35","12","0","23","0","0","23","7","0","16","0","0"
"447324","Regency Beauty Institute-Aurora","2013","Under 1,000","129","88","41","104","129","50","0","79","0","0","88","38","0","50","0","0","41","12","0","29","0","0"
"447333","Regency Beauty Institute-Madison","2013","Under 1,000","49","49","0","49","49","11","0","38","0","0","49","11","0","38","0","0","0","0","0","0","0","0"
"447342","Regency Beauty Institute-Ridgedale","2013","Under 1,000","52","34","18","41","52","23","0","29","0","0","34","15","0","19","0","0","18","8","0","10","0","0"
"447360","Fortis College-Largo","2013","Under 1,000","279","279","0","279","279","19","42","218","0","0","279","19","42","218","0","0","0","0","0","0","0","0"
"447379","Platt College-Moore","2013","Under 1,000","172","172","0","172","172","16","45","111","0","0","172","16","45","111","0","0","0","0","0","0","0","0"
"447403","Universal Technical Institute of Massachusetts Inc","2013","1,000 - 4,999","1083","1083","0","1083","1083","326","0","757","0","0","1083","326","0","757","0","0","0","0","0","0","0","0"
"447421","Eagle Gate College-Layton","2013","Under 1,000","241","127","114","172","241","73","15","131","22","0","127","47","4","57","19","0","114","26","11","74","3","0"
"447430","Carsten Institute of Cosmetology","2013","Under 1,000","142","90","52","111","142","37","0","105","0","0","90","26","0","64","0","0","52","11","0","41","0","0"
"447449","Academy of Hair Design-Jasper","2013","Under 1,000","57","35","22","44","57","33","0","24","0","0","35","18","0","17","0","0","22","15","0","7","0","0"
"447458","Expression College for Digital Arts","2013","Under 1,000","574","574","0","574","574","33","32","509","0","0","574","33","32","509","0","0","0","0","0","0","0","0"
"447467","Unitech Training Academy-West Monroe","2013","Under 1,000","111","111","0","111","111","70","0","41","0","0","111","70","0","41","0","0","0","0","0","0","0","0"
"447476","Daymar College-Bellevue","2013","Under 1,000","97","83","14","88","97","11","9","77","0","0","83","8","8","67","0","0","14","3","1","10","0","0"
"447494","Salter School-Fall River","2013","Under 1,000","298","210","88","245","298","255","0","43","0","0","210","182","0","28","0","0","88","73","0","15","0","0"
"447519","Seacoast Career School-Manchester Campus","2013","Under 1,000","321","225","96","263","321","222","0","99","0","0","225","155","0","70","0","0","96","67","0","29","0","0"
"447528","Instituto de Educacion Tecnica Ocupacional La Reine-Aguadilla","2013","Under 1,000","138","138","0","138","138","121","0","17","0","0","138","121","0","17","0","0","0","0","0","0","0","0"
"447582","New River Community and Technical College","2013","1,000 - 4,999","2551","1657","894","1957","2551","634","253","1135","529","0","1657","575","190","857","35","0","894","59","63","278","494","0"
"447591","The College of Health Care Professions-Southwest Houston","2013","Under 1,000","229","229","0","229","229","228","0","1","0","0","229","228","0","1","0","0","0","0","0","0","0","0"
"447625","Eagle Gate College-Salt Lake City","2013","Under 1,000","186","69","117","115","186","64","39","49","34","0","69","23","5","12","29","0","117","41","34","37","5","0"
"447634","Kaplan College-Palm Springs","2013","Under 1,000","362","362","0","362","362","50","43","269","0","0","362","50","43","269","0","0","0","0","0","0","0","0"
"447670","Minnesota School of Business-Rochester","2013","Under 1,000","264","209","55","231","264","21","48","187","8","0","209","21","45","141","2","0","55","0","3","46","6","0"
"447689","Georgia Gwinnett College","2013","5,000 - 9,999","9719","6832","2887","7997","9719","2107","793","6425","394","0","6832","1752","518","4440","122","0","2887","355","275","1985","272","0"
"447698","Phoenix Institute of Herbal Medicine & Acupuncture","2013","Under 1,000","124","95","29","106","0","0","0","0","0","124","0","0","0","0","0","95","0","0","0","0","0","29"
"447704","Tucson College of Beauty","2013","Under 1,000","64","56","8","59","64","15","0","49","0","0","56","13","0","43","0","0","8","2","0","6","0","0"
"447713","California Career College","2013","Under 1,000","78","0","78","31","78","27","0","51","0","0","0","0","0","0","0","0","78","27","0","51","0","0"
"447722","Palladium Technical Academy","2013","Under 1,000","73","73","0","73","73","14","0","59","0","0","73","14","0","59","0","0","0","0","0","0","0","0"
"447731","Palace Beauty College","2013","Under 1,000","148","78","70","106","148","58","0","90","0","0","78","45","0","33","0","0","70","13","0","57","0","0"
"447759","National Polytechnic College","2013","Under 1,000","234","234","0","234","234","48","0","186","0","0","234","48","0","186","0","0","0","0","0","0","0","0"
"447768","American Career College-Ontario","2013","1,000 - 4,999","1634","1634","0","1634","1634","184","280","1170","0","0","1634","184","280","1170","0","0","0","0","0","0","0","0"
"447777","Asher College","2013","Under 1,000","686","15","671","281","686","322","2","362","0","0","15","3","2","10","0","0","671","319","0","352","0","0"
"447795","American Institute of Massage Therapy","2013","Under 1,000","28","28","0","28","28","27","0","1","0","0","28","27","0","1","0","0","0","0","0","0","0","0"
"447801","University of East-West Medicine","2013","Under 1,000","177","118","59","141","0","0","0","0","0","177","0","0","0","0","0","118","0","0","0","0","0","59"
"447810","Blake Austin College","2013","Under 1,000","321","321","0","321","321","128","0","193","0","0","321","128","0","193","0","0","0","0","0","0","0","0"
"447847","Aviator College of Aeronautical Science and Technology","2013","Under 1,000","126","126","0","126","126","5","0","121","0","0","126","5","0","121","0","0","0","0","0","0","0","0"
"447856","Total International Career Institute","2013","Under 1,000","103","103","0","103","103","41","0","62","0","0","103","41","0","62","0","0","0","0","0","0","0","0"
"447865","Trendsetters School of Beauty & Barbering","2013","Under 1,000","36","28","8","31","36","10","0","26","0","0","28","8","0","20","0","0","8","2","0","6","0","0"
"447874","CDA Technical Institute","2013","Under 1,000","375","375","0","375","375","152","0","223","0","0","375","152","0","223","0","0","0","0","0","0","0","0"
"447883","American Institute of Beauty","2013","Under 1,000","65","39","26","49","65","55","0","10","0","0","39","33","0","6","0","0","26","22","0","4","0","0"
"447892","North Florida Cosmetology Institute Inc","2013","Under 1,000","167","128","39","143","167","43","0","124","0","0","128","38","0","90","0","0","39","5","0","34","0","0"
"447908","Florida Academy of Health & Beauty","2013","Under 1,000","29","25","4","27","29","9","0","20","0","0","25","8","0","17","0","0","4","1","0","3","0","0"
"447917","Augusta School of Massage","2013","Under 1,000","64","52","12","57","64","22","0","42","0","0","52","16","0","36","0","0","12","6","0","6","0","0"
"447935","ATA College","2013","Under 1,000","427","427","0","427","427","62","188","177","0","0","427","62","188","177","0","0","0","0","0","0","0","0"
"447953","SUM Bible College and Theological Seminary","2013","Under 1,000","367","327","40","343","348","66","27","255","0","19","315","64","27","224","0","12","33","2","0","31","0","7"
"447962","Compass Career College","2013","Under 1,000","162","162","0","162","162","28","0","134","0","0","162","28","0","134","0","0","0","0","0","0","0","0"
"447971","Hair Expressions Academy","2013","Under 1,000","45","45","0","45","45","36","0","9","0","0","45","36","0","9","0","0","0","0","0","0","0","0"
"447980","Nuvo College of Cosmetology","2013","Under 1,000","44","37","7","40","44","27","0","17","0","0","37","21","0","16","0","0","7","6","0","1","0","0"
"447999","WellSpring School of Allied Health-Kansas City","2013","Under 1,000","125","125","0","125","125","31","0","94","0","0","125","31","0","94","0","0","0","0","0","0","0","0"
"448008","Hair Academy 110","2013","Under 1,000","20","20","0","20","20","11","0","9","0","0","20","11","0","9","0","0","0","0","0","0","0","0"
"448017","Healing Touch Career College","2013","Under 1,000","134","134","0","134","134","4","0","130","0","0","134","4","0","130","0","0","0","0","0","0","0","0"
"448026","The Salon Professional Academy-Fargo","2013","Under 1,000","90","84","6","86","90","16","0","74","0","0","84","16","0","68","0","0","6","0","0","6","0","0"
"448035","Massage Therapy Trainining Institute","2013","Under 1,000","25","20","5","22","25","5","0","20","0","0","20","4","0","16","0","0","5","1","0","4","0","0"
"448044","Institute of Professional Careers","2013","Under 1,000","7","7","0","7","7","6","0","1","0","0","7","6","0","1","0","0","0","0","0","0","0","0"
"448071","Aveda Institute-New York","2013","Under 1,000","238","163","75","193","238","107","0","131","0","0","163","69","0","94","0","0","75","38","0","37","0","0"
"448105","Northwest Regional Technology Institute","2013","Under 1,000","18","18","0","18","18","10","0","8","0","0","18","10","0","8","0","0","0","0","0","0","0","0"
"448114","National Massage Therapy Institute","2013","Under 1,000","599","586","13","591","599","187","2","410","0","0","586","187","1","398","0","0","13","0","1","12","0","0"
"448123","MyrAngel Beauty Institute","2013","Under 1,000","120","120","0","120","120","102","0","18","0","0","120","102","0","18","0","0","0","0","0","0","0","0"
"448141","Institute of Hair Design","2013","Under 1,000","39","39","0","39","39","20","0","19","0","0","39","20","0","19","0","0","0","0","0","0","0","0"
"448150","Tennessee Career Institute","2013","Under 1,000","121","121","0","121","121","77","0","44","0","0","121","77","0","44","0","0","0","0","0","0","0","0"
"448196","Texas Health School","2013","Under 1,000","178","155","23","164","178","89","0","89","0","0","155","79","0","76","0","0","23","10","0","13","0","0"
"448202","Mai-trix Beauty College","2013","Under 1,000","53","33","20","41","53","11","0","42","0","0","33","7","0","26","0","0","20","4","0","16","0","0"
"448211","North West Beauty School","2013","Under 1,000","45","19","26","29","45","36","0","9","0","0","19","16","0","3","0","0","26","20","0","6","0","0"
"448220","Maximum Style Tec School of Cosmetology","2013","Under 1,000","42","42","0","42","42","9","0","33","0","0","42","9","0","33","0","0","0","0","0","0","0","0"
"448239","Careers Unlimited","2013","Under 1,000","176","176","0","176","176","0","0","176","0","0","176","0","0","176","0","0","0","0","0","0","0","0"
"448248","Mountainland Applied Technology College","2013","1,000 - 4,999","1959","253","1706","826","1959","788","0","27","1144","0","253","168","0","7","78","0","1706","620","0","20","1066","0"
"448257","Avi Career Training","2013","Under 1,000","23","23","0","23","23","17","0","6","0","0","23","17","0","6","0","0","0","0","0","0","0","0"
"448275","Mountain State School of Massage","2013","Under 1,000","21","21","0","21","21","15","0","6","0","0","21","15","0","6","0","0","0","0","0","0","0","0"
"448284","Doane College-Lincoln Grand Island and Master","2013","1,000 - 4,999","1653","898","755","1189","726","1","71","649","5","927","517","1","48","467","1","381","209","0","23","182","4","546"
"448309","Shorter University-College of Adult & Professional Programs","2013","1,000 - 4,999","1118","1118","0","1118","922","10","109","803","0","196","922","10","109","803","0","196","0","0","0","0","0","0"
"448345","The Art Institute of Indianapolis","2013","Under 1,000","862","523","339","656","862","308","30","524","0","0","523","173","16","334","0","0","339","135","14","190","0","0"
"448354","Eastern International College-Belleville","2013","Under 1,000","216","148","68","175","216","87","0","129","0","0","148","63","0","85","0","0","68","24","0","44","0","0"
"448415","MedTech College","2013","Under 1,000","603","603","0","603","603","122","17","464","0","0","603","122","17","464","0","0","0","0","0","0","0","0"
"448424","Broken Arrow Beauty College-Tulsa","2013","Under 1,000","88","74","14","80","88","27","0","61","0","0","74","24","0","50","0","0","14","3","0","11","0","0"
"448433","Universal Technical Institute of Northern California Inc","2013","1,000 - 4,999","1916","1916","0","1916","1916","459","0","1457","0","0","1916","459","0","1457","0","0","0","0","0","0","0","0"
"448442","ITT Technical Institute-Charlotte South","2013","Under 1,000","369","282","87","316","369","51","3","315","0","0","282","41","3","238","0","0","87","10","0","77","0","0"
"448451","ITT Technical Institute-Clovis","2013","Under 1,000","439","351","88","386","439","52","12","375","0","0","351","48","11","292","0","0","88","4","1","83","0","0"
"448460","ITT Technical Institute-Dunmore","2013","Under 1,000","186","147","39","162","186","35","0","151","0","0","147","32","0","115","0","0","39","3","0","36","0","0"
"448479","ITT Technical Institute-Swartz Creek","2013","Under 1,000","402","270","132","322","402","81","14","307","0","0","270","59","13","198","0","0","132","22","1","109","0","0"
"448488","ITT Technical Institute-Lexington","2013","Under 1,000","242","181","61","205","242","48","12","182","0","0","181","44","6","131","0","0","61","4","6","51","0","0"
"448497","ITT Technical Institute-Maumee","2013","Under 1,000","219","172","47","190","219","39","5","175","0","0","172","35","5","132","0","0","47","4","0","43","0","0"
"448503","ITT Technical Institute-Oklahoma City","2013","Under 1,000","408","253","155","314","408","40","12","356","0","0","253","38","1","214","0","0","155","2","11","142","0","0"
"448512","ITT Technical Institute-Tulsa","2013","Under 1,000","519","362","157","424","519","47","26","446","0","0","362","40","17","305","0","0","157","7","9","141","0","0"
"448567","University of Phoenix-Columbia Campus","2013","Under 1,000","784","784","0","784","718","28","34","656","0","66","718","28","34","656","0","66","0","0","0","0","0","0"
"448576","The Art Institute of California-Argosy University Inland Empire","2013","1,000 - 4,999","2307","1422","885","1770","2307","518","200","1589","0","0","1422","357","104","961","0","0","885","161","96","628","0","0"
"448585","National American University-Zona Rosa","2013","Under 1,000","477","61","416","224","477","27","81","368","1","0","61","3","5","53","0","0","416","24","76","315","1","0"
"448594","West Hills College-Lemoore","2013","1,000 - 4,999","4102","1361","2741","2281","4102","819","604","2376","303","0","1361","394","147","807","13","0","2741","425","457","1569","290","0"
"448600","Stautzenberger College-Brecksville","2013","Under 1,000","317","173","144","230","317","37","34","246","0","0","173","24","19","130","0","0","144","13","15","116","0","0"
"448619","Stone Academy-East Hartford","2013","Under 1,000","312","210","102","250","312","87","0","225","0","0","210","66","0","144","0","0","102","21","0","81","0","0"
"448628","Westwood College-Annandale","2013","Under 1,000","348","254","94","291","348","22","1","325","0","0","254","18","0","236","0","0","94","4","1","89","0","0"
"448646","Unitech Training Academy-Houma","2013","Under 1,000","70","70","0","70","70","49","0","21","0","0","70","49","0","21","0","0","0","0","0","0","0","0"
"448664","Miller-Motte Technical College-Madison","2013","Under 1,000","425","288","137","342","425","147","41","237","0","0","288","111","32","145","0","0","137","36","9","92","0","0"
"448673","Rasmussen College-Illinois","2013","1,000 - 4,999","1851","1010","841","1340","1851","85","387","1319","60","0","1010","60","273","677","0","0","841","25","114","642","60","0"
"448691","International Institute for Restorative Practices","2013","Under 1,000","30","0","30","11","0","0","0","0","0","30","0","0","0","0","0","0","0","0","0","0","0","30"
"448707","Educational Technical College-Recinto de Coamo","2013","Under 1,000","254","254","0","254","254","199","0","55","0","0","254","199","0","55","0","0","0","0","0","0","0","0"
"448716","Educational Technical College-Recinto de san Sebastian","2013","Under 1,000","276","276","0","276","276","200","0","76","0","0","276","200","0","76","0","0","0","0","0","0","0","0"
"448734","Argosy University-Denver","2013","Under 1,000","398","106","292","219","154","19","28","104","3","244","55","9","9","37","0","51","99","10","19","67","3","193"
"448752","College America-Colorado Springs","2013","Under 1,000","322","322","0","322","322","32","27","263","0","0","322","32","27","263","0","0","0","0","0","0","0","0"
"448761","College America-Fort Collins","2013","Under 1,000","159","159","0","159","159","26","0","133","0","0","159","26","0","133","0","0","0","0","0","0","0","0"
"448770","Automotive Training Center-Warminster","2013","Under 1,000","291","259","32","272","291","42","0","249","0","0","259","39","0","220","0","0","32","3","0","29","0","0"
"448798","Empire Beauty School-Milwaukee","2013","Under 1,000","66","61","5","63","66","32","0","34","0","0","61","31","0","30","0","0","5","1","0","4","0","0"
"448804","The Robert B Miller College","2013","Under 1,000","328","67","261","170","328","0","75","200","53","0","67","0","27","34","6","0","261","0","48","166","47","0"
"448822","University of Phoenix-Fairfield County Campus","2013","Under 1,000","20","20","0","20","20","0","0","20","0","0","20","0","0","20","0","0","0","0","0","0","0","0"
"448840","University of South Florida-St Petersburg","2013","1,000 - 4,999","4660","2792","1868","3525","4025","528","601","2826","70","635","2658","518","368","1766","6","134","1367","10","233","1060","64","501"
"448859","Triangle Tech Inc-Bethlehem","2013","Under 1,000","133","133","0","133","133","61","12","60","0","0","133","61","12","60","0","0","0","0","0","0","0","0"
"448886","Arizona State University-Downtown Phoenix","2013","10,000 - 19,999","10400","8918","1482","9495","8564","1080","1221","6254","9","1836","7577","1069","968","5538","2","1341","987","11","253","716","7","495"
"448895","Milan Institute-Clovis","2013","Under 1,000","488","488","0","488","488","132","0","356","0","0","488","132","0","356","0","0","0","0","0","0","0","0"
"448974","Branford Hall Career Institute-Albany Campus","2013","Under 1,000","378","254","124","303","378","295","0","83","0","0","254","202","0","52","0","0","124","93","0","31","0","0"
"448983","Harris School of Business-Linwood Campus","2013","Under 1,000","441","323","118","370","441","339","0","102","0","0","323","249","0","74","0","0","118","90","0","28","0","0"
"449010","The Art Institute of Tennessee-Nashville","2013","Under 1,000","991","926","65","952","991","308","157","526","0","0","926","293","149","484","0","0","65","15","8","42","0","0"
"449038","Strayer University-Florida","2013","1,000 - 4,999","2973","511","2462","1470","2005","240","204","1560","1","968","291","18","39","233","1","220","1714","222","165","1327","0","748"
"449074","Pima Medical Institute-Renton","2013","Under 1,000","889","889","0","889","889","296","0","593","0","0","889","296","0","593","0","0","0","0","0","0","0","0"
"449083","College of Business and Technology-Flagler","2013","Under 1,000","323","323","0","323","323","93","0","230","0","0","323","93","0","230","0","0","0","0","0","0","0","0"
"449092","College of Business and Technology-Hialeah","2013","Under 1,000","178","178","0","178","178","47","1","130","0","0","178","47","1","130","0","0","0","0","0","0","0","0"
"449117","Miller-Motte College-Cary","2013","Under 1,000","320","221","99","260","320","46","92","182","0","0","221","41","76","104","0","0","99","5","16","78","0","0"
"449126","Miami-Jacobs Career College-Springboro","2013","Under 1,000","222","149","73","178","222","46","27","149","0","0","149","34","18","97","0","0","73","12","9","52","0","0"
"449135","Dewey University-Juana Díaz","2013","Under 1,000","395","395","0","395","395","177","0","218","0","0","395","177","0","218","0","0","0","0","0","0","0","0"
"449144","Dewey University-Fajardo","2013","Under 1,000","188","188","0","188","188","87","0","101","0","0","188","87","0","101","0","0","0","0","0","0","0","0"
"449153","Dewey University-Arroyo","2013","Under 1,000","169","169","0","169","169","73","0","96","0","0","169","73","0","96","0","0","0","0","0","0","0","0"
"449162","Regency Beauty Institute-Independence","2013","Under 1,000","73","73","0","73","73","33","0","40","0","0","73","33","0","40","0","0","0","0","0","0","0","0"
"449171","Regency Beauty Institute-St Peters","2013","Under 1,000","111","72","39","87","111","34","0","77","0","0","72","26","0","46","0","0","39","8","0","31","0","0"
"449180","Regency Beauty Institute-Peoria","2013","Under 1,000","78","57","21","65","78","17","0","61","0","0","57","11","0","46","0","0","21","6","0","15","0","0"
"449199","Regency Beauty Institute-Greenwood","2013","Under 1,000","69","51","18","58","69","28","0","41","0","0","51","22","0","29","0","0","18","6","0","12","0","0"
"449205","Regency Beauty Institute-Mehlville","2013","Under 1,000","43","43","0","43","43","18","0","25","0","0","43","18","0","25","0","0","0","0","0","0","0","0"
"449214","Regency Beauty Institute-Duluth","2013","Under 1,000","51","51","0","51","51","24","0","27","0","0","51","24","0","27","0","0","0","0","0","0","0","0"
"449223","Regency Beauty Institute-Fairview Heights","2013","Under 1,000","73","73","0","73","73","25","0","48","0","0","73","25","0","48","0","0","0","0","0","0","0","0"
"449232","Regency Beauty Institute-Champaign","2013","Under 1,000","78","78","0","78","78","24","0","54","0","0","78","24","0","54","0","0","0","0","0","0","0","0"
"449241","Regency Beauty Institute-Olathe","2013","Under 1,000","63","38","25","48","63","16","0","47","0","0","38","13","0","25","0","0","25","3","0","22","0","0"
"449250","The College of Health Care Professions-San Antonio","2013","Under 1,000","272","272","0","272","272","254","0","18","0","0","272","254","0","18","0","0","0","0","0","0","0","0"
"449269","Everest Institute-South Plainfield","2013","Under 1,000","697","697","0","697","697","120","0","577","0","0","697","120","0","577","0","0","0","0","0","0","0","0"
"449302","Daymar College-Madisonville","2013","Under 1,000","33","26","7","29","33","4","5","24","0","0","26","4","5","17","0","0","7","0","0","7","0","0"
"449311","Brittany Beauty School","2013","Under 1,000","176","119","57","142","176","58","0","118","0","0","119","43","0","76","0","0","57","15","0","42","0","0"
"449320","Lincoln Technical Institute-Whitestone","2013","Under 1,000","748","748","0","748","748","120","0","628","0","0","748","120","0","628","0","0","0","0","0","0","0","0"
"449339","American Public University System","2013","20,000 and above","55422","3786","51636","23953","43964","6480","4497","31483","1504","11458","3275","387","444","2440","4","511","40689","6093","4053","29043","1500","10947"
"449348","Huntsville Bible College","2013","Under 1,000","45","18","27","29","25","3","20","2","0","20","7","1","4","2","0","11","18","2","16","0","0","9"
"449357","Beaumont Adult School","2013","Under 1,000","118","118","0","118","118","32","0","86","0","0","118","32","0","86","0","0","0","0","0","0","0","0"
"449366","Make-up Designory","2013","Under 1,000","241","206","35","220","241","171","0","70","0","0","206","141","0","65","0","0","35","30","0","5","0","0"
"449384","Gnomon School of Visual Effects","2013","Under 1,000","135","135","0","135","135","3","0","132","0","0","135","3","0","132","0","0","0","0","0","0","0","0"
"449393","Coachella Valley Beauty College","2013","Under 1,000","129","129","0","129","129","61","0","68","0","0","129","61","0","68","0","0","0","0","0","0","0","0"
"449436","Career College of California","2013","Under 1,000","206","156","50","176","206","166","0","40","0","0","156","129","0","27","0","0","50","37","0","13","0","0"
"449445","Valley College of Medical Careers","2013","Under 1,000","90","90","0","90","90","64","0","26","0","0","90","64","0","26","0","0","0","0","0","0","0","0"
"449454","Academy of Natural Therapy Inc","2013","Under 1,000","69","60","9","64","69","10","0","59","0","0","60","9","0","51","0","0","9","1","0","8","0","0"
"449463","Academy Di Capelli-School of Cosmetology","2013","Under 1,000","29","18","11","22","29","20","0","9","0","0","18","14","0","4","0","0","11","6","0","5","0","0"
"449472","Delaware Learning Institute of Cosmetology","2013","Under 1,000","80","80","0","80","80","28","0","52","0","0","80","28","0","52","0","0","0","0","0","0","0","0"
"449490","Palm Beach Academy of Health & Beauty","2013","Under 1,000","113","113","0","113","113","55","0","58","0","0","113","55","0","58","0","0","0","0","0","0","0","0"
"449506","SABER College","2013","Under 1,000","544","544","0","544","544","94","0","450","0","0","544","94","0","450","0","0","0","0","0","0","0","0"
"449524","Taylor College","2013","Under 1,000","234","234","0","234","234","26","60","148","0","0","234","26","60","148","0","0","0","0","0","0","0","0"
"449533","Pensacola School of Massage Therapy & Health Careers","2013","Under 1,000","46","46","0","46","46","18","0","28","0","0","46","18","0","28","0","0","0","0","0","0","0","0"
"449597","Ideal Beauty Academy","2013","Under 1,000","33","23","10","27","33","19","0","14","0","0","23","12","0","11","0","0","10","7","0","3","0","0"
"449603","Success Schools","2013","Under 1,000","130","119","11","123","130","92","0","38","0","0","119","86","0","33","0","0","11","6","0","5","0","0"
"449612","Louisiana Culinary Institute","2013","Under 1,000","195","195","0","195","195","33","16","146","0","0","195","33","16","146","0","0","0","0","0","0","0","0"
"449658","Bais Medrash Toras Chesed","2013","Under 1,000","114","113","1","113","114","29","3","82","0","0","113","29","3","81","0","0","1","0","0","1","0","0"
"449667","Center for Natural Wellness School of Massage Therapy","2013","Under 1,000","66","66","0","66","66","11","0","55","0","0","66","11","0","55","0","0","0","0","0","0","0","0"
"449676","Ace Computer Training Center","2013","Under 1,000","119","0","119","47","119","62","0","57","0","0","0","0","0","0","0","0","119","62","0","57","0","0"
"449685","New Age Training","2013","Under 1,000","124","124","0","124","124","117","0","7","0","0","124","117","0","7","0","0","0","0","0","0","0","0"
"449700","Dayton School of Medical Massage","2013","Under 1,000","505","505","0","505","505","204","0","301","0","0","505","204","0","301","0","0","0","0","0","0","0","0"
"449719","Northcoast Medical Training Academy","2013","Under 1,000","202","202","0","202","202","66","0","136","0","0","202","66","0","136","0","0","0","0","0","0","0","0"
"449728","American Institute of Medical Technology","2013","Under 1,000","65","65","0","65","65","5","0","60","0","0","65","5","0","60","0","0","0","0","0","0","0","0"
"449746","Carib Technological Institute","2013","Under 1,000","59","59","0","59","59","42","0","17","0","0","59","42","0","17","0","0","0","0","0","0","0","0"
"449764","Visible Music College","2013","Under 1,000","118","110","8","113","118","31","17","70","0","0","110","31","17","62","0","0","8","0","0","8","0","0"
"449773","CCI Training Center-Arlington","2013","Under 1,000","199","130","69","157","199","115","0","84","0","0","130","78","0","52","0","0","69","37","0","32","0","0"
"449782","Champion Beauty College","2013","Under 1,000","70","36","34","49","70","57","0","13","0","0","36","28","0","8","0","0","34","29","0","5","0","0"
"449791","Professional Careers Institute","2013","Under 1,000","93","93","0","93","93","41","0","52","0","0","93","41","0","52","0","0","0","0","0","0","0","0"
"449807","Southeast Texas Career Institute","2013","Under 1,000","119","119","0","119","119","53","0","66","0","0","119","53","0","66","0","0","0","0","0","0","0","0"
"449816","Southwest Applied Technology Center","2013","Under 1,000","509","34","475","193","509","63","0","95","351","0","34","9","0","25","0","0","475","54","0","70","351","0"
"449852","Academy of Cosmetology","2013","Under 1,000","64","56","8","59","64","38","0","26","0","0","56","34","0","22","0","0","8","4","0","4","0","0"
"449861","Milwaukee Career College","2013","Under 1,000","88","88","0","88","88","46","42","0","0","0","88","46","42","0","0","0","0","0","0","0","0","0"
"449870","University of the West","2013","Under 1,000","362","305","57","327","142","21","13","52","56","220","127","17","10","44","56","178","15","4","3","8","0","42"
"449889","American College of Education","2013","1,000 - 4,999","3021","3021","0","3021","0","0","0","0","0","3021","0","0","0","0","0","3021","0","0","0","0","0","0"
"449898","South University-Tampa","2013","Under 1,000","983","343","640","591","654","43","180","431","0","329","296","12","40","244","0","47","358","31","140","187","0","282"
"449904","Milan Institute of Cosmetology-San Antonio Military","2013","Under 1,000","248","248","0","248","248","81","0","167","0","0","248","81","0","167","0","0","0","0","0","0","0","0"
"449922","Appalachian College of Pharmacy","2013","Under 1,000","220","220","0","220","0","0","0","0","0","220","0","0","0","0","0","220","0","0","0","0","0","0"
"449931","Averett University-Non-Traditional Programs","2013","1,000 - 4,999","1221","382","839","708","790","32","84","674","0","431","250","2","19","229","0","132","540","30","65","445","0","299"
"449959","Paul Mitchell the School-Tampa","2013","Under 1,000","194","115","79","146","194","35","0","159","0","0","115","25","0","90","0","0","79","10","0","69","0","0"
"449968","Paul Mitchell the School-San Diego","2013","Under 1,000","301","211","90","247","301","73","0","228","0","0","211","50","0","161","0","0","90","23","0","67","0","0"
"449977","Paul Mitchell the School-Michigan","2013","Under 1,000","237","174","63","199","237","44","0","193","0","0","174","34","0","140","0","0","63","10","0","53","0","0"
"449986","Paul Mitchell the School-Sherman Oaks","2013","Under 1,000","280","200","80","232","280","84","0","196","0","0","200","67","0","133","0","0","80","17","0","63","0","0"
"449995","Paul Mitchell the School-Mclean","2013","Under 1,000","181","134","47","153","181","37","0","144","0","0","134","29","0","105","0","0","47","8","0","39","0","0"
"450003","Miami-Jacobs Career College-Troy","2013","Under 1,000","277","202","75","232","277","82","11","184","0","0","202","65","9","128","0","0","75","17","2","56","0","0"
"450021","Blue Cliff College-Houma","2013","Under 1,000","167","166","1","166","167","149","0","18","0","0","166","149","0","17","0","0","1","0","0","1","0","0"
"450049","The Art Institute of Salt Lake City","2013","Under 1,000","466","360","106","402","466","82","80","304","0","0","360","69","59","232","0","0","106","13","21","72","0","0"
"450058","Fortis College-Columbus","2013","Under 1,000","628","628","0","628","628","36","191","401","0","0","628","36","191","401","0","0","0","0","0","0","0","0"
"450067","Fortis College-Cincinnati","2013","Under 1,000","501","501","0","501","501","94","60","347","0","0","501","94","60","347","0","0","0","0","0","0","0","0"
"450076","Fortis Institute-Baltimore","2013","Under 1,000","543","543","0","543","543","142","0","401","0","0","543","142","0","401","0","0","0","0","0","0","0","0"
"450085","The Art Institute of Charleston","2013","Under 1,000","643","565","78","596","643","175","90","378","0","0","565","163","77","325","0","0","78","12","13","53","0","0"
"450094","The Art Institute of California-Argosy University Sacramento","2013","1,000 - 4,999","1185","626","559","846","1185","255","158","772","0","0","626","139","84","403","0","0","559","116","74","369","0","0"
"450119","Blue Cliff College-Fayetteville","2013","Under 1,000","181","107","74","136","181","99","0","82","0","0","107","62","0","45","0","0","74","37","0","37","0","0"
"450128","Blue Cliff College-Alexandria","2013","Under 1,000","231","169","62","194","231","59","0","172","0","0","169","41","0","128","0","0","62","18","0","44","0","0"
"450146","StenoTech Career Institute-Piscataway","2013","Under 1,000","80","77","3","78","80","2","0","78","0","0","77","2","0","75","0","0","3","0","0","3","0","0"
"450173","Ultimate Medical Academy-Tampa","2013","10,000 - 19,999","11170","11129","41","11145","11170","3240","231","7699","0","0","11129","3240","230","7659","0","0","41","0","1","40","0","0"
"450182","Beauty Schools of America-North Miami Beach","2013","Under 1,000","482","482","0","482","482","114","0","368","0","0","482","114","0","368","0","0","0","0","0","0","0","0"
"450191","Virginia College-Biloxi","2013","Under 1,000","470","322","148","381","470","234","0","236","0","0","322","182","0","140","0","0","148","52","0","96","0","0"
"450207","ITT Technical Institute-St Petersburg","2013","Under 1,000","230","163","67","189","230","26","5","199","0","0","163","21","1","141","0","0","67","5","4","58","0","0"
"450216","ITT Technical Institute-Baton Rouge","2013","Under 1,000","656","551","105","592","656","156","6","494","0","0","551","140","6","405","0","0","105","16","0","89","0","0"
"450225","ITT Technical Institute-Columbia","2013","Under 1,000","357","278","79","309","357","85","4","268","0","0","278","72","3","203","0","0","79","13","1","65","0","0"
"450234","ITT Technical Institute-Wichita","2013","Under 1,000","303","206","97","244","303","31","12","260","0","0","206","24","3","179","0","0","97","7","9","81","0","0"
"450243","ITT Technical Institute-Atlanta","2013","Under 1,000","483","345","138","399","483","48","1","434","0","0","345","43","1","301","0","0","138","5","0","133","0","0"
"450252","ITT Technical Institute-Mobile","2013","Under 1,000","690","512","178","582","690","153","2","535","0","0","512","134","2","376","0","0","178","19","0","159","0","0"
"450261","ITT Technical Institute-Chattanooga","2013","Under 1,000","206","158","48","177","206","56","0","150","0","0","158","51","0","107","0","0","48","5","0","43","0","0"
"450270","ITT Technical Institute-South Bend","2013","Under 1,000","330","230","100","269","330","37","5","288","0","0","230","35","4","191","0","0","100","2","1","97","0","0"
"450289","Virginia College-School of Business and Health-Chattanooga","2013","Under 1,000","410","262","148","321","410","215","0","195","0","0","262","161","0","101","0","0","148","54","0","94","0","0"
"450298","Strayer University-Delaware","2013","Under 1,000","347","22","325","149","255","37","17","200","1","92","14","1","2","11","0","8","241","36","15","189","1","84"
"450304","Brite Divinity School","2013","Under 1,000","215","151","64","175","0","0","0","0","0","215","0","0","0","0","0","151","0","0","0","0","0","64"
"450377","Strayer University-Alabama","2013","Under 1,000","852","61","791","367","390","64","65","260","1","462","32","4","4","24","0","29","358","60","61","236","1","433"
"450395","Brown Aveda Institute-Rocky River","2013","Under 1,000","151","151","0","151","151","15","0","136","0","0","151","15","0","136","0","0","0","0","0","0","0","0"
"450401","Clary Sage College","2013","Under 1,000","312","312","0","312","312","107","0","205","0","0","312","107","0","205","0","0","0","0","0","0","0","0"
"450429","Broadview University-Layton","2013","Under 1,000","163","104","59","127","163","17","18","120","8","0","104","16","16","71","1","0","59","1","2","49","7","0"
"450447","International Academy of Design and Technology-Sacramento","2013","Under 1,000","194","136","58","159","194","22","13","159","0","0","136","12","7","117","0","0","58","10","6","42","0","0"
"450456","University of Phoenix-Birmingham Campus","2013","Under 1,000","301","301","0","301","271","11","19","241","0","30","271","11","19","241","0","30","0","0","0","0","0","0"
"450465","International Academy of Design and Technology-San Antonio","2013","Under 1,000","356","279","77","309","356","31","21","304","0","0","279","15","13","251","0","0","77","16","8","53","0","0"
"450483","University of Phoenix-Washington DC Campus","2013","Under 1,000","313","313","0","313","303","18","21","264","0","10","303","18","21","264","0","10","0","0","0","0","0","0"
"450526","Argosy University-Inland Empire","2013","Under 1,000","704","136","568","356","388","46","68","273","1","316","89","13","17","59","0","47","299","33","51","214","1","269"
"450535","Argosy University-Nashville","2013","Under 1,000","551","87","464","266","207","25","45","137","0","344","63","7","11","45","0","24","144","18","34","92","0","320"
"450544","Argosy University-San Diego","2013","Under 1,000","487","140","347","275","270","25","62","183","0","217","77","4","16","57","0","63","193","21","46","126","0","154"
"450571","Rasmussen College-Wisconsin","2013","1,000 - 4,999","1506","834","672","1098","1506","68","264","1159","15","0","834","45","200","589","0","0","672","23","64","570","15","0"
"450580","Empire Beauty School-Lisle","2013","Under 1,000","88","63","25","73","88","27","0","61","0","0","63","18","0","45","0","0","25","9","0","16","0","0"
"450599","Empire Beauty School-Richmond","2013","Under 1,000","140","137","3","138","140","55","0","85","0","0","137","55","0","82","0","0","3","0","0","3","0","0"
"450605","Empire Beauty School-North Hills","2013","Under 1,000","127","94","33","107","127","52","0","75","0","0","94","40","0","54","0","0","33","12","0","21","0","0"
"450614","Empire Beauty School-Concord","2013","Under 1,000","123","98","25","108","123","42","0","81","0","0","98","39","0","59","0","0","25","3","0","22","0","0"
"450623","Empire Beauty School-Arlington Heights","2013","Under 1,000","168","80","88","115","168","24","0","144","0","0","80","20","0","60","0","0","88","4","0","84","0","0"
"450632","Lexington Healing Arts Academy","2013","Under 1,000","154","0","154","61","154","31","0","123","0","0","0","0","0","0","0","0","154","31","0","123","0","0"
"450641","Empire Beauty School-Hooksett","2013","Under 1,000","119","93","26","103","119","22","0","97","0","0","93","19","0","74","0","0","26","3","0","23","0","0"
"450650","The Institute of Beauty and Wellness","2013","Under 1,000","225","84","141","140","225","73","0","152","0","0","84","32","0","52","0","0","141","41","0","100","0","0"
"450669","InterCoast Colleges-Carson","2013","Under 1,000","33","33","0","33","33","11","0","22","0","0","33","11","0","22","0","0","0","0","0","0","0","0"
"450678","InterCoast Career Institute-South Portland","2013","Under 1,000","101","101","0","101","101","14","0","87","0","0","101","14","0","87","0","0","0","0","0","0","0","0"
"450696","Carrington College California-Stockton","2013","Under 1,000","465","430","35","444","465","62","56","347","0","0","430","62","53","315","0","0","35","0","3","32","0","0"
"450702","Carrington College California-Citrus Heights","2013","Under 1,000","451","420","31","432","451","42","75","334","0","0","420","42","65","313","0","0","31","0","10","21","0","0"
"450720","Euphoria Institute of Beauty Arts & Sciences-Summerlin","2013","Under 1,000","142","89","53","110","142","22","0","120","0","0","89","19","0","70","0","0","53","3","0","50","0","0"
"450739","Euphoria Institute of Beauty Arts & Sciences-Green Valley","2013","Under 1,000","172","90","82","123","172","40","0","132","0","0","90","18","0","72","0","0","82","22","0","60","0","0"
"450757","Empire Beauty School-Portsmouth","2013","Under 1,000","104","83","21","91","104","19","0","85","0","0","83","15","0","68","0","0","21","4","0","17","0","0"
"450766","LIU Riverhead","2013","Under 1,000","215","57","158","118","56","0","15","41","0","159","43","0","11","32","0","14","13","0","4","9","0","145"
"450784","Regency Beauty Institute-Lakewood","2013","Under 1,000","81","62","19","70","81","21","0","60","0","0","62","15","0","47","0","0","19","6","0","13","0","0"
"450793","Regency Beauty Institute-Westminster","2013","Under 1,000","114","80","34","93","114","41","0","73","0","0","80","30","0","50","0","0","34","11","0","23","0","0"
"450809","Regency Beauty Institute-Avon","2013","Under 1,000","41","41","0","41","41","21","0","20","0","0","41","21","0","20","0","0","0","0","0","0","0","0"
"450818","Regency Beauty Institute-Joliet","2013","Under 1,000","57","57","0","57","57","18","0","39","0","0","57","18","0","39","0","0","0","0","0","0","0","0"
"450827","Regency Beauty Institute-Rockford","2013","Under 1,000","113","84","29","96","113","40","0","73","0","0","84","32","0","52","0","0","29","8","0","21","0","0"
"450836","Regency Beauty Institute-Greenfield","2013","Under 1,000","114","114","0","114","114","42","0","72","0","0","114","42","0","72","0","0","0","0","0","0","0","0"
"450845","Regency Beauty Institute-Metro Center","2013","Under 1,000","32","21","11","25","32","7","0","25","0","0","21","5","0","16","0","0","11","2","0","9","0","0"
"450854","Regency Beauty Institute-East Tucson","2013","Under 1,000","94","67","27","78","94","34","0","60","0","0","67","24","0","43","0","0","27","10","0","17","0","0"
"450863","Regency Beauty Institute-Tri-County","2013","Under 1,000","46","46","0","46","46","18","0","28","0","0","46","18","0","28","0","0","0","0","0","0","0","0"
"450872","Regency Beauty Institute-Eastgate","2013","Under 1,000","84","59","25","69","84","24","0","60","0","0","59","18","0","41","0","0","25","6","0","19","0","0"
"450881","Regency Beauty Institute-Topeka","2013","Under 1,000","57","57","0","57","57","16","0","41","0","0","57","16","0","41","0","0","0","0","0","0","0","0"
"450933","Columbia Southern University","2013","20,000 and above","20185","12365","7820","15437","14853","704","2292","11689","168","5332","7033","451","1169","5411","2","5332","7820","253","1123","6278","166","0"
"450942","Arizona Summit Law School","2013","Under 1,000","953","627","326","752","0","0","0","0","0","953","0","0","0","0","0","627","0","0","0","0","0","326"
"450951","Arizona Culinary Institute","2013","Under 1,000","136","136","0","136","136","24","0","112","0","0","136","24","0","112","0","0","0","0","0","0","0","0"
"450960","InfoTech Career College","2013","Under 1,000","181","181","0","181","181","173","0","8","0","0","181","173","0","8","0","0","0","0","0","0","0","0"
"450979","Trident University International","2013","5,000 - 9,999","7093","5560","1533","6162","3996","74","764","2952","206","3097","2463","66","525","1860","12","3097","1533","8","239","1092","194","0"
"450988","Coastline Beauty College","2013","Under 1,000","197","106","91","142","197","110","0","87","0","0","106","69","0","37","0","0","91","41","0","50","0","0"
"451006","Career College Consultants","2013","Under 1,000","146","106","40","122","146","34","0","112","0","0","106","23","0","83","0","0","40","11","0","29","0","0"
"451015","San Diego College","2013","Under 1,000","278","278","0","278","278","255","0","23","0","0","278","255","0","23","0","0","0","0","0","0","0","0"
"451033","Montessori Casa International","2013","Under 1,000","22","0","22","9","22","0","0","22","0","0","0","0","0","0","0","0","22","0","0","22","0","0"
"451042","Branford Academy of Hair and Cosmetology","2013","Under 1,000","64","20","44","37","64","53","0","11","0","0","20","15","0","5","0","0","44","38","0","6","0","0"
"451051","Academy of Massage and Bodywork","2013","Under 1,000","68","16","52","37","68","23","0","45","0","0","16","6","0","10","0","0","52","17","0","35","0","0"
"451060","Digital Media Arts College","2013","Under 1,000","300","222","78","253","270","47","23","195","5","30","203","43","22","137","1","19","67","4","1","58","4","11"
"451079","Academy for Five Element Acupuncture","2013","Under 1,000","77","77","0","77","0","0","0","0","0","77","0","0","0","0","0","77","0","0","0","0","0","0"
"451097","Academy of Career Training","2013","Under 1,000","152","47","105","89","152","46","0","106","0","0","47","27","0","20","0","0","105","19","0","86","0","0"
"451103","Management Resources Institute","2013","Under 1,000","822","822","0","822","822","172","0","335","315","0","822","172","0","335","315","0","0","0","0","0","0","0"
"451121","Paul Mitchell the School-Miami","2013","Under 1,000","119","62","57","85","119","1","0","118","0","0","62","0","0","62","0","0","57","1","0","56","0","0"
"451130","Wolford College","2013","Under 1,000","213","210","3","211","0","0","0","0","0","213","0","0","0","0","0","210","0","0","0","0","0","3"
"451149","Aveda Institute-South Florida","2013","Under 1,000","619","619","0","619","619","253","0","366","0","0","619","253","0","366","0","0","0","0","0","0","0","0"
"451158","Aveda Institute-Tallahassee","2013","Under 1,000","666","666","0","666","666","297","0","369","0","0","666","297","0","369","0","0","0","0","0","0","0","0"
"451167","Shear Excellence Hair Academy","2013","Under 1,000","103","84","19","92","103","42","0","61","0","0","84","34","0","50","0","0","19","8","0","11","0","0"
"451194","Carlson College of Massage Therapy","2013","Under 1,000","26","26","0","26","26","10","0","16","0","0","26","10","0","16","0","0","0","0","0","0","0","0"
"451219","SOLEX Medical Academy","2013","Under 1,000","17","8","9","12","17","5","0","12","0","0","8","2","0","6","0","0","9","3","0","6","0","0"
"451228","MyComputerCareer.com-Indianapolis","2013","Under 1,000","208","208","0","208","208","72","0","136","0","0","208","72","0","136","0","0","0","0","0","0","0","0"
"451237","Z Hair Academy","2013","Under 1,000","59","59","0","59","59","29","0","30","0","0","59","29","0","30","0","0","0","0","0","0","0","0"
"451255","DiGrigoli School of Cosmetology","2013","Under 1,000","25","19","6","21","25","16","0","9","0","0","19","13","0","6","0","0","6","3","0","3","0","0"
"451264","Millennium Training Institute","2013","Under 1,000","177","177","0","177","177","13","0","164","0","0","177","13","0","164","0","0","0","0","0","0","0","0"
"451282","Gallery College of Beauty","2013","Under 1,000","193","125","68","152","193","33","0","160","0","0","125","21","0","104","0","0","68","12","0","56","0","0"
"451291","Lakewood School of Therapeutic Massage","2013","Under 1,000","22","0","22","9","22","8","0","14","0","0","0","0","0","0","0","0","22","8","0","14","0","0"
"451307","The Salon Spa Academy","2013","Under 1,000","61","47","14","53","61","17","0","44","0","0","47","8","0","39","0","0","14","9","0","5","0","0"
"451316","Trend Setters School of Cosmetology","2013","Under 1,000","72","72","0","72","72","15","0","57","0","0","72","15","0","57","0","0","0","0","0","0","0","0"
"451334","Academy of Hair Design-Springfield","2013","Under 1,000","96","86","10","90","96","22","0","74","0","0","86","21","0","65","0","0","10","1","0","9","0","0"
"451343","Corinth Academy of Cosmetology","2013","Under 1,000","160","112","48","131","160","5","0","155","0","0","112","5","0","107","0","0","48","0","0","48","0","0"
"451352","Southeastern Institute-Charlotte","2013","Under 1,000","345","213","132","265","345","86","0","259","0","0","213","65","0","148","0","0","132","21","0","111","0","0"
"451361","Gentle Healing School of Massage","2013","Under 1,000","22","17","5","19","22","17","0","5","0","0","17","14","0","3","0","0","5","3","0","2","0","0"
"451370","Yeshivas Be'er Yitzchok","2013","Under 1,000","61","61","0","61","61","8","11","42","0","0","61","8","11","42","0","0","0","0","0","0","0","0"
"451398","Yeshiva Toras Chaim","2013","Under 1,000","182","182","0","182","182","54","18","110","0","0","182","54","18","110","0","0","0","0","0","0","0","0"
"451404","Talmudical Seminary of Bobov","2013","Under 1,000","307","307","0","307","307","68","78","161","0","0","307","68","78","161","0","0","0","0","0","0","0","0"
"451413","New York Methodist Hospital Center for Allied Health Education","2013","Under 1,000","155","155","0","155","155","8","0","147","0","0","155","8","0","147","0","0","0","0","0","0","0","0"
"451459","Monroe 2 Orleans BOCES-Center for Workforce Development","2013","Under 1,000","108","108","0","108","108","39","0","69","0","0","108","39","0","69","0","0","0","0","0","0","0","0"
"451468","Aveda Fredric's Institute-Cincinnati","2013","Under 1,000","212","212","0","212","212","14","0","198","0","0","212","14","0","198","0","0","0","0","0","0","0","0"
"451477","MyComputerCareer.com-TechSkills","2013","Under 1,000","292","292","0","292","292","156","0","136","0","0","292","156","0","136","0","0","0","0","0","0","0","0"
"451495","CDE Career Institute","2013","Under 1,000","47","30","17","37","47","22","0","25","0","0","30","6","0","24","0","0","17","16","0","1","0","0"
"451501","Instituto Educativo Premier","2013","Under 1,000","125","125","0","125","125","45","0","80","0","0","125","45","0","80","0","0","0","0","0","0","0","0"
"451510","Charleston School of Law","2013","Under 1,000","542","427","115","471","0","0","0","0","0","542","0","0","0","0","0","427","0","0","0","0","0","115"
"451529","Elite College of Cosmetology","2013","Under 1,000","51","16","35","30","51","35","0","16","0","0","16","9","0","7","0","0","35","26","0","9","0","0"
"451538","Memphis Institute of Barbering","2013","Under 1,000","120","120","0","120","120","105","0","15","0","0","120","105","0","15","0","0","0","0","0","0","0","0"
"451547","Manuel and Theresa's School of Hair Design-Bryan","2013","Under 1,000","25","25","0","25","25","22","0","3","0","0","25","22","0","3","0","0","0","0","0","0","0","0"
"451556","Southwest University at El Paso","2013","1,000 - 4,999","1296","1296","0","1296","1296","434","590","272","0","0","1296","434","590","272","0","0","0","0","0","0","0","0"
"451565","Paul Mitchell the School-Austin","2013","Under 1,000","171","122","49","141","171","31","0","140","0","0","122","25","0","97","0","0","49","6","0","43","0","0"
"451574","Aveda Institute-Provo","2013","Under 1,000","179","179","0","179","179","96","0","83","0","0","179","96","0","83","0","0","0","0","0","0","0","0"
"451583","Dixie Applied Technology College","2013","Under 1,000","165","73","92","104","165","63","0","80","22","0","73","27","0","37","9","0","92","36","0","43","13","0"
"451617","Dominion School of Hair Design","2013","Under 1,000","37","34","3","35","37","10","0","27","0","0","34","9","0","25","0","0","3","1","0","2","0","0"
"451626","Victoria's Academy of Cosmetology","2013","Under 1,000","93","80","13","85","93","32","0","61","0","0","80","32","0","48","0","0","13","0","0","13","0","0"
"451635","Inland Massage Institute","2013","Under 1,000","25","25","0","25","25","12","0","13","0","0","25","12","0","13","0","0","0","0","0","0","0","0"
"451644","Sunnyside Beauty Academy","2013","Under 1,000","8","8","0","8","8","3","0","5","0","0","8","3","0","5","0","0","0","0","0","0","0","0"
"451653","Wisconsin Academy","2013","Under 1,000","30","30","0","30","30","19","0","11","0","0","30","19","0","11","0","0","0","0","0","0","0","0"
"451662","The Art Institute of Pittsburgh-Online Division","2013","10,000 - 19,999","10906","556","10350","4622","10906","1339","1161","8396","10","0","556","36","54","466","0","0","10350","1303","1107","7930","10","0"
"451671","University of South Florida-Sarasota-Manatee","2013","1,000 - 4,999","1877","875","1002","1275","1728","83","402","1186","57","149","837","80","244","501","12","38","891","3","158","685","45","111"
"451699","Brown Mackie College-Indianapolis","2013","Under 1,000","899","899","0","899","899","114","166","619","0","0","899","114","166","619","0","0","0","0","0","0","0","0"
"451705","College America-Cheyenne","2013","Under 1,000","75","75","0","75","75","13","9","53","0","0","75","13","9","53","0","0","0","0","0","0","0","0"
"451714","Paul Mitchell the School-San Antonio","2013","Under 1,000","257","257","0","257","257","62","0","195","0","0","257","62","0","195","0","0","0","0","0","0","0","0"
"451741","Centro de Estudios Multidisciplinarios-Bayamon","2013","Under 1,000","631","552","79","583","631","121","162","348","0","0","552","121","136","295","0","0","79","0","26","53","0","0"
"451750","Bryant & Stratton College-Wauwatosa","2013","Under 1,000","760","449","311","571","760","48","153","559","0","0","449","46","123","280","0","0","311","2","30","279","0","0"
"451769","Minnesota School of Business-Blaine","2013","Under 1,000","395","258","137","312","395","21","56","307","11","0","258","21","50","186","1","0","137","0","6","121","10","0"
"451796","The Art Institute of Michigan","2013","1,000 - 4,999","1003","697","306","817","1003","294","128","573","8","0","697","247","88","361","1","0","306","47","40","212","7","0"
"451820","The Art Institute of Austin","2013","1,000 - 4,999","1413","1071","342","1205","1413","213","249","951","0","0","1071","174","198","699","0","0","342","39","51","252","0","0"
"451848","The Art Institute of California-Argosy University-Silicon Valley","2013","Under 1,000","570","338","232","429","570","96","56","418","0","0","338","72","39","227","0","0","232","24","17","191","0","0"
"451857","Remington College-Houston Southeast Campus","2013","Under 1,000","252","252","0","252","252","78","2","172","0","0","252","78","2","172","0","0","0","0","0","0","0","0"
"451866","Remington College-Shreveport Campus","2013","Under 1,000","318","318","0","318","318","108","1","209","0","0","318","108","1","209","0","0","0","0","0","0","0","0"
"451875","National American University-Austin","2013","Under 1,000","254","24","230","114","254","16","43","195","0","0","24","1","1","22","0","0","230","15","42","173","0","0"
"451884","National American University-Wichita","2013","Under 1,000","375","19","356","159","375","38","79","258","0","0","19","0","2","17","0","0","356","38","77","241","0","0"
"451909","Fortis College-Landover","2013","Under 1,000","487","487","0","487","487","96","21","370","0","0","487","96","21","370","0","0","0","0","0","0","0","0"
"451918","Jenny Lea Academy of Cosmetology and Aesthetics","2013","Under 1,000","142","116","26","126","142","36","0","106","0","0","116","25","0","91","0","0","26","11","0","15","0","0"
"451936","ITT Technical Institute-Cary","2013","Under 1,000","282","232","50","252","282","43","7","232","0","0","232","38","7","187","0","0","50","5","0","45","0","0"
"451945","ITT Technical Institute-Madison","2013","Under 1,000","372","267","105","308","372","54","7","311","0","0","267","46","5","216","0","0","105","8","2","95","0","0"
"451954","ITT Technical Institute-Clive","2013","Under 1,000","208","154","54","175","208","46","7","155","0","0","154","41","6","107","0","0","54","5","1","48","0","0"
"451963","ITT Technical Institute-Columbus","2013","Under 1,000","345","283","62","307","345","66","9","270","0","0","283","59","7","217","0","0","62","7","2","53","0","0"
"451972","ITT Technical Institute-Phoenix","2013","Under 1,000","247","171","76","201","247","31","1","215","0","0","171","29","1","141","0","0","76","2","0","74","0","0"
"451981","ITT Technical Institute-Madison","2013","Under 1,000","178","130","48","149","178","46","4","128","0","0","130","39","2","89","0","0","48","7","2","39","0","0"
"451990","ITT Technical Institute-High Point","2013","Under 1,000","451","318","133","370","451","77","4","370","0","0","318","63","2","253","0","0","133","14","2","117","0","0"
"452009","The Hair Academy","2013","Under 1,000","45","45","0","45","45","6","0","39","0","0","45","6","0","39","0","0","0","0","0","0","0","0"
"452018","The Art Institutes International–Kansas City","2013","Under 1,000","495","365","130","416","495","145","54","296","0","0","365","111","45","209","0","0","130","34","9","87","0","0"
"452027","The Art Institute of Raleigh-Durham","2013","Under 1,000","781","513","268","618","781","187","142","452","0","0","513","119","76","318","0","0","268","68","66","134","0","0"
"452036","Le Cordon Bleu College of Culinary Arts-Sacramento","2013","Under 1,000","375","375","0","375","375","78","0","297","0","0","375","78","0","297","0","0","0","0","0","0","0","0"
"452045","Le Cordon Bleu College of Culinary Arts-Seattle","2013","Under 1,000","439","439","0","439","439","91","0","348","0","0","439","91","0","348","0","0","0","0","0","0","0","0"
"452054","Le Cordon Bleu College of Culinary Arts-Cambridge","2013","Under 1,000","488","488","0","488","488","90","43","355","0","0","488","90","43","355","0","0","0","0","0","0","0","0"
"452063","Le Cordon Bleu College of Culinary Arts-Dallas","2013","Under 1,000","892","892","0","892","892","141","51","700","0","0","892","141","51","700","0","0","0","0","0","0","0","0"
"452072","Ross Medical Education Center-New Baltimore","2013","Under 1,000","116","116","0","116","116","43","0","73","0","0","116","43","0","73","0","0","0","0","0","0","0","0"
"452081","Ross College-Sylvania","2013","Under 1,000","423","423","0","423","423","79","0","344","0","0","423","79","0","344","0","0","0","0","0","0","0","0"
"452090","Argosy University-Salt Lake City","2013","Under 1,000","243","85","158","146","108","3","10","95","0","135","41","0","5","36","0","44","67","3","5","59","0","91"
"452106","Escuela De Troqueleria Y Herramentaje","2013","Under 1,000","100","100","0","100","100","28","0","72","0","0","100","28","0","72","0","0","0","0","0","0","0","0"
"452115","Virginia College-Montgomery","2013","Under 1,000","656","458","198","537","656","291","0","365","0","0","458","237","0","221","0","0","198","54","0","144","0","0"
"452124","Fortis Institute-Nashville","2013","Under 1,000","346","346","0","346","346","69","19","258","0","0","346","69","19","258","0","0","0","0","0","0","0","0"
"452373","Beckfield College-Tri-County","2013","Under 1,000","554","290","264","395","554","70","161","323","0","0","290","42","98","150","0","0","264","28","63","173","0","0"
"452540","Community Technology Learning Center of Portage","2013","Not reported",,,,,,,,,,,,,,,,,,,,,,
"452771","Dental Assistant Pro LLC-Columbus","2013","Under 1,000","16","0","16","6","16","10","0","6","0","0","0","0","0","0","0","0","16","10","0","6","0","0"
"452780","Dental Assistant Pro-Lebanon","2013","Under 1,000","18","0","18","7","18","12","0","6","0","0","0","0","0","0","0","0","18","12","0","6","0","0"
"452887","Elite Welding Academy","2013",,,,,,,,,,,,,,,,,,,,,,,
"452948","Galen College of Nursing-Cincinnati","2013","Under 1,000","505","278","227","368","505","24","119","362","0","0","278","22","41","215","0","0","227","2","78","147","0","0"
"453075","Institute of Therapeutic Massage","2013","Under 1,000","66","64","2","65","66","28","0","38","0","0","64","27","0","37","0","0","2","1","0","1","0","0"
"453109","Pinnacle Career Institute-North Kansas City","2013","Under 1,000","161","161","0","161","161","105","5","51","0","0","161","105","5","51","0","0","0","0","0","0","0","0"
"453163","Strayer University-North Carolina","2013","1,000 - 4,999","3802","266","3536","1638","2116","340","240","1531","5","1686","131","13","26","92","0","135","1985","327","214","1439","5","1551"
"453215","Strayer University-New Jersey","2013","Under 1,000","788","112","676","376","580","62","65","451","2","208","58","3","9","46","0","54","522","59","56","405","2","154"
"453297","International Culinary Arts and Sciences Institute","2013","Under 1,000","40","40","0","40","40","2","0","38","0","0","40","2","0","38","0","0","0","0","0","0","0","0"
"453455","National College-Dayton","2013","Under 1,000","167","105","62","130","167","5","32","128","2","0","105","4","27","74","0","0","62","1","5","54","2","0"
"453464","National College-Youngstown","2013","Under 1,000","130","98","32","111","130","17","22","90","1","0","98","15","17","66","0","0","32","2","5","24","1","0"
"453473","National College-Cincinnati","2013","Under 1,000","137","77","60","101","137","13","23","101","0","0","77","12","16","49","0","0","60","1","7","52","0","0"
"453482","National College-Stow","2013","Under 1,000","82","56","26","66","82","6","13","63","0","0","56","4","11","41","0","0","26","2","2","22","0","0"
"453552","Harris School of Business-Hamilton Campus","2013","Under 1,000","352","239","113","284","352","299","0","53","0","0","239","203","0","36","0","0","113","96","0","17","0","0"
"453570","Empire Beauty School-Eden Prairie","2013","Under 1,000","50","50","0","50","50","18","0","32","0","0","50","18","0","32","0","0","0","0","0","0","0","0"
"453747","Ohio Business College-Hilliard","2013","Under 1,000","165","126","39","141","165","39","62","64","0","0","126","36","55","35","0","0","39","3","7","29","0","0"
"453756","Ohio Center for Broadcasting-Columbus","2013","Under 1,000","102","102","0","102","102","65","0","37","0","0","102","65","0","37","0","0","0","0","0","0","0","0"
"453817","Ohio Technical College-PowerSport Institute","2013","Under 1,000","267","267","0","267","267","68","0","199","0","0","267","68","0","199","0","0","0","0","0","0","0","0"
"454078","Toledo Restaurant Training Center","2013","Under 1,000","40","40","0","40","40","17","0","23","0","0","40","17","0","23","0","0","0","0","0","0","0","0"
"454175","Dade Medical College-Miami Lakes","2013","Under 1,000","607","607","0","607","607","134","1","472","0","0","607","134","1","472","0","0","0","0","0","0","0","0"
"454184","The King’s College","2013","Under 1,000","516","493","23","502","516","127","12","365","12","0","493","125","12","353","3","0","23","2","0","12","9","0"
"454227","Chamberlain College of Nursing-Illinois","2013","10,000 - 19,999","13720","2489","11231","6871","10783","13","5083","5682","5","2937","2334","13","1433","888","0","155","8449","0","3650","4794","5","2782"
"454236","Chamberlain College of Nursing-Ohio","2013","Under 1,000","667","346","321","472","667","13","267","386","1","0","346","13","171","162","0","0","321","0","96","224","1","0"
"454245","Chamberlain College of Nursing-Arizona","2013","Under 1,000","515","307","208","389","515","6","185","324","0","0","307","5","131","171","0","0","208","1","54","153","0","0"
"454306","Career Quest Learning Centers-Jackson","2013","Under 1,000","329","329","0","329","329","117","0","212","0","0","329","117","0","212","0","0","0","0","0","0","0","0"
"454315","Regency Beauty Institute-Fort Collins","2013","Under 1,000","89","68","21","76","89","30","0","59","0","0","68","24","0","44","0","0","21","6","0","15","0","0"
"454324","Regency Beauty Institute-Tolleson","2013","Under 1,000","70","53","17","60","70","25","0","45","0","0","53","20","0","33","0","0","17","5","0","12","0","0"
"454333","Regency Beauty Institute-Pasadena","2013","Under 1,000","85","59","26","69","85","31","0","54","0","0","59","24","0","35","0","0","26","7","0","19","0","0"
"454342","Regency Beauty Institute-Dayton","2013","Under 1,000","87","67","20","75","87","29","0","58","0","0","67","22","0","45","0","0","20","7","0","13","0","0"
"454351","Regency Beauty Institute-Akron","2013","Under 1,000","123","123","0","123","123","38","0","85","0","0","123","38","0","85","0","0","0","0","0","0","0","0"
"454360","Regency Beauty Institute-Detroit Southgate","2013","Under 1,000","163","121","42","138","163","45","0","118","0","0","121","33","0","88","0","0","42","12","0","30","0","0"
"454379","Regency Beauty Institute-Flint","2013","Under 1,000","130","130","0","130","130","41","0","89","0","0","130","41","0","89","0","0","0","0","0","0","0","0"
"454388","Regency Beauty Institute-Grand Rapids","2013","Under 1,000","87","63","24","73","87","36","0","51","0","0","63","22","0","41","0","0","24","14","0","10","0","0"
"454397","Regency Beauty Institute-Cypresswood","2013","Under 1,000","117","81","36","95","117","53","0","64","0","0","81","37","0","44","0","0","36","16","0","20","0","0"
"454458","Bryan University","2013","Under 1,000","84","84","0","84","84","15","0","69","0","0","84","15","0","69","0","0","0","0","0","0","0","0"
"454467","Regency Beauty Institute-Austin","2013","Under 1,000","95","72","23","81","95","29","0","66","0","0","72","25","0","47","0","0","23","4","0","19","0","0"
"454476","Regency Beauty Institute-Mesa","2013","Under 1,000","61","37","24","47","61","18","0","43","0","0","37","12","0","25","0","0","24","6","0","18","0","0"
"454485","Regency Beauty Institute-Nashville","2013","Under 1,000","28","28","0","28","28","10","0","18","0","0","28","10","0","18","0","0","0","0","0","0","0","0"
"454494","Regency Beauty Institute-Charlotte","2013","Under 1,000","62","62","0","62","62","20","0","42","0","0","62","20","0","42","0","0","0","0","0","0","0","0"
"454500","Regency Beauty Institute-North Olmsted","2013","Under 1,000","96","67","29","79","96","33","0","63","0","0","67","24","0","43","0","0","29","9","0","20","0","0"
"454519","Regency Beauty Institute-Columbus","2013","Under 1,000","92","63","29","75","92","37","0","55","0","0","63","22","0","41","0","0","29","15","0","14","0","0"
"454528","Regency Beauty Institute-Elgin","2013","Under 1,000","66","45","21","53","66","22","0","44","0","0","45","17","0","28","0","0","21","5","0","16","0","0"
"454537","The Salon Professional Academy-Appleton","2013","Under 1,000","61","61","0","61","61","57","0","4","0","0","61","57","0","4","0","0","0","0","0","0","0","0"
"454546","Milan Institute of Cosmetology-Fairfield","2013","Under 1,000","98","98","0","98","98","25","0","73","0","0","98","25","0","73","0","0","0","0","0","0","0","0"
"454555","Milan Institute of Cosmetology-Reno","2013","Under 1,000","224","224","0","224","224","56","0","168","0","0","224","56","0","168","0","0","0","0","0","0","0","0"
"454573","Milan Institute of Cosmetology-Visalia","2013","Under 1,000","276","276","0","276","276","88","0","188","0","0","276","88","0","188","0","0","0","0","0","0","0","0"
"454582","Ottawa University-Online","2013","Under 1,000","458","1","457","180","383","0","70","309","4","75","1","0","0","1","0","0","382","0","70","308","4","75"
"454591","Broadview University-Orem","2013","Under 1,000","124","82","42","98","124","25","14","79","6","0","82","21","13","45","3","0","42","4","1","34","3","0"
"454607","Paul Mitchell the School-Esani","2013","Under 1,000","211","211","0","211","211","30","0","181","0","0","211","30","0","181","0","0","0","0","0","0","0","0"
"454616","Institute of Production and Recording","2013","Under 1,000","242","153","89","188","242","45","36","152","9","0","153","33","27","91","2","0","89","12","9","61","7","0"
"454625","Virginia College-Greenville","2013","Under 1,000","460","307","153","368","460","243","0","217","0","0","307","186","0","121","0","0","153","57","0","96","0","0"
"454652","Paul Mitchell the School-Birmingham","2013","Under 1,000","162","162","0","162","162","20","0","142","0","0","162","20","0","142","0","0","0","0","0","0","0","0"
"454689","Taft University System","2013","Under 1,000","785","720","65","745","4","2","0","2","0","781","4","2","0","2","0","716","0","0","0","0","0","65"
"454698","Mayfield College","2013","Under 1,000","329","329","0","329","329","229","0","100","0","0","329","229","0","100","0","0","0","0","0","0","0","0"
"454704","International Polytechnic Institute","2013","Under 1,000","33","33","0","33","33","17","0","16","0","0","33","17","0","16","0","0","0","0","0","0","0","0"
"454722","Academy of Esthetics and Cosmetology","2013","Under 1,000","23","19","4","21","23","7","0","16","0","0","19","6","0","13","0","0","4","1","0","3","0","0"
"454740","International Professional School of Bodywork","2013","Under 1,000","215","46","169","113","215","8","11","146","50","0","46","4","6","29","7","0","169","4","5","117","43","0"
"454759","Borner's Barber College","2013","Under 1,000","23","4","19","12","23","0","0","23","0","0","4","0","0","4","0","0","19","0","0","19","0","0"
"454768","Paul Mitchell the School-Pasadena","2013","Under 1,000","174","120","54","141","174","15","0","159","0","0","120","11","0","109","0","0","54","4","0","50","0","0"
"454777","San Francisco Institute of Esthetics and Cosmetology","2013","Under 1,000","204","154","50","174","204","18","0","186","0","0","154","14","0","140","0","0","50","4","0","46","0","0"
"454786","Laurus College","2013","Under 1,000","856","70","786","382","856","378","0","478","0","0","70","23","0","47","0","0","786","355","0","431","0","0"
"454795","Healing Hands School of Holistic Health","2013","Under 1,000","228","117","111","161","228","55","0","173","0","0","117","31","0","86","0","0","111","24","0","87","0","0"
"454801","Career Development Institute","2013","Under 1,000","69","32","37","47","69","30","0","39","0","0","32","30","0","2","0","0","37","0","0","37","0","0"
"454810","Auguste Escoffier School of Culinary Arts-Boulder","2013","Under 1,000","351","351","0","351","351","111","0","240","0","0","351","111","0","240","0","0","0","0","0","0","0","0"
"454829","Aspen University","2013","Under 1,000","633","275","358","413","162","34","0","128","0","471","72","15","0","57","0","203","90","19","0","71","0","268"
"454838","Institute of Taoist Education and Acupuncture","2013","Under 1,000","43","43","0","43","0","0","0","0","0","43","0","0","0","0","0","43","0","0","0","0","0","0"
"454847","National Beauty College","2013","Under 1,000","63","63","0","63","63","57","0","6","0","0","63","57","0","6","0","0","0","0","0","0","0","0"
"454856","Denver School of Nursing","2013","Under 1,000","696","696","0","696","696","0","115","581","0","0","696","0","115","581","0","0","0","0","0","0","0","0"
"454865","Cambridge Institute of Health & Technology","2013","Under 1,000","204","198","6","200","204","46","0","158","0","0","198","41","0","157","0","0","6","5","0","1","0","0"
"454874","Cozmo The School","2013","Under 1,000","55","44","11","48","55","22","0","33","0","0","44","19","0","25","0","0","11","3","0","8","0","0"
"454883","Allied Health Institute","2013","Under 1,000","632","632","0","632","632","78","144","410","0","0","632","78","144","410","0","0","0","0","0","0","0","0"
"454892","North Florida Academy","2013","Under 1,000","32","19","13","24","32","17","0","15","0","0","19","11","0","8","0","0","13","6","0","7","0","0"
"454908","Professional Hands Institute","2013","Under 1,000","38","38","0","38","38","8","0","30","0","0","38","8","0","30","0","0","0","0","0","0","0","0"
"454917","Celebrity School of Beauty","2013","Under 1,000","198","167","31","179","198","191","0","7","0","0","167","161","0","6","0","0","31","30","0","1","0","0"
"454926","Paul Mitchell the School-Atlanta","2013","Under 1,000","225","225","0","225","225","42","0","183","0","0","225","42","0","183","0","0","0","0","0","0","0","0"
"454935","Evans Hairstyling College-Rexburg","2013","Under 1,000","67","67","0","67","67","56","0","11","0","0","67","56","0","11","0","0","0","0","0","0","0","0"
"454944","Hair Academy Paul Mitchell Partner School","2013","Under 1,000","139","120","19","128","139","26","0","113","0","0","120","23","0","97","0","0","19","3","0","16","0","0"
"454953","University of Aesthetics-Chicago","2013","Under 1,000","33","19","14","25","33","4","0","29","0","0","19","2","0","17","0","0","14","2","0","12","0","0"
"454962","University of Aesthetics-Downers Grove","2013","Under 1,000","31","25","6","27","31","17","0","14","0","0","25","16","0","9","0","0","6","1","0","5","0","0"
"454971","Tricoci University of Beauty Culture-Chicago","2013","Under 1,000","177","101","76","131","177","25","0","152","0","0","101","20","0","81","0","0","76","5","0","71","0","0"
"454980","Tricoci University of Beauty Culture-Glendale Heights","2013","Under 1,000","133","83","50","103","133","15","0","118","0","0","83","10","0","73","0","0","50","5","0","45","0","0"
"454999","Tricoci University of Beauty Culture-Peoria","2013","Under 1,000","114","85","29","97","114","11","0","103","0","0","85","10","0","75","0","0","29","1","0","28","0","0"
"455008","Tricoci University of Beauty Culture-Rockford","2013","Under 1,000","139","94","45","112","139","26","0","113","0","0","94","25","0","69","0","0","45","1","0","44","0","0"
"455017","Frederick School of Cosmetology","2013","Under 1,000","35","22","13","27","35","9","0","26","0","0","22","6","0","16","0","0","13","3","0","10","0","0"
"455026","Omega Studios' School of Applied Recording Arts & Sciences","2013","Under 1,000","96","0","96","38","96","19","0","77","0","0","0","0","0","0","0","0","96","19","0","77","0","0"
"455035","Focus-Hope Information Technologies Center","2013","Under 1,000","17","17","0","17","17","10","0","7","0","0","17","10","0","7","0","0","0","0","0","0","0","0"
"455053","International Cosmetology Academy","2013","Under 1,000","47","6","41","22","47","20","0","27","0","0","6","4","0","2","0","0","41","16","0","25","0","0"
"455062","French Academy of Cosmetology","2013","Under 1,000","73","27","46","45","73","9","0","64","0","0","27","4","0","23","0","0","46","5","0","41","0","0"
"455071","Healing Arts Center","2013","Under 1,000","119","0","119","47","119","41","0","78","0","0","0","0","0","0","0","0","119","41","0","78","0","0"
"455080","Paul Mitchell the School-Springfield","2013","Under 1,000","97","75","22","84","97","63","0","34","0","0","75","50","0","25","0","0","22","13","0","9","0","0"
"455099","Urshan Graduate School of Theology","2013","Under 1,000","68","9","59","32","0","0","0","0","0","68","0","0","0","0","0","9","0","0","0","0","0","59"
"455105","Mississippi Institute of Aesthetics Nails & Cosmetology","2013","Under 1,000","58","58","0","58","58","12","0","46","0","0","58","12","0","46","0","0","0","0","0","0","0","0"
"455114","College of Western Idaho","2013","5,000 - 9,999","9191","3933","5258","5698","9191","1661","1089","5414","1027","0","3933","829","512","2557","35","0","5258","832","577","2857","992","0"
"455141","Aveda Institute-Chapel Hill","2013","Under 1,000","156","156","0","156","156","69","0","87","0","0","156","69","0","87","0","0","0","0","0","0","0","0"
"455169","Charlotte School of Law","2013","1,000 - 4,999","1410","1141","269","1244","0","0","0","0","0","1410","0","0","0","0","0","1141","0","0","0","0","0","269"
"455178","Daoist Traditions College of Chinese Medical Arts","2013","Under 1,000","78","75","3","76","0","0","0","0","0","78","0","0","0","0","0","75","0","0","0","0","0","3"
"455187","Total Image Beauty Academy","2013","Under 1,000","136","68","68","95","136","126","0","10","0","0","68","63","0","5","0","0","68","63","0","5","0","0"
"455196","Jersey College","2013","1,000 - 4,999","1887","1887","0","1887","1887","119","294","1474","0","0","1887","119","294","1474","0","0","0","0","0","0","0","0"
"455202","American Institute of Medical Sciences & Education","2013","Under 1,000","274","274","0","274","274","9","0","265","0","0","274","9","0","265","0","0","0","0","0","0","0","0"
"455211","Casal Institute of Nevada","2013","Under 1,000","115","106","9","110","115","16","0","99","0","0","106","16","0","90","0","0","9","0","0","9","0","0"
"455220","Career School of NY","2013","Under 1,000","62","62","0","62","62","58","0","4","0","0","62","58","0","4","0","0","0","0","0","0","0","0"
"455239","John Paolo's Xtreme Beauty Institute-Goldwell Product Artistry","2013","Under 1,000","72","40","32","53","72","40","0","32","0","0","40","20","0","20","0","0","32","20","0","12","0","0"
"455257","Yeshiva of Machzikai Hadas","2013","Under 1,000","347","347","0","347","347","69","25","253","0","0","347","69","25","253","0","0","0","0","0","0","0","0"
"455275","Aveda Institute-Columbus","2013","Under 1,000","271","271","0","271","271","128","0","143","0","0","271","128","0","143","0","0","0","0","0","0","0","0"
"455284","Paul Mitchell the School-Cincinnati","2013","Under 1,000","244","192","52","213","244","47","0","197","0","0","192","38","0","154","0","0","52","9","0","43","0","0"
"455293","Cutter's Edge School of Cosmetology","2013","Under 1,000","12","12","0","12","12","4","0","8","0","0","12","4","0","8","0","0","0","0","0","0","0","0"
"455327","Hands on Therapy","2013","Under 1,000","72","29","43","46","72","60","0","12","0","0","29","23","0","6","0","0","43","37","0","6","0","0"
"455336","MediaTech Institute-Dallas","2013","Under 1,000","176","176","0","176","176","172","0","4","0","0","176","172","0","4","0","0","0","0","0","0","0","0"
"455345","PCCenter","2013","Under 1,000","60","60","0","60","60","25","0","35","0","0","60","25","0","35","0","0","0","0","0","0","0","0"
"455354","Aveda Institute-San Antonio","2013","Under 1,000","303","303","0","303","303","62","0","241","0","0","303","62","0","241","0","0","0","0","0","0","0","0"
"455381","Skin Science Institute","2013","Under 1,000","67","34","33","47","67","7","0","60","0","0","34","5","0","29","0","0","33","2","0","31","0","0"
"455390","Global Health College","2013","Under 1,000","265","93","172","161","265","56","150","59","0","0","93","29","34","30","0","0","172","27","116","29","0","0"
"455406","Pacific Northwest University of Health Sciences","2013","Under 1,000","359","355","4","357","0","0","0","0","0","359","0","0","0","0","0","355","0","0","0","0","0","4"
"455424","Brensten Education","2013","Under 1,000","402","402","0","402","402","130","72","200","0","0","402","130","72","200","0","0","0","0","0","0","0","0"
"455433","The Chicago School of Professional Psychology at Irvine","2013","Under 1,000","273","125","148","182","0","0","0","0","0","273","0","0","0","0","0","125","0","0","0","0","0","148"
"455460","Fortis College-Dothan","2013","Under 1,000","208","208","0","208","208","20","0","188","0","0","208","20","0","188","0","0","0","0","0","0","0","0"
"455479","Fortis Institute-Pensacola","2013","Under 1,000","817","817","0","817","817","99","115","603","0","0","817","99","115","603","0","0","0","0","0","0","0","0"
"455488","Fortis College-Montgomery","2013","Under 1,000","363","290","73","319","363","105","39","219","0","0","290","84","33","173","0","0","73","21","6","46","0","0"
"455512","Woodland Community College","2013","1,000 - 4,999","2641","830","1811","1438","2641","410","399","1588","244","0","830","196","69","542","23","0","1811","214","330","1046","221","0"
"455549","Dorsey Business Schools-Farmington Hills","2013","Under 1,000","97","97","0","97","97","33","0","64","0","0","97","33","0","64","0","0","0","0","0","0","0","0"
"455558","Dorsey Business Schools-Roseville Culinary Academy","2013","Under 1,000","165","165","0","165","165","71","0","94","0","0","165","71","0","94","0","0","0","0","0","0","0","0"
"455567","Vatterott College-Appling Farms","2013","Under 1,000","355","355","0","355","355","48","27","280","0","0","355","48","27","280","0","0","0","0","0","0","0","0"
"455585","Minnesota School of Business-Moorhead","2013","Under 1,000","182","127","55","149","182","32","29","110","11","0","127","29","27","71","0","0","55","3","2","39","11","0"
"455600","Brown Mackie College-Boise","2013","Under 1,000","393","393","0","393","393","63","59","271","0","0","393","63","59","271","0","0","0","0","0","0","0","0"
"455619","Brown Mackie College-Tulsa","2013","Under 1,000","604","604","0","604","604","74","92","438","0","0","604","74","92","438","0","0","0","0","0","0","0","0"
"455628","Fortis Institute-Birmingham","2013","Under 1,000","711","711","0","711","711","71","96","544","0","0","711","71","96","544","0","0","0","0","0","0","0","0"
"455655","Miller-Motte College-Greenville","2013","Under 1,000","446","269","177","339","446","189","8","249","0","0","269","126","4","139","0","0","177","63","4","110","0","0"
"455664","The Chicago School of Professional Psychology at Los Angeles","2013","1,000 - 4,999","2006","712","1294","1206","0","0","0","0","0","2006","0","0","0","0","0","712","0","0","0","0","0","1294"
"455673","Metro Business College-Arnold","2013","Under 1,000","50","42","8","45","50","2","4","44","0","0","42","2","4","36","0","0","8","0","0","8","0","0"
"455682","The Chicago School of Professional Psychology at Westwood","2013","Under 1,000","267","79","188","151","0","0","0","0","0","267","0","0","0","0","0","79","0","0","0","0","0","188"
"455707","Cardiac and Vascular Institute of Ultrasound","2013","Under 1,000","38","38","0","38","38","0","0","38","0","0","38","0","0","38","0","0","0","0","0","0","0","0"
"455716","Virginia College-Jacksonville","2013","Under 1,000","629","467","162","531","629","300","0","329","0","0","467","234","0","233","0","0","162","66","0","96","0","0"
"455725","Studio Academy of Beauty","2013","Under 1,000","363","363","0","363","363","227","0","136","0","0","363","227","0","136","0","0","0","0","0","0","0","0"
"455734","California Nurses Educational Institute","2013","Under 1,000","223","223","0","223","223","78","0","145","0","0","223","78","0","145","0","0","0","0","0","0","0","0"
"455752","RWM Fiber Optics","2013","Under 1,000","73","73","0","73","73","28","0","45","0","0","73","28","0","45","0","0","0","0","0","0","0","0"
"455761","Paul Mitchell the School-Sacramento","2013","Under 1,000","348","247","101","287","348","15","0","333","0","0","247","14","0","233","0","0","101","1","0","100","0","0"
"455770","Providence Christian College","2013","Under 1,000","66","66","0","66","66","20","10","36","0","0","66","20","10","36","0","0","0","0","0","0","0","0"
"455798","Oxford Academy of Hair Design","2013","Under 1,000","107","56","51","76","107","22","0","85","0","0","56","17","0","39","0","0","51","5","0","46","0","0"
"455804","Institute of World Politics","2013","Under 1,000","135","79","56","100","0","0","0","0","0","135","0","0","0","0","0","79","0","0","0","0","0","56"
"455813","Pontifical John Paul II Institute for Studies on Marriage and Family","2013","Under 1,000","85","52","33","65","0","0","0","0","0","85","0","0","0","0","0","52","0","0","0","0","0","33"
"455831","Medical Institute of Palm Beach","2013","Under 1,000","122","122","0","122","122","32","0","90","0","0","122","32","0","90","0","0","0","0","0","0","0","0"
"455840","Lake Lanier School of Massage","2013","Under 1,000","155","155","0","155","155","45","0","110","0","0","155","45","0","110","0","0","0","0","0","0","0","0"
"455859","Oliver Finley Academy of Cosmetology","2013","Under 1,000","192","192","0","192","192","34","0","158","0","0","192","34","0","158","0","0","0","0","0","0","0","0"
"455868","National Career College","2013","Under 1,000","43","43","0","43","43","25","0","18","0","0","43","25","0","18","0","0","0","0","0","0","0","0"
"455877","Aveda Institute-Chicago","2013","Under 1,000","183","183","0","183","183","106","0","77","0","0","183","106","0","77","0","0","0","0","0","0","0","0"
"455886","Tricoci University of Beauty Culture-Libertyville","2013","Under 1,000","150","95","55","117","150","19","0","131","0","0","95","15","0","80","0","0","55","4","0","51","0","0"
"455895","Tricoci University of Beauty Culture-Bridgeview","2013","Under 1,000","165","107","58","130","165","14","0","151","0","0","107","11","0","96","0","0","58","3","0","55","0","0"
"455901","The Temple-A Paul Mitchell Partner School","2013","Under 1,000","216","216","0","216","216","31","0","185","0","0","216","31","0","185","0","0","0","0","0","0","0","0"
"455910","Center for Massage & Natural Health","2013","Under 1,000","58","58","0","58","58","26","0","32","0","0","58","26","0","32","0","0","0","0","0","0","0","0"
"455929","Academy of Hair Design-Oklahoma City","2013","Under 1,000","55","28","27","39","55","23","0","32","0","0","28","12","0","16","0","0","27","11","0","16","0","0"
"455947","Pulse Beauty Academy-A Paul Mitchell Partner School","2013","Under 1,000","138","118","20","126","138","129","0","9","0","0","118","113","0","5","0","0","20","16","0","4","0","0"
"455956","Liberty Technical College","2013","Under 1,000","109","109","0","109","109","65","0","44","0","0","109","65","0","44","0","0","0","0","0","0","0","0"
"455965","Toni & Guy Hairdressing Academy-Cranston","2013","Under 1,000","139","139","0","139","139","36","0","103","0","0","139","36","0","103","0","0","0","0","0","0","0","0"
"455974","South Texas Training Center","2013","Under 1,000","136","136","0","136","136","101","0","35","0","0","136","101","0","35","0","0","0","0","0","0","0","0"
"455983","Columbia College","2013","Under 1,000","310","266","44","283","310","196","17","84","13","0","266","168","17","68","13","0","44","28","0","16","0","0"
"455992","Vermont College of Fine Arts","2013","Under 1,000","359","359","0","359","0","0","0","0","0","359","0","0","0","0","0","359","0","0","0","0","0","0"
"456001","Advanced Welding Institute","2013","Under 1,000","53","53","0","53","53","41","0","12","0","0","53","41","0","12","0","0","0","0","0","0","0","0"
"456010","The Art Institute of Washington-Dulles","2013","Under 1,000","244","185","59","208","244","24","42","177","1","0","185","18","30","137","0","0","59","6","12","40","1","0"
"456029","Paul Mitchell the School-Memphis","2013","Under 1,000","143","143","0","143","143","18","0","125","0","0","143","18","0","125","0","0","0","0","0","0","0","0"
"456038","Pima Medical Institute-East Valley","2013","Under 1,000","511","511","0","511","511","230","0","281","0","0","511","230","0","281","0","0","0","0","0","0","0","0"
"456056","Virginia College-Charleston","2013","Under 1,000","425","316","109","359","425","206","0","219","0","0","316","173","0","143","0","0","109","33","0","76","0","0"
"456065","The Ohio Academy Paul Mitchell Partner School-Cleveland","2013","Under 1,000","181","131","50","151","181","30","0","151","0","0","131","26","0","105","0","0","50","4","0","46","0","0"
"456074","The Ohio Academy Paul Mitchell Partner School-Columbus","2013","Under 1,000","216","164","52","185","216","28","0","188","0","0","164","20","0","144","0","0","52","8","0","44","0","0"
"456092","Georgia Beauty Academy","2013","Under 1,000","131","80","51","100","131","24","0","107","0","0","80","12","0","68","0","0","51","12","0","39","0","0"
"456126","Empire Beauty School-Lauderhill","2013","Under 1,000","101","78","23","87","101","44","0","57","0","0","78","33","0","45","0","0","23","11","0","12","0","0"
"456135","Empire Beauty School-Spring Lake Park","2013","Under 1,000","110","78","32","91","110","27","0","83","0","0","78","22","0","56","0","0","32","5","0","27","0","0"
"456144","MediaTech Institute-Austin","2013","Under 1,000","87","87","0","87","87","77","0","10","0","0","87","77","0","10","0","0","0","0","0","0","0","0"
"456153","MediaTech Institute-Houston","2013","Under 1,000","126","126","0","126","126","120","0","6","0","0","126","120","0","6","0","0","0","0","0","0","0","0"
"456180","Fortis College-Phoenix","2013","Under 1,000","271","271","0","271","271","22","29","220","0","0","271","22","29","220","0","0","0","0","0","0","0","0"
"456205","Miller-Motte College-Raleigh","2013","Under 1,000","459","285","174","354","459","115","54","290","0","0","285","87","29","169","0","0","174","28","25","121","0","0"
"456214","Lamson Institute","2013","Under 1,000","169","169","0","169","169","145","0","24","0","0","169","145","0","24","0","0","0","0","0","0","0","0"
"456287","College of Hair Design-East Campus","2013","Under 1,000","114","114","0","114","114","24","0","90","0","0","114","24","0","90","0","0","0","0","0","0","0","0"
"456296","International Academy of Design and Technology-Online","2013","1,000 - 4,999","1251","1112","139","1167","1251","136","154","961","0","0","1112","125","143","844","0","0","139","11","11","117","0","0"
"456302","Le Cordon Bleu College of Culinary Arts-St Louis","2013","Under 1,000","302","302","0","302","302","73","0","229","0","0","302","73","0","229","0","0","0","0","0","0","0","0"
"456320","Heritage College-Wichita","2013","Under 1,000","390","390","0","390","390","81","21","288","0","0","390","81","21","288","0","0","0","0","0","0","0","0"
"456339","Heritage College-Little Rock","2013","Under 1,000","413","413","0","413","413","102","0","311","0","0","413","102","0","311","0","0","0","0","0","0","0","0"
"456348","Argosy University-Phoenix Online Division","2013","10,000 - 19,999","11746","11746","0","11746","8938","867","976","7074","21","2808","8938","867","976","7074","21","2808","0","0","0","0","0","0"
"456357","MedTech College-Greenwood Campus","2013","Under 1,000","551","551","0","551","551","79","0","472","0","0","551","79","0","472","0","0","0","0","0","0","0","0"
"456366","MedTech College-Ft Wayne Campus","2013","Under 1,000","357","357","0","357","357","62","2","293","0","0","357","62","2","293","0","0","0","0","0","0","0","0"
"456375","MedTech College-Lexington Campus","2013","Under 1,000","180","180","0","180","180","52","0","128","0","0","180","52","0","128","0","0","0","0","0","0","0","0"
"456393","ITT Technical Institute-Madison","2013","Under 1,000","231","185","46","203","231","85","2","144","0","0","185","81","2","102","0","0","46","4","0","42","0","0"
"456409","ITT Technical Institute-Springfield","2013","Under 1,000","206","158","48","177","206","46","5","155","0","0","158","41","3","114","0","0","48","5","2","41","0","0"
"456418","ITT Technical Institute-Huntington","2013","Under 1,000","263","202","61","226","263","34","2","227","0","0","202","32","2","168","0","0","61","2","0","59","0","0"
"456427","ITT Technical Institute-Concord","2013","Under 1,000","258","208","50","228","258","24","2","232","0","0","208","21","2","185","0","0","50","3","0","47","0","0"
"456436","ITT Technical Institute-Fort Myers","2013","Under 1,000","339","224","115","269","339","49","8","282","0","0","224","44","2","178","0","0","115","5","6","104","0","0"
"456445","ITT Technical Institute-Charlotte North","2013","Under 1,000","416","321","95","358","416","78","5","333","0","0","321","65","3","253","0","0","95","13","2","80","0","0"
"456454","Fortis College-Salt Lake City","2013","Under 1,000","333","333","0","333","333","28","39","266","0","0","333","28","39","266","0","0","0","0","0","0","0","0"
"456481","Polytechnic University of Puerto Rico-Miami","2013","Under 1,000","120","59","61","83","63","3","5","55","0","57","19","2","1","16","0","40","44","1","4","39","0","17"
"456490","Polytechnic University of Puerto Rico-Orlando","2013","Under 1,000","125","32","93","68","82","1","4","77","0","43","17","1","1","15","0","15","65","0","3","62","0","28"
"456506","Ross Medical Education Center-Fort Wayne","2013","Under 1,000","138","138","0","138","138","40","0","98","0","0","138","40","0","98","0","0","0","0","0","0","0","0"
"456515","Ross Medical Education Center-Portage","2013","Under 1,000","136","136","0","136","136","57","0","79","0","0","136","57","0","79","0","0","0","0","0","0","0","0"
"456542","The Commonwealth Medical College","2013","Under 1,000","364","364","0","364","0","0","0","0","0","364","0","0","0","0","0","364","0","0","0","0","0","0"
"456551","Josef's School of Hair Design Inc-Fargo West","2013","Under 1,000","42","42","0","42","42","18","0","24","0","0","42","18","0","24","0","0","0","0","0","0","0","0"
"456560","Northeast Technology Center-Claremore","2013","Under 1,000","183","41","142","89","183","30","0","27","126","0","41","19","0","22","0","0","142","11","0","5","126","0"
"456588","Salon Success Academy-Fontana","2013","Under 1,000","54","54","0","54","54","6","0","48","0","0","54","6","0","48","0","0","0","0","0","0","0","0"
"456597","Salon Success Academy-Redlands","2013","Under 1,000","93","93","0","93","93","32","0","61","0","0","93","32","0","61","0","0","0","0","0","0","0","0"
"456612","Brown Mackie College-Phoenix","2013","Under 1,000","637","637","0","637","637","102","125","410","0","0","637","102","125","410","0","0","0","0","0","0","0","0"
"456621","Strayer University-West Virginia","2013","Under 1,000","210","15","195","91","177","22","17","138","0","33","13","0","1","12","0","2","164","22","16","126","0","31"
"456719","Regency Beauty Institute-Tinley Park","2013","Under 1,000","85","85","0","85","85","24","0","61","0","0","85","24","0","61","0","0","0","0","0","0","0","0"
"456728","Regency Beauty Institute-Columbia","2013","Under 1,000","39","27","12","32","39","11","0","28","0","0","27","8","0","19","0","0","12","3","0","9","0","0"
"456737","Regency Beauty Institute-South Bend","2013","Under 1,000","102","102","0","102","102","43","0","59","0","0","102","43","0","59","0","0","0","0","0","0","0","0"
"456746","Regency Beauty Institute-Detroit Lakeside","2013","Under 1,000","102","72","30","84","102","32","0","70","0","0","72","25","0","47","0","0","30","7","0","23","0","0"
"456755","Regency Beauty Institute-Fort Myers","2013","Under 1,000","40","28","12","33","40","14","0","26","0","0","28","11","0","17","0","0","12","3","0","9","0","0"
"456764","Regency Beauty Institute-Arlington","2013","Under 1,000","96","68","28","79","96","38","0","58","0","0","68","31","0","37","0","0","28","7","0","21","0","0"
"456773","Regency Beauty Institute-Durham","2013","Under 1,000","54","54","0","54","54","16","0","38","0","0","54","16","0","38","0","0","0","0","0","0","0","0"
"456782","Minnesota School of Business-Elk River","2013","Under 1,000","291","196","95","233","291","21","49","215","6","0","196","18","41","137","0","0","95","3","8","78","6","0"
"456791","Brown Mackie College-Greenville","2013","Under 1,000","845","845","0","845","845","112","145","588","0","0","845","112","145","588","0","0","0","0","0","0","0","0"
"456807","Globe University-Sioux Falls","2013","Under 1,000","171","139","32","152","171","23","34","108","6","0","139","23","32","82","2","0","32","0","2","26","4","0"
"456816","Globe University-Eau Claire","2013","Under 1,000","221","161","60","185","221","31","32","152","6","0","161","30","31","98","2","0","60","1","1","54","4","0"
"456825","Vanguard College of Cosmetology-Baton Rouge","2013","Under 1,000","106","106","0","106","106","24","0","82","0","0","106","24","0","82","0","0","0","0","0","0","0","0"
"456834","Globe University-Minneapolis","2013","Under 1,000","237","158","79","188","126","8","35","83","0","111","102","7","33","62","0","56","24","1","2","21","0","55"
"456861","Beauty Schools of America-Homestead","2013","Under 1,000","655","655","0","655","655","196","0","459","0","0","655","196","0","459","0","0","0","0","0","0","0","0"
"456922","South Texas Vocational Technical Institute-Brownsville","2013","Under 1,000","278","278","0","278","278","103","0","175","0","0","278","103","0","175","0","0","0","0","0","0","0","0"
"456931","South Texas Vocational Technical Institute-Corpus Christi","2013","Under 1,000","268","268","0","268","268","104","0","164","0","0","268","104","0","164","0","0","0","0","0","0","0","0"
"456940","L'Ecole Culinaire-Memphis","2013","Under 1,000","441","441","0","441","441","43","46","352","0","0","441","43","46","352","0","0","0","0","0","0","0","0"
"456959","University of Minnesota-Rochester","2013","Under 1,000","495","467","28","478","495","155","39","283","18","0","467","155","39","272","1","0","28","0","0","11","17","0"
"456968","Health And Style Institute","2013","Under 1,000","179","151","28","162","179","15","0","164","0","0","151","11","0","140","0","0","28","4","0","24","0","0"
"456977","CBT College-Cutler Bay","2013","Under 1,000","174","174","0","174","174","44","0","130","0","0","174","44","0","130","0","0","0","0","0","0","0","0"
"457004","National College-Columbus","2013","Under 1,000","99","67","32","80","99","6","14","79","0","0","67","4","12","51","0","0","32","2","2","28","0","0"
"457022","Herzing University-Toledo","2013","Under 1,000","205","137","68","164","205","40","0","165","0","0","137","31","0","106","0","0","68","9","0","59","0","0"
"457031","Capri Beauty College","2013","Under 1,000","49","49","0","49","49","7","0","42","0","0","49","7","0","42","0","0","0","0","0","0","0","0"
"457077","Milan Institute-Bakersfield","2013","Under 1,000","411","411","0","411","411","118","0","293","0","0","411","118","0","293","0","0","0","0","0","0","0","0"
"457086","Homestead Schools","2013","Under 1,000","166","117","49","136","166","14","0","152","0","0","117","12","0","105","0","0","49","2","0","47","0","0"
"457101","Carrington College-Las Vegas","2013","Under 1,000","255","224","31","236","255","28","56","171","0","0","224","28","36","160","0","0","31","0","20","11","0","0"
"457110","Carrington College-Reno","2013","Under 1,000","333","254","79","285","333","9","46","278","0","0","254","8","19","227","0","0","79","1","27","51","0","0"
"457129","Chamberlain College of Nursing-Florida","2013","Under 1,000","649","339","310","461","649","2","246","401","0","0","339","2","110","227","0","0","310","0","136","174","0","0"
"457174","Remington College-Columbia Campus","2013","Under 1,000","336","336","0","336","336","126","0","210","0","0","336","126","0","210","0","0","0","0","0","0","0","0"
"457183","Remington College of Nursing Orlando","2013","Under 1,000","100","100","0","100","100","0","0","100","0","0","100","0","0","100","0","0","0","0","0","0","0","0"
"457192","Washington Barber College Inc","2013","Under 1,000","126","126","0","126","126","31","0","95","0","0","126","31","0","95","0","0","0","0","0","0","0","0"
"457208","InterCoast Colleges-Elk Grove","2013","Under 1,000","28","28","0","28","28","6","0","22","0","0","28","6","0","22","0","0","0","0","0","0","0","0"
"457226","Horizon University","2013","Under 1,000","58","16","42","32","58","3","0","55","0","0","16","2","0","14","0","0","42","1","0","41","0","0"
"457244","San Diego Culinary Institute","2013","Under 1,000","54","41","13","46","54","23","0","31","0","0","41","19","0","22","0","0","13","4","0","9","0","0"
"457253","Beyond 21st Century Beauty Academy","2013","Under 1,000","46","15","31","27","46","6","0","40","0","0","15","1","0","14","0","0","31","5","0","26","0","0"
"457271","Academy for Jewish Religion-California","2013","Under 1,000","63","29","34","42","0","0","0","0","0","63","0","0","0","0","0","29","0","0","0","0","0","34"
"457299","Angeles College","2013","Under 1,000","145","112","33","125","145","44","9","92","0","0","112","29","9","74","0","0","33","15","0","18","0","0"
"457314","Angeles Institute","2013","Under 1,000","105","105","0","105","105","32","0","73","0","0","105","32","0","73","0","0","0","0","0","0","0","0"
"457323","Paul Mitchell the School-Temecula","2013","Under 1,000","275","184","91","220","275","54","0","221","0","0","184","33","0","151","0","0","91","21","0","70","0","0"
"457332","European Academy of Cosmetology and Hairdressing","2013","Under 1,000","38","13","25","23","38","19","0","19","0","0","13","9","0","4","0","0","25","10","0","15","0","0"
"457341","International Institute of Cosmetology","2013","Under 1,000","132","113","19","121","132","16","0","116","0","0","113","15","0","98","0","0","19","1","0","18","0","0"
"457350","Florida School of Traditional Midwifery","2013","Under 1,000","34","0","34","13","34","9","0","25","0","0","0","0","0","0","0","0","34","9","0","25","0","0"
"457378","Walton Career Development Center","2013","Under 1,000","130","120","10","123","130","29","0","101","0","0","120","27","0","93","0","0","10","2","0","8","0","0"
"457387","Immokalee Technical Center","2013","Under 1,000","386","187","199","254","386","49","0","163","174","0","187","39","0","148","0","0","199","10","0","15","174","0"
"457396","American Academy of Cosmetology","2013","Under 1,000","120","75","45","93","120","15","0","105","0","0","75","13","0","62","0","0","45","2","0","43","0","0"
"457402","University of Fort Lauderdale","2013","Under 1,000","46","7","39","22","33","0","0","33","0","13","7","0","0","7","0","0","26","0","0","26","0","13"
"457411","Aviation Institute of Maintenance-Orlando","2013","Under 1,000","268","266","2","267","268","30","0","238","0","0","266","30","0","236","0","0","2","0","0","2","0","0"
"457420","The Salon Professional Academy-Tampa","2013","Under 1,000","99","51","48","70","99","12","0","87","0","0","51","10","0","41","0","0","48","2","0","46","0","0"
"457439","The Salon Professional Academy-Gainesville","2013","Under 1,000","37","24","13","29","37","16","0","21","0","0","24","10","0","14","0","0","13","6","0","7","0","0"
"457448","The Salon Professional Academy-The Villages","2013","Under 1,000","148","148","0","148","148","23","0","125","0","0","148","23","0","125","0","0","0","0","0","0","0","0"
"457457","The Hair Academy Inc","2013","Under 1,000","44","18","26","28","44","35","0","9","0","0","18","16","0","2","0","0","26","19","0","7","0","0"
"457466","Profile Institute of Barber-Styling","2013","Under 1,000","60","60","0","60","60","14","0","46","0","0","60","14","0","46","0","0","0","0","0","0","0","0"
"457475","The Process Institute of Cosmetology","2013","Under 1,000","93","93","0","93","93","33","0","60","0","0","93","33","0","60","0","0","0","0","0","0","0","0"
"457484","New Hope Christian College-Honolulu","2013","Under 1,000","147","87","60","110","129","13","4","109","3","18","81","8","3","70","0","6","48","5","1","39","3","12"
"457493","D & L Academy of Hair Design","2013","Under 1,000","25","25","0","25","25","10","0","15","0","0","25","10","0","15","0","0","0","0","0","0","0","0"
"457509","Master Educators Beauty School","2013","Under 1,000","33","33","0","33","33","8","0","25","0","0","33","8","0","25","0","0","0","0","0","0","0","0"
"457527","Ambria College of Nursing","2013","Under 1,000","344","254","90","290","344","7","69","217","51","0","254","5","45","162","42","0","90","2","24","55","9","0"
"457536","Midwestern Career College","2013","Under 1,000","45","45","0","45","45","21","0","24","0","0","45","21","0","24","0","0","0","0","0","0","0","0"
"457545","Paul Mitchell the School-Normal","2013","Under 1,000","131","102","29","114","131","31","0","100","0","0","102","29","0","73","0","0","29","2","0","27","0","0"
"457554","Innovations Design Academy","2013","Under 1,000","45","42","3","43","45","42","0","3","0","0","42","40","0","2","0","0","3","2","0","1","0","0"
"457563","Aveda Fredric's Institute-Indianapolis","2013","Under 1,000","208","208","0","208","208","51","0","157","0","0","208","51","0","157","0","0","0","0","0","0","0","0"
"457572","The Salon Professional Academy-Anderson","2013","Under 1,000","106","106","0","106","106","15","0","91","0","0","106","15","0","91","0","0","0","0","0","0","0","0"
"457581","Eric Fisher Academy","2013","Under 1,000","152","152","0","152","152","19","0","133","0","0","152","19","0","133","0","0","0","0","0","0","0","0"
"457590","A & W Healthcare Educators","2013","Under 1,000","48","38","10","42","48","0","0","48","0","0","38","0","0","38","0","0","10","0","0","10","0","0"
"457606","My Le's Beauty College","2013","Under 1,000","35","35","0","35","35","33","0","2","0","0","35","33","0","2","0","0","0","0","0","0","0","0"
"457615","Blackstone Valley Vocational Regional School District","2013","Under 1,000","50","0","50","17","50","21","0","29","0","0","0","0","0","0","0","0","50","21","0","29","0","0"
"457624","Southern Worcester County Regional Voc School District","2013","Under 1,000","28","28","0","28","28","27","0","1","0","0","28","27","0","1","0","0","0","0","0","0","0","0"
"457633","L'esprit Academy","2013","Under 1,000","129","97","32","110","129","44","0","85","0","0","97","34","0","63","0","0","32","10","0","22","0","0"
"457642","Marketti Academy of Cosmetology","2013","Under 1,000","59","42","17","49","59","20","0","39","0","0","42","17","0","25","0","0","17","3","0","14","0","0"
"457651","CenterPoint Massage and Shiatsu Therapy School and Clinic","2013","Under 1,000","95","48","47","67","95","15","0","80","0","0","48","10","0","38","0","0","47","5","0","42","0","0"
"457679","Avalon School of Cosmetology","2013","Under 1,000","33","33","0","33","33","19","0","14","0","0","33","19","0","14","0","0","0","0","0","0","0","0"
"457688","American Business and Technology University","2013","1,000 - 4,999","1822","1822","0","1822","1822","472","1059","288","3","0","1822","472","1059","288","3","0","0","0","0","0","0","0"
"457697","City Vision College","2013","Under 1,000","78","47","31","59","78","7","24","43","4","0","47","3","16","27","1","0","31","4","8","16","3","0"
"457703","Transformed Barber and Cosmetology Academy","2013","Under 1,000","105","46","59","69","105","14","0","91","0","0","46","3","0","43","0","0","59","11","0","48","0","0"
"457721","Bitterroot School of Cosmetology","2013","Under 1,000","30","30","0","30","30","12","0","18","0","0","30","12","0","18","0","0","0","0","0","0","0","0"
"457730","Atlanta Beauty & Barber Academy","2013","Under 1,000","515","506","9","510","515","154","0","361","0","0","506","148","0","358","0","0","9","6","0","3","0","0"
"457749","The Salon Professional Academy-Great Falls","2013","Under 1,000","102","86","16","92","102","23","0","79","0","0","86","17","0","69","0","0","16","6","0","10","0","0"
"457758","Park West Barber School","2013","Under 1,000","175","77","98","116","175","61","0","114","0","0","77","36","0","41","0","0","98","25","0","73","0","0"
"457767","National Career Institute","2013","Under 1,000","176","176","0","176","176","74","0","102","0","0","176","74","0","102","0","0","0","0","0","0","0","0"
"457776","Toni & Guy Hairdressing Academy-Albuquerque","2013","Under 1,000","84","84","0","84","84","5","0","79","0","0","84","5","0","79","0","0","0","0","0","0","0","0"
"457785","International Academy of Style","2013","Under 1,000","118","118","0","118","118","113","0","5","0","0","118","113","0","5","0","0","0","0","0","0","0","0"
"457794","EDP School of Computer Programming","2013","Under 1,000","82","75","7","78","82","0","0","82","0","0","75","0","0","75","0","0","7","0","0","7","0","0"
"457800","New York Medical Career Training Center","2013","Under 1,000","363","90","273","198","363","352","0","11","0","0","90","83","0","7","0","0","273","269","0","4","0","0"
"457819","Institute of Culinary Education","2013","Under 1,000","614","13","601","252","614","363","0","251","0","0","13","6","0","7","0","0","601","357","0","244","0","0"
"457828","New Life Business Institute","2013","Under 1,000","42","42","0","42","42","32","0","10","0","0","42","32","0","10","0","0","0","0","0","0","0","0"
"457837","The Salon Professional Academy-Tonawanda","2013","Under 1,000","109","55","54","76","109","48","0","61","0","0","55","23","0","32","0","0","54","25","0","29","0","0"
"457846","Onondaga School of Therapeutic Massage-Syracuse","2013","Under 1,000","74","14","60","38","74","14","0","60","0","0","14","0","0","14","0","0","60","14","0","46","0","0"
"457855","Academy of Cosmetology and Esthetics NYC","2013","Under 1,000","130","107","23","116","130","23","0","107","0","0","107","21","0","86","0","0","23","2","0","21","0","0"
"457864","Finger Lakes School of Massage","2013","Under 1,000","113","56","57","79","113","42","0","71","0","0","56","30","0","26","0","0","57","12","0","45","0","0"
"457873","Four County Career Center","2013","Under 1,000","142","44","98","77","142","16","0","126","0","0","44","0","0","44","0","0","98","16","0","82","0","0"
"457891","Vanity School of Cosmetology","2013","Under 1,000","53","53","0","53","53","25","0","28","0","0","53","25","0","28","0","0","0","0","0","0","0","0"
"457916","The Salon Professional Academy-Perrysburg","2013","Under 1,000","76","48","28","59","76","26","0","50","0","0","48","24","0","24","0","0","28","2","0","26","0","0"
"457925","Portland Actors Conservatory","2013","Under 1,000","22","22","0","22","22","15","0","7","0","0","22","15","0","7","0","0","0","0","0","0","0","0"
"457943","Somerset County Technology Center","2013","Under 1,000","100","100","0","100","100","94","0","6","0","0","100","94","0","6","0","0","0","0","0","0","0","0"
"457952","Metro Beauty Academy","2013","Under 1,000","206","157","49","176","206","61","0","145","0","0","157","52","0","105","0","0","49","9","0","40","0","0"
"457961","Barone Beauty Academy","2013","Under 1,000","56","56","0","56","56","40","0","16","0","0","56","40","0","16","0","0","0","0","0","0","0","0"
"457989","Academy for Careers and Technology","2013","Under 1,000","50","50","0","50","50","27","0","23","0","0","50","27","0","23","0","0","0","0","0","0","0","0"
"457998","Aiken School of Cosmetology","2013","Under 1,000","33","28","5","30","33","16","0","17","0","0","28","14","0","14","0","0","5","2","0","3","0","0"
"458007","Love Beauty School Inc","2013","Under 1,000","53","46","7","49","53","37","0","16","0","0","46","32","0","14","0","0","7","5","0","2","0","0"
"458016","Professional Career Training Institute","2013","Under 1,000","114","114","0","114","114","96","0","18","0","0","114","96","0","18","0","0","0","0","0","0","0","0"
"458025","Cannon Institute of Higher Learning","2013","Under 1,000","11","11","0","11","11","9","0","2","0","0","11","9","0","2","0","0","0","0","0","0","0","0"
"458034","Cardiotech Ultrasound School","2013","Under 1,000","61","52","9","56","61","17","0","44","0","0","52","14","0","38","0","0","9","3","0","6","0","0"
"458043","DuVall's School of Cosmetology","2013","Under 1,000","91","76","15","82","91","8","0","83","0","0","76","7","0","69","0","0","15","1","0","14","0","0"
"458052","Advanced Beauty College","2013","Under 1,000","60","0","60","24","60","7","0","53","0","0","0","0","0","0","0","0","60","7","0","53","0","0"
"458061","Texas Beauty College","2013","Under 1,000","89","15","74","44","89","69","0","20","0","0","15","8","0","7","0","0","74","61","0","13","0","0"
"458070","Avenue Five Institute","2013","Under 1,000","241","175","66","201","241","7","0","234","0","0","175","4","0","171","0","0","66","3","0","63","0","0"
"458098","The Salon Professional Academy-Lewisville","2013","Under 1,000","80","80","0","80","80","15","0","65","0","0","80","15","0","65","0","0","0","0","0","0","0","0"
"458104","Renaissance Academie","2013","Under 1,000","70","36","34","49","70","33","0","37","0","0","36","20","0","16","0","0","34","13","0","21","0","0"
"458113","Bethel College","2013","Under 1,000","54","28","26","38","54","5","8","41","0","0","28","3","4","21","0","0","26","2","4","20","0","0"
"458122","Institute of Advanced Medical Esthetics","2013","Under 1,000","1","1","0","1","1","0","0","1","0","0","1","0","0","1","0","0","0","0","0","0","0","0"
"458131","Gary Manuel Aveda Institute","2013","Under 1,000","287","287","0","287","287","83","0","204","0","0","287","83","0","204","0","0","0","0","0","0","0","0"
"458140","Northwest School of Wooden Boat Building","2013","Under 1,000","52","52","0","52","52","13","39","0","0","0","52","13","39","0","0","0","0","0","0","0","0","0"
"458159","Bainbridge Graduate Institute","2013","Under 1,000","143","129","14","134","0","0","0","0","0","143","0","0","0","0","0","129","0","0","0","0","0","14"
"458168","The Salon Professional Academy-Onalaska","2013","Under 1,000","87","86","1","86","87","51","0","36","0","0","86","50","0","36","0","0","1","1","0","0","0","0"
"458177","Regency Beauty Institute-North Tucson","2013","Under 1,000","86","61","25","71","86","25","0","61","0","0","61","19","0","42","0","0","25","6","0","19","0","0"
"458186","Kaplan College-Chula Vista","2013","Under 1,000","299","299","0","299","299","56","23","220","0","0","299","56","23","220","0","0","0","0","0","0","0","0"
"458195","InterCoast Colleges-Roseville","2013","Under 1,000","3","3","0","3","3","1","0","2","0","0","3","1","0","2","0","0","0","0","0","0","0","0"
"458210","West Coast University-Orange County","2013","1,000 - 4,999","1528","1418","110","1461","1528","23","145","1360","0","0","1418","22","143","1253","0","0","110","1","2","107","0","0"
"458229","West Coast University-Ontario","2013","1,000 - 4,999","1103","1041","62","1065","1103","12","118","973","0","0","1041","12","114","915","0","0","62","0","4","58","0","0"
"458247","Dade Medical College-Homestead","2013","Under 1,000","309","309","0","309","309","79","12","218","0","0","309","79","12","218","0","0","0","0","0","0","0","0"
"458256","Virginia College-Augusta","2013","Under 1,000","902","576","326","704","902","445","0","457","0","0","576","298","0","278","0","0","326","147","0","179","0","0"
"458265","Midwest Technical Institute-East Peoria","2013","Under 1,000","849","596","253","696","849","323","0","526","0","0","596","204","0","392","0","0","253","119","0","134","0","0"
"458274","Paul Mitchell the School-Chicago","2013","Under 1,000","305","222","83","255","305","44","0","261","0","0","222","35","0","187","0","0","83","9","0","74","0","0"
"458283","Kaplan College-Indianapolis","2013","Under 1,000","478","478","0","478","478","94","56","328","0","0","478","94","56","328","0","0","0","0","0","0","0","0"
"458292","Regency Beauty Institute-Evansville","2013","Under 1,000","65","44","21","52","65","22","0","43","0","0","44","18","0","26","0","0","21","4","0","17","0","0"
"458317","Regency Beauty Institute-Shreveport","2013","Under 1,000","107","107","0","107","107","37","0","70","0","0","107","37","0","70","0","0","0","0","0","0","0","0"
"458326","Regency Beauty Institute-Springfield","2013","Under 1,000","72","58","14","64","72","24","0","48","0","0","58","20","0","38","0","0","14","4","0","10","0","0"
"458335","Regency Beauty Institute-Canton","2013","Under 1,000","138","91","47","110","138","59","0","79","0","0","91","40","0","51","0","0","47","19","0","28","0","0"
"458344","Regency Beauty Institute-Spartanburg","2013","Under 1,000","50","37","13","42","50","13","0","37","0","0","37","10","0","27","0","0","13","3","0","10","0","0"
"458353","Regency Beauty Institute-Chattanooga","2013","Under 1,000","58","48","10","52","58","15","0","43","0","0","48","11","0","37","0","0","10","4","0","6","0","0"
"458362","Regency Beauty Institute-Mesquite","2013","Under 1,000","77","77","0","77","77","27","0","50","0","0","77","27","0","50","0","0","0","0","0","0","0","0"
"458380","Dorsey Business Schools-Waterford Pontiac","2013","Under 1,000","229","229","0","229","229","89","0","140","0","0","229","89","0","140","0","0","0","0","0","0","0","0"
"458399","Regina's College of Beauty-High Point","2013","Under 1,000","59","49","10","53","59","39","0","20","0","0","49","34","0","15","0","0","10","5","0","5","0","0"
"458405","Miller-Motte College-Fayetteville","2013","Under 1,000","734","573","161","637","734","220","88","426","0","0","573","186","73","314","0","0","161","34","15","112","0","0"
"458414","Drake College of Business-Newark","2013","1,000 - 4,999","1335","1335","0","1335","1335","1170","0","165","0","0","1335","1170","0","165","0","0","0","0","0","0","0","0"
"458423","European Massage Therapy School-Las Vegas","2013","Under 1,000","96","0","96","38","96","4","0","92","0","0","0","0","0","0","0","0","96","4","0","92","0","0"
"458432","Harrison College-Grove City","2013","Under 1,000","244","168","76","198","244","36","30","178","0","0","168","28","20","120","0","0","76","8","10","58","0","0"
"458441","Miller-Motte Technical College-Columbus","2013","Under 1,000","504","342","162","406","504","125","44","335","0","0","342","88","30","224","0","0","162","37","14","111","0","0"
"458469","National University College-Ponce","2013","1,000 - 4,999","1118","904","214","988","1118","245","127","745","1","0","904","196","92","616","0","0","214","49","35","129","1","0"
"458478","Fortis Institute-Grand Prairie","2013","Under 1,000","304","304","0","304","304","68","0","236","0","0","304","68","0","236","0","0","0","0","0","0","0","0"
"458487","Paul Mitchell the School-St George","2013","Under 1,000","161","107","54","128","161","10","0","151","0","0","107","5","0","102","0","0","54","5","0","49","0","0"
"458496","The Art Institute of Virginia Beach","2013","Under 1,000","663","528","135","581","663","135","119","409","0","0","528","95","95","338","0","0","135","40","24","71","0","0"
"458502","Bryant & Stratton College-Bayshore","2013","Under 1,000","589","334","255","434","589","95","114","380","0","0","334","88","93","153","0","0","255","7","21","227","0","0"
"458557","Daymar College-Online","2013","Under 1,000","368","271","97","309","368","22","62","284","0","0","271","17","52","202","0","0","97","5","10","82","0","0"
"458593","Virginia College-Columbia","2013","Under 1,000","550","381","169","448","550","224","0","326","0","0","381","168","0","213","0","0","169","56","0","113","0","0"
"458681","Fortis College-Indianapolis","2013","Under 1,000","172","172","0","172","172","34","11","127","0","0","172","34","11","127","0","0","0","0","0","0","0","0"
"458690","Kaplan College-Arlington","2013","Under 1,000","422","422","0","422","422","135","15","266","6","0","422","135","15","266","6","0","0","0","0","0","0","0"
"458706","Kaplan College-Charlotte","2013","Under 1,000","382","382","0","382","382","48","85","249","0","0","382","48","85","249","0","0","0","0","0","0","0","0"
"458715","Kaplan College-Jacksonville","2013","Under 1,000","278","278","0","278","278","30","39","209","0","0","278","30","39","209","0","0","0","0","0","0","0","0"
"458733","Globe University-Madison East","2013","Under 1,000","266","197","69","224","266","27","50","184","5","0","197","27","46","122","2","0","69","0","4","62","3","0"
"458742","Minnesota School of Business-Lakeville","2013","Under 1,000","203","148","55","170","203","17","37","143","6","0","148","16","30","101","1","0","55","1","7","42","5","0"
"458751","Globe University–Green Bay","2013","Under 1,000","243","171","72","199","243","37","40","158","8","0","171","36","35","98","2","0","72","1","5","60","6","0"
"458760","Globe University–Madison West","2013","Under 1,000","216","162","54","183","216","28","36","147","5","0","162","25","29","105","3","0","54","3","7","42","2","0"
"458779","Globe University–Wausau","2013","Under 1,000","194","137","57","159","194","18","27","136","13","0","137","16","26","91","4","0","57","2","1","45","9","0"
"458797","Dade Medical College-Hollywood","2013","Under 1,000","303","303","0","303","303","52","34","217","0","0","303","52","34","217","0","0","0","0","0","0","0","0"
"458803","Empire Beauty School-E Memphis","2013","Under 1,000","169","129","40","145","169","55","0","114","0","0","129","46","0","83","0","0","40","9","0","31","0","0"
"458812","Empire Beauty School-Nashville","2013","Under 1,000","65","65","0","65","65","13","0","52","0","0","65","13","0","52","0","0","0","0","0","0","0","0"
"458821","Empire Beauty School-Jackson","2013","Under 1,000","94","94","0","94","94","63","0","31","0","0","94","63","0","31","0","0","0","0","0","0","0","0"
"458830","Empire Beauty School-Springfield","2013","Under 1,000","197","127","70","155","197","82","0","115","0","0","127","61","0","66","0","0","70","21","0","49","0","0"
"458849","Empire Beauty School-Paramus","2013","Under 1,000","130","99","31","111","130","41","0","89","0","0","99","32","0","67","0","0","31","9","0","22","0","0"
"458858","Empire Beauty School-Speedway","2013","Under 1,000","170","130","40","146","170","53","0","117","0","0","130","46","0","84","0","0","40","7","0","33","0","0"
"458867","Empire Beauty School-Morrow","2013","Under 1,000","255","194","61","218","255","99","0","156","0","0","194","80","0","114","0","0","61","19","0","42","0","0"
"458885","Strayer University-Arkansas","2013","Under 1,000","207","22","185","94","105","26","16","63","0","102","5","0","0","5","0","17","100","26","16","58","0","85"
"458919","Strayer University-Georgia","2013","5,000 - 9,999","5071","623","4448","2353","3262","463","382","2408","9","1809","390","27","66","297","0","233","2872","436","316","2111","9","1576"
"458937","Strayer University-Louisiana","2013","Under 1,000","182","24","158","86","132","22","15","95","0","50","15","2","1","12","0","9","117","20","14","83","0","41"
"458955","Strayer University-Mississippi","2013","Under 1,000","277","26","251","123","156","25","15","116","0","121","17","1","1","15","0","9","139","24","14","101","0","112"
"458964","Strayer University-South Carolina","2013","1,000 - 4,999","2051","269","1782","961","1221","201","142","876","2","830","159","14","20","125","0","110","1062","187","122","751","2","720"
"458973","Strayer University-Texas","2013","1,000 - 4,999","1322","191","1131","632","959","145","182","627","5","363","138","10","28","100","0","53","821","135","154","527","5","310"
"458982","The Art Institute of San Antonio","2013","1,000 - 4,999","1115","683","432","853","1115","233","207","675","0","0","683","132","118","433","0","0","432","101","89","242","0","0"
"458991","Globe University-La Crosse","2013","Under 1,000","245","194","51","214","245","30","35","172","8","0","194","29","31","134","0","0","51","1","4","38","8","0"
"459000","The Hair Design School-S Memphis","2013","Under 1,000","117","93","24","103","117","44","0","73","0","0","93","39","0","54","0","0","24","5","0","19","0","0"
"459019","The Hair Design School-Charlotte","2013","Under 1,000","134","106","28","117","134","54","0","80","0","0","106","47","0","59","0","0","28","7","0","21","0","0"
"459028","The Hair Design School-Durham","2013","Under 1,000","65","53","12","58","65","27","0","38","0","0","53","24","0","29","0","0","12","3","0","9","0","0"
"459037","The Hair Design School-E Greensboro","2013","Under 1,000","151","107","44","124","151","39","0","112","0","0","107","28","0","79","0","0","44","11","0","33","0","0"
"459046","The Hair Design School-Winston-Salem","2013","Under 1,000","121","85","36","99","121","45","0","76","0","0","85","31","0","54","0","0","36","14","0","22","0","0"
"459055","Empire Beauty School-West Palm","2013","Under 1,000","111","79","32","92","111","55","0","56","0","0","79","44","0","35","0","0","32","11","0","21","0","0"
"459064","Empire Beauty School-Pineville","2013","Under 1,000","105","85","20","93","105","29","0","76","0","0","85","25","0","60","0","0","20","4","0","16","0","0"
"459073","The Hair Design School-N Memphis","2013","Under 1,000","61","61","0","61","61","31","0","30","0","0","61","31","0","30","0","0","0","0","0","0","0","0"
"459082","Virginia Tech Carilion School of Medicine","2013",,,,,,,,,,,,,,,,,,,,,,,
"459091","Broadview Entertainment Arts University","2013","Under 1,000","151","115","36","129","151","25","20","100","6","0","115","23","16","75","1","0","36","2","4","25","5","0"
"459107","Bryant & Stratton College-Hampton","2013","Under 1,000","641","311","330","441","641","94","157","390","0","0","311","74","96","141","0","0","330","20","61","249","0","0"
"459116","Paul Mitchell the School-Phoenix","2013","Under 1,000","187","138","49","157","187","27","0","160","0","0","138","19","0","119","0","0","49","8","0","41","0","0"
"459125","All Beauty College","2013","Under 1,000","75","75","0","75","75","35","0","40","0","0","75","35","0","40","0","0","0","0","0","0","0","0"
"459134","Northern California Institute of Cosmetology Inc","2013","Under 1,000","44","13","31","25","44","31","0","13","0","0","13","11","0","2","0","0","31","20","0","11","0","0"
"459143","Golden State College of Court Reporting","2013","Under 1,000","68","51","17","58","68","17","0","51","0","0","51","11","0","40","0","0","17","6","0","11","0","0"
"459152","Preferred College of Nursing-Los Angeles","2013","Under 1,000","159","89","70","117","159","20","0","139","0","0","89","13","0","76","0","0","70","7","0","63","0","0"
"459161","Trinity Vocational Center","2013","Under 1,000","90","17","73","46","90","7","0","83","0","0","17","1","0","16","0","0","73","6","0","67","0","0"
"459170","SICE Paul Mitchell Partner School","2013","Under 1,000","73","46","27","57","73","45","0","28","0","0","46","33","0","13","0","0","27","12","0","15","0","0"
"459189","Cosmo Beauty Academy","2013","Under 1,000","64","26","38","41","64","20","0","44","0","0","26","11","0","15","0","0","38","9","0","29","0","0"
"459198","Paul Mitchell the School-Fresno","2013","Under 1,000","248","194","54","215","248","37","0","211","0","0","194","32","0","162","0","0","54","5","0","49","0","0"
"459204","Unitek College","2013","Under 1,000","904","904","0","904","904","216","15","673","0","0","904","216","15","673","0","0","0","0","0","0","0","0"
"459213","Gurnick Academy of Medical Arts","2013","Under 1,000","843","794","49","813","843","59","0","784","0","0","794","36","0","758","0","0","49","23","0","26","0","0"
"459222","Southern California University SOMA","2013","Under 1,000","116","108","8","111","48","0","0","48","0","68","46","0","0","46","0","62","2","0","0","2","0","6"
"459231","Paul Mitchell the School-East Bay","2013","Under 1,000","259","205","54","226","259","95","0","164","0","0","205","64","0","141","0","0","54","31","0","23","0","0"
"459259","South University–Richmond","2013","Under 1,000","699","270","429","438","637","35","154","445","3","62","249","19","40","190","0","21","388","16","114","255","3","41"
"459268","South University–Virginia Beach","2013","Under 1,000","790","376","414","538","685","31","211","443","0","105","340","16","102","222","0","36","345","15","109","221","0","69"
"459277","Aveda Institute-Denver","2013","Under 1,000","485","485","0","485","485","103","0","382","0","0","485","103","0","382","0","0","0","0","0","0","0","0"
"459286","Paul Mitchell the School-Colorado Springs","2013","Under 1,000","231","152","79","183","231","44","0","187","0","0","152","36","0","116","0","0","79","8","0","71","0","0"
"459295","The Salon Professional Academy-Colorado Springs","2013","Under 1,000","86","57","29","69","86","24","0","62","0","0","57","11","0","46","0","0","29","13","0","16","0","0"
"459301","Paul Mitchell the School-Delaware","2013","Under 1,000","129","88","41","104","129","27","0","102","0","0","88","24","0","64","0","0","41","3","0","38","0","0"
"459310","Future-Tech Institute","2013","Under 1,000","35","35","0","35","35","31","0","4","0","0","35","31","0","4","0","0","0","0","0","0","0","0"
"459329","Marchman Technical Education Center","2013","Under 1,000","161","157","4","158","161","97","0","64","0","0","157","94","0","63","0","0","4","3","0","1","0","0"
"459338","Eureka Institute of Health and Beauty","2013","Under 1,000","75","75","0","75","75","18","0","57","0","0","75","18","0","57","0","0","0","0","0","0","0","0"
"459347","The Salon Professional Academy-Ft Myers","2013","Under 1,000","36","25","11","29","36","11","0","25","0","0","25","5","0","20","0","0","11","6","0","5","0","0"
"459356","SOLEX College","2013","Under 1,000","84","59","25","69","84","4","4","76","0","0","59","1","4","54","0","0","25","3","0","22","0","0"
"459365","Unity Cosmetology College","2013","Under 1,000","77","46","31","58","77","40","0","37","0","0","46","35","0","11","0","0","31","5","0","26","0","0"
"459374","Universal Spa Training Academy","2013","Under 1,000","58","42","16","48","58","37","0","21","0","0","42","29","0","13","0","0","16","8","0","8","0","0"
"459392","The Salon Professional Academy-Evansville","2013","Under 1,000","105","105","0","105","105","16","0","89","0","0","105","16","0","89","0","0","0","0","0","0","0","0"
"459408","Tri County Regional Vocational Technical High School","2013","Under 1,000","51","38","13","42","51","16","0","35","0","0","38","12","0","26","0","0","13","4","0","9","0","0"
"459417","Compass College of Cinematic Arts","2013","Under 1,000","81","81","0","81","81","40","29","11","1","0","81","40","29","11","1","0","0","0","0","0","0","0"
"459426","Nova Academy of Cosmetology","2013","Under 1,000","84","74","10","78","84","68","0","16","0","0","74","61","0","13","0","0","10","7","0","3","0","0"
"459435","Victory Trade School","2013","Under 1,000","27","27","0","27","27","12","0","15","0","0","27","12","0","15","0","0","0","0","0","0","0","0"
"459444","Starting Points Inc","2013","Under 1,000","45","23","22","32","45","10","0","35","0","0","23","6","0","17","0","0","22","4","0","18","0","0"
"459453","The Lab-Paul Mitchell Partner School","2013","Under 1,000","138","106","32","119","138","23","0","115","0","0","106","19","0","87","0","0","32","4","0","28","0","0"
"459462","SAE Institute of Technology-New York","2013","Under 1,000","218","149","69","176","218","203","0","15","0","0","149","141","0","8","0","0","69","62","0","7","0","0"
"459471","John Paolo's Xtreme Beauty Institute-Goldwell Product Artistry","2013","Under 1,000","27","7","20","15","27","15","0","12","0","0","7","5","0","2","0","0","20","10","0","10","0","0"
"459480","The Artisan College of Cosmetology","2013","Under 1,000","30","30","0","30","30","11","0","19","0","0","30","11","0","19","0","0","0","0","0","0","0","0"
"459499","Sage School of Massage","2013","Under 1,000","28","28","0","28","28","17","0","11","0","0","28","17","0","11","0","0","0","0","0","0","0","0"
"459514","Lawyer's Assistant School of Dallas","2013","Under 1,000","48","48","0","48","48","28","0","20","0","0","48","28","0","20","0","0","0","0","0","0","0","0"
"459523","ABC Beauty Academy","2013","Under 1,000","35","26","9","30","35","12","0","23","0","0","26","8","0","18","0","0","9","4","0","5","0","0"
"459532","Salon & Spa Institute","2013","Under 1,000","105","105","0","105","105","45","0","60","0","0","105","45","0","60","0","0","0","0","0","0","0","0"
"459541","American Beauty Academy","2013","Under 1,000","32","22","10","26","32","3","0","29","0","0","22","2","0","20","0","0","10","1","0","9","0","0"
"459550","The Salon Professional Academy-Tacoma","2013","Under 1,000","152","143","9","147","152","71","0","81","0","0","143","67","0","76","0","0","9","4","0","5","0","0"
"459569","Academy of Cosmetology","2013","Under 1,000","19","19","0","19","19","5","0","14","0","0","19","5","0","14","0","0","0","0","0","0","0","0"
"459578","The Academy Waukesha","2013","Under 1,000","161","121","40","137","161","22","0","139","0","0","121","16","0","105","0","0","40","6","0","34","0","0"
"459587","ITT Technical Institute-Merrillville","2013","Under 1,000","357","243","114","288","357","41","0","316","0","0","243","40","0","203","0","0","114","1","0","113","0","0"
"459596","ITT Technical Institute-Tallahassee","2013","Under 1,000","368","252","116","298","368","35","6","327","0","0","252","30","1","221","0","0","116","5","5","106","0","0"
"459602","ITT Technical Institute-Salem","2013","Under 1,000","250","177","73","206","250","53","3","194","0","0","177","48","1","128","0","0","73","5","2","66","0","0"
"459611","ITT Technical Institute-Akron","2013","Under 1,000","249","201","48","220","249","51","3","195","0","0","201","48","3","150","0","0","48","3","0","45","0","0"
"459620","ITT Technical Institute-Cedar Rapids","2013","Under 1,000","37","23","14","28","37","0","0","37","0","0","23","0","0","23","0","0","14","0","0","14","0","0"
"459639","ITT Technical Institute-Corona","2013","Under 1,000","479","407","72","435","479","68","8","403","0","0","407","64","6","337","0","0","72","4","2","66","0","0"
"459648","ITT Technical Institute-Johnson City","2013","Under 1,000","139","112","27","123","139","50","1","88","0","0","112","47","0","65","0","0","27","3","1","23","0","0"
"459657","ITT Technical Institute-DeSoto","2013","Under 1,000","187","154","33","167","187","42","3","142","0","0","154","37","1","116","0","0","33","5","2","26","0","0"
"459666","ITT Technical Institute-North Charleston","2013","Under 1,000","265","221","44","238","265","64","6","195","0","0","221","58","6","157","0","0","44","6","0","38","0","0"
"459675","ITT Technical Institute-Aurora","2013","Under 1,000","247","198","49","217","247","24","6","217","0","0","198","24","5","169","0","0","49","0","1","48","0","0"
"459684","ITT Technical Institute-West Covina","2013","Under 1,000","148","117","31","129","148","0","1","147","0","0","117","0","1","116","0","0","31","0","0","31","0","0"
"459693","ITT Technical Institute-Culver City","2013","Under 1,000","319","245","74","274","319","52","5","262","0","0","245","42","4","199","0","0","74","10","1","63","0","0"
"459709","ITT Technical Institute-Dearborn","2013","Under 1,000","438","309","129","360","438","77","6","355","0","0","309","60","4","245","0","0","129","17","2","110","0","0"
"459718","ITT Technical Institute-Las Vegas","2013","Under 1,000","569","438","131","489","569","84","3","482","0","0","438","78","2","358","0","0","131","6","1","124","0","0"
"459727","Touro University Worldwide","2013","Under 1,000","363","267","96","304","161","18","79","53","11","202","103","6","47","44","6","164","58","12","32","9","5","38"
"459736","Touro University California","2013","1,000 - 4,999","1357","1178","179","1246","0","0","0","0","0","1357","0","0","0","0","0","1178","0","0","0","0","0","179"
"459745","The Chicago School of Professional Psychology at Washington DC","2013","Under 1,000","373","216","157","276","0","0","0","0","0","373","0","0","0","0","0","216","0","0","0","0","0","157"
"459824","Touro University Nevada","2013","1,000 - 4,999","1248","1015","233","1104","5","0","0","4","1","1243","1","0","0","1","0","1014","4","0","0","3","1","229"
"459833","National College-Willoughby Hills","2013","Under 1,000","66","43","23","52","66","9","17","40","0","0","43","7","14","22","0","0","23","2","3","18","0","0"
"459842","Herzing University-Kenosha","2013","Under 1,000","435","234","201","313","428","54","17","356","1","7","231","34","11","186","0","3","197","20","6","170","1","4"
"459851","Herzing University-Brookfield","2013","Under 1,000","343","261","82","293","337","53","40","243","1","6","259","48","35","176","0","2","78","5","5","67","1","4"
"459930","Heald College-Modesto","2013","1,000 - 4,999","1091","920","171","988","1091","173","78","840","0","0","920","115","45","760","0","0","171","58","33","80","0","0"
"459958","Fortis Institute-Houston","2013","Under 1,000","333","333","0","333","333","55","0","278","0","0","333","55","0","278","0","0","0","0","0","0","0","0"
"459967","Southern Careers Institute-Brownsville","2013","Under 1,000","313","313","0","313","313","283","0","30","0","0","313","283","0","30","0","0","0","0","0","0","0","0"
"459985","Southern Careers Institute-Harlingen","2013","Under 1,000","331","331","0","331","331","293","0","38","0","0","331","293","0","38","0","0","0","0","0","0","0","0"
"459994","Strayer University-Global Region","2013","1,000 - 4,999","2796","253","2543","1240","1506","304","165","960","77","1290","84","5","15","62","2","169","1422","299","150","898","75","1121"
"460002","Regina's College of Beauty-Charlotte","2013","Under 1,000","102","51","51","71","102","77","0","25","0","0","51","40","0","11","0","0","51","37","0","14","0","0"
"460011","Kenneth Shuler School of Cosmetology-Florence","2013","Under 1,000","146","114","32","127","146","11","0","135","0","0","114","11","0","103","0","0","32","0","0","32","0","0"
"460020","Fortis College-Columbia","2013","Under 1,000","543","543","0","543","543","47","76","420","0","0","543","47","76","420","0","0","0","0","0","0","0","0"
"460039","Brown Mackie College-Albuquerque","2013","Under 1,000","780","780","0","780","780","178","17","585","0","0","780","178","17","585","0","0","0","0","0","0","0","0"
"460048","Brown Mackie College-St Louis","2013","Under 1,000","634","634","0","634","634","72","138","424","0","0","634","72","138","424","0","0","0","0","0","0","0","0"
"460057","Avant Gard The School","2013","Under 1,000","47","47","0","47","47","14","0","33","0","0","47","14","0","33","0","0","0","0","0","0","0","0"
"460066","Toni & Guy Hairdressing Academy-Bellingham","2013","Under 1,000","75","75","0","75","75","22","0","53","0","0","75","22","0","53","0","0","0","0","0","0","0","0"
"460075","California University of Management and Sciences","2013","Under 1,000","405","405","0","405","54","16","0","38","0","351","54","16","0","38","0","351","0","0","0","0","0","0"
"460093","Ross Medical Education Center-Davison","2013","Under 1,000","181","181","0","181","181","73","0","108","0","0","181","73","0","108","0","0","0","0","0","0","0","0"
"460109","Ross Medical Education Center-Granger","2013","Under 1,000","174","174","0","174","174","61","0","113","0","0","174","61","0","113","0","0","0","0","0","0","0","0"
"460118","Ross Medical Education Center-Niles","2013","Under 1,000","151","151","0","151","151","52","0","99","0","0","151","52","0","99","0","0","0","0","0","0","0","0"
"460127","Ross Medical Education Center-Canton","2013","Under 1,000","131","131","0","131","131","36","0","95","0","0","131","36","0","95","0","0","0","0","0","0","0","0"
"460136","Pima Medical Institute-Houston","2013","Under 1,000","898","898","0","898","898","318","0","580","0","0","898","318","0","580","0","0","0","0","0","0","0","0"
"460145","Illinois Center for Broadcasting–Chicago Campus","2013","Under 1,000","220","220","0","220","220","92","0","128","0","0","220","92","0","128","0","0","0","0","0","0","0","0"
"460172","South Texas Vocational Technical Institute-San Antonio","2013","Under 1,000","170","170","0","170","170","80","0","90","0","0","170","80","0","90","0","0","0","0","0","0","0","0"
"460181","Concorde Career Institute-Dallas","2013","Under 1,000","703","703","0","703","703","204","0","499","0","0","703","204","0","499","0","0","0","0","0","0","0","0"
"460190","Concorde Career Institute-Orlando","2013","Under 1,000","521","521","0","521","521","124","0","397","0","0","521","124","0","397","0","0","0","0","0","0","0","0"
"460206","Concorde Career Institute-San Antonio","2013","Under 1,000","681","681","0","681","681","164","0","517","0","0","681","164","0","517","0","0","0","0","0","0","0","0"
"460215","Ecotech Institute","2013","Under 1,000","476","414","62","439","476","196","0","280","0","0","414","178","0","236","0","0","62","18","0","44","0","0"
"460349","Johnson & Wales University-Online","2013","Under 1,000","135","57","78","88","118","0","24","94","0","17","43","0","12","31","0","14","75","0","12","63","0","3"
"460358","Everest College-Fort Worth South","2013","Under 1,000","535","471","64","496","535","68","80","387","0","0","471","67","60","344","0","0","64","1","20","43","0","0"
"460367","Everest College-Santa Ana","2013","Under 1,000","433","433","0","433","433","84","0","349","0","0","433","84","0","349","0","0","0","0","0","0","0","0"
"460385","Geisinger-Lewistown Hospital School of Nursing","2013","Under 1,000","55","44","11","48","55","17","0","38","0","0","44","15","0","29","0","0","11","2","0","9","0","0"
"460394","Moreno Valley College","2013","5,000 - 9,999","8420","1976","6444","4139","8420","1204","1492","4405","1319","0","1976","396","340","1170","70","0","6444","808","1152","3235","1249","0"
"460446","Hair Design Institute at Fifth Avenue-New York","2013","Under 1,000","224","157","67","184","224","34","0","190","0","0","157","31","0","126","0","0","67","3","0","64","0","0"
"460455","Onondaga School of Therapeutic Massage-Rochester","2013","Under 1,000","61","9","52","30","61","11","0","50","0","0","9","1","0","8","0","0","52","10","0","42","0","0"
"460464","Norco College","2013","5,000 - 9,999","9648","2270","7378","4747","9648","1526","1401","5394","1327","0","2270","631","205","1388","46","0","7378","895","1196","4006","1281","0"
"460473","Daymar College-Louisville","2013","Under 1,000","15","10","5","12","15","0","0","15","0","0","10","0","0","10","0","0","5","0","0","5","0","0"
"460482","Dorsey Business Schools-Saginaw","2013","Under 1,000","223","223","0","223","223","88","0","135","0","0","223","88","0","135","0","0","0","0","0","0","0","0"
"460516","Milan Institute of Cosmetology-La Quinta","2013","Under 1,000","162","162","0","162","162","45","0","117","0","0","162","45","0","117","0","0","0","0","0","0","0","0"
"460525","Milan Institute-Nampa","2013","Under 1,000","255","255","0","255","255","55","0","200","0","0","255","55","0","200","0","0","0","0","0","0","0","0"
"460534","Milan Institute of Cosmetology-El Paso","2013","Under 1,000","458","458","0","458","458","141","0","317","0","0","458","141","0","317","0","0","0","0","0","0","0","0"
"460543","Universal Technical Institute - Dallas Fort Worth","2013","1,000 - 4,999","1006","1006","0","1006","1006","205","0","801","0","0","1006","205","0","801","0","0","0","0","0","0","0","0"
"460552","Finger Lakes School of Massage","2013","Under 1,000","56","44","12","49","56","20","0","36","0","0","44","16","0","28","0","0","12","4","0","8","0","0"
"460561","Park Avenue School of Cosmetology","2013","Under 1,000","53","53","0","53","53","46","0","7","0","0","53","46","0","7","0","0","0","0","0","0","0","0"
"460570","Salter School of Nursing and Allied Health","2013","Under 1,000","257","220","37","235","257","135","0","122","0","0","220","114","0","106","0","0","37","21","0","16","0","0"
"460589","Salter School-New Bedford","2013","Under 1,000","317","226","91","262","317","243","0","74","0","0","226","170","0","56","0","0","91","73","0","18","0","0"
"460598","Harris School of Business-Upper Darby Campus","2013","Under 1,000","594","475","119","522","594","591","0","3","0","0","475","474","0","1","0","0","119","117","0","2","0","0"
"460604","Stratford School of Aviation Maintenance Technicians","2013","Under 1,000","41","41","0","41","41","19","0","22","0","0","41","19","0","22","0","0","0","0","0","0","0","0"
"460613","Brown Mackie College-San Antonio","2013","Under 1,000","785","785","0","785","785","169","85","531","0","0","785","169","85","531","0","0","0","0","0","0","0","0"
"460631","Hollywood Institute of Beauty Careers","2013","Under 1,000","53","53","0","53","53","16","0","37","0","0","53","16","0","37","0","0","0","0","0","0","0","0"
"460640","Cortiva Institute-New Jersey","2013","Under 1,000","66","36","30","48","66","21","0","45","0","0","36","14","0","22","0","0","30","7","0","23","0","0"
"460659","Cambridge Junior College-Woodland","2013","Under 1,000","96","96","0","96","96","53","0","43","0","0","96","53","0","43","0","0","0","0","0","0","0","0"
"460677","ICPR Junior College-Manati","2013","Under 1,000","613","493","120","541","613","271","12","330","0","0","493","257","9","227","0","0","120","14","3","103","0","0"
"460695","Ridley-Lowell Business & Technical Institute-Danbury","2013","Under 1,000","49","48","1","48","49","22","0","27","0","0","48","22","0","26","0","0","1","0","0","1","0","0"
"460701","Artistic Nails and Beauty Academy-Lakeland","2013","Under 1,000","220","75","145","133","220","40","0","180","0","0","75","18","0","57","0","0","145","22","0","123","0","0"
"460710","Paul Mitchell the School-Murfreesboro","2013","Under 1,000","180","110","70","138","180","6","0","174","0","0","110","4","0","106","0","0","70","2","0","68","0","0"
"460729","Allied American University","2013","1,000 - 4,999","2628","668","1960","1438","2628","907","461","1159","101","0","668","195","120","338","15","0","1960","712","341","821","86","0"
"460738","American Sentinel University","2013","1,000 - 4,999","3676","484","3192","1727","2346","0","1206","1122","18","1330","138","0","50","74","14","346","2208","0","1156","1048","4","984"
"460747","Tribeca Flashpoint Media Arts Academy","2013","Under 1,000","386","386","0","386","386","107","60","219","0","0","386","107","60","219","0","0","0","0","0","0","0","0"
"460756","Hawaii Medical College","2013","Under 1,000","426","426","0","426","426","3","0","19","404","0","426","3","0","19","404","0","0","0","0","0","0","0"
"460765","Carolina College of Hair Design","2013","Under 1,000","59","59","0","59","59","54","0","5","0","0","59","54","0","5","0","0","0","0","0","0","0","0"
"460774","Virginia College-Baton Rouge","2013","Under 1,000","600","416","184","489","600","226","0","374","0","0","416","154","0","262","0","0","184","72","0","112","0","0"
"460783","Remington College-Heathrow Campus","2013","Under 1,000","235","235","0","235","235","48","0","187","0","0","235","48","0","187","0","0","0","0","0","0","0","0"
"460808","College of Massage Therapy","2013","Under 1,000","12","12","0","12","12","12","0","0","0","0","12","12","0","0","0","0","0","0","0","0","0","0"
"460817","Miller-Motte College-Jacksonville","2013","Under 1,000","475","316","159","379","475","116","37","322","0","0","316","95","31","190","0","0","159","21","6","132","0","0"
"460826","Miller-Motte Technical College-Augusta","2013","Under 1,000","485","283","202","363","485","49","116","320","0","0","283","35","79","169","0","0","202","14","37","151","0","0"
"460835","Miller-Motte Technical College-Conway","2013","Under 1,000","752","495","257","597","752","142","141","469","0","0","495","102","94","299","0","0","257","40","47","170","0","0"
"460844","Virginia College-Macon","2013","Under 1,000","451","330","121","378","451","108","0","343","0","0","330","83","0","247","0","0","121","25","0","96","0","0"
"460853","Virginia College-Spartanburg","2013","Under 1,000","495","315","180","386","495","204","0","291","0","0","315","143","0","172","0","0","180","61","0","119","0","0"
"460862","Aveda Institute-Portland","2013","Under 1,000","348","202","146","260","348","57","0","291","0","0","202","31","0","171","0","0","146","26","0","120","0","0"
"460871","Chamberlain College of Nursing-Virginia","2013","Under 1,000","364","229","135","282","364","2","119","242","1","0","229","2","99","128","0","0","135","0","20","114","1","0"
"460899","Stevens-Henager College-Boise","2013","Under 1,000","422","422","0","422","422","269","0","153","0","0","422","269","0","153","0","0","0","0","0","0","0","0"
"460905","The Salon Professional Academy-Cincinnati","2013","Under 1,000","58","58","0","58","58","7","0","51","0","0","58","7","0","51","0","0","0","0","0","0","0","0"
"460914","Penrose Academy","2013","Under 1,000","177","177","0","177","177","17","0","160","0","0","177","17","0","160","0","0","0","0","0","0","0","0"
"460923","Virginia College-Richmond","2013","Under 1,000","506","408","98","447","506","284","0","222","0","0","408","236","0","172","0","0","98","48","0","50","0","0"
"460932","Skin Institute","2013","Under 1,000","55","55","0","55","55","39","0","16","0","0","55","39","0","16","0","0","0","0","0","0","0","0"
"460941","Northwest Institute of Literary Arts","2013","Under 1,000","42","37","5","39","0","0","0","0","0","42","0","0","0","0","0","37","0","0","0","0","0","5"
"460950","Body Therapy Institute","2013","Under 1,000","64","64","0","64","64","33","0","31","0","0","64","33","0","31","0","0","0","0","0","0","0","0"
"460969","Beauty Academy of South Florida","2013","Under 1,000","114","114","0","114","114","94","0","20","0","0","114","94","0","20","0","0","0","0","0","0","0","0"
"460978","Ogle School Hair Skin Nails-North Dallas","2013","Under 1,000","154","109","45","127","154","60","0","94","0","0","109","44","0","65","0","0","45","16","0","29","0","0"
"460987","The Salon Professional Academy-North Little Rock","2013","Under 1,000","64","55","9","59","64","23","0","41","0","0","55","22","0","33","0","0","9","1","0","8","0","0"
"460996","The Salon Professional Academy-St Charles","2013","Under 1,000","100","84","16","90","100","42","0","58","0","0","84","35","0","49","0","0","16","7","0","9","0","0"
"461005","American Institute","2013","Under 1,000","269","233","36","247","269","181","0","71","17","0","233","156","0","60","17","0","36","25","0","11","0","0"
"461014","Mildred Elley-New York Campus","2013","Under 1,000","617","612","5","614","617","160","3","446","8","0","612","160","3","441","8","0","5","0","0","5","0","0"
"461023","National Paralegal College","2013","1,000 - 4,999","1089","1063","26","1073","1089","107","258","724","0","0","1063","105","245","713","0","0","26","2","13","11","0","0"
"461032","Carolina College of Biblical Studies","2013","Under 1,000","113","45","68","72","113","13","16","84","0","0","45","6","10","29","0","0","68","7","6","55","0","0"
"461041","Star Career Academy-Audubon","2013","Under 1,000","469","373","96","411","469","381","0","88","0","0","373","307","0","66","0","0","96","74","0","22","0","0"
"461111","Allstate Hairstyling & Barber College","2013","Under 1,000","35","28","7","31","35","22","0","13","0","0","28","18","0","10","0","0","7","4","0","3","0","0"
"461120","Oxford Graduate School","2013","Under 1,000","113","113","0","113","0","0","0","0","0","113","0","0","0","0","0","113","0","0","0","0","0","0"
"461139","Jung Tao School of Classical Chinese Medicine","2013","Under 1,000","72","72","0","72","0","0","0","0","0","72","0","0","0","0","0","72","0","0","0","0","0","0"
"461148","New York Film Academy","2013","1,000 - 4,999","1717","1717","0","1717","1344","1291","0","53","0","373","1344","1291","0","53","0","373","0","0","0","0","0","0"
"461157","The Collective School Of Music","2013","Under 1,000","50","50","0","50","50","19","0","31","0","0","50","19","0","31","0","0","0","0","0","0","0","0"
"461175","International College of Cosmetology","2013","Under 1,000","179","104","75","134","179","65","0","114","0","0","104","38","0","66","0","0","75","27","0","48","0","0"
"461193","Bella Capelli Academy","2013","Under 1,000","89","71","18","78","89","59","0","30","0","0","71","57","0","14","0","0","18","2","0","16","0","0"
"461218","Institute of Medical Careers","2013","Under 1,000","54","52","2","53","54","37","0","17","0","0","52","36","0","16","0","0","2","1","0","1","0","0"
"461227","Toni & Guy Hairdressing Academy-Modesto","2013","Under 1,000","47","43","4","45","47","30","0","17","0","0","43","27","0","16","0","0","4","3","0","1","0","0"
"461236","Georgia Christian University","2013","Under 1,000","251","248","3","249","156","13","29","114","0","95","155","13","29","113","0","93","1","0","0","1","0","2"
"461245","Flagler Technical Institute","2013","Under 1,000","338","76","262","164","338","159","0","179","0","0","76","53","0","23","0","0","262","106","0","156","0","0"
"461254","Galaxy Medical College","2013","Under 1,000","31","31","0","31","31","29","0","2","0","0","31","29","0","2","0","0","0","0","0","0","0","0"
"461263","American Medical Sciences Center","2013","Under 1,000","77","77","0","77","77","8","0","69","0","0","77","8","0","69","0","0","0","0","0","0","0","0"
"461272","Mandalyn Academy","2013","Under 1,000","65","36","29","48","65","6","0","59","0","0","36","2","0","34","0","0","29","4","0","25","0","0"
"461281","Jose Maria Vargas University","2013","Under 1,000","159","9","150","68","154","2","0","32","120","5","9","0","0","9","0","0","145","2","0","23","120","5"
"461290","Laird Institute of Spa Therapy","2013","Under 1,000","50","15","35","29","50","10","0","40","0","0","15","6","0","9","0","0","35","4","0","31","0","0"
"461306","D A Dorsey Educational Center","2013","Under 1,000","138","67","71","91","138","85","0","0","53","0","67","41","0","0","26","0","71","44","0","0","27","0"
"461315","Keweenaw Bay Ojibwa Community College","2013","Under 1,000","106","64","42","78","106","36","0","69","1","0","64","21","0","43","0","0","42","15","0","26","1","0"
"461324","Meridian Institute of Surgical Assisting","2013","Under 1,000","249","249","0","249","249","0","0","249","0","0","249","0","0","249","0","0","0","0","0","0","0","0"
"461333","Mauna Loa Helicopters","2013","Under 1,000","19","0","19","8","19","12","0","7","0","0","0","0","0","0","0","0","19","12","0","7","0","0"
"461342","Acaydia School of Aesthetics","2013","Under 1,000","13","12","1","12","13","2","0","11","0","0","12","2","0","10","0","0","1","0","0","1","0","0"
"461351","Manhattan Institute","2013","1,000 - 4,999","1135","53","1082","483","1135","766","0","369","0","0","53","41","0","12","0","0","1082","725","0","357","0","0"
"461360","Cosmetic Arts Institute","2013","Under 1,000","34","33","1","33","34","17","0","17","0","0","33","17","0","16","0","0","1","0","0","1","0","0"
"461379","Holistic Massage Training Institute","2013","Under 1,000","18","0","18","7","18","7","0","11","0","0","0","0","0","0","0","0","18","7","0","11","0","0"
"461388","Diamonds Cosmetology College","2013","Under 1,000","41","41","0","41","41","1","0","40","0","0","41","1","0","40","0","0","0","0","0","0","0","0"
"461397","Tramy Beauty School","2013","Under 1,000","270","139","131","191","270","63","0","207","0","0","139","45","0","94","0","0","131","18","0","113","0","0"
"461412","Northern Virginia School of Therapeutic Massage","2013","Under 1,000","96","0","96","38","96","30","0","66","0","0","0","0","0","0","0","0","96","30","0","66","0","0"
"461421","Paul Mitchell the School-St Louis","2013","Under 1,000","225","190","35","204","225","64","0","161","0","0","190","64","0","126","0","0","35","0","0","35","0","0"
"461430","Advanced Training Institute","2013","Under 1,000","308","0","308","122","308","143","0","165","0","0","0","0","0","0","0","0","308","143","0","165","0","0"
"461449","Cosmopolitan Beauty and Tech School","2013","Under 1,000","110","75","35","89","110","107","0","3","0","0","75","73","0","2","0","0","35","34","0","1","0","0"
"461476","Salon 496 Barber Academy","2013","Under 1,000","30","25","5","27","30","12","0","18","0","0","25","9","0","16","0","0","5","3","0","2","0","0"
"461485","Shepherds Theological Seminary","2013","Under 1,000","76","33","43","49","4","2","0","2","0","72","0","0","0","0","0","33","4","2","0","2","0","39"
"461494","Taylor Andrews Academy of Hair Design-West Jordan","2013","Under 1,000","175","110","65","136","175","24","0","151","0","0","110","17","0","93","0","0","65","7","0","58","0","0"
"461500","Santa Ana Beauty Academy","2013","Under 1,000","43","4","39","19","43","13","0","30","0","0","4","1","0","3","0","0","39","12","0","27","0","0"
"461528","Grace College of Divinity","2013","Under 1,000","110","38","72","66","110","55","4","36","15","0","38","19","1","18","0","0","72","36","3","18","15","0"
"461537","Cosmetology College of Franklin County","2013","Under 1,000","25","25","0","25","25","15","0","10","0","0","25","15","0","10","0","0","0","0","0","0","0","0"
"461546","Rochester School of Hair Design","2013","Under 1,000","35","27","8","30","35","12","0","23","0","0","27","9","0","18","0","0","8","3","0","5","0","0"
"461555","Aveda Institute-New Mexico","2013","Under 1,000","132","132","0","132","132","0","0","132","0","0","132","0","0","132","0","0","0","0","0","0","0","0"
"461564","Nashville Barber and Style Academy","2013","Under 1,000","59","13","46","31","59","14","0","45","0","0","13","5","0","8","0","0","46","9","0","37","0","0"
"461573","American Trade School","2013","Under 1,000","97","97","0","97","97","57","0","40","0","0","97","57","0","40","0","0","0","0","0","0","0","0"
"461582","Estelle Skin Care and Spa Institute","2013","Under 1,000","95","34","61","58","95","19","0","76","0","0","34","8","0","26","0","0","61","11","0","50","0","0"
"461591","Paul Mitchell the School-Honolulu","2013","Under 1,000","134","127","7","130","134","7","0","127","0","0","127","6","0","121","0","0","7","1","0","6","0","0"
"461607","Elite Cosmetology School","2013","Under 1,000","90","82","8","85","90","14","0","76","0","0","82","8","0","74","0","0","8","6","0","2","0","0"
"461625","American Technical Institute","2013","Under 1,000","6","6","0","6","6","4","0","2","0","0","6","4","0","2","0","0","0","0","0","0","0","0"
"461643","Bergin University of Canine Studies","2013","Under 1,000","50","50","0","50","32","0","22","10","0","18","32","0","22","10","0","18","0","0","0","0","0","0"
"461652","Aveda Institute-Boise","2013","Under 1,000","67","56","11","60","67","24","0","43","0","0","56","24","0","32","0","0","11","0","0","11","0","0"
"461670","American Health Institute","2013","Under 1,000","68","67","1","67","68","50","0","18","0","0","67","49","0","18","0","0","1","1","0","0","0","0"
"461689","Pima Medical Institute-South Denver","2013","Under 1,000","211","211","0","211","211","95","0","116","0","0","211","95","0","116","0","0","0","0","0","0","0","0"
"461698","Real Barbers College","2013","Under 1,000","116","102","14","108","116","37","0","79","0","0","102","36","0","66","0","0","14","1","0","13","0","0"
"461704","Capilo School of Hair Design","2013","Under 1,000","176","176","0","176","176","78","0","98","0","0","176","78","0","98","0","0","0","0","0","0","0","0"
"461713","Pure Aesthetics","2013","Under 1,000","37","19","18","26","37","3","0","34","0","0","19","3","0","16","0","0","18","0","0","18","0","0"
"461722","Lindsey Institute of Cosmetology","2013","Under 1,000","71","66","5","68","71","60","0","11","0","0","66","57","0","9","0","0","5","3","0","2","0","0"
"461731","The Salon Professional Academy-Iowa City","2013","Under 1,000","39","36","3","37","39","8","0","31","0","0","36","7","0","29","0","0","3","1","0","2","0","0"
"461740","Buckner Barber School","2013","Under 1,000","28","28","0","28","28","22","0","6","0","0","28","22","0","6","0","0","0","0","0","0","0","0"
"461759","Simmons College of Kentucky","2013","Under 1,000","124","28","96","66","124","19","11","90","4","0","28","3","3","18","4","0","96","16","8","72","0","0"
"461768","Atelier Esthetique Institute of Esthetics","2013","Under 1,000","128","74","54","95","128","73","0","55","0","0","74","40","0","34","0","0","54","33","0","21","0","0"
"461777","Ashdown College of Health Sciences","2013","Under 1,000","41","41","0","41","41","9","0","32","0","0","41","9","0","32","0","0","0","0","0","0","0","0"
"461786","Advanced College of Cosmetology","2013","Under 1,000","51","51","0","51","51","34","0","17","0","0","51","34","0","17","0","0","0","0","0","0","0","0"
"461795","North American University","2013","Under 1,000","378","338","40","353","350","80","41","229","0","28","338","80","41","217","0","0","12","0","0","12","0","28"
"461801","Entourage Institute of Beauty and Esthetics","2013","Under 1,000","51","51","0","51","51","3","0","48","0","0","51","3","0","48","0","0","0","0","0","0","0","0"
"461810","United Beauty College","2013","Under 1,000","59","36","23","45","59","26","0","33","0","0","36","19","0","17","0","0","23","7","0","16","0","0"
"461829","Cinta Aveda Institute","2013","Under 1,000","221","221","0","221","221","123","0","98","0","0","221","123","0","98","0","0","0","0","0","0","0","0"
"461838","Long Island Nail & Skin Care Institute","2013","Under 1,000","139","51","88","86","139","34","0","105","0","0","51","13","0","38","0","0","88","21","0","67","0","0"
"461847","Mesivta Keser Torah","2013","Under 1,000","33","33","0","33","33","7","1","25","0","0","33","7","1","25","0","0","0","0","0","0","0","0"
"461856","Southern California Health Institute","2013","Under 1,000","272","272","0","272","272","171","0","101","0","0","272","171","0","101","0","0","0","0","0","0","0","0"
"461865","Best Care Training Institute","2013","Under 1,000","78","78","0","78","78","50","0","28","0","0","78","50","0","28","0","0","0","0","0","0","0","0"
"461874","First Class Cosmetology School","2013","Under 1,000","66","66","0","66","66","19","0","47","0","0","66","19","0","47","0","0","0","0","0","0","0","0"
"461883","Millennia Atlantic University","2013","Under 1,000","112","60","52","80","60","8","0","52","0","52","30","3","0","27","0","30","30","5","0","25","0","22"
"461892","Abcott Institute","2013","Under 1,000","151","136","15","142","151","66","0","85","0","0","136","60","0","76","0","0","15","6","0","9","0","0"
"461908","The Salon Professional Academy-Kenosha","2013","Under 1,000","113","73","40","89","113","11","0","102","0","0","73","10","0","63","0","0","40","1","0","39","0","0"
"461917","Paul Mitchell the School-Indianapolis","2013","Under 1,000","174","125","49","144","174","41","0","133","0","0","125","32","0","93","0","0","49","9","0","40","0","0"
"461926","Taylor Andrews Academy-St George","2013","Under 1,000","120","73","47","92","120","54","0","66","0","0","73","38","0","35","0","0","47","16","0","31","0","0"
"461935","Seymour Beauty Academy","2013","Under 1,000","28","26","2","27","28","20","0","8","0","0","26","19","0","7","0","0","2","1","0","1","0","0"
"461944","Protege Academy","2013","Under 1,000","74","74","0","74","74","29","0","45","0","0","74","29","0","45","0","0","0","0","0","0","0","0"
"461953","Colorado Academy of Veterinary Technology","2013","Under 1,000","92","91","1","91","92","13","1","72","6","0","91","13","0","72","6","0","1","0","1","0","0","0"
"461962","Northeast Technical Institute","2013","Under 1,000","462","274","188","349","462","384","0","78","0","0","274","223","0","51","0","0","188","161","0","27","0","0"
"461971","Salinas Beauty College Inc","2013","Under 1,000","66","35","31","47","66","9","0","57","0","0","35","1","0","34","0","0","31","8","0","23","0","0"
"461980","Academy for Salon Professionals","2013","Under 1,000","228","169","59","192","228","163","0","65","0","0","169","117","0","52","0","0","59","46","0","13","0","0"
"461999","Elite School of Cosmetology","2013","Under 1,000","34","34","0","34","34","29","0","5","0","0","34","29","0","5","0","0","0","0","0","0","0","0"
"462008","Paul Mitchell the School-Las Vegas","2013","Under 1,000","255","182","73","211","255","63","0","192","0","0","182","41","0","141","0","0","73","22","0","51","0","0"
"462017","The Salon Professional Academy-Kokomo","2013","Under 1,000","68","68","0","68","68","7","0","61","0","0","68","7","0","61","0","0","0","0","0","0","0","0"
"462026","Hair Academy","2013","Under 1,000","13","13","0","13","13","4","0","9","0","0","13","4","0","9","0","0","0","0","0","0","0","0"
"462035","Florida Academy","2013","Under 1,000","65","52","13","57","65","60","0","5","0","0","52","48","0","4","0","0","13","12","0","1","0","0"
"462044","Institute for Doctoral Studies in the Visual Arts","2013","Under 1,000","46","32","14","37","0","0","0","0","0","46","0","0","0","0","0","32","0","0","0","0","0","14"
"462053","State Career College","2013","Under 1,000","86","86","0","86","86","25","0","61","0","0","86","25","0","61","0","0","0","0","0","0","0","0"
"462062","Academy for Salon Professionals","2013","Under 1,000","83","51","32","64","83","18","0","65","0","0","51","11","0","40","0","0","32","7","0","25","0","0"
"462071","Paul Mitchell the School-Spokane","2013","Under 1,000","239","170","69","197","239","22","0","217","0","0","170","19","0","151","0","0","69","3","0","66","0","0"
"462309","J Renee Career Facilitation","2013","Under 1,000","110","90","20","98","110","19","0","91","0","0","90","14","0","76","0","0","20","5","0","15","0","0"
"462318","National Personal Training Institute of Colorado","2013","Under 1,000","115","115","0","115","115","63","0","52","0","0","115","63","0","52","0","0","0","0","0","0","0","0"
"462327","National Personal Training Institute of Colorado","2013","Under 1,000","78","78","0","78","78","31","0","47","0","0","78","31","0","47","0","0","0","0","0","0","0","0"
"462336","International College of Beauty Arts & Sciences","2013","Under 1,000","35","9","26","19","35","6","0","29","0","0","9","1","0","8","0","0","26","5","0","21","0","0"
"462345","The Salon Professional Academy-Shorewood","2013","Under 1,000","162","137","25","147","162","108","0","54","0","0","137","87","0","50","0","0","25","21","0","4","0","0"
"462354","John Paul the Great Catholic University","2013","Under 1,000","263","170","93","206","140","49","13","78","0","123","129","47","12","70","0","41","11","2","1","8","0","82"
"462363","ITT Technical Institute-Durham","2013","Under 1,000","168","111","57","133","168","40","3","125","0","0","111","30","2","79","0","0","57","10","1","46","0","0"
"462372","ITT Technical Institute-Hanover","2013","Under 1,000","313","264","49","283","313","67","0","246","0","0","264","60","0","204","0","0","49","7","0","42","0","0"
"462390","University of Phoenix-Jackson Campus","2013","Under 1,000","66","66","0","66","66","1","7","58","0","0","66","1","7","58","0","0","0","0","0","0","0","0"
"465812","Independence University","2013","1,000 - 4,999","1280","1280","0","1280","1215","340","0","875","0","65","1215","340","0","875","0","65","0","0","0","0","0","0"
"466152","National American University-Tulsa","2013","Under 1,000","251","5","246","102","251","37","73","141","0","0","5","0","0","5","0","0","246","37","73","136","0","0"
"466161","National American University-Centennial","2013","Under 1,000","139","8","131","59","139","12","31","96","0","0","8","0","1","7","0","0","131","12","30","89","0","0"
"466170","National American University-Lee's Summit","2013","Under 1,000","360","7","353","146","360","37","73","250","0","0","7","0","3","4","0","0","353","37","70","246","0","0"
"466189","National American University-Colorado Springs South","2013","Under 1,000","262","63","199","141","262","17","91","154","0","0","63","4","19","40","0","0","199","13","72","114","0","0"
"466514","Globe University-Appleton","2013","Under 1,000","269","189","80","220","269","43","39","179","8","0","189","39","34","116","0","0","80","4","5","63","8","0"
"466523","Salter College-Chicopee","2013","Under 1,000","70","54","16","60","70","36","0","34","0","0","54","28","0","26","0","0","16","8","0","8","0","0"
"466921","Chamberlain College of Nursing-Missouri","2013","Under 1,000","488","278","210","360","488","2","139","347","0","0","278","2","97","179","0","0","210","0","42","168","0","0"
"466930","Chamberlain College of Nursing-Texas","2013","Under 1,000","258","165","93","202","258","0","75","183","0","0","165","0","60","105","0","0","93","0","15","78","0","0"
"467058","ITT Technical Institute-Oakland","2013","Under 1,000","169","132","37","147","169","54","6","109","0","0","132","43","5","84","0","0","37","11","1","25","0","0"
"467094","Continental School of Beauty Culture-Mattydale","2013","Under 1,000","272","136","136","190","272","22","0","250","0","0","136","14","0","122","0","0","136","8","0","128","0","0"
"467155","Everest College-Bedford Park","2013","Under 1,000","705","705","0","705","705","158","0","547","0","0","705","158","0","547","0","0","0","0","0","0","0","0"
"467340","Fortis College-Akron","2013","Under 1,000","144","144","0","144","144","18","0","126","0","0","144","18","0","126","0","0","0","0","0","0","0","0"
"467368","Carrington College California-Pomona","2013","Under 1,000","301","240","61","264","301","33","41","227","0","0","240","29","34","177","0","0","61","4","7","50","0","0"
"467508","Regency Beauty Institute-Copperwood","2013","Under 1,000","89","52","37","67","89","28","0","61","0","0","52","20","0","32","0","0","37","8","0","29","0","0"
"467517","Regency Beauty Institute-Little Rock","2013","Under 1,000","86","71","15","77","86","30","0","56","0","0","71","23","0","48","0","0","15","7","0","8","0","0"
"467526","Regency Beauty Institute-Baltimore Golden Ring","2013","Under 1,000","68","68","0","68","68","29","0","39","0","0","68","29","0","39","0","0","0","0","0","0","0","0"
"467535","Regency Beauty Institute-El Paso","2013","Under 1,000","128","97","31","109","128","38","0","90","0","0","97","33","0","64","0","0","31","5","0","26","0","0"
"467544","Regency Beauty Institute-Jacksonville Regency","2013","Under 1,000","41","41","0","41","41","13","0","28","0","0","41","13","0","28","0","0","0","0","0","0","0","0"
"467553","Regency Beauty Institute-Knoxville","2013","Under 1,000","52","52","0","52","52","18","0","34","0","0","52","18","0","34","0","0","0","0","0","0","0","0"
"467562","Regency Beauty Institute-Fayetteville","2013","Under 1,000","65","47","18","54","65","20","0","45","0","0","47","14","0","33","0","0","18","6","0","12","0","0"
"467571","Regency Beauty Institute-Lansing","2013","Under 1,000","80","65","15","71","80","28","0","52","0","0","65","21","0","44","0","0","15","7","0","8","0","0"
"467580","Regency Beauty Institute-Jacksonville Orange Park","2013","Under 1,000","37","37","0","37","37","16","0","21","0","0","37","16","0","21","0","0","0","0","0","0","0","0"
"467599","Regency Beauty Institute-Crystal Lake","2013","Under 1,000","86","69","17","76","86","27","0","59","0","0","69","26","0","43","0","0","17","1","0","16","0","0"
"467605","Regency Beauty Institute-Manassas","2013","Under 1,000","90","63","27","74","90","26","0","64","0","0","63","21","0","42","0","0","27","5","0","22","0","0"
"467614","Regency Beauty Institute-Castleton","2013","Under 1,000","75","56","19","64","75","34","0","41","0","0","56","26","0","30","0","0","19","8","0","11","0","0"
"467623","Regency Beauty Institute-North Nashville","2013","Under 1,000","70","57","13","62","70","21","0","49","0","0","57","16","0","41","0","0","13","5","0","8","0","0"
"467632","Regency Beauty Institute-Round Rock","2013","Under 1,000","119","77","42","94","119","39","0","80","0","0","77","25","0","52","0","0","42","14","0","28","0","0"
"467641","Regency Beauty Institute-Merrillville","2013","Under 1,000","146","104","42","121","146","44","0","102","0","0","104","34","0","70","0","0","42","10","0","32","0","0"
"467650","Regency Beauty Institute-Roanoke","2013","Under 1,000","58","44","14","50","58","19","0","39","0","0","44","12","0","32","0","0","14","7","0","7","0","0"
"467669","Regency Beauty Institute-Toledo","2013","Under 1,000","83","83","0","83","83","31","0","52","0","0","83","31","0","52","0","0","0","0","0","0","0","0"
"467678","Regency Beauty Institute-SW Houston","2013","Under 1,000","89","89","0","89","89","29","0","60","0","0","89","29","0","60","0","0","0","0","0","0","0","0"
"467784","Everest College-Atlanta West","2013","Under 1,000","634","634","0","634","634","119","0","515","0","0","634","119","0","515","0","0","0","0","0","0","0","0"
"467793","Broadview University-Boise","2013","Under 1,000","142","107","35","121","142","20","24","92","6","0","107","18","20","69","0","0","35","2","4","23","6","0"
"467809","Advanced Institute of Hair Design-Madison","2013","Under 1,000","98","98","0","98","98","19","0","79","0","0","98","19","0","79","0","0","0","0","0","0","0","0"
"467863","Paul Mitchell the School-Columbia","2013","Under 1,000","179","141","38","156","179","46","0","133","0","0","141","40","0","101","0","0","38","6","0","32","0","0"
"467872","Paul Mitchell the School-Charleston","2013","Under 1,000","196","147","49","166","196","30","0","166","0","0","147","26","0","121","0","0","49","4","0","45","0","0"
"467881","Everest College-Melrose Park","2013","Under 1,000","545","545","0","545","545","102","0","443","0","0","545","102","0","443","0","0","0","0","0","0","0","0"
"467906","Kenneth Shuler School of Cosmetology-Greenville","2013","Under 1,000","175","132","43","149","175","17","0","158","0","0","132","14","0","118","0","0","43","3","0","40","0","0"
"468006","South University-Accelerated Graduate Programs","2013","Under 1,000","80","57","23","66","0","0","0","0","0","80","0","0","0","0","0","57","0","0","0","0","0","23"
"468015","South University-The Art Institute of Fort Worth","2013","Under 1,000","346","284","62","308","346","56","40","250","0","0","284","52","33","199","0","0","62","4","7","51","0","0"
"468024","South University-Novi","2013","Under 1,000","503","132","371","276","354","12","134","208","0","149","117","2","26","89","0","15","237","10","108","119","0","134"
"468246","Northwest College-Eugene","2013","Under 1,000","224","224","0","224","224","35","0","189","0","0","224","35","0","189","0","0","0","0","0","0","0","0"
"468255","Northwest College-Tualatin","2013","Under 1,000","152","152","0","152","152","38","0","114","0","0","152","38","0","114","0","0","0","0","0","0","0","0"
"468398","Harrison College-Morrisville","2013","Under 1,000","203","161","42","178","203","20","30","153","0","0","161","9","19","133","0","0","42","11","11","20","0","0"
"468705","Trend Setters' Academy of Beauty Culture-Louisville","2013","Under 1,000","194","149","45","167","194","114","0","80","0","0","149","86","0","63","0","0","45","28","0","17","0","0"
"468723","National University College-Caguas","2013","Under 1,000","920","711","209","793","920","197","203","520","0","0","711","180","157","374","0","0","209","17","46","146","0","0"
"468732","Beauty Schools of America","2013","Under 1,000","380","380","0","380","380","127","0","253","0","0","380","127","0","253","0","0","0","0","0","0","0","0"
"468769","CET-Soledad","2013","Under 1,000","97","97","0","97","97","40","0","57","0","0","97","40","0","57","0","0","0","0","0","0","0","0"
"468866","MarJon School of Beauty ltd-Lockport","2013","Under 1,000","65","65","0","65","65","7","0","58","0","0","65","7","0","58","0","0","0","0","0","0","0","0"
"468875","Houston Training Schools-Southwest","2013","Under 1,000","205","205","0","205","205","111","0","94","0","0","205","111","0","94","0","0","0","0","0","0","0","0"
"468893","Vanguard College of Cosmetology-Metairie","2013","Under 1,000","123","123","0","123","123","25","0","98","0","0","123","25","0","98","0","0","0","0","0","0","0","0"
"468963","New England Tractor Trailer Training School of Massachusetts","2013","Under 1,000","219","219","0","219","219","203","0","16","0","0","219","203","0","16","0","0","0","0","0","0","0","0"
"469054","Heritage College-Columbus","2013","Under 1,000","520","520","0","520","520","134","0","386","0","0","520","134","0","386","0","0","0","0","0","0","0","0"
"469124","Utah College of Massage Therapy-Vegas","2013","Under 1,000","453","234","219","321","453","190","0","263","0","0","234","112","0","122","0","0","219","78","0","141","0","0"
"469133","Utah College of Massage Therapy-Tempe","2013","Under 1,000","326","185","141","241","326","147","0","179","0","0","185","96","0","89","0","0","141","51","0","90","0","0"
"469142","Utah College of Massage Therapy-Phoenix","2013","Under 1,000","459","238","221","326","459","169","0","290","0","0","238","98","0","140","0","0","221","71","0","150","0","0"
"469151","Utah College of Massage Therapy-Westminster","2013","Under 1,000","191","98","93","135","191","82","0","109","0","0","98","47","0","51","0","0","93","35","0","58","0","0"
"469160","Utah College of Massage Therapy-Aurora","2013","Under 1,000","248","132","116","178","248","111","0","137","0","0","132","57","0","75","0","0","116","54","0","62","0","0"
"469197","Tint School of Makeup and Cosmetology-Grand Prairie","2013","Under 1,000","140","140","0","140","140","132","0","8","0","0","140","132","0","8","0","0","0","0","0","0","0","0"
"469407","Dewey University-Hatillo","2013","Under 1,000","270","270","0","270","270","170","0","100","0","0","270","170","0","100","0","0","0","0","0","0","0","0"
"469416","Dewey University-Manati","2013","Under 1,000","274","274","0","274","274","154","0","120","0","0","274","154","0","120","0","0","0","0","0","0","0","0"
"469586","Baltimore School of Massage-York","2013","Under 1,000","45","32","13","37","45","17","0","28","0","0","32","13","0","19","0","0","13","4","0","9","0","0"
"469610","Allen School-Phoenix","2013","Under 1,000","823","823","0","823","823","242","0","581","0","0","823","242","0","581","0","0","0","0","0","0","0","0"
"469629","Oklahoma Technical College","2013","Under 1,000","182","182","0","182","182","58","0","124","0","0","182","58","0","124","0","0","0","0","0","0","0","0"
"469638","Midwest Technical Institute-Moline","2013","Under 1,000","313","313","0","313","313","310","0","3","0","0","313","310","0","3","0","0","0","0","0","0","0","0"
"469647","Star Career Academy-Clifton","2013","Under 1,000","229","120","109","163","229","180","0","49","0","0","120","100","0","20","0","0","109","80","0","29","0","0"
"469911","Unitech Training Academy-Alexandria","2013","Under 1,000","78","78","0","78","78","46","0","32","0","0","78","46","0","32","0","0","0","0","0","0","0","0"
"469920","Unitech Training Academy-Lake Charles","2013","Under 1,000","92","92","0","92","92","87","0","5","0","0","92","87","0","5","0","0","0","0","0","0","0","0"
"469957","Aveda Institute-Los Angeles","2013","Under 1,000","175","175","0","175","175","68","0","107","0","0","175","68","0","107","0","0","0","0","0","0","0","0"
"469993","Buchanan Beauty College","2013","Under 1,000","19","13","6","15","19","5","0","14","0","0","13","4","0","9","0","0","6","1","0","5","0","0"
"470047","WellSpring School of Allied Health-Lawrence","2013","Under 1,000","28","28","0","28","28","15","0","13","0","0","28","15","0","13","0","0","0","0","0","0","0","0"
"470092","The Art Institute of Wisconsin","2013","Under 1,000","535","355","180","426","535","139","89","307","0","0","355","97","58","200","0","0","180","42","31","107","0","0"
"470162","Brown Mackie College-Birmingham","2013","Under 1,000","954","954","0","954","954","233","108","613","0","0","954","233","108","613","0","0","0","0","0","0","0","0"
"470223","Regina's College of Beauty","2013","Under 1,000","23","20","3","21","23","15","0","8","0","0","20","13","0","7","0","0","3","2","0","1","0","0"
"470296","Manuel and Theresa's School of Hair Design-Victoria","2013","Under 1,000","23","23","0","23","23","20","0","3","0","0","23","20","0","3","0","0","0","0","0","0","0","0"
"470302","Coast Career Institute","2013","Under 1,000","92","92","0","92","92","28","0","64","0","0","92","28","0","64","0","0","0","0","0","0","0","0"
"470393","Tricoci University of Beauty Culture-Chicago NE","2013","Under 1,000","84","64","20","72","84","7","0","77","0","0","64","7","0","57","0","0","20","0","0","20","0","0"
"470852","ITT Technical Institute-Bradenton","2013","Under 1,000","66","47","19","54","66","0","0","66","0","0","47","0","0","47","0","0","19","0","0","19","0","0"
"470861","ITT Technical Institute-Phoenix West","2013","Under 1,000","262","214","48","233","262","54","5","203","0","0","214","50","3","161","0","0","48","4","2","42","0","0"
"470870","ITT Technical Institute-Brooklyn Center","2013","Under 1,000","159","132","27","143","159","51","6","102","0","0","132","47","6","79","0","0","27","4","0","23","0","0"
"470889","ITT Technical Institute-Orlando","2013","Under 1,000","377","280","97","318","377","72","8","297","0","0","280","56","6","218","0","0","97","16","2","79","0","0"
"470898","ITT Technical Institute-Waco","2013","Under 1,000","231","198","33","211","231","43","7","181","0","0","198","37","7","154","0","0","33","6","0","27","0","0"
"470904","ITT Technical Institute-Myrtle Beach","2013","Under 1,000","216","179","37","194","216","58","0","158","0","0","179","47","0","132","0","0","37","11","0","26","0","0"
"474863","Azusa Pacific Online University","2013","Under 1,000","726","210","516","413","726","31","130","489","76","0","210","4","41","146","19","0","516","27","89","343","57","0"
"474881","Minneapolis Media Institute","2013","Under 1,000","147","103","44","120","147","30","18","99","0","0","103","22","12","69","0","0","44","8","6","30","0","0"
"474890","College America-Phoenix","2013","Under 1,000","451","451","0","451","451","236","0","215","0","0","451","236","0","215","0","0","0","0","0","0","0","0"
"474906","CollegeAmerica-Stevens Henager College","2013","Under 1,000","95","95","0","95","95","46","14","35","0","0","95","46","14","35","0","0","0","0","0","0","0","0"
"474915","Avalon School of Cosmetology-Phoenix","2013","Under 1,000","233","138","95","176","233","188","0","45","0","0","138","113","0","25","0","0","95","75","0","20","0","0"
"474924","Avalon School of Cosmetology-Layton","2013","Under 1,000","172","72","100","112","172","91","0","81","0","0","72","57","0","15","0","0","100","34","0","66","0","0"
"474933","Hair Design Institute","2013","Under 1,000","67","34","33","47","67","15","0","52","0","0","34","11","0","23","0","0","33","4","0","29","0","0"
"474942","Hair Design Institute","2013","Under 1,000","122","86","36","100","122","20","0","102","0","0","86","15","0","71","0","0","36","5","0","31","0","0"
"474997","All-State Career School-Allied Health Campus","2013","Under 1,000","350","350","0","350","350","60","9","281","0","0","350","60","9","281","0","0","0","0","0","0","0","0"
"475015","Aveda Institute-Des Moines","2013","Under 1,000","213","213","0","213","213","20","0","193","0","0","213","20","0","193","0","0","0","0","0","0","0","0"
"475024","Fortis Institute-Lawrenceville","2013","Under 1,000","270","270","0","270","270","77","0","193","0","0","270","77","0","193","0","0","0","0","0","0","0","0"
"475033","Relay Graduate School of Education","2013","Under 1,000","721","0","721","275","0","0","0","0","0","721","0","0","0","0","0","0","0","0","0","0","0","721"
"475042","Brown Mackie College-Oklahoma City","2013","Under 1,000","355","355","0","355","355","39","92","224","0","0","355","39","92","224","0","0","0","0","0","0","0","0"
"475060","Miller-Motte Technical College-Macon","2013","Under 1,000","350","184","166","250","350","82","56","212","0","0","184","49","31","104","0","0","166","33","25","108","0","0"
"475079","Miller-Motte Technical College-Gulfport","2013","Under 1,000","237","143","94","180","237","66","26","145","0","0","143","48","13","82","0","0","94","18","13","63","0","0"
"475097","International Culinary Center-California","2013","Under 1,000","124","78","46","96","124","63","0","61","0","0","78","36","0","42","0","0","46","27","0","19","0","0"
"475121","South University–Savannah Online","2013","10,000 - 19,999","11143","11140","3","11141","9610","826","1120","7646","18","1533","9610","826","1120","7646","18","1530","0","0","0","0","0","3"
"475130","Fortis College-Montgomery","2013","Under 1,000","192","192","0","192","192","11","35","146","0","0","192","11","35","146","0","0","0","0","0","0","0","0"
"475185","Rio Grande Bible Institute","2013","Under 1,000","108","97","11","101","108","4","20","84","0","0","97","4","18","75","0","0","11","0","2","9","0","0"
"475194","Miller-Motte Technical College-Roanoke","2013","Under 1,000","297","196","101","236","297","80","12","205","0","0","196","49","9","138","0","0","101","31","3","67","0","0"
"475200","Whitworth University-Adult Degree Programs","2013","Under 1,000","313","28","285","140","310","0","50","260","0","3","26","0","0","26","0","2","284","0","50","234","0","1"
"475228","The Santa Barbara and Ventura Colleges of Law–Santa Barbara","2013","Under 1,000","107","0","107","41","0","0","0","0","0","107","0","0","0","0","0","0","0","0","0","0","0","107"
"475255","American Broadcasting School-Online Program","2013","Under 1,000","81","81","0","81","81","25","0","56","0","0","81","25","0","56","0","0","0","0","0","0","0","0"
"475273","Springfield College-School of Human Services","2013","1,000 - 4,999","1763","1268","495","1461","1319","0","0","1319","0","444","938","0","0","938","0","330","381","0","0","381","0","114"
"475282","Marian Health Careers Center-Van Nuys Campus","2013","Under 1,000","94","94","0","94","94","20","0","74","0","0","94","20","0","74","0","0","0","0","0","0","0","0"
"475291","Brown College-Brooklyn Center","2013","Under 1,000","144","37","107","79","144","13","15","116","0","0","37","6","5","26","0","0","107","7","10","90","0","0"
"475325","Milan Institute-Las Vegas","2013","Under 1,000","402","402","0","402","402","162","0","240","0","0","402","162","0","240","0","0","0","0","0","0","0","0"
"475352","Virginia College-Savannah","2013","Under 1,000","620","453","167","519","620","283","0","337","0","0","453","214","0","239","0","0","167","69","0","98","0","0"
"475370","Virginia College-Columbus","2013","Under 1,000","741","566","175","635","741","243","0","498","0","0","566","185","0","381","0","0","175","58","0","117","0","0"
"475389","Donna's Academy of Hair Design","2013","Under 1,000","42","42","0","42","42","15","0","27","0","0","42","15","0","27","0","0","0","0","0","0","0","0"
"475398","Catholic Distance University","2013",,,,,,,,,,,,,,,,,,,,,,,
"475404","New York School of Esthetics & Day Spa","2013","Under 1,000","80","43","37","58","80","8","0","72","0","0","43","5","0","38","0","0","37","3","0","34","0","0"
"475413","Panache Academy of Beauty","2013","Under 1,000","45","39","6","41","45","29","0","16","0","0","39","28","0","11","0","0","6","1","0","5","0","0"
"475422","Finger Lakes Health College of Nursing","2013","Under 1,000","119","21","98","60","119","3","50","66","0","0","21","2","7","12","0","0","98","1","43","54","0","0"
"475431","ASI Career Institute","2013","Under 1,000","11","11","0","11","11","11","0","0","0","0","11","11","0","0","0","0","0","0","0","0","0","0"
"475459","Midwest Technical Institute-Ridgeland","2013","Under 1,000","428","428","0","428","428","281","0","147","0","0","428","281","0","147","0","0","0","0","0","0","0","0"
"475468","Christine Valmy International School of Esthetics & Cosmetology","2013","Under 1,000","135","100","35","114","135","20","0","115","0","0","100","19","0","81","0","0","35","1","0","34","0","0"
"475477","City College-Hollywood","2013","Under 1,000","126","68","58","91","126","20","11","95","0","0","68","13","3","52","0","0","58","7","8","43","0","0"
"475486","Paul Mitchell the School-Arlington","2013","Under 1,000","237","237","0","237","237","208","0","29","0","0","237","208","0","29","0","0","0","0","0","0","0","0"
"475495","Rocky Mountain University of Health Professions","2013","Under 1,000","461","458","3","459","0","0","0","0","0","461","0","0","0","0","0","458","0","0","0","0","0","3"
"475501","MediaTech Institute-Oceanside","2013","Under 1,000","51","51","0","51","51","48","0","3","0","0","51","48","0","3","0","0","0","0","0","0","0","0"
"475510","Christie's Education","2013","Under 1,000","73","28","45","45","0","0","0","0","0","73","0","0","0","0","0","28","0","0","0","0","0","45"
"475529","Prince Institute-Great Lakes","2013","Under 1,000","57","54","3","55","57","31","0","26","0","0","54","30","0","24","0","0","3","1","0","2","0","0"
"475538","Palmetto Beauty School","2013","Under 1,000","65","60","5","62","65","52","0","13","0","0","60","48","0","12","0","0","5","4","0","1","0","0"
"475547","Paul Mitchell the School-Fort Myers","2013","Under 1,000","110","70","40","86","110","13","0","97","0","0","70","11","0","59","0","0","40","2","0","38","0","0"
"475556","Paul Mitchell the School-Raleigh","2013","Under 1,000","147","102","45","120","147","24","0","123","0","0","102","18","0","84","0","0","45","6","0","39","0","0"
"475565","Stella and Charles Guttman Community College","2013","Under 1,000","493","480","13","484","493","278","0","215","0","0","480","278","0","202","0","0","13","0","0","13","0","0"
"475574","Lil Lou's Barber College","2013","Under 1,000","62","47","15","53","62","6","0","56","0","0","47","2","0","45","0","0","15","4","0","11","0","0"
"475583","Bryan University","2013","Under 1,000","111","111","0","111","111","51","0","60","0","0","111","51","0","60","0","0","0","0","0","0","0","0"
"475592","Virginia College-Tulsa","2013","Under 1,000","121","90","31","102","121","57","0","64","0","0","90","39","0","51","0","0","31","18","0","13","0","0"
"475608","Criswell College","2013","Under 1,000","323","173","150","231","235","20","33","172","10","88","138","14","25","99","0","35","97","6","8","73","10","53"
"475617","Virginia College-Knoxville","2013","Under 1,000","602","393","209","475","602","365","0","237","0","0","393","243","0","150","0","0","209","122","0","87","0","0"
"475626","Columbia Academy of Cosmetology","2013","Under 1,000","37","34","3","35","37","2","0","35","0","0","34","1","0","33","0","0","3","1","0","2","0","0"
"475635","Academy of Couture Art","2013","Under 1,000","21","14","7","17","21","5","0","16","0","0","14","3","0","11","0","0","7","2","0","5","0","0"
"475644","Global Institute","2013","Under 1,000","24","24","0","24","24","23","0","1","0","0","24","23","0","1","0","0","0","0","0","0","0","0"
"475653","Shear Learning Academy of Cosmetology","2013","Under 1,000","21","21","0","21","21","4","0","17","0","0","21","4","0","17","0","0","0","0","0","0","0","0"
"475662","University of Cosmetology Arts & Sciences-La Joya","2013","Under 1,000","103","50","53","71","103","18","0","85","0","0","50","13","0","37","0","0","53","5","0","48","0","0"
"475680","Preferred College of Nursing-Van Nuys","2013","Under 1,000","18","18","0","18","18","5","0","13","0","0","18","5","0","13","0","0","0","0","0","0","0","0"
"475699","Bryant & Stratton College-Akron","2013","Under 1,000","313","129","184","201","313","17","109","187","0","0","129","15","45","69","0","0","184","2","64","118","0","0"
"475705","Annenberg School of Nursing","2013","Under 1,000","12","12","0","12","12","1","0","11","0","0","12","1","0","11","0","0","0","0","0","0","0","0"
"475714","American Medical Academy","2013","Under 1,000","343","253","90","289","343","56","50","237","0","0","253","56","31","166","0","0","90","0","19","71","0","0"
"475723","Tooele Applied Technology College","2013","Not reported",,,,,,,,,,,,,,,,,,,,,,
"475732","Chamberlain College of Nursing-Georgia","2013","Under 1,000","613","405","208","487","613","2","308","300","3","0","405","2","236","167","0","0","208","0","72","133","3","0"
"475741","Chamberlain College of Nursing-Indiana","2013","Under 1,000","159","114","45","132","159","4","72","83","0","0","114","4","58","52","0","0","45","0","14","31","0","0"
"475750","Carrington College-Mesquite","2013","Under 1,000","308","308","0","308","308","51","0","257","0","0","308","51","0","257","0","0","0","0","0","0","0","0"
"475811","Universidad Internacional Iberoamericana","2013","Under 1,000","104","104","0","104","0","0","0","0","0","104","0","0","0","0","0","104","0","0","0","0","0","0"
"475839","Sessions College for Professional Design","2013","Under 1,000","70","59","11","63","70","12","18","40","0","0","59","10","16","33","0","0","11","2","2","7","0","0"
"475866","Virginia College-Shreveport Bossier City","2013","Under 1,000","264","211","53","232","264","117","0","147","0","0","211","99","0","112","0","0","53","18","0","35","0","0"
"476063","Tulsa Welding School-Jacksonville","2013","Under 1,000","176","176","0","176","176","43","0","133","0","0","176","43","0","133","0","0","0","0","0","0","0","0"
"476090","Regency Beauty Institute-Hoover","2013","Under 1,000","53","53","0","53","53","19","0","34","0","0","53","19","0","34","0","0","0","0","0","0","0","0"
"476106","Regency Beauty Institute-San Antonio","2013","Under 1,000","29","29","0","29","29","7","0","22","0","0","29","7","0","22","0","0","0","0","0","0","0","0"
"476115","Regency Beauty Institute-Carrollwood","2013","Under 1,000","17","17","0","17","17","6","0","11","0","0","17","6","0","11","0","0","0","0","0","0","0","0"
"476124","Regency Beauty Institute-Clearwater","2013","Under 1,000","12","12","0","12","12","1","0","11","0","0","12","1","0","11","0","0","0","0","0","0","0","0"
"476133","Regency Beauty Institute-Newport News","2013","Under 1,000","138","138","0","138","138","43","0","95","0","0","138","43","0","95","0","0","0","0","0","0","0","0"
"476142","Regency Beauty Institute-Lewisville","2013","Under 1,000","29","29","0","29","29","13","0","16","0","0","29","13","0","16","0","0","0","0","0","0","0","0"
"476151","Regency Beauty Institute-Dallas","2013","Under 1,000","23","23","0","23","23","11","0","12","0","0","23","11","0","12","0","0","0","0","0","0","0","0"
"476160","Regency Beauty Institute-Plano","2013","Under 1,000","46","46","0","46","46","17","0","29","0","0","46","17","0","29","0","0","0","0","0","0","0","0"
"476179","Empire Beauty School-Virginia Beach","2013","Under 1,000","181","136","45","154","181","80","0","101","0","0","136","66","0","70","0","0","45","14","0","31","0","0"
"476230","Ross Medical Education Center-Morgantown","2013","Under 1,000","84","84","0","84","84","33","0","51","0","0","84","33","0","51","0","0","0","0","0","0","0","0"
"476294","Paul Mitchell the School-Ogden","2013","Under 1,000","107","69","38","84","107","16","0","91","0","0","69","10","0","59","0","0","38","6","0","32","0","0"
"476328","Everest Institute-Bensalem","2013","Under 1,000","514","514","0","514","514","105","0","409","0","0","514","105","0","409","0","0","0","0","0","0","0","0"
"476337","Golf Academy of America-Farmers Branch","2013","Under 1,000","134","126","8","129","134","52","0","82","0","0","126","49","0","77","0","0","8","3","0","5","0","0"
"476346","Utah College of Massage Therapy-Dallas","2013","Under 1,000","310","183","127","233","310","130","0","180","0","0","183","74","0","109","0","0","127","56","0","71","0","0"
"476355","Miami Ad School-New York","2013","Under 1,000","97","97","0","97","97","0","0","97","0","0","97","0","0","97","0","0","0","0","0","0","0","0"
"476382","Dade Medical College-West Palm Beach","2013","Under 1,000","259","259","0","259","259","79","2","178","0","0","259","79","2","178","0","0","0","0","0","0","0","0"
"476391","Dade Medical College-Jacksonville","2013","Under 1,000","191","191","0","191","191","34","73","84","0","0","191","34","73","84","0","0","0","0","0","0","0","0"
"476470","WestMed College","2013","Under 1,000","356","356","0","356","356","102","0","254","0","0","356","102","0","254","0","0","0","0","0","0","0","0"
"476489","Larry's Barber College","2013","Under 1,000","16","16","0","16","16","13","0","3","0","0","16","13","0","3","0","0","0","0","0","0","0","0"
"476498","Futura Career Institute","2013","Under 1,000","100","100","0","100","100","27","0","73","0","0","100","27","0","73","0","0","0","0","0","0","0","0"
"476504","Access Careers","2013","Under 1,000","301","91","210","174","301","185","0","116","0","0","91","20","0","71","0","0","210","165","0","45","0","0"
"476513","Flair Beauty College","2013","Under 1,000","60","60","0","60","60","15","0","45","0","0","60","15","0","45","0","0","0","0","0","0","0","0"
"476522","Eternity Cosmetology School","2013","Under 1,000","205","45","160","109","205","41","0","164","0","0","45","19","0","26","0","0","160","22","0","138","0","0"
"476531","Tri-State Institute of Hair Design","2013","Under 1,000","39","32","7","35","39","8","0","31","0","0","32","7","0","25","0","0","7","1","0","6","0","0"
"476540","Vogue College of Cosmetology-San Antonio Fredericksburg","2013","Under 1,000","118","100","18","107","118","39","0","79","0","0","100","28","0","72","0","0","18","11","0","7","0","0"
"476559","Vogue College of Cosmetology","2013","Under 1,000","137","104","33","117","137","105","0","32","0","0","104","78","0","26","0","0","33","27","0","6","0","0"
"476568","Tomorrow's Image Barber Academy of Virginia","2013","Under 1,000","18","18","0","18","18","12","0","6","0","0","18","12","0","6","0","0","0","0","0","0","0","0"
"476577","Excel Learning Center","2013","Under 1,000","80","80","0","80","80","35","0","45","0","0","80","35","0","45","0","0","0","0","0","0","0","0"
"476586","College of International Esthetics Inc","2013","Under 1,000","75","48","27","59","75","10","0","65","0","0","48","6","0","42","0","0","27","4","0","23","0","0"
"476595","Medical Allied Career Center","2013","Under 1,000","65","25","40","41","65","59","0","6","0","0","25","23","0","2","0","0","40","36","0","4","0","0"
"476601","Bais HaMedrash and Mesivta of Baltimore","2013","Under 1,000","49","49","0","49","49","24","1","24","0","0","49","24","1","24","0","0","0","0","0","0","0","0"
"476610","Long Island Barber Institute","2013","Under 1,000","75","75","0","75","75","23","0","52","0","0","75","23","0","52","0","0","0","0","0","0","0","0"
"476629","Toni & Guy Hairdressing Academy-Toledo","2013","Under 1,000","116","116","0","116","116","62","0","54","0","0","116","62","0","54","0","0","0","0","0","0","0","0"
"476638","American Institute of Medical Sonography","2013","Under 1,000","21","21","0","21","21","10","0","11","0","0","21","10","0","11","0","0","0","0","0","0","0","0"
"476674","Curve Metric School of Hair Design","2013","Under 1,000","65","65","0","65","65","16","0","49","0","0","65","16","0","49","0","0","0","0","0","0","0","0"
"476683","Athena Career Academy","2013","Under 1,000","188","188","0","188","188","58","0","130","0","0","188","58","0","130","0","0","0","0","0","0","0","0"
"476692","Yeshiva Gedolah Zichron Leyma","2013","Under 1,000","23","23","0","23","23","3","3","17","0","0","23","3","3","17","0","0","0","0","0","0","0","0"
"476708","The Barber School","2013","Under 1,000","101","63","38","78","101","23","0","78","0","0","63","15","0","48","0","0","38","8","0","30","0","0"
"476717","Be'er Yaakov Talmudic Seminary","2013","Under 1,000","298","298","0","298","298","101","0","197","0","0","298","101","0","197","0","0","0","0","0","0","0","0"
"476726","RGV Careers","2013","Under 1,000","223","223","0","223","223","103","0","120","0","0","223","103","0","120","0","0","0","0","0","0","0","0"
"476735","Alexander Academy","2013","Under 1,000","29","29","0","29","29","17","0","12","0","0","29","17","0","12","0","0","0","0","0","0","0","0"
"476744","LeMelange Academy of Hair","2013","Under 1,000","48","17","31","29","48","10","0","38","0","0","17","5","0","12","0","0","31","5","0","26","0","0"
"476753","Aveda Institute-Tucson","2013","Under 1,000","118","99","19","107","118","11","0","107","0","0","99","11","0","88","0","0","19","0","0","19","0","0"
"476762","Velvet Touch Academy of Cosmetology","2013","Under 1,000","61","61","0","61","61","13","0","48","0","0","61","13","0","48","0","0","0","0","0","0","0","0"
"476771","Ambiance Beauty & Barber Academy Inc","2013","Under 1,000","24","17","7","20","24","9","0","15","0","0","17","5","0","12","0","0","7","4","0","3","0","0"
"476780","Diamond Beauty College","2013","Under 1,000","122","62","60","86","122","73","0","49","0","0","62","47","0","15","0","0","60","26","0","34","0","0"
"476799","NCP College of Nursing-South San Francisco","2013","Under 1,000","73","73","0","73","73","0","0","73","0","0","73","0","0","73","0","0","0","0","0","0","0","0"
"476805","University Academy of Hair Design","2013","Under 1,000","65","65","0","65","65","7","0","58","0","0","65","7","0","58","0","0","0","0","0","0","0","0"
"476814","Florida Institute of Recording Sound and Technology","2013","Under 1,000","152","0","152","60","152","10","0","142","0","0","0","0","0","0","0","0","152","10","0","142","0","0"
"476823","New Dimensions Beauty Academy Inc","2013","Under 1,000","46","42","4","44","46","5","0","41","0","0","42","5","0","37","0","0","4","0","0","4","0","0"
"476832","Jolei's Hair Institute","2013","Under 1,000","41","34","7","37","41","6","0","35","0","0","34","4","0","30","0","0","7","2","0","5","0","0"
"476841","Paul Mitchell the School-Reno","2013","Under 1,000","211","154","57","177","211","25","0","186","0","0","154","21","0","133","0","0","57","4","0","53","0","0"
"476850","Boise Barber College","2013","Under 1,000","91","91","0","91","91","90","0","1","0","0","91","90","0","1","0","0","0","0","0","0","0","0"
"476869","Austin Kade Academy","2013","Under 1,000","193","193","0","193","193","155","0","38","0","0","193","155","0","38","0","0","0","0","0","0","0","0"
"476878","Aesthetic Science Institute","2013","Under 1,000","79","27","52","48","79","55","0","24","0","0","27","16","0","11","0","0","52","39","0","13","0","0"
"476887","Elaine Sterling Institute","2013","Under 1,000","133","62","71","90","133","29","0","104","0","0","62","19","0","43","0","0","71","10","0","61","0","0"
"476896","Wade Gordon Hairdressing Academy","2013","Under 1,000","99","99","0","99","99","20","0","79","0","0","99","20","0","79","0","0","0","0","0","0","0","0"
"476902","Mitsu Sato Hair Academy","2013","Under 1,000","36","27","9","31","36","10","0","26","0","0","27","9","0","18","0","0","9","1","0","8","0","0"
"476911","SAE Institute of Technology-Los Angeles","2013","Under 1,000","225","143","82","176","225","196","0","29","0","0","143","121","0","22","0","0","82","75","0","7","0","0"
"476939","Florida Vocational Institute","2013","Under 1,000","87","0","87","35","87","32","0","55","0","0","0","0","0","0","0","0","87","32","0","55","0","0"
"476948","SAE Institute of Technology-Atlanta","2013","Under 1,000","218","210","8","213","218","77","60","81","0","0","210","77","60","73","0","0","8","0","0","8","0","0"
"476957","Academy di Firenze","2013","Under 1,000","20","20","0","20","20","8","0","12","0","0","20","8","0","12","0","0","0","0","0","0","0","0"
"476966","SAE Institute of Technology-Miami","2013","Under 1,000","233","233","0","233","233","193","0","40","0","0","233","193","0","40","0","0","0","0","0","0","0","0"
"476975","Colorado State University-Global Campus","2013","5,000 - 9,999","7402","3092","4310","4785","5578","0","1930","3352","296","1824","2377","0","764","1594","19","715","3201","0","1166","1758","277","1109"
"476984","Paul Mitchell the School-Overland Park","2013","Under 1,000","157","121","36","135","157","8","0","149","0","0","121","7","0","114","0","0","36","1","0","35","0","0"
"476993","Medspa Academies","2013","Under 1,000","130","118","12","123","130","21","0","109","0","0","118","20","0","98","0","0","12","1","0","11","0","0"
"477002","Brighton Institute of Cosmetology","2013","Under 1,000","55","35","20","43","55","25","0","30","0","0","35","13","0","22","0","0","20","12","0","8","0","0"
"477039","West Coast University-Dallas","2013","Under 1,000","320","294","26","304","320","0","48","272","0","0","294","0","43","251","0","0","26","0","5","21","0","0"
"477950","Stevens-Henager College-St George","2013","Under 1,000","168","168","0","168","168","8","25","135","0","0","168","8","25","135","0","0","0","0","0","0","0","0"
"477996","National American University-Bellevue","2013","Under 1,000","227","7","220","93","227","30","55","132","10","0","7","0","0","6","1","0","220","30","55","126","9","0"
"478005","National American University-Burnsville","2013","Under 1,000","161","8","153","68","161","17","36","108","0","0","8","0","3","5","0","0","153","17","33","103","0","0"
"478014","National American University-Mesquite","2013","Under 1,000","189","12","177","82","189","30","101","58","0","0","12","0","9","3","0","0","177","30","92","55","0","0"
"478582","Empire Beauty School-Savannah","2013","Under 1,000","164","120","44","137","164","42","0","122","0","0","120","31","0","89","0","0","44","11","0","33","0","0"
"478591","Ogle School Hair Skin Nails-Denton","2013","Under 1,000","151","90","61","114","151","56","0","95","0","0","90","37","0","53","0","0","61","19","0","42","0","0"
"478616","Empire Beauty School-West Greensboro","2013","Under 1,000","111","96","15","102","111","36","0","75","0","0","96","32","0","64","0","0","15","4","0","11","0","0"
"478634","California College San Diego","2013","Under 1,000","269","269","0","269","269","51","0","218","0","0","269","51","0","218","0","0","0","0","0","0","0","0"
"478643","Old Town Barber College-Topeka","2013","Under 1,000","28","28","0","28","28","25","0","3","0","0","28","25","0","3","0","0","0","0","0","0","0","0"
"478661","Jolie Hair and Beauty Academy-Northfield","2013","Under 1,000","214","133","81","165","214","171","0","43","0","0","133","106","0","27","0","0","81","65","0","16","0","0"
"478917","Hays Academy of Hair Design","2013","Under 1,000","63","63","0","63","63","41","0","22","0","0","63","41","0","22","0","0","0","0","0","0","0","0"
"478953","Bellus Academy","2013","Under 1,000","216","184","32","197","216","32","0","184","0","0","184","30","0","154","0","0","32","2","0","30","0","0"
"479053","Cortiva Institute-Seattle","2013","Under 1,000","102","46","56","68","102","34","0","68","0","0","46","18","0","28","0","0","56","16","0","40","0","0"
"479062","MotoRing Technical Training Institute","2013","Under 1,000","10","10","0","10","10","8","0","2","0","0","10","8","0","2","0","0","0","0","0","0","0","0"
"479123","Leon Studio One School of Hair Design & Career Training Center","2013","Under 1,000","19","19","0","19","19","11","0","8","0","0","19","11","0","8","0","0","0","0","0","0","0","0"
"479248","Columbia College","2013","Under 1,000","147","127","20","135","147","105","0","42","0","0","127","89","0","38","0","0","20","16","0","4","0","0"
"479424","NCP College of Nursing-Hayward","2013","Under 1,000","88","88","0","88","88","0","0","88","0","0","88","0","0","88","0","0","0","0","0","0","0","0"
"479549","ITT Technical Institute-Philadelphia","2013","Under 1,000","559","499","60","523","559","181","11","367","0","0","499","160","8","331","0","0","60","21","3","36","0","0"
"479558","ITT Technical Institute-Marlton","2013","Under 1,000","312","269","43","286","312","79","19","214","0","0","269","70","19","180","0","0","43","9","0","34","0","0"
"479567","ITT Technical Institute-Germantown","2013","Under 1,000","50","44","6","46","50","0","0","50","0","0","44","0","0","44","0","0","6","0","0","6","0","0"
"479585","ITT Technical Institute-Southfield","2013","Under 1,000","143","117","26","127","143","49","2","92","0","0","117","42","2","73","0","0","26","7","0","19","0","0"
"479594","ITT Technical Institute-West Palm Beach","2013","Under 1,000","274","220","54","241","274","51","6","217","0","0","220","48","4","168","0","0","54","3","2","49","0","0"
"479600","ITT Technical Institute-Salem","2013","Under 1,000","191","163","28","174","191","49","3","139","0","0","163","42","3","118","0","0","28","7","0","21","0","0"
"479619","ITT Technical Institute-Deerfield Beach","2013","Under 1,000","72","54","18","61","72","0","2","70","0","0","54","0","1","53","0","0","18","0","1","17","0","0"
"479628","ITT Technical Institute-Indianapolis East","2013","Under 1,000","337","260","77","290","337","90","3","244","0","0","260","77","3","180","0","0","77","13","0","64","0","0"
"479637","ITT Technical Institute-Douglasville","2013","Under 1,000","155","133","22","142","155","44","5","106","0","0","133","41","3","89","0","0","22","3","2","17","0","0"
"479646","ITT Technical Institute-Overland Park","2013","Under 1,000","171","123","48","142","171","47","4","120","0","0","123","37","3","83","0","0","48","10","1","37","0","0"
"479655","ITT Technical Institute-Springfield","2013","Under 1,000","202","174","28","185","202","56","4","142","0","0","174","49","4","121","0","0","28","7","0","21","0","0"
"479664","ITT Technical Institute-West Chester","2013","Under 1,000","61","46","15","52","61","14","0","47","0","0","46","14","0","32","0","0","15","0","0","15","0","0"
"479956","Pennsylvania State University-World Campus","2013","5,000 - 9,999","9631","1544","8087","4632","5389","251","908","3722","508","4242","1498","88","300","1052","58","46","3891","163","608","2670","450","4196"
"479965","Medical Career Institute","2013","Under 1,000","77","77","0","77","77","25","0","52","0","0","77","25","0","52","0","0","0","0","0","0","0","0"
"479974","Advance Beauty Techs Academy","2013","Under 1,000","61","46","15","52","61","20","0","41","0","0","46","11","0","35","0","0","15","9","0","6","0","0"
"479983","Longs Peak Academy","2013","Under 1,000","49","35","14","41","49","5","0","44","0","0","35","5","0","30","0","0","14","0","0","14","0","0"
"479992","Brand College","2013","Under 1,000","14","3","11","7","14","2","0","12","0","0","3","1","0","2","0","0","11","1","0","10","0","0"
"480000","Hinton Barber College","2013","Under 1,000","56","44","12","49","56","18","0","38","0","0","44","9","0","35","0","0","12","9","0","3","0","0"
"480019","Advanced Career Institute","2013","Under 1,000","241","212","29","224","241","207","0","34","0","0","212","182","0","30","0","0","29","25","0","4","0","0"
"480028","Digital Film Academy","2013","Under 1,000","38","38","0","38","38","2","0","36","0","0","38","2","0","36","0","0","0","0","0","0","0","0"
"480037","MyComputerCareer.com-Raleigh","2013","Under 1,000","496","496","0","496","496","164","0","332","0","0","496","164","0","332","0","0","0","0","0","0","0","0"
"480064","Kaplan University-Augusta Campus","2013","Under 1,000","396","213","183","285","384","72","132","175","5","12","203","36","77","90","0","10","181","36","55","85","5","2"
"480073","South University-Austin","2013","Under 1,000","156","55","101","95","141","5","43","93","0","15","50","2","13","35","0","5","91","3","30","58","0","10"
"480082","South University-Cleveland","2013","Under 1,000","254","107","147","165","238","21","117","100","0","16","100","11","50","39","0","7","138","10","67","61","0","9"
"480091","Bryant & Stratton College-Online","2013","1,000 - 4,999","2140","1251","889","1600","2140","180","591","1361","8","0","1251","146","455","649","1","0","889","34","136","712","7","0"
"480107","Virginia College-Florence","2013","Under 1,000","458","337","121","385","458","158","0","300","0","0","337","119","0","218","0","0","121","39","0","82","0","0"
"480125","Ogle School Hair Skin Nails-San Antonio","2013","Under 1,000","170","127","43","144","170","78","0","92","0","0","127","60","0","67","0","0","43","18","0","25","0","0"
"480134","Elizabethtown College School of Continuing and Professional Studies","2013","Under 1,000","440","0","440","172","372","0","51","314","7","68","0","0","0","0","0","0","372","0","51","314","7","68"
"480143","Fortis College-Cutler Bay","2013","Under 1,000","203","203","0","203","203","27","32","144","0","0","203","27","32","144","0","0","0","0","0","0","0","0"
"480161","Ideal Beauty Academy","2013","Under 1,000","9","7","2","8","9","2","0","7","0","0","7","2","0","5","0","0","2","0","0","2","0","0"
"480170","Minnesota School of Cosmetology-Plymouth Campus","2013","Under 1,000","86","86","0","86","86","20","0","66","0","0","86","20","0","66","0","0","0","0","0","0","0","0"
"480189","Mercyhurst University-North East Campus","2013","1,000 - 4,999","1032","728","304","849","1032","271","154","607","0","0","728","239","101","388","0","0","304","32","53","219","0","0"
"480198","Warner Pacific College Adult Degree Program","2013","Under 1,000","918","918","0","918","857","17","8","831","1","61","857","17","8","831","1","61","0","0","0","0","0","0"
"480204","Platt College-Riverside","2013","Under 1,000","334","334","0","334","334","55","26","253","0","0","334","55","26","253","0","0","0","0","0","0","0","0"
"480301","Savannah Law School","2013","Under 1,000","84","58","26","68","0","0","0","0","0","84","0","0","0","0","0","58","0","0","0","0","0","26"
"480310","Empire Beauty School-Glen Burnie","2013","Under 1,000","194","159","35","173","194","78","0","116","0","0","159","66","0","93","0","0","35","12","0","23","0","0"
"480329","Everest College-Woodbridge","2013","Under 1,000","570","570","0","570","570","106","0","464","0","0","570","106","0","464","0","0","0","0","0","0","0","0"
"480338","Everest College-Kansas City","2013","Under 1,000","406","406","0","406","406","61","0","345","0","0","406","61","0","345","0","0","0","0","0","0","0","0"
"480347","International School of Cosmetology-Toni & Guy Hairdressing Academy","2013","Under 1,000","70","70","0","70","70","19","0","51","0","0","70","19","0","51","0","0","0","0","0","0","0","0"
"480356","InterCoast Career Institute-Salem","2013","Under 1,000","34","34","0","34","34","16","0","18","0","0","34","16","0","18","0","0","0","0","0","0","0","0"
"480480","National College-Canton","2013","Under 1,000","89","83","6","85","89","7","26","56","0","0","83","7","24","52","0","0","6","0","2","4","0","0"
"480499","Shiloh University","2013","Not reported",,,,,,,,,,,,,,,,,,,,,,
"480514","Vatterott College-Fairview Heights","2013","Under 1,000","493","493","0","493","493","53","0","440","0","0","493","53","0","440","0","0","0","0","0","0","0","0"
"480523","Ross Medical Education Center-Dayton","2013","Under 1,000","94","94","0","94","94","21","0","73","0","0","94","21","0","73","0","0","0","0","0","0","0","0"
"480532","Ross Medical Education Center-Ontario","2013","Under 1,000","136","136","0","136","136","46","0","90","0","0","136","46","0","90","0","0","0","0","0","0","0","0"
"480550","Ross Medical Education Center-Bowling Green","2013","Under 1,000","128","128","0","128","128","53","0","75","0","0","128","53","0","75","0","0","0","0","0","0","0","0"
"480569","Florida Institute of Technology-Online","2013","1,000 - 4,999","3466","1365","2101","2178","2308","0","491","1813","4","1158","1359","0","320","1039","0","6","949","0","171","774","4","1152"
"480657","Rasmussen College-Kansas","2013","Under 1,000","135","103","32","116","135","32","71","32","0","0","103","19","60","24","0","0","32","13","11","8","0","0"
"480693","Columbia Institute","2013","Under 1,000","45","42","3","43","45","26","0","19","0","0","42","24","0","18","0","0","3","2","0","1","0","0"
"480727","School of Missionary Aviation Technology","2013","Under 1,000","66","66","0","66","66","47","0","19","0","0","66","47","0","19","0","0","0","0","0","0","0","0"
"480736","Ace Cosmetology and Barber Training Center","2013","Under 1,000","16","12","4","14","16","12","0","4","0","0","12","9","0","3","0","0","4","3","0","1","0","0"
"480754","Manthano Christian College","2013","Under 1,000","28","18","10","22","28","12","4","12","0","0","18","5","3","10","0","0","10","7","1","2","0","0"
"480781","California Miramar University","2013","Under 1,000","317","308","9","312","66","53","1","12","0","251","57","52","0","5","0","251","9","1","1","7","0","0"
"480790","Rocky Vista University","2013","Under 1,000","624","624","0","624","0","0","0","0","0","624","0","0","0","0","0","624","0","0","0","0","0","0"
"480815","Virginia College-Greensboro","2013","Under 1,000","468","370","98","409","468","146","0","322","0","0","370","113","0","257","0","0","98","33","0","65","0","0"
"480824","The College of Health Care Professions-Dallas","2013","Under 1,000","134","134","0","134","134","132","1","1","0","0","134","132","1","1","0","0","0","0","0","0","0","0"
"480833","The College of Health Care Professions-Fort Worth","2013","Under 1,000","208","208","0","208","208","207","1","0","0","0","208","207","1","0","0","0","0","0","0","0","0","0"
"480842","Shear Finesse Hairstyling Academy","2013","Under 1,000","23","21","2","22","23","4","0","19","0","0","21","3","0","18","0","0","2","1","0","1","0","0"
"480879","Academy of Salon Professionals","2013","Under 1,000","26","26","0","26","26","11","0","15","0","0","26","11","0","15","0","0","0","0","0","0","0","0"
"480888","CyberTex Institute of Technology","2013","Under 1,000","217","217","0","217","217","58","0","159","0","0","217","58","0","159","0","0","0","0","0","0","0","0"
"480897","UEI College-Santa Cruz","2013","Under 1,000","131","131","0","131","131","124","0","7","0","0","131","124","0","7","0","0","0","0","0","0","0","0"
"480903","New England Tractor Trailer Training School of CT-Bridgeport","2013","Under 1,000","259","236","23","245","259","254","0","5","0","0","236","232","0","4","0","0","23","22","0","1","0","0"
"480912","Gemini School of Visual Arts & Communication","2013","Under 1,000","10","10","0","10","10","0","0","10","0","0","10","0","0","10","0","0","0","0","0","0","0","0"
"480921","Designer Barber & Stylist School","2013",,,,,,,,,,,,,,,,,,,,,,,
"480930","Paul Mitchell the School-Woodbridge","2013","Under 1,000","121","113","8","116","121","3","0","118","0","0","113","2","0","111","0","0","8","1","0","7","0","0"
"480967","College of the Muscogee Nation","2013","Under 1,000","191","103","88","133","191","48","25","109","9","0","103","33","15","55","0","0","88","15","10","54","9","0"
"480976","The Salon Professional Academy-Huntsville","2013","Under 1,000","48","48","0","48","48","10","0","38","0","0","48","10","0","38","0","0","0","0","0","0","0","0"
"480985","Midwives College of Utah","2013","Under 1,000","157","157","0","157","151","11","31","109","0","6","151","11","31","109","0","6","0","0","0","0","0","0"
"480994","Aspen Beauty Academy of Laurel","2013","Under 1,000","59","52","7","55","59","16","0","43","0","0","52","13","0","39","0","0","7","3","0","4","0","0"
"481003","M T Training Center","2013","Under 1,000","62","62","0","62","62","60","0","2","0","0","62","60","0","2","0","0","0","0","0","0","0","0"
"481021","Berks Career & Technology Center","2013","Under 1,000","59","37","22","44","59","49","0","10","0","0","37","29","0","8","0","0","22","20","0","2","0","0"
"481030","Future Generations Graduate School","2013","Under 1,000","29","29","0","29","0","0","0","0","0","29","0","0","0","0","0","29","0","0","0","0","0","0"
"481049","Carthage R9 School District-Carthage Technical Center","2013","Under 1,000","11","11","0","11","11","4","0","7","0","0","11","4","0","7","0","0","0","0","0","0","0","0"
"481058","Grace Mission University","2013","Under 1,000","136","101","35","115","109","76","0","33","0","27","76","50","0","26","0","25","33","26","0","7","0","2"
"481076","Photographic Center Northwest","2013","Under 1,000","9","0","9","4","9","1","0","8","0","0","0","0","0","0","0","0","9","1","0","8","0","0"
"481085","PCCTI IT and Healthcare","2013","Under 1,000","233","191","42","208","233","24","0","209","0","0","191","0","0","191","0","0","42","24","0","18","0","0"
"481094","Sotheby's Institute of Art-NY","2013","Under 1,000","136","134","2","135","0","0","0","0","0","136","0","0","0","0","0","134","0","0","0","0","0","2"
"481100","Top Nails & Hair Beauty School","2013","Under 1,000","40","15","25","25","40","38","0","2","0","0","15","14","0","1","0","0","25","24","0","1","0","0"
"481119","Radians College","2013","Under 1,000","180","180","0","180","180","87","0","93","0","0","180","87","0","93","0","0","0","0","0","0","0","0"
"481128","Santa Ana Beauty College","2013","Under 1,000","114","11","103","52","114","88","0","26","0","0","11","5","0","6","0","0","103","83","0","20","0","0"
"481137","Shepherds College","2013","Under 1,000","59","59","0","59","59","23","0","36","0","0","59","23","0","36","0","0","0","0","0","0","0","0"
"481146","Woodruff Medical Training and Testing","2013","Under 1,000","100","100","0","100","100","32","0","68","0","0","100","32","0","68","0","0","0","0","0","0","0","0"
"481155","Helms College","2013","Under 1,000","127","127","0","127","127","111","0","16","0","0","127","111","0","16","0","0","0","0","0","0","0","0"
"481164","American Academy of Personal Training","2013","Under 1,000","106","80","26","90","106","106","0","0","0","0","80","80","0","0","0","0","26","26","0","0","0","0"
"481173","Technology Center","2013","Under 1,000","35","35","0","35","35","23","0","12","0","0","35","23","0","12","0","0","0","0","0","0","0","0"
"481182","Ukiah Adult School","2013","Under 1,000","59","59","0","59","59","0","0","59","0","0","59","0","0","59","0","0","0","0","0","0","0","0"
"481191","Riverside County Office of Education","2013","Under 1,000","386","386","0","386","386","353","0","33","0","0","386","353","0","33","0","0","0","0","0","0","0","0"
"481207","Institute of Health Sciences","2013","Under 1,000","55","55","0","55","55","28","0","27","0","0","55","28","0","27","0","0","0","0","0","0","0","0"
"481225","Mid-South Christian College","2013","Under 1,000","29","18","11","22","29","7","1","19","2","0","18","2","1","15","0","0","11","5","0","4","2","0"
"481234","Advanced Computing Institute","2013","Under 1,000","211","211","0","211","211","93","0","118","0","0","211","93","0","118","0","0","0","0","0","0","0","0"
"481243","New York Institute of Beauty","2013","Under 1,000","80","28","52","49","80","6","0","74","0","0","28","3","0","25","0","0","52","3","0","49","0","0"
"481252","Ultrasound Medical Institute","2013","Under 1,000","8","8","0","8","8","1","7","0","0","0","8","1","7","0","0","0","0","0","0","0","0","0"
"481261","Beautiful You School of Nail Technology","2013","Under 1,000","17","15","2","16","17","11","0","6","0","0","15","9","0","6","0","0","2","2","0","0","0","0"
"481270","Harmon's Beauty School","2013","Under 1,000","13","11","2","12","13","7","0","6","0","0","11","7","0","4","0","0","2","0","0","2","0","0"
"481289","Xavier College School of Nursing","2013","Under 1,000","52","52","0","52","52","6","0","46","0","0","52","6","0","46","0","0","0","0","0","0","0","0"
"481298","Lawrence & Company College of Cosmetology","2013","Under 1,000","57","57","0","57","57","37","0","20","0","0","57","37","0","20","0","0","0","0","0","0","0","0"
"481304","Cactus Academy","2013","Under 1,000","97","65","32","78","97","17","0","80","0","0","65","12","0","53","0","0","32","5","0","27","0","0"
"481313","Kaizen Beauty Academy","2013","Under 1,000","34","33","1","33","34","29","0","5","0","0","33","28","0","5","0","0","1","1","0","0","0","0"
"481322","Southern Texas Careers Academy","2013","Under 1,000","35","8","27","19","35","4","0","31","0","0","8","2","0","6","0","0","27","2","0","25","0","0"
"481331","Sharp Edgez Barber Institute","2013","Under 1,000","56","48","8","51","56","23","0","33","0","0","48","21","0","27","0","0","8","2","0","6","0","0"
"481340","Salon Professional Academy","2013","Under 1,000","69","69","0","69","69","62","0","7","0","0","69","62","0","7","0","0","0","0","0","0","0","0"
"481359","Cosmotech School of Cosmetology","2013","Under 1,000","45","39","6","41","45","36","0","9","0","0","39","32","0","7","0","0","6","4","0","2","0","0"
"481368","Prestige Health & Beauty Sciences Academy","2013","Under 1,000","17","17","0","17","17","11","0","6","0","0","17","11","0","6","0","0","0","0","0","0","0","0"
"481377","Grace College of Barbering","2013","Under 1,000","25","25","0","25","25","12","0","13","0","0","25","12","0","13","0","0","0","0","0","0","0","0"
"481386","California Career Institute","2013","Under 1,000","45","14","31","26","45","27","0","18","0","0","14","9","0","5","0","0","31","18","0","13","0","0"
"481395","Cosmo Factory Cosmetology Academy","2013","Under 1,000","30","27","3","28","30","11","0","19","0","0","27","10","0","17","0","0","3","1","0","2","0","0"
"481401","Grace School of Theology","2013","Under 1,000","114","20","94","56","16","2","2","12","0","98","2","0","1","1","0","18","14","2","1","11","0","80"
"481410","Yeshiva Gedolah Kesser Torah","2013","Under 1,000","70","70","0","70","70","12","9","49","0","0","70","12","9","49","0","0","0","0","0","0","0","0"
"481429","Universal Training Institute","2013","Under 1,000","165","165","0","165","165","86","0","79","0","0","165","86","0","79","0","0","0","0","0","0","0","0"
"481438","Yeshiva Yesodei Hatorah","2013","Under 1,000","64","64","0","64","64","23","0","41","0","0","64","23","0","41","0","0","0","0","0","0","0","0"
"481447","Rizzieri Institute","2013","Under 1,000","53","27","26","37","53","29","0","24","0","0","27","15","0","12","0","0","26","14","0","12","0","0"
"481456","Bonnie Joseph Academy of Cosmetology and Barbering","2013","Under 1,000","28","11","17","18","28","22","0","6","0","0","11","10","0","1","0","0","17","12","0","5","0","0"
"481465","Healthcare Training Institute","2013","Under 1,000","31","23","8","26","31","4","0","27","0","0","23","3","0","20","0","0","8","1","0","7","0","0"
"481474","W Academy of Salon and Spa","2013","Under 1,000","36","23","13","28","36","4","0","32","0","0","23","3","0","20","0","0","13","1","0","12","0","0"
"481483","Boca Beauty Academy","2013","Under 1,000","200","152","48","171","200","170","0","30","0","0","152","129","0","23","0","0","48","41","0","7","0","0"
"481492","United Medical and Business Institute","2013","Under 1,000","22","22","0","22","22","13","0","9","0","0","22","13","0","9","0","0","0","0","0","0","0","0"
"481508","Paul Mitchell the School-Jersey Shore","2013","Under 1,000","131","127","4","129","131","43","0","88","0","0","127","43","0","84","0","0","4","0","0","4","0","0"
"481517","City Pointe Beauty Academy","2013","Under 1,000","49","49","0","49","49","16","0","33","0","0","49","16","0","33","0","0","0","0","0","0","0","0"
"481526","Chrysm Institute of Esthetics","2013","Under 1,000","96","51","45","69","96","5","0","91","0","0","51","3","0","48","0","0","45","2","0","43","0","0"
"481544","National Personal Training Institute of Columbus","2013","Under 1,000","75","0","75","30","75","38","0","37","0","0","0","0","0","0","0","0","75","38","0","37","0","0"
"481553","Bly's School of Cosmetology","2013","Under 1,000","96","64","32","77","96","26","0","70","0","0","64","19","0","45","0","0","32","7","0","25","0","0"
"481562","Toni & Guy Hairdressing Academy-Manteca","2013","Under 1,000","54","52","2","53","54","19","0","35","0","0","52","18","0","34","0","0","2","1","0","1","0","0"
"481571","Belle Academy of Cosmetology","2013","Under 1,000","6","5","1","5","6","5","0","1","0","0","5","4","0","1","0","0","1","1","0","0","0","0"
"481599","Dorsey Business Schools-Lansing","2013","Under 1,000","156","156","0","156","156","97","0","59","0","0","156","97","0","59","0","0","0","0","0","0","0","0"
"481614","ITT Technical Institute-Pensacola","2013","Under 1,000","165","150","15","156","165","50","5","110","0","0","150","47","5","98","0","0","15","3","0","12","0","0"
"481623","ITT Technical Institute-San Antonio East","2013","Under 1,000","170","158","12","163","170","52","4","114","0","0","158","49","4","105","0","0","12","3","0","9","0","0"
"481632","MedTech Institute-Orlando Campus","2013","Under 1,000","376","376","0","376","376","119","0","257","0","0","376","119","0","257","0","0","0","0","0","0","0","0"
"481669","Tulsa Welding School-Tulsa","2013","Under 1,000","125","125","0","125","125","48","0","77","0","0","125","48","0","77","0","0","0","0","0","0","0","0"
"481678","Empire Beauty School-Augusta","2013","Under 1,000","79","79","0","79","79","23","0","56","0","0","79","23","0","56","0","0","0","0","0","0","0","0"
"481720","South University-High Point","2013","Under 1,000","249","85","164","149","203","33","108","62","0","46","66","16","24","26","0","19","137","17","84","36","0","27"
"481739","Empire Beauty School-Vernon Hills","2013","Under 1,000","68","68","0","68","68","23","0","45","0","0","68","23","0","45","0","0","0","0","0","0","0","0"
"481748","Empire Beauty School-Stone Park","2013","Under 1,000","196","169","27","180","196","66","0","130","0","0","169","59","0","110","0","0","27","7","0","20","0","0"
"481766","Court Reporting Institute of St Louis","2013","Under 1,000","161","52","109","95","161","45","0","116","0","0","52","23","0","29","0","0","109","22","0","87","0","0"
"481827","Ohio Business College-Dayton","2013","Under 1,000","54","24","30","36","54","28","0","26","0","0","24","3","0","21","0","0","30","25","0","5","0","0"
"481845","Empire Beauty School-Rochester","2013","Under 1,000","133","107","26","117","133","50","0","83","0","0","107","39","0","68","0","0","26","11","0","15","0","0"
"481854","American Career College-Long Beach","2013","Under 1,000","401","401","0","401","401","56","0","345","0","0","401","56","0","345","0","0","0","0","0","0","0","0"
"481863","Ross Medical Education Center-Kokomo","2013","Under 1,000","115","115","0","115","115","28","0","87","0","0","115","28","0","87","0","0","0","0","0","0","0","0"
"481890","Ross Medical Education Center-Erlanger","2013","Under 1,000","25","25","0","25","25","6","0","19","0","0","25","6","0","19","0","0","0","0","0","0","0","0"
"481906","Ross Medical Education Center-Charleston","2013","Under 1,000","66","66","0","66","66","40","0","26","0","0","66","40","0","26","0","0","0","0","0","0","0","0"
"481915","L'Ecole Culinaire-Kansas City","2013","Under 1,000","73","73","0","73","73","22","23","28","0","0","73","22","23","28","0","0","0","0","0","0","0","0"
"481942","Utah College of Massage Therapy-Houston","2013","Under 1,000","350","208","142","264","350","113","0","237","0","0","208","68","0","140","0","0","142","45","0","97","0","0"
"481960","InterCoast Colleges-Fairfield","2013","Under 1,000","118","118","0","118","118","7","0","0","111","0","118","7","0","0","111","0","0","0","0","0","0","0"
"481988","Vatterott College-ex'treme Institute by Nelly-St Louis","2013","Under 1,000","402","402","0","402","402","53","76","273","0","0","402","53","76","273","0","0","0","0","0","0","0","0"
"482015","Southern Careers Institute-San Antonio","2013","Under 1,000","279","279","0","279","279","276","0","3","0","0","279","276","0","3","0","0","0","0","0","0","0","0"
"482024","College of Business and Technology-Miami Gardens","2013","Under 1,000","54","54","0","54","54","10","0","40","4","0","54","10","0","40","4","0","0","0","0","0","0","0"
"482033","Milan Institute of Cosmetology-Nampa","2013","Under 1,000","112","112","0","112","112","111","0","1","0","0","112","111","0","1","0","0","0","0","0","0","0","0"
"482060","Milan Institute-Merced","2013","Under 1,000","148","148","0","148","148","75","0","73","0","0","148","75","0","73","0","0","0","0","0","0","0","0"
"482097","Midwest Technical Institute-Springfield","2013","Under 1,000","228","228","0","228","228","227","0","1","0","0","228","227","0","1","0","0","0","0","0","0","0","0"
"482103","Finger Lakes School of Massage","2013","Under 1,000","57","0","57","23","57","13","0","44","0","0","0","0","0","0","0","0","57","13","0","44","0","0"
"482149","Georgia Regents University","2013","5,000 - 9,999","8468","6628","1840","7349","5654","744","591","4121","198","2814","4333","726","508","3068","31","2295","1321","18","83","1053","167","519"
"482158","Middle Georgia State College","2013","5,000 - 9,999","7989","4960","3029","6182","7989","1141","732","5291","825","0","4960","1008","462","3045","445","0","3029","133","270","2246","380","0"
"482167","Trenz Beauty Academy","2013","Under 1,000","34","12","22","21","34","17","0","17","0","0","12","11","0","1","0","0","22","6","0","16","0","0"
"482176","Paul Mitchell the School-Denver","2013","Under 1,000","111","94","17","101","111","30","0","81","0","0","94","26","0","68","0","0","17","4","0","13","0","0"
"482185","Academy of Interactive Entertainment","2013","Under 1,000","43","43","0","43","43","23","0","20","0","0","43","23","0","20","0","0","0","0","0","0","0","0"
"482194","Arrojo Cosmetology School","2013","Under 1,000","85","74","11","78","85","37","0","48","0","0","74","30","0","44","0","0","11","7","0","4","0","0"
"482200","Cosmetology Academy of Texarkana","2013","Under 1,000","20","20","0","20","20","10","0","10","0","0","20","10","0","10","0","0","0","0","0","0","0","0"
"482228","Virginia Baptist College","2013","Under 1,000","108","28","80","59","91","18","0","48","25","17","24","7","0","17","0","4","67","11","0","31","25","13"
"482246","Lynnes Welding Training","2013","Under 1,000","25","25","0","25","25","23","0","2","0","0","25","23","0","2","0","0","0","0","0","0","0","0"
"482255","Aviation Institute of Maintenance-Las Vegas","2013","Under 1,000","42","40","2","41","42","21","0","21","0","0","40","21","0","19","0","0","2","0","0","2","0","0"
"482264","Tulsa Technology Center-Owasso Campus","2013","Under 1,000","323","5","318","112","323","23","0","300","0","0","5","2","0","3","0","0","318","21","0","297","0","0"
"482273","Tulsa Technology Center-Sand Springs Campus","2013","Under 1,000","196","5","191","69","196","15","0","181","0","0","5","2","0","3","0","0","191","13","0","178","0","0"
"482307","National American University-Austin South","2013","Under 1,000","120","3","117","49","120","11","40","69","0","0","3","0","0","3","0","0","117","11","40","66","0","0"
"482316","National American University-Lewisville","2013","Under 1,000","158","4","154","64","158","24","73","61","0","0","4","0","3","1","0","0","154","24","70","60","0","0"
"482325","National American University-Georgetown","2013","Under 1,000","173","18","155","79","173","26","67","80","0","0","18","2","7","9","0","0","155","24","60","71","0","0"
"482334","National American University-Richardson","2013","Under 1,000","197","3","194","79","197","42","78","77","0","0","3","0","1","2","0","0","194","42","77","75","0","0"
"482343","National American University-Rochester","2013","Under 1,000","149","2","147","60","149","22","33","94","0","0","2","0","1","1","0","0","147","22","32","93","0","0"
"482352","National American University-Weldon Spring","2013","Under 1,000","90","1","89","36","90","13","28","49","0","0","1","0","0","1","0","0","89","13","28","48","0","0"
"482361","National American University-Wichita West","2013","Under 1,000","282","42","240","136","282","24","73","184","1","0","42","0","7","35","0","0","240","24","66","149","1","0"
"482370","National American University-Indianapolis","2013","Under 1,000","198","3","195","80","198","19","59","120","0","0","3","0","1","2","0","0","195","19","58","118","0","0"
"482389","National American University-Tigard","2013","Under 1,000","46","0","46","18","46","12","23","11","0","0","0","0","0","0","0","0","46","12","23","11","0","0"
"482398","The Art Institute of St Louis","2013","Under 1,000","415","326","89","361","415","134","110","171","0","0","326","104","79","143","0","0","89","30","31","28","0","0"
"482413","DeVry College of New York","2013","1,000 - 4,999","2127","1162","965","1536","1402","114","362","922","4","725","931","88","269","574","0","231","471","26","93","348","4","494"
"482422","DeVry University-Arizona","2013","1,000 - 4,999","1565","626","939","992","1221","116","292","795","18","344","592","76","166","350","0","34","629","40","126","445","18","310"
"482431","DeVry University-California","2013","5,000 - 9,999","9156","4109","5047","6078","7469","549","1744","5143","33","1687","3714","311","1019","2379","5","395","3755","238","725","2764","28","1292"
"482440","DeVry University-Colorado","2013","1,000 - 4,999","1116","351","765","649","869","25","262","578","4","247","317","12","119","186","0","34","552","13","143","392","4","213"
"482459","DeVry University-Florida","2013","1,000 - 4,999","3252","1330","1922","2078","2390","130","593","1660","7","862","1132","63","316","752","1","198","1258","67","277","908","6","664"
"482468","DeVry University-Georgia","2013","1,000 - 4,999","3731","1272","2459","2230","2729","147","745","1800","37","1002","1057","58","331","642","26","215","1672","89","414","1158","11","787"
"482477","DeVry University-Illinois","2013","20,000 and above","26851","7571","19280","15088","20366","1428","5627","13057","254","6485","6370","512","2057","3700","101","1201","13996","916","3570","9357","153","5284"
"482486","DeVry University-Indiana","2013","Under 1,000","467","127","340","259","263","21","64","177","1","204","87","9","31","47","0","40","176","12","33","130","1","164"
"482501","DeVry University-Maryland","2013","Under 1,000","137","42","95","79","63","1","11","51","0","74","29","1","7","21","0","13","34","0","4","30","0","61"
"482510","DeVry University-Michigan","2013","Under 1,000","304","81","223","168","185","13","50","121","1","119","52","6","19","27","0","29","133","7","31","94","1","90"
"482529","DeVry University-Minnesota","2013","Under 1,000","466","129","337","260","290","12","76","196","6","176","91","5","33","53","0","38","199","7","43","143","6","138"
"482538","DeVry University-Missouri","2013","1,000 - 4,999","1130","404","726","686","812","49","200","558","5","318","347","28","99","220","0","57","465","21","101","338","5","261"
"482547","DeVry University-Nevada","2013","Under 1,000","440","162","278","270","293","18","81","193","1","147","128","8","40","80","0","34","165","10","41","113","1","113"
"482556","DeVry University-New Jersey","2013","1,000 - 4,999","1725","790","935","1155","1458","170","265","1017","6","267","718","103","159","456","0","72","740","67","106","561","6","195"
"482565","DeVry University-North Carolina","2013","Under 1,000","737","250","487","439","495","25","146","324","0","242","192","13","69","110","0","58","303","12","77","214","0","184"
"482574","DeVry University-Ohio","2013","1,000 - 4,999","3578","1310","2268","2195","2822","213","737","1812","60","756","1150","118","343","652","37","160","1672","95","394","1160","23","596"
"482583","DeVry University-Oklahoma","2013","Under 1,000","184","80","104","120","130","7","43","80","0","54","66","4","23","39","0","14","64","3","20","41","0","40"
"482592","DeVry University-Oregon","2013","Under 1,000","149","67","82","99","88","1","13","74","0","61","48","0","9","39","0","19","40","1","4","35","0","42"
"482608","DeVry University-Pennsylvania","2013","1,000 - 4,999","1481","502","979","883","1114","112","255","743","4","367","425","59","118","248","0","77","689","53","137","495","4","290"
"482617","DeVry University-Tennessee","2013","Under 1,000","452","136","316","259","281","24","79","178","0","171","85","3","39","43","0","51","196","21","40","135","0","120"
"482635","DeVry University-Texas","2013","1,000 - 4,999","3382","1347","2035","2139","2486","120","592","1773","1","896","1122","54","339","729","0","225","1364","66","253","1044","1","671"
"482644","DeVry University-Utah","2013","Under 1,000","150","38","112","81","93","1","15","76","1","57","36","0","6","30","0","2","57","1","9","46","1","55"
"482653","DeVry University-Virginia","2013","1,000 - 4,999","1328","516","812","830","783","28","197","558","0","545","404","20","124","260","0","112","379","8","73","298","0","433"
"482662","DeVry University-Washington","2013","Under 1,000","673","275","398","430","466","21","136","309","0","207","237","9","79","149","0","38","229","12","57","160","0","169"
"482671","DeVry University-Wisconsin","2013","Under 1,000","304","83","221","168","148","6","55","87","0","156","57","3","28","26","0","26","91","3","27","61","0","130"
"482680","University of North Georgia","2013","10,000 - 19,999","15455","10205","5250","12306","14851","3297","1136","10069","349","604","10022","2799","732","6411","80","183","4829","498","404","3658","269","421"
"482699","South Georgia State College","2013","1,000 - 4,999","2579","1877","702","2160","2579","974","119","1366","120","0","1877","878","84","874","41","0","702","96","35","492","79","0"
"482705","Northeastern University Global Network","2013","5,000 - 9,999","8479","1727","6752","4333","3519","0","0","2124","1395","4960","1072","0","0","0","1072","655","2447","0","0","2124","323","4305"
"482936","Florida Polytechnic University","2013","Not reported",,,,,,,,,,,,,,,,,,,,,,
"482954","Brown Mackie College-Dallas","2013","Under 1,000","308","308","0","308","308","64","78","166","0","0","308","64","78","166","0","0","0","0","0","0","0","0"
"482963","American Institute-Toms River","2013","Under 1,000","140","140","0","140","140","31","0","109","0","0","140","31","0","109","0","0","0","0","0","0","0","0"
"482981","Alamo City Barber College","2013",,,,,,,,,,,,,,,,,,,,,,,
"482990","Arizona College-Mesa","2013","Under 1,000","162","162","0","162","162","73","0","89","0","0","162","73","0","89","0","0","0","0","0","0","0","0"
"483009","American College of Healthcare","2013","Under 1,000","73","73","0","73","73","43","0","30","0","0","73","43","0","30","0","0","0","0","0","0","0","0"
"483018","Antioch College","2013","Under 1,000","186","185","1","185","186","91","7","87","1","0","185","91","7","87","0","0","1","0","0","0","1","0"
"483036","Texas A & M University-Central Texas","2013","1,000 - 4,999","2404","557","1847","1281","1751","0","463","1284","4","653","419","0","103","316","0","138","1332","0","360","968","4","515"
"483045","Central Georgia Technical College","2013","5,000 - 9,999","7796","3191","4605","4737","7796","1855","72","5219","650","0","3191","848","25","2309","9","0","4605","1007","47","2910","641","0"
"483054","Barber School of Pittsburgh","2013","Under 1,000","35","25","10","29","35","14","0","21","0","0","25","6","0","19","0","0","10","8","0","2","0","0"
"483106","The Salon Professional Academy-South Plainfield","2013","Under 1,000","101","61","40","77","101","21","0","80","0","0","61","16","0","45","0","0","40","5","0","35","0","0"
"483124","Arizona State University-Skysong","2013","10,000 - 19,999","10268","4632","5636","6837","8227","1301","2265","4661","0","2041","4240","1135","1021","2084","0","392","3987","166","1244","2577","0","1649"
"483212","Louisiana Delta Community College","2013","1,000 - 4,999","3949","1871","2078","2569","3949","787","385","1878","899","0","1871","605","214","999","53","0","2078","182","171","879","846","0"
"483221","Learnet Academy Inc","2013",,,,,,,,,,,,,,,,,,,,,,,
"483230","Fab School","2013",,,,,,,,,,,,,,,,,,,,,,,
"483258","Networks Barber College","2013",,,,,,,,,,,,,,,,,,,,,,,
"483276","JB's Hair Design and Barber College","2013",,,,,,,,,,,,,,,,,,,,,,,
"483285","Graduate School USA","2013",,,,,,,,,,,,,,,,,,,,,,,
"483319","Virginia College-Lubbock","2013",,,,,,,,,,,,,,,,,,,,,,,
"483328","Paul Mitchell the School-Lombard","2013",,,,,,,,,,,,,,,,,,,,,,,
"483337","Paul Mitchell the School-Greenville","2013",,,,,,,,,,,,,,,,,,,,,,,
"483346","Divine Crown Academy of Cosmetology","2013",,,,,,,,,,,,,,,,,,,,,,,
"483355","Delta College of Arts & Technology-Lafayette Campus","2013",,,,,,,,,,,,,,,,,,,,,,,
"483364","Delta College-Slidell Campus","2013",,,,,,,,,,,,,,,,,,,,,,,
"483373","Integrity College of Health","2013",,,,,,,,,,,,,,,,,,,,,,,
"483382","Electrical Training Center","2013",,,,,,,,,,,,,,,,,,,,,,,
"483425","Alexander Paul Institute of Hair Design","2013",,,,,,,,,,,,,,,,,,,,,,,
"483443","Computer Training Academy","2013",,,,,,,,,,,,,,,,,,,,,,,
"483470","More Tech Institute","2013",,,,,,,,,,,,,,,,,,,,,,,
"483504","Dorsey Business Schools-Dearborn","2013",,,,,,,,,,,,,,,,,,,,,,,
"483513","NeeCee's College of Cosmetology","2013",,,,,,,,,,,,,,,,,,,,,,,
"483522","Comanche Nation College","2013",,,,,,,,,,,,,,,,,,,,,,,
"483568","Ridley-Lowell Business & Technical Institute","2013",,,,,,,,,,,,,,,,,,,,,,,
"483595","Universidad Ana G. Mendez-Virtual Campus","2013",,,,,,,,,,,,,,,,,,,,,,,
"483610","Sutter Beauty College","2013",,,,,,,,,,,,,,,,,,,,,,,
"483629","Midwest Technical Institute","2013",,,,,,,,,,,,,,,,,,,,,,,
"483638","New Horizons Medical Institute","2013",,,,,,,,,,,,,,,,,,,,,,,
"483647","Ohio Institute of Allied Health","2013",,,,,,,,,,,,,,,,,,,,,,,
"483665","Paul Mitchell the School-Ardmore","2013",,,,,,,,,,,,,,,,,,,,,,,
"483674","Beauty and Health Institute","2013",,,,,,,,,,,,,,,,,,,,,,,
"483683","School for Allied Health Professionals","2013",,,,,,,,,,,,,,,,,,,,,,,
"483692","Cosmix School of Makeup Artistry","2013",,,,,,,,,,,,,,,,,,,,,,,
"483708","Access Careers","2013",,,,,,,,,,,,,,,,,,,,,,,
"483717","River Valley Cosmetology Institute","2013",,,,,,,,,,,,,,,,,,,,,,,
"483726","Luckes Beauty Academy","2013",,,,,,,,,,,,,,,,,,,,,,,
"483735","Total Transformation Institute of Cosmetology","2013",,,,,,,,,,,,,,,,,,,,,,,
"483744","Vibe Barber College","2013",,,,,,,,,,,,,,,,,,,,,,,
"483753","Champ's Barber School","2013",,,,,,,,,,,,,,,,,,,,,,,
"483762","Azure College","2013",,,,,,,,,,,,,,,,,,,,,,,
"483771","Nunation School of Cosmetology","2013",,,,,,,,,,,,,,,,,,,,,,,
"483780","IGlobal University","2013",,,,,,,,,,,,,,,,,,,,,,,
"483799","East-West Healing Arts Institute","2013",,,,,,,,,,,,,,,,,,,,,,,
"483805","National Personal Training Institute","2013",,,,,,,,,,,,,,,,,,,,,,,
"483814","Standard Healthcare Services-College of Nursing","2013",,,,,,,,,,,,,,,,,,,,,,,
"483823","Philadelphia Technician Training","2013",,,,,,,,,,,,,,,,,,,,,,,
"483841","Grace International Beauty School","2013",,,,,,,,,,,,,,,,,,,,,,,
"483850","Alliance Computing Solutions","2013",,,,,,,,,,,,,,,,,,,,,,,
"483869","InterAmerican Technical Institute","2013",,,,,,,,,,,,,,,,,,,,,,,
"483878","Bay Area Medical Academy","2013",,,,,,,,,,,,,,,,,,,,,,,
"483887","Mind Body Institute","2013",,,,,,,,,,,,,,,,,,,,,,,
"483896","Parisian Spa Institute","2013",,,,,,,,,,,,,,,,,,,,,,,
"483902","Yechanlaz Instituto Vocacional","2013",,,,,,,,,,,,,,,,,,,,,,,
"483911","Creative Touch Cosmetology School","2013",,,,,,,,,,,,,,,,,,,,,,,
"483920","LaBarberia Institute of Hair","2013",,,,,,,,,,,,,,,,,,,,,,,
"483939","Setting the Standard Barbering and Natural Hair Academy","2013",,,,,,,,,,,,,,,,,,,,,,,
"483948","Bos-Man's Barber College","2013",,,,,,,,,,,,,,,,,,,,,,,
"483957","Lawrence & Company College of Cosmetology","2013",,,,,,,,,,,,,,,,,,,,,,,
"483966","Healthcare Preparatory Institute","2013",,,,,,,,,,,,,,,,,,,,,,,
"483975","Alabama College of Osteopathic Medicine","2013",,,,,,,,,,,,,,,,,,,,,,,
"483984","Morthland College","2013",,,,,,,,,,,,,,,,,,,,,,,
"484002","High Desert Medical College","2013",,,,,,,,,,,,,,,,,,,,,,,
"484011","Paul Mitchell the School-Schenectady","2013",,,,,,,,,,,,,,,,,,,,,,,
"484020","Beyond Measure Barbering Institute","2013",,,,,,,,,,,,,,,,,,,,,,,
"484039","Beauty Anatomy Institute of Cosmetology and Wellness","2013",,,,,,,,,,,,,,,,,,,,,,,
"484048","Barber Institute of Texas","2013",,,,,,,,,,,,,,,,,,,,,,,
"484057","Jupiter Beauty Academy","2013",,,,,,,,,,,,,,,,,,,,,,,
"484066","MedQuest College","2013",,,,,,,,,,,,,,,,,,,,,,,
"484075","First Coast Barber Academy","2013",,,,,,,,,,,,,,,,,,,,,,,
"484084","Debutantes School of Cosmetology and Nail Technology","2013",,,,,,,,,,,,,,,,,,,,,,,
"484093","Excel Academies of Cosmetology-Troy","2013",,,,,,,,,,,,,,,,,,,,,,,
"484109","Excel Academies of Cosmetology-Merrillville","2013",,,,,,,,,,,,,,,,,,,,,,,
"484118","Excel Academies of Cosmetology","2013",,,,,,,,,,,,,,,,,,,,,,,
"484127","Ricci's Academy of Cosmetology","2013",,,,,,,,,,,,,,,,,,,,,,,
"484136","Yahweh Beauty Academy","2013",,,,,,,,,,,,,,,,,,,,,,,
"484145","Excel Learning Center-San Antonio","2013",,,,,,,,,,,,,,,,,,,,,,,
"484154","Preparing People Barber Styling College","2013",,,,,,,,,,,,,,,,,,,,,,,
"484163","Arizona School of Integrative Studies","2013",,,,,,,,,,,,,,,,,,,,,,,
"484172","Lee Professional Institute","2013",,,,,,,,,,,,,,,,,,,,,,,
"484181","Burnett International College","2013",,,,,,,,,,,,,,,,,,,,,,,
"484190","Park Place Premier Barber School","2013",,,,,,,,,,,,,,,,,,,,,,,
"484206","The Salon Professional Academy-San Jose","2013",,,,,,,,,,,,,,,,,,,,,,,
"484242","Sterling Health Center","2013",,,,,,,,,,,,,,,,,,,,,,,
"484288","Knox Theological Seminary","2013",,,,,,,,,,,,,,,,,,,,,,,
"484303","Montessori Education Institute of the Pacific Northwest","2013",,,,,,,,,,,,,,,,,,,,,,,
"484321","Jolie Health and Beauty Academy-Turnersville","2013",,,,,,,,,,,,,,,,,,,,,,,
"484330","Ross Medical Education Center-Owensboro","2013",,,,,,,,,,,,,,,,,,,,,,,
"484349","Ross Medical Education Center-Evansville","2013",,,,,,,,,,,,,,,,,,,,,,,
"484358","Ross Medical Education Center-Johnson City","2013",,,,,,,,,,,,,,,,,,,,,,,
"484367","North-West College-Santa Ana","2013",,,,,,,,,,,,,,,,,,,,,,,
"484376","North-West College-Long Beach","2013",,,,,,,,,,,,,,,,,,,,,,,
"484385","Branford Hall Career Institute-Amityville","2013",,,,,,,,,,,,,,,,,,,,,,,
"484394","Taylor Andrews Academy-Orem","2013",,,,,,,,,,,,,,,,,,,,,,,
"484473","University of Florida-Online","2013",,,,,,,,,,,,,,,,,,,,,,,
"484598","Buchanan Beauty College-Pleasantview","2013",,,,,,,,,,,,,,,,,,,,,,,
"484604","Ogle School Hair Skin Nails-Stafford","2013",,,,,,,,,,,,,,,,,,,,,,,
"484613","University of Phoenix-Arizona","2013",,,,,,,,,,,,,,,,,,,,,,,
"484622","University of Phoenix-Arkansas","2013",,,,,,,,,,,,,,,,,,,,,,,
"484631","University of Phoenix-California","2013",,,,,,,,,,,,,,,,,,,,,,,
"484640","University of Phoenix-Colorado","2013",,,,,,,,,,,,,,,,,,,,,,,
"484668","University of Phoenix-Florida","2013",,,,,,,,,,,,,,,,,,,,,,,
"484677","University of Phoenix-Georgia","2013",,,,,,,,,,,,,,,,,,,,,,,
"484686","University of Phoenix-Louisiana","2013",,,,,,,,,,,,,,,,,,,,,,,
"484695","University of Phoenix-Michigan","2013",,,,,,,,,,,,,,,,,,,,,,,
"484701","University of Phoenix-Missouri","2013",,,,,,,,,,,,,,,,,,,,,,,
"484710","University of Phoenix-Nevada","2013",,,,,,,,,,,,,,,,,,,,,,,
"484729","University of Phoenix-North Carolina","2013",,,,,,,,,,,,,,,,,,,,,,,
"484738","University of Phoenix-Oklahoma","2013",,,,,,,,,,,,,,,,,,,,,,,
"484747","University of Phoenix-Tennessee","2013",,,,,,,,,,,,,,,,,,,,,,,
"484756","University of Phoenix-Texas","2013",,,,,,,,,,,,,,,,,,,,,,,
"484765","University of Phoenix-Virginia","2013",,,,,,,,,,,,,,,,,,,,,,,
"484783","University of Phoenix-Pennsylvania","2013",,,,,,,,,,,,,,,,,,,,,,,
"484817","Merrillville Beauty College-Flawless Barber Academy","2013",,,,,,,,,,,,,,,,,,,,,,,
"484826","Tint School of Makeup & Cosmetology-Seattle","2013",,,,,,,,,,,,,,,,,,,,,,,
"484835","Centro de Estudios Multidisciplinarios-Mayaguez","2013",,,,,,,,,,,,,,,,,,,,,,,
"484844","Minerva Schools at Keck Graduate Institute","2013",,,,,,,,,,,,,,,,,,,,,,,
"484862","University of West Los Angeles","2013",,,,,,,,,,,,,,,,,,,,,,,
"484871","Rabbinical College Ohr Yisroel","2013",,,,,,,,,,,,,,,,,,,,,,,
"484880","Heritage College-Cleveland","2013",,,,,,,,,,,,,,,,,,,,,,,
"484899","Aveda Institute Phoenix","2013",,,,,,,,,,,,,,,,,,,,,,,
"484905","University of North Texas at Dallas","2013",,,,,,,,,,,,,,,,,,,,,,,
"484923","Dermal Science International Aesthetics and Nail Academy","2013",,,,,,,,,,,,,,,,,,,,,,,
"484932","BridgeValley Community & Technical College","2013",,,,,,,,,,,,,,,,,,,,,,,
"484950","Northwest College-Medford","2013",,,,,,,,,,,,,,,,,,,,,,,
"484978","Virginia College-Fort Pierce","2013",,,,,,,,,,,,,,,,,,,,,,,
"484996","Houston Training Schools-Gessner","2013",,,,,,,,,,,,,,,,,,,,,,,
"485014","Empire Beauty School-Buffalo","2013",,,,,,,,,,,,,,,,,,,,,,,
"485032","Paul Mitchell the School-Toledo","2013",,,,,,,,,,,,,,,,,,,,,,,
"485041","MJ's Barber Academy","2013",,,,,,,,,,,,,,,,,,,,,,,
"485078","Trine University-Arizona Regional Campus","2013",,,,,,,,,,,,,,,,,,,,,,,
"485087","Regency Beauty Institute-Gaithersburg","2013",,,,,,,,,,,,,,,,,,,,,,,
"485111","Georgia Military College","2013",,,,,,,,,,,,,,,,,,,,,,,
"485120","New Horizons Medical Institute-Winder","2013",,,,,,,,,,,,,,,,,,,,,,,
"485139","SAE Institute of Technology-Chicago","2013",,,,,,,,,,,,,,,,,,,,,,,
"485166","Beau Monde College of Hair Design-Beau Monde Academy of Cosmetology","2013",,,,,,,,,,,,,,,,,,,,,,,
"485184","Fayette Beauty Academy-Ritz Beauty Academy","2013",,,,,,,,,,,,,,,,,,,,,,,
"485193","Fayette Beauty Academy-Ritz Beauty Academy","2013",,,,,,,,,,,,,,,,,,,,,,,
"485236","Fountain of Youth Academy of Cosmetology","2013",,,,,,,,,,,,,,,,,,,,,,,
"485245","Cosmopolitan Beauty and Tech School","2013",,,,,,,,,,,,,,,,,,,,,,,
"485254","MCI Institute of Technology-Boca Raton","2013",,,,,,,,,,,,,,,,,,,,,,,
"485263","California College San Diego","2013",,,,,,,,,,,,,,,,,,,,,,,
"485272","West Coast University-Miami","2013",,,,,,,,,,,,,,,,,,,,,,,
"485281","National American University-Houston","2013",,,,,,,,,,,,,,,,,,,,,,,
"485290","National American University-Harold D. Buckingham Graduate School","2013",,,,,,,,,,,,,,,,,,,,,,,
"485306","All Beauty College","2013",,,,,,,,,,,,,,,,,,,,,,,
"485342","Aparicio-Levy Technical Center","2013",,,,,,,,,,,,,,,,,,,,,,,
"485351","Fred D. Learey Technical Center","2013",,,,,,,,,,,,,,,,,,,,,,,
"485379","Hollywood Institute of Beauty Careers-West Palm Beach","2013",,,,,,,,,,,,,,,,,,,,,,,
"485388","Hollywood Institute of Beauty Careers-Casselberry","2013",,,,,,,,,,,,,,,,,,,,,,,
"485397","Empire Beauty School-Cheltenham","2013",,,,,,,,,,,,,,,,,,,,,,,
"485412","Coachella Valley Beauty College-Beaumont","2013",,,,,,,,,,,,,,,,,,,,,,,
"485421","Dewey University-Mayaguez","2013",,,,,,,,,,,,,,,,,,,,,,,
"485458","Coastal Pines Technical College","2013",,,,,,,,,,,,,,,,,,,,,,,
