"unitid","institution name","year","DRVEF2014.Total  enrollment","DRVEF2014.Full-time enrollment","DRVEF2014.Part-time enrollment","DRVEF2014.Full-time equivalent fall enrollment","DRVEF2014.Undergraduate enrollment","DRVEF2014.First-time degree/certificate-seeking undergraduate enrollment","DRVEF2014.Transfer-in degree/certificate-seeking undergraduate enrollment","DRVEF2014.Continuing degree/certificate-seeking undergraduate enrollment","DRVEF2014.Nondegree/certificate-seeking undergraduate enrollment","DRVEF2014.Graduate enrollment","DRVEF2014.Full-time undergraduate enrollment","DRVEF2014.Full-time first-time degree/certificate-seeking undergraduate enrollment","DRVEF2014.Full-time transfer-in degree/certificate-seeking undergraduate enrollment","DRVEF2014.Full-time continuing degree/certificate-seeking undergraduate enrollment","DRVEF2014.Full-time nondegree/certificate-seeking undergraduate enrollment","DRVEF2014.Full-time graduate enrollment","DRVEF2014.Part-time undergraduate enrollment","DRVEF2014.Part-time first-time degree/certificate-seeking undergraduate enrollment","DRVEF2014.Part-time transfer-in degree/certificate-seeking undergraduate enrollment","DRVEF2014.Part-time continuing degree/certificate-seeking undergraduate enrollment","DRVEF2014.Part-time nondegree/certificate-seeking undergraduate enrollment","DRVEF2014.Part-time graduate enrollment","HD2014.Institution size category"
"100654","Alabama A & M University","2014","5333","4675","658","4925","4210","1207","181","2818","4","1123","3930","1194","161","2575","0","745","280","13","20","243","4","378","5,000 - 9,999"
"100663","University of Alabama at Birmingham","2014","18698","12334","6364","14770","11679","1748","1449","8186","296","7019","8472","1719","924","5773","56","3862","3207","29","525","2413","240","3157","10,000 - 19,999"
"100690","Amridge University","2014","625","269","356","406","291","12","0","279","0","334","159","6","0","153","0","110","132","6","0","126","0","224","Under 1,000"
"100706","University of Alabama in Huntsville","2014","7348","4935","2413","5863","5618","724","685","4042","167","1730","4304","714","554","3013","23","631","1314","10","131","1029","144","1099","5,000 - 9,999"
"100724","Alabama State University","2014","5519","4682","837","5003","4812","1087","124","3600","1","707","4383","1068","111","3203","1","299","429","19","13","397","0","408","5,000 - 9,999"
"100751","The University of Alabama","2014","36047","31023","5024","32966","30752","6824","1501","21526","901","5295","27737","6794","1151","19386","406","3286","3015","30","350","2140","495","2009","20,000 and above"
"100760","Central Alabama Community College","2014","1726","974","752","1226","1726","576","108","908","134","0","974","518","43","413","0","0","752","58","65","495","134","0","1,000 - 4,999"
"100812","Athens State University","2014","3128","1341","1787","2062","3128","0","771","2220","137","0","1341","0","417","924","0","0","1787","0","354","1296","137","0","1,000 - 4,999"
"100830","Auburn University at Montgomery","2014","5057","3323","1734","4004","4377","694","465","3145","73","680","3081","638","321","2117","5","242","1296","56","144","1028","68","438","5,000 - 9,999"
"100858","Auburn University","2014","25912","22035","3877","23512","20629","4592","1270","14652","115","5283","18853","4552","1140","13054","107","3182","1776","40","130","1598","8","2101","20,000 and above"
"100937","Birmingham Southern College","2014","1185","1178","7","1181","1185","352","24","804","5","0","1178","352","23","803","0","0","7","0","1","1","5","0","1,000 - 4,999"
"101028","Chattahoochee Valley Community College","2014","1805","1004","801","1273","1805","401","296","1030","78","0","1004","338","137","527","2","0","801","63","159","503","76","0","1,000 - 4,999"
"101073","Concordia College Alabama","2014","546","512","34","525","546","48","46","228","224","0","512","47","40","201","224","0","34","1","6","27","0","0","Under 1,000"
"101116","South University-Montgomery","2014","624","356","268","460","523","40","112","370","1","101","353","31","69","253","0","3","170","9","43","117","1","98","Under 1,000"
"101143","Enterprise State Community College","2014","2011","1104","907","1409","2011","409","221","1099","282","0","1104","316","150","602","36","0","907","93","71","497","246","0","1,000 - 4,999"
"101161","James H Faulkner State Community College","2014","4481","2536","1945","3189","4481","1217","515","2554","195","0","2536","970","290","1267","9","0","1945","247","225","1287","186","0","1,000 - 4,999"
"101189","Faulkner University","2014","3335","2420","915","2779","2670","407","512","1448","303","665","1822","385","347","1090","0","598","848","22","165","358","303","67","1,000 - 4,999"
"101240","Gadsden State Community College","2014","5289","2751","2538","3603","5289","1315","288","3314","372","0","2751","1044","149","1500","58","0","2538","271","139","1814","314","0","5,000 - 9,999"
"101277","New Beginning College of Cosmetology","2014","115","106","9","110","115","55","0","60","0","0","106","53","0","53","0","0","9","2","0","7","0","0","Under 1,000"
"101286","George C Wallace State Community College-Dothan","2014","4854","2251","2603","3125","4854","1109","348","2836","561","0","2251","858","190","1190","13","0","2603","251","158","1646","548","0","1,000 - 4,999"
"101295","George C Wallace State Community College-Hanceville","2014","5343","2899","2444","3720","5343","1089","377","3454","423","0","2899","935","232","1685","47","0","2444","154","145","1769","376","0","5,000 - 9,999"
"101301","George C Wallace State Community College-Selma","2014","1663","932","731","1177","1663","466","128","919","150","0","932","383","63","486","0","0","731","83","65","433","150","0","1,000 - 4,999"
"101365","Herzing University-Birmingham","2014","309","137","172","205","305","70","70","162","3","4","136","27","25","84","0","1","169","43","45","78","3","3","Under 1,000"
"101435","Huntingdon College","2014","1160","912","248","1009","1160","227","145","777","11","0","912","227","52","629","4","0","248","0","93","148","7","0","1,000 - 4,999"
"101453","Heritage Christian University","2014","93","41","52","61","62","2","6","54","0","31","35","2","4","29","0","6","27","0","2","25","0","25","Under 1,000"
"101462","J F Drake State Community and Technical College","2014","1062","546","516","719","1062","277","346","351","88","0","546","167","198","181","0","0","516","110","148","170","88","0","1,000 - 4,999"
"101471","J F Ingram State Technical College","2014","473","417","56","436","473","281","3","189","0","0","417","272","3","142","0","0","56","9","0","47","0","0","Under 1,000"
"101480","Jacksonville State University","2014","8659","5936","2723","7001","7647","1185","661","5214","587","1012","5733","1169","445","4042","77","203","1914","16","216","1172","510","809","5,000 - 9,999"
"101499","Jefferson Davis Community College","2014","1086","577","509","748","1086","310","131","592","53","0","577","258","80","238","1","0","509","52","51","354","52","0","1,000 - 4,999"
"101505","Jefferson State Community College","2014","8516","2965","5551","4829","8516","1648","944","4851","1073","0","2965","1096","404","1440","25","0","5551","552","540","3411","1048","0","5,000 - 9,999"
"101514","John C Calhoun State Community College","2014","10802","4036","6766","6308","10802","2006","680","6694","1422","0","4036","1260","309","2375","92","0","6766","746","371","4319","1330","0","10,000 - 19,999"
"101541","Judson College","2014","378","266","112","310","378","98","53","225","2","0","266","82","31","153","0","0","112","16","22","72","2","0","Under 1,000"
"101569","Lawson State Community College-Birmingham Campus","2014","3090","1773","1317","2215","3090","806","347","1752","185","0","1773","649","190","928","6","0","1317","157","157","824","179","0","1,000 - 4,999"
"101587","University of West Alabama","2014","3989","3581","408","3738","1922","350","218","1348","6","2067","1694","348","193","1150","3","1887","228","2","25","198","3","180","1,000 - 4,999"
"101602","Lurleen B Wallace Community College","2014","1599","1010","589","1208","1599","490","105","798","206","0","1010","447","67","495","1","0","589","43","38","303","205","0","1,000 - 4,999"
"101648","Marion Military Institute","2014","439","433","6","435","439","278","17","138","6","0","433","278","17","138","0","0","6","0","0","0","6","0","Under 1,000"
"101675","Miles College","2014","1782","1713","69","1740","1782","489","145","1144","4","0","1713","486","142","1084","1","0","69","3","3","60","3","0","1,000 - 4,999"
"101693","University of Mobile","2014","1600","1317","283","1427","1466","275","136","1049","6","134","1282","274","119","889","0","35","184","1","17","160","6","99","1,000 - 4,999"
"101709","University of Montevallo","2014","3070","2519","551","2731","2664","540","181","1923","20","406","2361","530","167","1660","4","158","303","10","14","263","16","248","1,000 - 4,999"
"101736","Northwest-Shoals Community College","2014","3891","1877","2014","2553","3891","838","245","2221","587","0","1877","684","160","1026","7","0","2014","154","85","1195","580","0","1,000 - 4,999"
"101879","University of North Alabama","2014","6841","4927","1914","5671","5885","944","652","3889","400","956","4648","931","520","3192","5","279","1237","13","132","697","395","677","5,000 - 9,999"
"101897","Northeast Alabama Community College","2014","2708","1331","1377","1793","2708","644","100","1481","483","0","1331","534","58","717","22","0","1377","110","42","764","461","0","1,000 - 4,999"
"101912","Oakwood University","2014","1939","1794","145","1851","1880","374","80","1424","2","59","1750","374","80","1296","0","44","130","0","0","128","2","15","1,000 - 4,999"
"101949","Alabama Southern Community College","2014","1398","869","529","1047","1398","463","91","626","218","0","869","436","55","376","2","0","529","27","36","250","216","0","1,000 - 4,999"
"101958","Prince Institute-Southeast","2014","84","84","0","84","84","40","13","31","0","0","84","40","13","31","0","0","0","0","0","0","0","0","Under 1,000"
"101994","Reid State Technical College","2014","549","276","273","368","549","93","72","260","124","0","276","83","46","147","0","0","273","10","26","113","124","0","Under 1,000"
"102030","Bishop State Community College","2014","3320","1878","1442","2362","3320","827","333","1767","393","0","1878","684","221","967","6","0","1442","143","112","800","387","0","1,000 - 4,999"
"102049","Samford University","2014","4933","4606","327","4732","3051","730","126","2177","18","1882","2915","728","100","2081","6","1691","136","2","26","96","12","191","1,000 - 4,999"
"102058","Selma University","2014","558","434","124","483","539","188","127","157","67","19","419","140","101","113","65","15","120","48","26","44","2","4","Under 1,000"
"102067","Shelton State Community College","2014","4978","2307","2671","3204","4978","1162","668","2925","223","0","2307","718","330","1242","17","0","2671","444","338","1683","206","0","1,000 - 4,999"
"102076","Snead State Community College","2014","2258","1514","744","1764","2258","771","112","1215","160","0","1514","707","65","734","8","0","744","64","47","481","152","0","1,000 - 4,999"
"102094","University of South Alabama","2014","15805","12922","2883","14065","11479","2073","954","8240","212","4326","9090","2033","822","6224","11","3832","2389","40","132","2016","201","494","10,000 - 19,999"
"102234","Spring Hill College","2014","1376","1186","190","1259","1237","363","46","806","22","139","1178","362","44","772","0","8","59","1","2","34","22","131","1,000 - 4,999"
"102261","Southeastern Bible College","2014","173","131","42","147","173","17","21","132","3","0","131","11","15","105","0","0","42","6","6","27","3","0","Under 1,000"
"102270","Stillman College","2014","1056","944","112","988","1056","321","171","564","0","0","944","321","115","508","0","0","112","0","56","56","0","0","1,000 - 4,999"
"102298","Talladega College","2014","879","752","127","802","879","302","2","515","60","0","752","282","0","470","0","0","127","20","2","45","60","0","Under 1,000"
"102313","H Councill Trenholm State Technical College","2014","1338","681","657","902","1338","327","167","736","108","0","681","229","88","362","2","0","657","98","79","374","106","0","1,000 - 4,999"
"102368","Troy University","2014","19041","10202","8839","13654","15114","1900","1283","11842","89","3927","9018","1502","707","6805","4","1184","6096","398","576","5037","85","2743","10,000 - 19,999"
"102377","Tuskegee University","2014","3103","2962","141","3017","2588","640","50","1898","0","515","2489","634","50","1805","0","473","99","6","0","93","0","42","1,000 - 4,999"
"102395","United States Sports Academy","2014","339","90","249","186","99","0","23","67","9","240","17","0","4","13","0","73","82","0","19","54","9","167","Under 1,000"
"102429","Bevill State Community College","2014","3609","1838","1771","2433","3609","937","256","2017","399","0","1838","760","119","958","1","0","1771","177","137","1059","398","0","1,000 - 4,999"
"102553","University of Alaska Anchorage","2014","17151","7711","9440","11494","16291","1903","745","10217","3426","860","7484","1388","427","5210","459","227","8807","515","318","5007","2967","633","10,000 - 19,999"
"102580","Alaska Bible College","2014","46","23","23","32","46","14","0","13","19","0","23","14","0","9","0","0","23","0","0","4","19","0","Under 1,000"
"102614","University of Alaska Fairbanks","2014","8620","4070","4550","5883","7484","942","440","4154","1948","1136","3491","739","263","2382","107","579","3993","203","177","1772","1841","557","5,000 - 9,999"
"102632","University of Alaska Southeast","2014","2989","832","2157","1692","2681","218","166","1044","1253","308","764","154","82","462","66","68","1917","64","84","582","1187","240","1,000 - 4,999"
"102669","Alaska Pacific University","2014","579","281","298","396","326","19","62","194","51","253","215","18","38","116","43","66","111","1","24","78","8","187","Under 1,000"
"102711","AVTEC-Alaska's Institute of Technology","2014","889","283","606","486","889","745","0","144","0","0","283","203","0","80","0","0","606","542","0","64","0","0","Under 1,000"
"102845","Charter College-Anchorage","2014","3267","3267","0","3267","3256","437","816","2003","0","11","3256","437","816","2003","0","11","0","0","0","0","0","0","1,000 - 4,999"
"103501","Alaska Career College","2014","479","479","0","479","479","226","0","253","0","0","479","226","0","253","0","0","0","0","0","0","0","0","Under 1,000"
"103644","Everest College-Phoenix","2014","4102","2154","1948","2919","4102","12","53","4037","0","0","2154","12","34","2108","0","0","1948","0","19","1929","0","0","1,000 - 4,999"
"103723","Collins College","2014","83","55","28","66","83","0","0","83","0","0","55","0","0","55","0","0","28","0","0","28","0","0","Under 1,000"
"103732","Empire Beauty School-Paradise Valley","2014","25","21","4","23","25","5","0","20","0","0","21","5","0","16","0","0","4","0","0","4","0","0","Under 1,000"
"103741","Empire Beauty School-Tucson","2014","126","98","28","109","126","37","0","89","0","0","98","28","0","70","0","0","28","9","0","19","0","0","Under 1,000"
"103778","Thunderbird School of Global Management","2014","798","402","396","553","1","1","0","0","0","797","0","0","0","0","0","402","1","1","0","0","0","395","Under 1,000"
"103787","American Indian College of the Assemblies of God Inc","2014","91","82","9","86","91","24","10","55","2","0","82","24","10","48","0","0","9","0","0","7","2","0","Under 1,000"
"103811","American Institute of Technology","2014","266","266","0","266","266","111","0","155","0","0","266","111","0","155","0","0","0","0","0","0","0","0","Under 1,000"
"103893","Carrington College-Phoenix","2014","617","617","0","617","617","131","77","409","0","0","617","131","77","409","0","0","0","0","0","0","0","0","Under 1,000"
"103909","Carrington College-Mesa","2014","718","708","10","712","718","70","84","564","0","0","708","70","84","554","0","0","10","0","0","10","0","0","Under 1,000"
"103927","Carrington College-Tucson","2014","424","424","0","424","424","51","59","314","0","0","424","51","59","314","0","0","0","0","0","0","0","0","Under 1,000"
"103945","College America-Flagstaff","2014","176","176","0","176","176","21","0","155","0","0","176","21","0","155","0","0","0","0","0","0","0","0","Under 1,000"
"103954","Arizona Academy of Beauty-East","2014","32","32","0","32","32","6","0","26","0","0","32","6","0","26","0","0","0","0","0","0","0","0","Under 1,000"
"103963","Arizona Automotive Institute","2014","628","628","0","628","628","305","0","323","0","0","628","305","0","323","0","0","0","0","0","0","0","0","Under 1,000"
"104090","Brookline College-Phoenix","2014","1468","961","507","1160","1429","411","0","946","72","39","943","411","0","532","0","18","486","0","0","414","72","21","1,000 - 4,999"
"104151","Arizona State University-Tempe","2014","50320","43945","6375","46406","39961","7647","3417","28252","645","10359","36264","7594","2865","25311","494","7681","3697","53","552","2941","151","2678","20,000 and above"
"104160","Arizona Western College","2014","7702","2562","5140","4288","7702","1819","256","5143","484","0","2562","782","91","1617","72","0","5140","1037","165","3526","412","0","5,000 - 9,999"
"104179","University of Arizona","2014","42236","36580","5656","38770","32987","7742","2049","22855","341","9249","29529","7050","1642","20650","187","7051","3458","692","407","2205","154","2198","20,000 and above"
"104188","Southwest University of Visual Arts-Tucson","2014","172","127","45","145","161","20","1","140","0","11","116","19","1","96","0","11","45","1","0","44","0","0","Under 1,000"
"104346","Central Arizona College","2014","5937","1925","4012","3272","5937","1199","805","3271","662","0","1925","536","222","1070","97","0","4012","663","583","2201","565","0","5,000 - 9,999"
"104364","Brown Mackie College-Tucson","2014","611","611","0","611","611","95","78","438","0","0","611","95","78","438","0","0","0","0","0","0","0","0","Under 1,000"
"104391","Charles of Italy Beauty College","2014","54","54","0","54","54","50","0","4","0","0","54","50","0","4","0","0","0","0","0","0","0","0","Under 1,000"
"104425","Cochise College","2014","4379","1752","2627","2634","4379","880","319","2560","620","0","1752","553","152","972","75","0","2627","327","167","1588","545","0","1,000 - 4,999"
"104434","Empire Beauty School-Flagstaff","2014","60","60","0","60","60","38","0","22","0","0","60","38","0","22","0","0","0","0","0","0","0","0","Under 1,000"
"104443","Empire Beauty School-Chandler","2014","97","72","25","82","97","30","0","67","0","0","72","24","0","48","0","0","25","6","0","19","0","0","Under 1,000"
"104504","Cortiva Institute-Tucson","2014","130","75","55","97","130","50","0","80","0","0","75","24","0","51","0","0","55","26","0","29","0","0","Under 1,000"
"104568","Avalon School of Cosmetology-Mesa","2014","360","228","132","280","360","238","0","122","0","0","228","150","0","78","0","0","132","88","0","44","0","0","Under 1,000"
"104577","Eastern Arizona College","2014","6379","1783","4596","3326","6379","1224","69","3341","1745","0","1783","468","30","1265","20","0","4596","756","39","2076","1725","0","5,000 - 9,999"
"104586","Embry-Riddle Aeronautical University-Prescott","2014","2035","1906","129","1957","1984","505","101","1365","13","51","1869","503","93","1273","0","37","115","2","8","92","13","14","1,000 - 4,999"
"104665","Frank Lloyd Wright School of Architecture","2014","8","8","0","8","0","0","0","0","0","8","0","0","0","0","0","8","0","0","0","0","0","0","Under 1,000"
"104708","Glendale Community College","2014","20506","6951","13555","11502","20506","3408","1324","11424","4350","0","6951","1981","390","3837","743","0","13555","1427","934","7587","3607","0","20,000 and above"
"104717","Grand Canyon University","2014","62304","10488","51816","30597","39400","2748","10021","26136","495","22904","10482","2039","2787","5653","3","6","28918","709","7234","20483","492","22898","20,000 and above"
"104911","International Academy of Hair Design","2014","188","188","0","188","188","60","0","128","0","0","188","60","0","128","0","0","0","0","0","0","0","0","Under 1,000"
"105145","GateWay Community College","2014","5950","1365","4585","2904","5950","604","893","3714","739","0","1365","302","198","821","44","0","4585","302","695","2893","695","0","5,000 - 9,999"
"105154","Mesa Community College","2014","22711","7272","15439","12455","22711","3330","1711","14014","3656","0","7272","1836","523","4393","520","0","15439","1494","1188","9621","3136","0","20,000 and above"
"105163","ITT Technical Institute-Tucson","2014","400","304","96","342","400","62","2","336","0","0","304","50","2","252","0","0","96","12","0","84","0","0","Under 1,000"
"105172","ITT Technical Institute-Tempe","2014","445","318","127","368","445","66","0","379","0","0","318","57","0","261","0","0","127","9","0","118","0","0","Under 1,000"
"105206","Mohave Community College","2014","4744","1082","3662","2311","4744","804","166","3074","700","0","1082","215","35","773","59","0","3662","589","131","2301","641","0","1,000 - 4,999"
"105215","Universal Technical Institute of Arizona Inc-Motorcycle Mechanics Institute Division","2014","1724","1724","0","1724","1724","254","0","1470","0","0","1724","254","0","1470","0","0","0","0","0","0","0","0","1,000 - 4,999"
"105297","Dine College","2014","1488","857","631","1112","1488","224","46","1150","68","0","857","181","31","632","13","0","631","43","15","518","55","0","1,000 - 4,999"
"105330","Northern Arizona University","2014","27705","21173","6532","23709","23328","4981","2783","15425","139","4377","19173","4472","1843","12851","7","2000","4155","509","940","2574","132","2377","20,000 and above"
"105349","Northland Pioneer College","2014","3211","736","2475","1567","3211","219","404","1068","1520","0","736","72","80","265","319","0","2475","147","324","803","1201","0","1,000 - 4,999"
"105367","Ottawa University-Phoenix","2014","662","7","655","261","357","1","75","269","12","305","2","0","0","2","0","5","355","1","75","267","12","300","Under 1,000"
"105428","Phoenix College","2014","12107","3304","8803","6259","12107","1504","1407","7010","2186","0","3304","742","357","1944","261","0","8803","762","1050","5066","1925","0","10,000 - 19,999"
"105482","Cortiva Institute-Scottsdale","2014","87","40","47","59","87","28","0","59","0","0","40","13","0","27","0","0","47","15","0","32","0","0","Under 1,000"
"105525","Pima Community College","2014","28070","9303","18767","15604","28070","5192","1444","17954","3480","0","9303","2452","490","6045","316","0","18767","2740","954","11909","3164","0","20,000 and above"
"105534","Pima Medical Institute-Tucson","2014","1948","1948","0","1948","1948","534","0","1414","0","0","1948","534","0","1414","0","0","0","0","0","0","0","0","1,000 - 4,999"
"105543","Pima Medical Institute-Albuquerque","2014","892","892","0","892","892","221","0","671","0","0","892","221","0","671","0","0","0","0","0","0","0","0","Under 1,000"
"105589","Prescott College","2014","848","503","345","636","464","41","77","336","10","384","371","41","57","265","8","132","93","0","20","71","2","252","Under 1,000"
"105659","Refrigeration School Inc","2014","695","695","0","695","695","202","0","493","0","0","695","202","0","493","0","0","0","0","0","0","0","0","Under 1,000"
"105668","Rio Salado College","2014","20215","2595","17620","8511","20215","446","1761","6159","11849","0","2595","113","381","1096","1005","0","17620","333","1380","5063","10844","0","20,000 and above"
"105677","Roberto-Venn School of Luthiery","2014","42","42","0","42","42","10","0","32","0","0","42","10","0","32","0","0","0","0","0","0","0","0","Under 1,000"
"105701","Hair Academy of Safford","2014","85","85","0","85","85","39","0","46","0","0","85","39","0","46","0","0","0","0","0","0","0","0","Under 1,000"
"105747","Scottsdale Community College","2014","9863","2985","6878","5294","9863","1318","1027","4990","2528","0","2985","847","357","1664","117","0","6878","471","670","3326","2411","0","5,000 - 9,999"
"105792","South Mountain Community College","2014","4287","1329","2958","2322","4287","774","405","2474","634","0","1329","390","98","782","59","0","2958","384","307","1692","575","0","1,000 - 4,999"
"105899","Arizona Christian University","2014","737","596","141","651","737","154","137","329","117","0","596","154","132","306","4","0","141","0","5","23","113","0","Under 1,000"
"105987","Tucson College","2014","356","356","0","356","356","139","0","217","0","0","356","139","0","217","0","0","0","0","0","0","0","0","Under 1,000"
"106041","Universal Technical Institute of Arizona Inc","2014","2340","2340","0","2340","2340","463","168","1709","0","0","2340","463","168","1709","0","0","0","0","0","0","0","0","1,000 - 4,999"
"106102","Western International University","2014","1374","1374","0","1374","996","8","18","970","0","378","996","8","18","970","0","378","0","0","0","0","0","0","1,000 - 4,999"
"106111","Empire Beauty School-NW Phoenix","2014","126","90","36","104","126","38","0","88","0","0","90","25","0","65","0","0","36","13","0","23","0","0","Under 1,000"
"106148","Yavapai College","2014","7842","2029","5813","3981","7842","1098","519","3742","2483","0","2029","556","215","1196","62","0","5813","542","304","2546","2421","0","5,000 - 9,999"
"106245","University of Arkansas at Little Rock","2014","11645","5980","5665","8216","9384","726","1046","6170","1442","2261","4921","698","672","3295","256","1059","4463","28","374","2875","1186","1202","10,000 - 19,999"
"106263","University of Arkansas for Medical Sciences","2014","2890","2069","821","2374","732","0","81","630","21","2158","538","0","35","503","0","1531","194","0","46","127","21","627","1,000 - 4,999"
"106281","ABC Beauty College Inc","2014","38","30","8","33","38","19","0","19","0","0","30","16","0","14","0","0","8","3","0","5","0","0","Under 1,000"
"106306","Arkansas Baptist College","2014","899","796","103","836","899","297","108","491","3","0","796","283","98","414","1","0","103","14","10","77","2","0","Under 1,000"
"106315","Arkansas Beauty School","2014","49","47","2","48","49","2","0","47","0","0","47","2","0","45","0","0","2","0","0","2","0","0","Under 1,000"
"106324","Arkansas Beauty College","2014","33","31","2","32","33","10","0","23","0","0","31","10","0","21","0","0","2","0","0","2","0","0","Under 1,000"
"106342","Lyon College","2014","712","691","21","699","712","254","58","378","22","0","691","254","57","372","8","0","21","0","1","6","14","0","Under 1,000"
"106351","Arkansas College of Barbering and Hair Design","2014","204","182","22","191","204","1","0","203","0","0","182","1","0","181","0","0","22","0","0","22","0","0","Under 1,000"
"106360","Arthur's Beauty College Inc-Fort Smith","2014","46","46","0","46","46","11","0","35","0","0","46","11","0","35","0","0","0","0","0","0","0","0","Under 1,000"
"106397","University of Arkansas","2014","26237","21047","5190","23033","21836","4571","1312","15522","431","4401","19243","4518","1082","13429","214","1804","2593","53","230","2093","217","2597","20,000 and above"
"106412","University of Arkansas at Pine Bluff","2014","2513","2224","289","2337","2401","496","162","1733","10","112","2188","484","149","1555","0","36","213","12","13","178","10","76","1,000 - 4,999"
"106449","Arkansas State University-Beebe","2014","4140","2131","2009","2805","4140","653","150","2196","1141","0","2131","605","99","1390","37","0","2009","48","51","806","1104","0","1,000 - 4,999"
"106458","Arkansas State University-Main Campus","2014","13144","8126","5018","10041","9857","1698","867","6574","718","3287","7465","1681","595","5126","63","661","2392","17","272","1448","655","2626","10,000 - 19,999"
"106467","Arkansas Tech University","2014","12002","7288","4714","9163","11099","1946","570","6329","2254","903","7028","1863","374","4776","15","260","4071","83","196","1553","2239","643","10,000 - 19,999"
"106485","University of Arkansas at Monticello","2014","3854","2447","1407","3009","3641","661","142","2082","756","213","2372","615","119","1632","6","75","1269","46","23","450","750","138","1,000 - 4,999"
"106494","Arthur's Beauty College Inc-Jacksonville","2014","56","56","0","56","56","13","0","43","0","0","56","13","0","43","0","0","0","0","0","0","0","0","Under 1,000"
"106546","Baptist Health Schools-Little Rock","2014","802","734","68","761","802","27","0","775","0","0","734","27","0","707","0","0","68","0","0","68","0","0","Under 1,000"
"106625","Black River Technical College","2014","1963","1138","825","1415","1963","334","133","1080","416","0","1138","298","107","723","10","0","825","36","26","357","406","0","1,000 - 4,999"
"106704","University of Central Arkansas","2014","11698","8953","2745","10016","9842","2232","618","6382","610","1856","8172","2154","556","5387","75","781","1670","78","62","995","535","1075","10,000 - 19,999"
"106713","Central Baptist College","2014","858","664","194","740","858","143","109","536","70","0","664","134","84","446","0","0","194","9","25","90","70","0","Under 1,000"
"106795","Cossatot Community College of the University of Arkansas","2014","1611","495","1116","870","1611","270","39","724","578","0","495","184","13","282","16","0","1116","86","26","442","562","0","1,000 - 4,999"
"106810","Crowley's Ridge College","2014","224","166","58","189","224","62","14","97","51","0","166","62","14","90","0","0","58","0","0","7","51","0","Under 1,000"
"106829","Crowley's Ridge Technical Institute","2014","212","183","29","193","212","76","0","136","0","0","183","61","0","122","0","0","29","15","0","14","0","0","Under 1,000"
"106883","East Arkansas Community College","2014","1268","541","727","785","1268","229","28","475","536","0","541","202","18","295","26","0","727","27","10","180","510","0","1,000 - 4,999"
"106892","Eastern College of Health Vocations-Little Rock","2014","205","205","0","205","205","44","0","161","0","0","205","44","0","161","0","0","0","0","0","0","0","0","Under 1,000"
"106908","Imagine-Paul Mitchell Partner School","2014","398","325","73","354","398","68","0","330","0","0","325","62","0","263","0","0","73","6","0","67","0","0","Under 1,000"
"106980","National Park Community College","2014","3001","1425","1576","1954","3001","468","202","1599","732","0","1425","366","128","911","20","0","1576","102","74","688","712","0","1,000 - 4,999"
"106999","University of Arkansas Community College-Batesville","2014","1315","750","565","940","1315","262","71","734","248","0","750","232","35","482","1","0","565","30","36","252","247","0","1,000 - 4,999"
"107044","Harding University","2014","6059","4847","1212","5314","4485","1067","218","3200","0","1574","4165","1063","202","2900","0","682","320","4","16","300","0","892","5,000 - 9,999"
"107071","Henderson State University","2014","3627","2994","633","3236","3232","774","325","2127","6","395","2923","768","274","1881","0","71","309","6","51","246","6","324","1,000 - 4,999"
"107080","Hendrix College","2014","1358","1348","10","1352","1348","314","21","987","26","10","1339","314","21","982","22","9","9","0","0","5","4","1","1,000 - 4,999"
"107099","Hot Springs Beauty College","2014","43","43","0","43","43","9","0","34","0","0","43","9","0","34","0","0","0","0","0","0","0","0","Under 1,000"
"107123","Jefferson Regional Medical Center School of Nursing","2014","73","73","0","73","73","0","70","3","0","0","73","0","70","3","0","0","0","0","0","0","0","0","Under 1,000"
"107141","John Brown University","2014","2850","1710","1140","2153","2231","318","174","1250","489","619","1565","318","148","1099","0","145","666","0","26","151","489","474","1,000 - 4,999"
"107211","Lees School of Cosmetology","2014","28","28","0","28","28","7","0","21","0","0","28","7","0","21","0","0","0","0","0","0","0","0","Under 1,000"
"107220","Career Academy of Hair Design","2014","344","197","147","255","344","147","0","197","0","0","197","147","0","50","0","0","147","0","0","147","0","0","Under 1,000"
"107293","Academy of Salon and Spa","2014","102","102","0","102","102","63","0","39","0","0","102","63","0","39","0","0","0","0","0","0","0","0","Under 1,000"
"107318","Mid-South Community College","2014","1895","612","1283","1043","1895","261","58","808","768","0","612","187","31","374","20","0","1283","74","27","434","748","0","1,000 - 4,999"
"107327","Arkansas Northeastern College","2014","1425","538","887","836","1425","274","65","698","388","0","538","185","25","323","5","0","887","89","40","375","383","0","1,000 - 4,999"
"107363","Margaret's Hair Academy Inc","2014","45","45","0","45","45","38","0","7","0","0","45","38","0","7","0","0","0","0","0","0","0","0","Under 1,000"
"107442","New Tyler Barber College Inc","2014","67","67","0","67","67","47","0","20","0","0","67","47","0","20","0","0","0","0","0","0","0","0","Under 1,000"
"107460","North Arkansas College","2014","1976","1137","839","1419","1976","429","165","1068","314","0","1137","362","94","671","10","0","839","67","71","397","304","0","1,000 - 4,999"
"107488","Northwest Technical Institute","2014","267","251","16","256","267","260","0","7","0","0","251","246","0","5","0","0","16","14","0","2","0","0","Under 1,000"
"107512","Ouachita Baptist University","2014","1501","1452","49","1471","1501","420","46","989","46","0","1452","420","46","977","9","0","49","0","0","12","37","0","1,000 - 4,999"
"107521","College of the Ouachitas","2014","1444","518","926","829","1444","171","94","545","634","0","518","145","41","301","31","0","926","26","53","244","603","0","1,000 - 4,999"
"107549","Ozarka College","2014","1326","724","602","926","1326","222","433","410","261","0","724","189","257","275","3","0","602","33","176","135","258","0","1,000 - 4,999"
"107558","University of the Ozarks","2014","587","570","17","577","587","171","27","380","9","0","570","171","27","372","0","0","17","0","0","8","9","0","Under 1,000"
"107585","University of Arkansas Community College-Morrilton","2014","1995","1146","849","1431","1995","511","196","1213","75","0","1146","403","94","648","1","0","849","108","102","565","74","0","1,000 - 4,999"
"107600","Philander Smith College","2014","567","521","46","539","567","112","57","396","2","0","521","110","50","361","0","0","46","2","7","35","2","0","Under 1,000"
"107619","Phillips Community College of the University of Arkansas","2014","1796","631","1165","1022","1796","162","38","569","1027","0","631","148","18","360","105","0","1165","14","20","209","922","0","1,000 - 4,999"
"107637","Southeast Arkansas College","2014","1432","744","688","975","1432","246","140","936","110","0","744","193","69","458","24","0","688","53","71","478","86","0","1,000 - 4,999"
"107655","Professional Cosmetology Education Center","2014","47","47","0","47","47","12","0","35","0","0","47","12","0","35","0","0","0","0","0","0","0","0","Under 1,000"
"107664","Pulaski Technical College","2014","9241","4349","4892","5991","9241","1184","724","6456","877","0","4349","847","428","3005","69","0","4892","337","296","3451","808","0","5,000 - 9,999"
"107725","University of Arkansas Community College-Hope","2014","1360","666","694","899","1360","278","75","725","282","0","666","224","33","404","5","0","694","54","42","321","277","0","1,000 - 4,999"
"107743","Rich Mountain Community College","2014","1005","367","638","581","1005","155","33","345","472","0","367","121","22","209","15","0","638","34","11","136","457","0","1,000 - 4,999"
"107789","Paul Mitchell the School-Arkansas","2014","118","93","25","103","118","16","0","102","0","0","93","12","0","81","0","0","25","4","0","21","0","0","Under 1,000"
"107831","Searcy Beauty College Inc","2014","59","59","0","59","59","10","0","49","0","0","59","10","0","49","0","0","0","0","0","0","0","0","Under 1,000"
"107840","Shorter College","2014","403","313","90","349","403","51","93","259","0","0","313","43","66","204","0","0","90","8","27","55","0","0","Under 1,000"
"107877","Williams Baptist College","2014","560","495","65","521","560","162","60","286","52","0","495","161","60","272","2","0","65","1","0","14","50","0","Under 1,000"
"107974","South Arkansas Community College","2014","1693","706","987","1037","1693","210","201","930","352","0","706","139","104","437","26","0","987","71","97","493","326","0","1,000 - 4,999"
"107983","Southern Arkansas University Main Campus","2014","3546","2631","915","2983","3036","724","241","1819","252","510","2531","699","210","1596","26","100","505","25","31","223","226","410","1,000 - 4,999"
"107992","Southern Arkansas University Tech","2014","1559","525","1034","872","1559","197","96","439","827","0","525","176","80","268","1","0","1034","21","16","171","826","0","1,000 - 4,999"
"108065","Velvatex College of Beauty Culture","2014","25","20","5","22","25","21","0","4","0","0","20","17","0","3","0","0","5","4","0","1","0","0","Under 1,000"
"108092","University of Arkansas-Fort Smith","2014","6830","4790","2040","5613","6830","1188","380","4422","840","0","4790","1130","306","3316","38","0","2040","58","74","1106","802","0","5,000 - 9,999"
"108232","Academy of Art University","2014","15212","8843","6369","11324","10044","1159","1079","7647","159","5168","5622","704","588","4309","21","3221","4422","455","491","3338","138","1947","10,000 - 19,999"
"108250","ITT Technical Institute-Rancho Cordova","2014","500","373","127","423","500","64","3","433","0","0","373","58","2","313","0","0","127","6","1","120","0","0","Under 1,000"
"108269","Academy of Chinese Culture and Health Sciences","2014","146","104","42","120","0","0","0","0","0","146","0","0","0","0","0","104","0","0","0","0","0","42","Under 1,000"
"108348","The Academy of Radio and TV Broadcasting","2014","14","14","0","14","14","13","0","1","0","0","14","13","0","1","0","0","0","0","0","0","0","0","Under 1,000"
"108649","Avalon School of Cosmetology-Alameda","2014","253","124","129","175","253","125","0","128","0","0","124","62","0","62","0","0","129","63","0","66","0","0","Under 1,000"
"108667","College of Alameda","2014","5712","830","4882","2469","5712","825","1018","3298","571","0","830","196","84","522","28","0","4882","629","934","2776","543","0","5,000 - 9,999"
"108807","Allan Hancock College","2014","11047","3363","7684","5943","11047","1737","771","7230","1309","0","3363","870","188","2224","81","0","7684","867","583","5006","1228","0","10,000 - 19,999"
"108852","American Academy of Dramatic Arts-Los Angeles","2014","280","280","0","280","280","146","2","132","0","0","280","146","2","132","0","0","0","0","0","0","0","0","Under 1,000"
"108861","American Baptist Seminary of the West","2014","53","35","18","42","0","0","0","0","0","53","0","0","0","0","0","35","0","0","0","0","0","18","Under 1,000"
"108870","American Film Institute Conservatory","2014","324","316","8","319","0","0","0","0","0","324","0","0","0","0","0","316","0","0","0","0","0","8","Under 1,000"
"108977","American Beauty College","2014","97","42","55","64","97","25","0","72","0","0","42","13","0","29","0","0","55","12","0","43","0","0","Under 1,000"
"109040","American Career College-Los Angeles","2014","1613","1613","0","1613","1613","137","243","1233","0","0","1613","137","243","1233","0","0","0","0","0","0","0","0","1,000 - 4,999"
"109086","American Conservatory Theater","2014","48","48","0","48","15","0","0","0","15","33","15","0","0","0","15","33","0","0","0","0","0","0","Under 1,000"
"109208","American River College","2014","29133","7120","22013","14511","29133","3570","3150","20083","2330","0","7120","1340","479","5025","276","0","22013","2230","2671","15058","2054","0","20,000 and above"
"109350","Antelope Valley College","2014","14578","4410","10168","7824","14578","2081","711","9575","2211","0","4410","973","238","3079","120","0","10168","1108","473","6496","2091","0","10,000 - 19,999"
"109651","Art Center College of Design","2014","2045","1740","305","1859","1824","174","179","1461","10","221","1578","174","179","1218","7","162","246","0","0","243","3","59","1,000 - 4,999"
"109721","Associated Technical College-Los Angeles","2014","361","361","0","361","361","353","0","8","0","0","361","353","0","8","0","0","0","0","0","0","0","0","Under 1,000"
"109730","Associated Technical College-San Diego","2014","119","119","0","119","119","88","0","31","0","0","119","88","0","31","0","0","0","0","0","0","0","0","Under 1,000"
"109785","Azusa Pacific University","2014","9972","7309","2663","8332","5918","1046","532","4340","0","4054","5400","1039","442","3919","0","1909","518","7","90","421","0","2145","5,000 - 9,999"
"109819","Bakersfield College","2014","18698","5940","12758","10223","18698","3333","939","12710","1716","0","5940","1718","295","3787","140","0","12758","1615","644","8923","1576","0","10,000 - 19,999"
"109907","Barstow Community College","2014","1859","403","1456","892","1859","354","158","1076","271","0","403","109","38","248","8","0","1456","245","120","828","263","0","1,000 - 4,999"
"109934","Bellus Academy-National City","2014","177","177","0","177","177","18","0","159","0","0","177","18","0","159","0","0","0","0","0","0","0","0","Under 1,000"
"110060","Bethesda University of California","2014","331","272","59","295","272","66","40","155","11","59","228","62","36","121","9","44","44","4","4","34","2","15","Under 1,000"
"110097","Biola University","2014","6358","5145","1213","5610","4373","944","305","3115","9","1985","4268","943","294","3027","4","877","105","1","11","88","5","1108","5,000 - 9,999"
"110185","Brooks Institute","2014","437","340","97","378","415","79","25","311","0","22","325","44","13","268","0","15","90","35","12","43","0","7","Under 1,000"
"110194","Brownson Technical School","2014","46","46","0","46","46","36","0","10","0","0","46","36","0","10","0","0","0","0","0","0","0","0","Under 1,000"
"110219","Bryan University","2014","1358","1358","0","1358","1324","343","0","981","0","34","1324","343","0","981","0","34","0","0","0","0","0","0","1,000 - 4,999"
"110246","Butte College","2014","12161","5799","6362","7935","12161","1973","984","8207","997","0","5799","1290","526","3832","151","0","6362","683","458","4375","846","0","10,000 - 19,999"
"110307","Phillips Graduate Institute","2014","222","187","35","200","0","0","0","0","0","222","0","0","0","0","0","187","0","0","0","0","0","35","Under 1,000"
"110316","California Institute of Integral Studies","2014","1251","1018","233","1107","104","0","57","47","0","1147","96","0","57","39","0","922","8","0","0","8","0","225","1,000 - 4,999"
"110334","Cabrillo College","2014","13594","4560","9034","7593","13594","1944","839","9640","1171","0","4560","1034","295","3129","102","0","9034","910","544","6511","1069","0","10,000 - 19,999"
"110361","California Baptist University","2014","7957","6359","1598","6979","6435","1099","799","4537","0","1522","5571","1074","652","3845","0","788","864","25","147","692","0","734","5,000 - 9,999"
"110370","California College of the Arts","2014","1998","1884","114","1928","1542","273","185","1054","30","456","1480","273","184","1007","16","404","62","0","1","47","14","52","1,000 - 4,999"
"110398","University of California-Hastings College of Law","2014","1003","992","11","996","0","0","0","0","0","1003","0","0","0","0","0","992","0","0","0","0","0","11","1,000 - 4,999"
"110404","California Institute of Technology","2014","2209","2209","0","2209","983","226","7","750","0","1226","983","226","7","750","0","1226","0","0","0","0","0","0","1,000 - 4,999"
"110413","California Lutheran University","2014","4160","3591","569","3810","2808","556","282","1961","9","1352","2649","556","261","1830","2","942","159","0","21","131","7","410","1,000 - 4,999"
"110422","California Polytechnic State University-San Luis Obispo","2014","20186","19306","880","19652","19246","4662","715","13800","69","940","18578","4648","699","13170","61","728","668","14","16","630","8","212","20,000 and above"
"110468","Alliant International University","2014","3957","2223","1734","2894","975","16","67","153","739","2982","187","16","63","106","2","2036","788","0","4","47","737","946","1,000 - 4,999"
"110486","California State University-Bakersfield","2014","8720","7547","1173","8007","7635","1426","759","5339","111","1085","6786","1402","659","4718","7","761","849","24","100","621","104","324","5,000 - 9,999"
"110495","California State University-Stanislaus","2014","9045","7425","1620","8059","7847","1232","928","5684","3","1198","6699","1198","743","4756","2","726","1148","34","185","928","1","472","5,000 - 9,999"
"110510","California State University-San Bernardino","2014","18952","15758","3194","16995","16743","2724","2311","11404","304","2209","14796","2654","1950","10084","108","962","1947","70","361","1320","196","1247","10,000 - 19,999"
"110529","California State Polytechnic University-Pomona","2014","23966","20321","3645","21751","22395","3658","2653","15958","126","1571","19717","3555","2356","13773","33","604","2678","103","297","2185","93","967","20,000 and above"
"110538","California State University-Chico","2014","17287","15771","1516","16369","16081","2945","1460","11439","237","1206","14886","2907","1348","10488","143","885","1195","38","112","951","94","321","10,000 - 19,999"
"110547","California State University-Dominguez Hills","2014","14687","9801","4886","11731","12682","1342","2689","8168","483","2005","8796","1286","1681","5819","10","1005","3886","56","1008","2349","473","1000","10,000 - 19,999"
"110556","California State University-Fresno","2014","23179","19644","3535","21038","20511","3533","1925","14670","383","2668","17745","3387","1556","12775","27","1899","2766","146","369","1895","356","769","20,000 and above"
"110565","California State University-Fullerton","2014","38128","29224","8904","32694","32726","4357","3973","24280","116","5402","26762","4243","3043","19399","77","2462","5964","114","930","4881","39","2940","20,000 and above"
"110574","California State University-East Bay","2014","14823","11885","2938","13015","12340","1462","2153","8660","65","2483","10720","1431","1835","7404","50","1165","1620","31","318","1256","15","1318","10,000 - 19,999"
"110583","California State University-Long Beach","2014","36809","30092","6717","32706","31643","4335","3833","23326","149","5166","27227","4237","3366","19490","134","2865","4416","98","467","3836","15","2301","20,000 and above"
"110592","California State University-Los Angeles","2014","24488","19557","4931","21463","20681","3230","2972","14441","38","3807","17745","3141","2257","12309","38","1812","2936","89","715","2132","0","1995","20,000 and above"
"110608","California State University-Northridge","2014","40131","31637","8494","34972","35616","5526","5829","24054","207","4515","29341","5450","4188","19636","67","2296","6275","76","1641","4418","140","2219","20,000 and above"
"110617","California State University-Sacramento","2014","29349","22940","6409","25484","26739","3695","3577","19128","339","2610","21352","3473","2681","15140","58","1588","5387","222","896","3988","281","1022","20,000 and above"
"110635","University of California-Berkeley","2014","37565","35481","2084","36269","27126","5466","2187","19473","0","10439","26320","5431","2137","18752","0","9161","806","35","50","721","0","1278","20,000 and above"
"110644","University of California-Davis","2014","34508","33153","1355","33675","27565","5377","3129","19041","18","6943","26810","5331","3055","18406","18","6343","755","46","74","635","0","600","20,000 and above"
"110653","University of California-Irvine","2014","30051","29273","778","29569","24489","5435","2024","17015","15","5562","24141","5426","1983","16718","14","5132","348","9","41","297","1","430","20,000 and above"
"110662","University of California-Los Angeles","2014","41845","40538","1307","41036","29633","5764","3167","20696","6","12212","29033","5753","3115","20159","6","11505","600","11","52","537","0","707","20,000 and above"
"110671","University of California-Riverside","2014","21498","21020","478","21207","18790","4281","1291","13212","6","2708","18445","4273","1263","12903","6","2575","345","8","28","309","0","133","20,000 and above"
"110680","University of California-San Diego","2014","30709","29766","943","30134","24810","4922","2459","17420","9","5899","24159","4913","2402","16842","2","5607","651","9","57","578","7","292","20,000 and above"
"110699","University of California-San Francisco","2014","3170","3170","0","3170","0","0","0","0","0","3170","0","0","0","0","0","3170","0","0","0","0","0","0","1,000 - 4,999"
"110705","University of California-Santa Barbara","2014","23051","22533","518","22734","20238","4738","1592","13907","1","2813","19914","4725","1546","13642","1","2619","324","13","46","265","0","194","20,000 and above"
"110714","University of California-Santa Cruz","2014","17866","17354","512","17558","16277","4035","1060","11182","0","1589","15825","4019","1029","10777","0","1529","452","16","31","405","0","60","10,000 - 19,999"
"110778","Sofia University","2014","314","271","43","287","16","0","0","16","0","298","16","0","0","16","0","255","0","0","0","0","0","43","Under 1,000"
"110875","California Beauty School","2014","93","63","30","75","93","18","0","75","0","0","63","18","0","45","0","0","30","0","0","30","0","0","Under 1,000"
"110918","California Christian College","2014","20","13","7","16","20","0","5","11","4","0","13","0","5","8","0","0","7","0","0","3","4","0","Under 1,000"
"111009","Le Cordon Bleu College of Culinary Arts-San Francisco","2014","442","442","0","442","442","47","36","359","0","0","442","47","36","359","0","0","0","0","0","0","0","0","Under 1,000"
"111054","California Hair Design Academy","2014","195","195","0","195","195","25","0","170","0","0","195","25","0","170","0","0","0","0","0","0","0","0","Under 1,000"
"111081","California Institute of the Arts","2014","1471","1459","12","1464","970","187","98","661","24","501","961","187","98","652","24","498","9","0","0","9","0","3","1,000 - 4,999"
"111188","California Maritime Academy","2014","1047","992","55","1014","1047","207","97","743","0","0","992","206","93","693","0","0","55","1","4","50","0","0","1,000 - 4,999"
"111391","California Western School of Law","2014","781","572","209","652","0","0","0","0","0","781","0","0","0","0","0","572","0","0","0","0","0","209","Under 1,000"
"111434","Canada College","2014","6498","1100","5398","2912","6498","625","904","3613","1356","0","1100","247","104","699","50","0","5398","378","800","2914","1306","0","5,000 - 9,999"
"111461","College of the Canyons","2014","17148","6227","10921","9894","17148","2782","1227","11195","1944","0","6227","1609","489","3999","130","0","10921","1173","738","7196","1814","0","10,000 - 19,999"
"111513","Career Academy of Beauty","2014","157","72","85","106","157","47","0","110","0","0","72","36","0","36","0","0","85","11","0","74","0","0","Under 1,000"
"111638","Casa Loma College-Van Nuys","2014","446","446","0","446","446","17","45","384","0","0","446","17","45","384","0","0","0","0","0","0","0","0","Under 1,000"
"111708","CET-San Diego","2014","253","159","94","196","253","74","0","179","0","0","159","50","0","109","0","0","94","24","0","70","0","0","Under 1,000"
"111717","CET-Sobrato","2014","327","326","1","326","327","87","0","240","0","0","326","87","0","239","0","0","1","0","0","1","0","0","Under 1,000"
"111726","CET-El Centro","2014","260","260","0","260","260","99","0","161","0","0","260","99","0","161","0","0","0","0","0","0","0","0","Under 1,000"
"111744","CET-San Bernardino","2014","116","116","0","116","116","29","0","87","0","0","116","29","0","87","0","0","0","0","0","0","0","0","Under 1,000"
"111762","CET-Watsonville","2014","96","96","0","96","96","36","0","60","0","0","96","36","0","60","0","0","0","0","0","0","0","0","Under 1,000"
"111799","CET-Salinas","2014","54","54","0","54","54","21","0","33","0","0","54","21","0","33","0","0","0","0","0","0","0","0","Under 1,000"
"111887","Cerritos College","2014","21774","7254","14520","12129","21774","2985","1529","13657","3603","0","7254","1438","498","4886","432","0","14520","1547","1031","8771","3171","0","20,000 and above"
"111896","Cerro Coso Community College","2014","4731","929","3802","2205","4731","525","793","2996","417","0","929","186","86","630","27","0","3802","339","707","2366","390","0","1,000 - 4,999"
"111920","Chabot College","2014","13047","3857","9190","6942","13047","2043","1299","8626","1079","0","3857","899","267","2640","51","0","9190","1144","1032","5986","1028","0","10,000 - 19,999"
"111939","Chaffey College","2014","19557","5385","14172","10143","19557","3458","1294","12532","2273","0","5385","1190","278","3779","138","0","14172","2268","1016","8753","2135","0","10,000 - 19,999"
"111948","Chapman University","2014","8132","7326","806","7637","6281","1422","358","4431","70","1851","6004","1418","345","4220","21","1322","277","4","13","211","49","529","5,000 - 9,999"
"111966","Charles R Drew University of Medicine and Science","2014","481","402","79","432","69","1","31","37","0","412","65","1","30","34","0","337","4","0","1","3","0","75","Under 1,000"
"112075","Concordia University-Irvine","2014","4311","3341","970","3713","1918","352","190","1342","34","2393","1760","352","186","1215","7","1581","158","0","4","127","27","812","1,000 - 4,999"
"112084","San Diego Christian College","2014","966","867","99","906","940","137","136","667","0","26","843","136","117","590","0","24","97","1","19","77","0","2","Under 1,000"
"112127","Church Divinity School of the Pacific","2014","64","31","33","44","0","0","0","0","0","64","0","0","0","0","0","31","0","0","0","0","0","33","Under 1,000"
"112172","Citrus College","2014","12780","4921","7859","7560","12780","2183","988","8217","1392","0","4921","1194","373","3184","170","0","7859","989","615","5033","1222","0","10,000 - 19,999"
"112181","Citrus Heights Beauty College","2014","105","105","0","105","105","28","0","77","0","0","105","28","0","77","0","0","0","0","0","0","0","0","Under 1,000"
"112190","City College of San Francisco","2014","23610","7385","16225","12832","23610","2984","1737","16962","1927","0","7385","1207","447","5634","97","0","16225","1777","1290","11328","1830","0","20,000 and above"
"112251","Claremont Graduate University","2014","2160","1546","614","1781","0","0","0","0","0","2160","0","0","0","0","0","1546","0","0","0","0","0","614","1,000 - 4,999"
"112260","Claremont McKenna College","2014","1324","1321","3","1322","1301","327","24","942","8","23","1298","327","24","941","6","23","3","0","0","1","2","0","1,000 - 4,999"
"112288","Milan Institute-Visalia","2014","352","352","0","352","352","107","0","245","0","0","352","107","0","245","0","0","0","0","0","0","0","0","Under 1,000"
"112367","Clovis Adult Education","2014","617","360","257","446","617","445","0","172","0","0","360","248","0","112","0","0","257","197","0","60","0","0","Under 1,000"
"112385","Coastline Community College","2014","11313","1660","9653","4901","11313","1332","2149","6022","1810","0","1660","221","244","1013","182","0","9653","1111","1905","5009","1628","0","10,000 - 19,999"
"112394","Cogswell College","2014","611","483","128","533","611","140","56","411","4","0","483","138","52","293","0","0","128","2","4","118","4","0","Under 1,000"
"112446","Coleman University","2014","796","703","93","740","512","54","3","455","0","284","419","54","3","362","0","284","93","0","0","93","0","0","Under 1,000"
"112455","COBA Academy","2014","36","36","0","36","36","5","0","31","0","0","36","5","0","31","0","0","0","0","0","0","0","0","Under 1,000"
"112525","Western University of Health Sciences","2014","3842","3762","80","3793","0","0","0","0","0","3842","0","0","0","0","0","3762","0","0","0","0","0","80","1,000 - 4,999"
"112561","Columbia College","2014","2397","755","1642","1306","2397","458","216","1517","206","0","755","204","59","486","6","0","1642","254","157","1031","200","0","1,000 - 4,999"
"112570","Columbia College-Hollywood","2014","308","270","38","285","308","56","28","223","1","0","270","56","27","187","0","0","38","0","1","36","1","0","Under 1,000"
"112686","El Camino College-Compton Center","2014","7611","1961","5650","3858","7611","1048","1172","4514","877","0","1961","501","235","1195","30","0","5650","547","937","3319","847","0","5,000 - 9,999"
"112826","Contra Costa College","2014","6697","1989","4708","3570","6697","670","608","4055","1364","0","1989","276","147","1454","112","0","4708","394","461","2601","1252","0","5,000 - 9,999"
"113096","Cosumnes River College","2014","14467","3576","10891","7233","14467","2322","1648","9408","1089","0","3576","898","217","2391","70","0","10891","1424","1431","7017","1019","0","10,000 - 19,999"
"113111","Crafton Hills College","2014","5932","2209","3723","3459","5932","1067","587","3498","780","0","2209","574","135","1270","230","0","3723","493","452","2228","550","0","5,000 - 9,999"
"113193","Cuesta College","2014","9221","3723","5498","5569","9221","1354","861","5649","1357","0","3723","870","418","2389","46","0","5498","484","443","3260","1311","0","5,000 - 9,999"
"113218","Cuyamaca College","2014","8644","2141","6503","4324","8644","1205","1072","5311","1056","0","2141","540","139","1343","119","0","6503","665","933","3968","937","0","5,000 - 9,999"
"113236","Cypress College","2014","15816","5085","10731","8688","15816","2608","1914","10295","999","0","5085","1085","405","3564","31","0","10731","1523","1509","6731","968","0","10,000 - 19,999"
"113333","De Anza College","2014","23104","11086","12018","15121","23104","3986","1591","14740","2787","0","11086","2772","578","7242","494","0","12018","1214","1013","7498","2293","0","20,000 and above"
"113397","Marinello Schools of Beauty-Hemet","2014","1142","845","297","963","1142","296","0","846","0","0","845","204","0","641","0","0","297","92","0","205","0","0","1,000 - 4,999"
"113449","International School of Beauty Inc","2014","220","220","0","220","220","26","0","194","0","0","220","26","0","194","0","0","0","0","0","0","0","0","Under 1,000"
"113537","Dell'Arte International School of Physical Theatre","2014","42","42","0","42","24","0","24","0","0","18","24","0","24","0","0","18","0","0","0","0","0","0","Under 1,000"
"113573","College of the Desert","2014","9719","3613","6106","5663","9719","1697","469","6771","782","0","3613","787","178","2605","43","0","6106","910","291","4166","739","0","5,000 - 9,999"
"113582","Design Institute of San Diego","2014","171","106","65","132","171","9","25","137","0","0","106","6","18","82","0","0","65","3","7","55","0","0","Under 1,000"
"113634","Diablo Valley College","2014","20089","7503","12586","11729","20089","2654","1610","14050","1775","0","7503","1363","393","5617","130","0","12586","1291","1217","8433","1645","0","20,000 and above"
"113698","Dominican University of California","2014","2001","1482","519","1683","1485","262","87","1099","37","516","1213","262","57","885","9","269","272","0","30","214","28","247","1,000 - 4,999"
"113704","Dominican School of Philosophy & Theology","2014","80","43","37","57","0","0","0","0","0","80","0","0","0","0","0","43","0","0","0","0","0","37","Under 1,000"
"113856","East Los Angeles College","2014","36012","7739","28273","17231","36012","4351","1673","26149","3839","0","7739","1667","347","5644","81","0","28273","2684","1326","20505","3758","0","20,000 and above"
"113908","Marinello Schools of Beauty-Santa Clara","2014","547","436","111","480","547","164","0","383","0","0","436","124","0","312","0","0","111","40","0","71","0","0","Under 1,000"
"113980","El Camino Community College District","2014","24207","8298","15909","13639","24207","4430","1500","16152","2125","0","8298","2466","342","5406","84","0","15909","1964","1158","10746","2041","0","20,000 and above"
"114044","Elegance International","2014","374","374","0","374","374","149","0","225","0","0","374","149","0","225","0","0","0","0","0","0","0","0","Under 1,000"
"114071","Marinello Schools of Beauty-Burbank","2014","426","329","97","368","426","104","0","322","0","0","329","74","0","255","0","0","97","30","0","67","0","0","Under 1,000"
"114080","Marinello Schools of Beauty-Moreno Valley","2014","258","244","14","250","258","64","0","194","0","0","244","59","0","185","0","0","14","5","0","9","0","0","Under 1,000"
"114114","Emperor's College of Traditional Oriental Medicine","2014","222","136","86","169","0","0","0","0","0","222","0","0","0","0","0","136","0","0","0","0","0","86","Under 1,000"
"114123","Empire College School of Business","2014","417","409","8","412","417","304","6","101","6","0","409","299","6","98","6","0","8","5","0","3","0","0","Under 1,000"
"114266","Evergreen Valley College","2014","9133","2737","6396","4884","9133","1119","729","5477","1808","0","2737","596","142","1751","248","0","6396","523","587","3726","1560","0","5,000 - 9,999"
"114354","Fashion Institute of Design & Merchandising-Los Angeles","2014","3142","2773","369","2918","3142","446","516","2180","0","0","2773","434","502","1837","0","0","369","12","14","343","0","0","1,000 - 4,999"
"114390","Fashion Institute of Design & Merchandising-San Francisco","2014","527","463","64","488","527","99","102","326","0","0","463","96","100","267","0","0","64","3","2","59","0","0","Under 1,000"
"114415","Fashion Institute of Design & Merchandising-Orange County","2014","156","150","6","152","156","106","36","14","0","0","150","103","34","13","0","0","6","3","2","1","0","0","Under 1,000"
"114433","Feather River Community College District","2014","1715","746","969","1071","1715","426","235","882","172","0","746","266","95","374","11","0","969","160","140","508","161","0","1,000 - 4,999"
"114460","Federico Beauty Institute","2014","283","206","77","237","283","82","0","201","0","0","206","62","0","144","0","0","77","20","0","57","0","0","Under 1,000"
"114549","Fielding Graduate University","2014","1201","974","227","1061","0","0","0","0","0","1201","0","0","0","0","0","974","0","0","0","0","0","227","1,000 - 4,999"
"114585","Five Branches University","2014","371","236","135","288","0","0","0","0","0","371","0","0","0","0","0","236","0","0","0","0","0","135","Under 1,000"
"114637","REDONDO BEACH BEAUTY COLLEGE","2014","37","23","14","29","37","5","0","32","0","0","23","2","0","21","0","0","14","3","0","11","0","0","Under 1,000"
"114716","Foothill College","2014","15030","5255","9775","8537","15030","2058","2070","9350","1552","0","5255","1173","571","3396","115","0","9775","885","1499","5954","1437","0","10,000 - 19,999"
"114734","Franciscan School of Theology","2014","32","22","10","26","0","0","0","0","0","32","0","0","0","0","0","22","0","0","0","0","0","10","Under 1,000"
"114761","Fredrick and Charles Beauty College","2014","73","67","6","69","73","22","0","51","0","0","67","22","0","45","0","0","6","0","0","6","0","0","Under 1,000"
"114789","Fresno City College","2014","22307","7820","14487","12684","22307","3691","1760","14319","2537","0","7820","1959","543","4812","506","0","14487","1732","1217","9507","2031","0","20,000 and above"
"114813","Fresno Pacific University","2014","3458","2553","905","2903","2633","202","456","1947","28","825","2227","199","384","1642","2","326","406","3","72","305","26","499","1,000 - 4,999"
"114840","Fuller Theological Seminary in California","2014","2550","689","1861","1400","0","0","0","0","0","2550","0","0","0","0","0","689","0","0","0","0","0","1861","1,000 - 4,999"
"114859","Fullerton College","2014","25051","8828","16223","14275","25051","4401","2502","16087","2061","0","8828","2133","702","5857","136","0","16223","2268","1800","10230","1925","0","20,000 and above"
"114938","Gavilan College","2014","5531","1933","3598","3141","5531","996","510","3248","777","0","1933","472","178","1209","74","0","3598","524","332","2039","703","0","5,000 - 9,999"
"114947","Gemological Institute of America-Carlsbad","2014","215","215","0","215","215","104","0","111","0","0","215","104","0","111","0","0","0","0","0","0","0","0","Under 1,000"
"115001","Glendale Community College","2014","15112","6865","8247","9634","15112","2437","1017","10017","1641","0","6865","1401","372","4687","405","0","8247","1036","645","5330","1236","0","10,000 - 19,999"
"115010","Glendale Career College","2014","346","346","0","346","346","89","0","257","0","0","346","89","0","257","0","0","0","0","0","0","0","0","Under 1,000"
"115083","Golden Gate University-San Francisco","2014","2909","971","1938","1716","489","0","99","383","7","2420","102","0","27","74","1","869","387","0","72","309","6","1551","1,000 - 4,999"
"115126","Golden West College","2014","12394","4394","8000","7080","12394","2298","1576","7592","928","0","4394","1265","318","2730","81","0","8000","1033","1258","4862","847","0","10,000 - 19,999"
"115214","Graduate Theological Union","2014","237","210","27","220","0","0","0","0","0","237","0","0","0","0","0","210","0","0","0","0","0","27","Under 1,000"
"115296","Grossmont College","2014","18040","6471","11569","10355","18040","2942","1712","11703","1683","0","6471","1435","492","4193","351","0","11569","1507","1220","7510","1332","0","10,000 - 19,999"
"115357","Salon Success Academy-San Bernardino","2014","27","27","0","27","27","7","0","20","0","0","27","7","0","20","0","0","0","0","0","0","0","0","Under 1,000"
"115393","Hartnell College","2014","9800","3495","6305","5612","9800","2176","696","6289","639","0","3495","888","128","2419","60","0","6305","1288","568","3870","579","0","5,000 - 9,999"
"115409","Harvey Mudd College","2014","804","802","2","803","804","194","2","606","2","0","802","194","2","604","2","0","2","0","0","2","0","0","Under 1,000"
"115454","Heald College-Rancho Cordova","2014","857","719","138","774","857","51","59","744","3","0","719","27","38","654","0","0","138","24","21","90","3","0","Under 1,000"
"115472","Heald College-Fresno","2014","1301","1082","219","1169","1301","136","93","1072","0","0","1082","100","55","927","0","0","219","36","38","145","0","0","1,000 - 4,999"
"115490","Heald College-San Jose","2014","1255","940","315","1065","1255","80","82","1092","1","0","940","48","43","849","0","0","315","32","39","243","1","0","1,000 - 4,999"
"115515","Heald College-San Francisco","2014","750","568","182","640","750","50","48","650","2","0","568","25","22","521","0","0","182","25","26","129","2","0","Under 1,000"
"115533","Heald College-Concord","2014","1232","1020","212","1104","1232","102","72","1056","2","0","1020","71","47","902","0","0","212","31","25","154","2","0","1,000 - 4,999"
"115658","Hilltop Beauty School","2014","109","15","94","52","109","16","0","93","0","0","15","2","0","13","0","0","94","14","0","80","0","0","Under 1,000"
"115728","Holy Names University","2014","1191","718","473","900","753","89","51","550","63","438","615","88","49","420","58","103","138","1","2","130","5","335","1,000 - 4,999"
"115746","Pacifica Graduate Institute","2014","970","606","364","745","0","0","0","0","0","970","0","0","0","0","0","606","0","0","0","0","0","364","Under 1,000"
"115755","Humboldt State University","2014","8485","7825","660","8086","7983","1386","971","5605","21","502","7447","1364","902","5162","19","378","536","22","69","443","2","124","5,000 - 9,999"
"115773","Humphreys College-Stockton and Modesto Campuses","2014","809","472","337","603","617","38","63","516","0","192","376","31","50","295","0","96","241","7","13","221","0","96","Under 1,000"
"115861","Imperial Valley College","2014","8135","3955","4180","5358","8135","1704","17","5237","1177","0","3955","1152","8","2358","437","0","4180","552","9","2879","740","0","5,000 - 9,999"
"115931","Institute for Business and Technology","2014","196","196","0","196","196","141","0","55","0","0","196","141","0","55","0","0","0","0","0","0","0","0","Under 1,000"
"116226","Interior Designers Institute","2014","210","92","118","138","205","25","0","178","2","5","91","6","0","85","0","1","114","19","0","93","2","4","Under 1,000"
"116350","Toni & Guy Hairdressing Academy-Santa Monica","2014","225","225","0","225","225","67","0","158","0","0","225","67","0","158","0","0","0","0","0","0","0","0","Under 1,000"
"116439","Irvine Valley College","2014","13157","4659","8498","7512","13157","2391","1477","7754","1535","0","4659","1386","291","2869","113","0","8498","1005","1186","4885","1422","0","10,000 - 19,999"
"116466","ITT Technical Institute-National City","2014","999","865","134","918","999","110","10","879","0","0","865","103","10","752","0","0","134","7","0","127","0","0","Under 1,000"
"116475","ITT Technical Institute-San Dimas","2014","551","448","103","488","551","61","1","489","0","0","448","53","0","395","0","0","103","8","1","94","0","0","Under 1,000"
"116484","ITT Technical Institute-Orange","2014","783","660","123","708","783","90","4","689","0","0","660","76","4","580","0","0","123","14","0","109","0","0","Under 1,000"
"116563","Bellus Academy-El Cajon","2014","145","145","0","145","145","24","0","121","0","0","145","24","0","121","0","0","0","0","0","0","0","0","Under 1,000"
"116712","John F Kennedy University","2014","1230","582","648","831","251","0","71","180","0","979","85","0","25","60","0","497","166","0","46","120","0","482","1,000 - 4,999"
"116846","American Jewish University","2014","204","175","29","186","101","12","17","67","5","103","92","12","17","63","0","83","9","0","0","4","5","20","Under 1,000"
"117052","Reedley College","2014","14633","5480","9153","8553","14633","3065","1410","8425","1733","0","5480","1843","417","2824","396","0","9153","1222","993","5601","1337","0","10,000 - 19,999"
"117104","Life Pacific College","2014","584","454","130","505","531","98","73","308","52","53","408","97","58","253","0","46","123","1","15","55","52","7","Under 1,000"
"117113","The Art Institute of California-Argosy University San Diego","2014","1634","1337","297","1454","1634","256","303","1075","0","0","1337","227","246","864","0","0","297","29","57","211","0","0","1,000 - 4,999"
"117140","University of La Verne","2014","8517","5330","3187","6565","5211","568","566","4003","74","3306","3642","565","348","2707","22","1688","1569","3","218","1296","52","1618","5,000 - 9,999"
"117168","Laguna College of Art and Design","2014","566","500","66","526","543","68","81","394","0","23","484","67","73","344","0","16","59","1","8","50","0","7","Under 1,000"
"117195","Lake Tahoe Community College","2014","2419","692","1727","1272","2419","299","376","1515","229","0","692","126","73","460","33","0","1727","173","303","1055","196","0","1,000 - 4,999"
"117238","Lancaster Beauty School","2014","124","124","0","124","124","18","0","106","0","0","124","18","0","106","0","0","0","0","0","0","0","0","Under 1,000"
"117247","Laney College","2014","10548","1821","8727","4751","10548","1494","1448","6765","841","0","1821","342","132","1295","52","0","8727","1152","1316","5470","789","0","10,000 - 19,999"
"117274","Lassen Community College","2014","2557","592","1965","1252","2557","818","374","1099","266","0","592","188","63","331","10","0","1965","630","311","768","256","0","1,000 - 4,999"
"117520","Life Chiropractic College West","2014","499","457","42","473","0","0","0","0","0","499","0","0","0","0","0","457","0","0","0","0","0","42","Under 1,000"
"117557","Lincoln University","2014","603","561","42","577","121","14","23","82","2","482","82","12","21","49","0","479","39","2","2","33","2","3","Under 1,000"
"117575","Southern California Seminary","2014","201","107","94","143","64","4","11","47","2","137","27","1","4","22","0","80","37","3","7","25","2","57","Under 1,000"
"117627","La Sierra University","2014","2510","2139","371","2283","2119","467","221","1366","65","391","1899","461","186","1243","9","240","220","6","35","123","56","151","1,000 - 4,999"
"117636","Loma Linda University","2014","4600","3616","984","3995","1189","0","250","789","150","3411","894","0","237","657","0","2722","295","0","13","132","150","689","1,000 - 4,999"
"117645","Long Beach City College","2014","24403","9780","14623","14689","24403","4282","2168","16318","1635","0","9780","2494","754","6259","273","0","14623","1788","1414","10059","1362","0","20,000 and above"
"117672","Southern California University of Health Sciences","2014","876","538","338","671","324","0","3","0","321","552","0","0","0","0","0","538","324","0","3","0","321","14","Under 1,000"
"117690","Los Angeles Harbor College","2014","10145","2719","7426","5212","10145","1328","905","6474","1438","0","2719","552","129","2011","27","0","7426","776","776","4463","1411","0","10,000 - 19,999"
"117706","Los Angeles Pierce College","2014","21034","5812","15222","10923","21034","3381","1545","13523","2585","0","5812","1335","274","4099","104","0","15222","2046","1271","9424","2481","0","20,000 and above"
"117715","Los Angeles Southwest College","2014","6937","1315","5622","3203","6937","826","990","4074","1047","0","1315","196","137","951","31","0","5622","630","853","3123","1016","0","5,000 - 9,999"
"117724","Los Angeles Trade Technical College","2014","14688","3786","10902","7446","14688","2247","1782","8740","1919","0","3786","488","269","2959","70","0","10902","1759","1513","5781","1849","0","10,000 - 19,999"
"117733","Los Angeles Valley College","2014","18641","4522","14119","9262","18641","2438","1614","12075","2514","0","4522","871","268","3306","77","0","14119","1567","1346","8769","2437","0","10,000 - 19,999"
"117751","The Master's College and Seminary","2014","1572","1237","335","1366","1189","195","134","853","7","383","1063","194","117","750","2","174","126","1","17","103","5","209","1,000 - 4,999"
"117788","Los Angeles City College","2014","18756","5072","13684","9666","18756","2190","1956","11807","2803","0","5072","819","289","3742","222","0","13684","1371","1667","8065","2581","0","10,000 - 19,999"
"117803","Los Angeles County College of Nursing and Allied Health","2014","204","0","204","68","204","0","53","151","0","0","0","0","0","0","0","0","204","0","53","151","0","0","Under 1,000"
"117867","Los Angeles Mission College","2014","10191","2338","7853","4975","10191","1423","894","6170","1704","0","2338","512","106","1544","176","0","7853","911","788","4626","1528","0","10,000 - 19,999"
"117894","Los Medanos College","2014","8695","3060","5635","4952","8695","1324","665","5762","944","0","3060","707","188","2097","68","0","5635","617","477","3665","876","0","5,000 - 9,999"
"117928","The Art Institute of California-Argosy University San Francisco","2014","1058","697","361","839","1052","173","115","764","0","6","692","126","90","476","0","5","360","47","25","288","0","1","1,000 - 4,999"
"117946","Loyola Marymount University","2014","9515","8423","1092","8843","6184","1348","372","4344","120","3331","5925","1348","364","4187","26","2498","259","0","8","157","94","833","5,000 - 9,999"
"117955","Lu Ross Academy","2014","274","274","0","274","274","76","0","198","0","0","274","76","0","198","0","0","0","0","0","0","0","0","Under 1,000"
"118116","Manchester Beauty College","2014","64","10","54","31","64","57","0","7","0","0","10","9","0","1","0","0","54","48","0","6","0","0","Under 1,000"
"118125","Tulare Beauty College","2014","41","13","28","24","41","35","0","6","0","0","13","8","0","5","0","0","28","27","0","1","0","0","Under 1,000"
"118134","Lyles Bakersfield College of Beauty","2014","59","32","27","43","59","5","0","54","0","0","32","1","0","31","0","0","27","4","0","23","0","0","Under 1,000"
"118143","Lyles Fresno College of Beauty","2014","51","34","17","41","51","6","0","45","0","0","34","6","0","28","0","0","17","0","0","17","0","0","Under 1,000"
"118161","Lytles Redwood Empire Beauty College Inc","2014","132","132","0","132","132","23","0","109","0","0","132","23","0","109","0","0","0","0","0","0","0","0","Under 1,000"
"118189","MTI Business College Inc","2014","146","146","0","146","146","121","0","25","0","0","146","121","0","25","0","0","0","0","0","0","0","0","Under 1,000"
"118198","MTI College","2014","1020","1020","0","1020","1020","105","197","718","0","0","1020","105","197","718","0","0","0","0","0","0","0","0","1,000 - 4,999"
"118259","Kaplan College-Sacramento","2014","429","429","0","429","429","52","53","321","3","0","429","52","53","321","3","0","0","0","0","0","0","0","Under 1,000"
"118277","Kaplan College-San Diego","2014","1297","1297","0","1297","1297","95","191","999","12","0","1297","95","191","999","12","0","0","0","0","0","0","0","1,000 - 4,999"
"118286","Kaplan College-Vista","2014","812","812","0","812","812","112","79","613","8","0","812","112","79","613","8","0","0","0","0","0","0","0","Under 1,000"
"118347","College of Marin","2014","5500","1190","4310","2637","5500","663","346","3654","837","0","1190","237","70","850","33","0","4310","426","276","2804","804","0","5,000 - 9,999"
"118356","Marinello Schools of Beauty-Los Angeles","2014","2317","1999","318","2125","2317","581","0","1736","0","0","1999","465","0","1534","0","0","318","116","0","202","0","0","1,000 - 4,999"
"118541","Marymount California University","2014","1108","1050","58","1073","1086","314","107","665","0","22","1033","312","97","624","0","17","53","2","10","41","0","5","1,000 - 4,999"
"118684","Mendocino College","2014","3769","1168","2601","2041","3769","511","289","2351","618","0","1168","230","80","821","37","0","2601","281","209","1530","581","0","1,000 - 4,999"
"118693","Menlo College","2014","794","764","30","776","794","190","87","516","1","0","764","190","84","490","0","0","30","0","3","26","1","0","Under 1,000"
"118718","Merced College","2014","10214","4956","5258","6721","10214","1528","471","7054","1161","0","4956","1064","215","3430","247","0","5258","464","256","3624","914","0","10,000 - 19,999"
"118772","Merritt College","2014","5989","1043","4946","2704","5989","852","1133","3658","346","0","1043","219","172","648","4","0","4946","633","961","3010","342","0","5,000 - 9,999"
"118888","Mills College","2014","1542","1382","160","1444","917","188","109","612","8","625","875","187","108","577","3","507","42","1","1","35","5","118","1,000 - 4,999"
"118912","MiraCosta College","2014","14687","5024","9663","8268","14687","2768","1445","9642","832","0","5024","1366","414","3196","48","0","9663","1402","1031","6446","784","0","10,000 - 19,999"
"118921","Marinello Schools of Beauty-San Francisco","2014","535","371","164","436","535","144","0","391","0","0","371","89","0","282","0","0","164","55","0","109","0","0","Under 1,000"
"118930","Mission College","2014","8435","2095","6340","4224","8435","757","978","5002","1698","0","2095","302","148","1410","235","0","6340","455","830","3592","1463","0","5,000 - 9,999"
"118958","Modern Beauty Academy","2014","36","36","0","36","36","11","0","25","0","0","36","11","0","25","0","0","0","0","0","0","0","0","Under 1,000"
"118967","Kaplan College-North Hollywood","2014","789","789","0","789","789","75","79","624","11","0","789","75","79","624","11","0","0","0","0","0","0","0","Under 1,000"
"118976","Modesto Junior College","2014","17578","6279","11299","10072","17578","3076","830","12347","1325","0","6279","1483","297","4365","134","0","11299","1593","533","7982","1191","0","10,000 - 19,999"
"118994","Moler Barber College","2014","102","102","0","102","102","8","0","94","0","0","102","8","0","94","0","0","0","0","0","0","0","0","Under 1,000"
"119058","Monterey Institute of International Studies","2014","711","635","76","664","22","0","8","14","0","689","20","0","7","13","0","615","2","0","1","1","0","74","Under 1,000"
"119067","Monterey Peninsula College","2014","7727","2410","5317","4195","7727","1166","932","4969","660","0","2410","580","210","1593","27","0","5317","586","722","3376","633","0","5,000 - 9,999"
"119137","Moorpark College","2014","13880","5586","8294","8371","13880","2810","1089","9281","700","0","5586","1721","351","3487","27","0","8294","1089","738","5794","673","0","10,000 - 19,999"
"119164","Mt San Antonio College","2014","29045","10501","18544","16727","29045","4644","1771","20048","2582","0","10501","2561","554","7189","197","0","18544","2083","1217","12859","2385","0","20,000 and above"
"119173","Mount St Mary's College","2014","3292","2509","783","2815","2668","494","286","1879","9","624","2047","463","172","1412","0","462","621","31","114","467","9","162","1,000 - 4,999"
"119216","Mt San Jacinto Community College District","2014","14580","5114","9466","8292","14580","2696","1150","9849","885","0","5114","1136","413","3497","68","0","9466","1560","737","6352","817","0","10,000 - 19,999"
"119234","Mueller College","2014","107","23","84","56","107","102","0","5","0","0","23","22","0","1","0","0","84","80","0","4","0","0","Under 1,000"
"119270","Musicians Institute","2014","1142","959","183","1031","1142","305","59","701","77","0","959","303","59","564","33","0","183","2","0","137","44","0","1,000 - 4,999"
"119331","Napa Valley College","2014","6348","2249","4099","3625","6348","1055","499","4198","596","0","2249","530","164","1533","22","0","4099","525","335","2665","574","0","5,000 - 9,999"
"119359","Everest College-Reseda","2014","596","550","46","568","596","75","63","458","0","0","550","75","56","419","0","0","46","0","7","39","0","0","Under 1,000"
"119456","Everest College-Gardena","2014","424","424","0","424","424","52","0","372","0","0","424","52","0","372","0","0","0","0","0","0","0","0","Under 1,000"
"119465","Everest College-Alhambra","2014","439","439","0","439","439","75","0","364","0","0","439","75","0","364","0","0","0","0","0","0","0","0","Under 1,000"
"119508","Everest College-San Bernardino","2014","737","673","64","698","737","109","67","561","0","0","673","107","61","505","0","0","64","2","6","56","0","0","Under 1,000"
"119544","The National Hispanic University","2014","120","32","88","66","47","0","0","47","0","73","16","0","0","16","0","16","31","0","0","31","0","57","Under 1,000"
"119553","National Holistic Institute","2014","900","865","35","879","900","193","0","707","0","0","865","193","0","672","0","0","35","0","0","35","0","0","Under 1,000"
"119605","National University","2014","17608","8679","8929","12154","9721","223","4083","5119","296","7887","3798","69","1400","2315","14","4881","5923","154","2683","2804","282","3006","10,000 - 19,999"
"119678","Naval Postgraduate School","2014","2869","1635","1234","2081","0","0","0","0","0","2869","0","0","0","0","0","1635","0","0","0","0","0","1234","1,000 - 4,999"
"119775","Newschool of Architecture and Design","2014","498","456","42","472","371","37","67","256","11","127","349","37","64","237","11","107","22","0","3","19","0","20","Under 1,000"
"119845","Newberry School of Beauty","2014","122","73","49","92","122","36","0","86","0","0","73","29","0","44","0","0","49","7","0","42","0","0","Under 1,000"
"119951","Adrian's College of Beauty Modesto","2014","280","280","0","280","280","71","0","209","0","0","280","71","0","209","0","0","0","0","0","0","0","0","Under 1,000"
"120069","North-West College-Pomona","2014","268","268","0","268","268","74","0","194","0","0","268","74","0","194","0","0","0","0","0","0","0","0","Under 1,000"
"120078","North-West College-West Covina","2014","559","559","0","559","559","143","0","416","0","0","559","143","0","416","0","0","0","0","0","0","0","0","Under 1,000"
"120087","North-West College-Pasadena","2014","221","221","0","221","221","65","0","156","0","0","221","65","0","156","0","0","0","0","0","0","0","0","Under 1,000"
"120184","Notre Dame de Namur University","2014","1982","1071","911","1423","1178","177","168","832","1","804","806","175","100","531","0","265","372","2","68","301","1","539","1,000 - 4,999"
"120254","Occidental College","2014","2040","2024","16","2030","2040","546","40","1437","17","0","2024","546","40","1422","16","0","16","0","0","15","1","0","1,000 - 4,999"
"120272","Oceanside College of Beauty","2014","77","77","0","77","77","6","0","71","0","0","77","6","0","71","0","0","0","0","0","0","0","0","Under 1,000"
"120290","Ohlone College","2014","11318","3180","8138","5912","11318","2424","1413","6256","1225","0","3180","776","144","2142","118","0","8138","1648","1269","4114","1107","0","10,000 - 19,999"
"120342","Orange Coast College","2014","21775","8589","13186","13016","21775","3958","2050","14488","1279","0","8589","2285","521","5675","108","0","13186","1673","1529","8813","1171","0","20,000 and above"
"120403","Otis College of Art and Design","2014","1146","1121","25","1131","1093","238","125","727","3","53","1080","238","124","715","3","41","13","0","1","12","0","12","1,000 - 4,999"
"120421","Oxnard College","2014","7148","1981","5167","3716","7148","1161","908","4583","496","0","1981","585","147","1235","14","0","5167","576","761","3348","482","0","5,000 - 9,999"
"120537","Hope International University","2014","1329","909","420","1072","856","94","112","610","40","473","651","84","74","491","2","258","205","10","38","119","38","215","1,000 - 4,999"
"120661","Concorde Career College-San Diego","2014","967","967","0","967","967","209","0","758","0","0","967","209","0","758","0","0","0","0","0","0","0","0","Under 1,000"
"120698","Palo Alto University","2014","1081","936","145","991","194","0","87","107","0","887","189","0","87","102","0","747","5","0","0","5","0","140","1,000 - 4,999"
"120740","Pacific Lutheran Theological Seminary","2014","55","50","5","52","0","0","0","0","0","55","0","0","0","0","0","50","0","0","0","0","0","5","Under 1,000"
"120768","Pacific Oaks College","2014","1176","116","1060","526","482","0","215","267","0","694","26","0","24","2","0","90","456","0","191","265","0","604","1,000 - 4,999"
"120795","Pacific School of Religion","2014","175","114","61","137","0","0","0","0","0","175","0","0","0","0","0","114","0","0","0","0","0","61","Under 1,000"
"120838","Pacific States University","2014","172","172","0","172","15","1","1","13","0","157","15","1","1","13","0","157","0","0","0","0","0","0","Under 1,000"
"120865","Pacific Union College","2014","1644","1463","181","1534","1640","326","134","1123","57","4","1459","324","124","1011","0","4","181","2","10","112","57","0","1,000 - 4,999"
"120883","University of the Pacific","2014","6304","5618","686","5881","3810","924","218","2660","8","2494","3713","923","214","2572","4","1905","97","1","4","88","4","589","5,000 - 9,999"
"120953","Palo Verde College","2014","3446","537","2909","1514","3446","573","318","2090","465","0","537","89","27","392","29","0","2909","484","291","1698","436","0","1,000 - 4,999"
"120971","Palomar College","2014","24914","8192","16722","13806","24914","4048","1942","16599","2325","0","8192","2036","588","5408","160","0","16722","2012","1354","11191","2165","0","20,000 and above"
"121017","Paris Beauty College","2014","161","50","111","94","161","87","0","74","0","0","50","26","0","24","0","0","111","61","0","50","0","0","Under 1,000"
"121044","Pasadena City College","2014","26611","10401","16210","15843","26611","5144","2099","17657","1711","0","10401","2929","582","6814","76","0","16210","2215","1517","10843","1635","0","20,000 and above"
"121150","Pepperdine University","2014","7417","5518","1899","6247","3451","656","120","2658","17","3966","3129","655","76","2391","7","2389","322","1","44","267","10","1577","5,000 - 9,999"
"121257","Pitzer College","2014","1076","1039","37","1054","1076","268","20","788","0","0","1039","268","17","754","0","0","37","0","3","34","0","0","1,000 - 4,999"
"121275","Platt College-San Diego","2014","316","316","0","316","316","54","0","260","2","0","316","54","0","260","2","0","0","0","0","0","0","0","Under 1,000"
"121309","Point Loma Nazarene University","2014","3374","2686","688","2950","2568","588","198","1774","8","806","2493","587","192","1714","0","193","75","1","6","60","8","613","1,000 - 4,999"
"121345","Pomona College","2014","1650","1638","12","1643","1650","450","5","1180","15","0","1638","450","5","1174","9","0","12","0","0","6","6","0","1,000 - 4,999"
"121363","Porterville College","2014","3791","1690","2101","2395","3791","647","221","2451","472","0","1690","433","59","1115","83","0","2101","214","162","1336","389","0","1,000 - 4,999"
"121381","Westwood College-South Bay","2014","441","312","129","363","441","52","5","384","0","0","312","50","4","258","0","0","129","2","1","126","0","0","Under 1,000"
"121433","Professional Institute of Beauty","2014","120","120","0","120","120","26","0","94","0","0","120","26","0","94","0","0","0","0","0","0","0","0","Under 1,000"
"121619","Santa Ana College","2014","29590","4948","24642","13221","29590","4504","2141","20798","2147","0","4948","1404","271","3193","80","0","24642","3100","1870","17605","2067","0","20,000 and above"
"121628","Pardee RAND Graduate School","2014","102","102","0","102","0","0","0","0","0","102","0","0","0","0","0","102","0","0","0","0","0","0","Under 1,000"
"121637","Shasta School of Cosmetology","2014","53","53","0","53","53","12","0","41","0","0","53","12","0","41","0","0","0","0","0","0","0","0","Under 1,000"
"121691","University of Redlands","2014","5333","4155","1178","4614","3779","745","231","2734","69","1554","2911","740","91","2072","8","1244","868","5","140","662","61","310","5,000 - 9,999"
"121707","College of the Redwoods","2014","4965","1954","3011","2965","4965","625","306","1704","2330","0","1954","334","169","698","753","0","3011","291","137","1006","1577","0","1,000 - 4,999"
"121859","Salon Success Academy-Upland","2014","190","103","87","138","190","76","0","114","0","0","103","35","0","68","0","0","87","41","0","46","0","0","Under 1,000"
"121868","Salon Success Academy-Corona","2014","126","126","0","126","126","24","0","102","0","0","126","24","0","102","0","0","0","0","0","0","0","0","Under 1,000"
"121886","Rio Hondo College","2014","16263","3800","12463","7984","16263","2232","1206","10477","2348","0","3800","786","248","2658","108","0","12463","1446","958","7819","2240","0","10,000 - 19,999"
"121901","Riverside City College","2014","18547","5135","13412","9638","18547","3284","1487","11776","2000","0","5135","1526","321","3130","158","0","13412","1758","1166","8646","1842","0","10,000 - 19,999"
"121983","Argosy University-San Francisco Bay Area","2014","438","109","329","236","139","3","13","119","4","299","38","1","5","29","3","71","101","2","8","90","1","228","Under 1,000"
"121992","Rosemead Beauty School","2014","189","157","32","170","189","183","0","6","0","0","157","153","0","4","0","0","32","30","0","2","0","0","Under 1,000"
"122117","Dongguk University-Los Angeles","2014","171","105","66","130","20","0","0","20","0","151","6","0","0","6","0","99","14","0","0","14","0","52","Under 1,000"
"122126","RUDOLF STEINER COLLEGE","2014","129","93","36","107","36","0","0","36","0","93","0","0","0","0","0","93","36","0","0","36","0","0","Under 1,000"
"122180","Sacramento City College","2014","23317","6063","17254","11856","23317","4910","2363","14233","1811","0","6063","1354","438","4097","174","0","17254","3556","1925","10136","1637","0","20,000 and above"
"122205","Saddleback College","2014","20007","6015","13992","10713","20007","2978","1690","13872","1467","0","6015","1321","385","4245","64","0","13992","1657","1305","9627","1403","0","20,000 and above"
"122296","Samuel Merritt University","2014","1580","1233","347","1367","601","0","111","411","79","979","515","0","110","405","0","718","86","0","1","6","79","261","1,000 - 4,999"
"122339","San Diego City College","2014","16298","3666","12632","7907","16298","2359","2321","9240","2378","0","3666","978","349","2197","142","0","12632","1381","1972","7043","2236","0","10,000 - 19,999"
"122366","Golf Academy of America-Carlsbad","2014","168","155","13","160","168","58","0","110","0","0","155","51","0","104","0","0","13","7","0","6","0","0","Under 1,000"
"122375","San Diego Mesa College","2014","24159","5874","18285","12013","24159","3683","3501","13654","3321","0","5874","1398","731","3635","110","0","18285","2285","2770","10019","3211","0","20,000 and above"
"122384","San Diego Miramar College","2014","11876","2282","9594","5503","11876","1760","2092","6870","1154","0","2282","690","285","1217","90","0","9594","1070","1807","5653","1064","0","10,000 - 19,999"
"122409","San Diego State University","2014","33483","28141","5342","30211","28394","5054","3179","19591","570","5089","25096","4779","2848","17245","224","3045","3298","275","331","2346","346","2044","20,000 and above"
"122436","University of San Diego","2014","8349","7080","1269","7567","5741","1129","355","4172","85","2608","5541","1129","337","4025","50","1539","200","0","18","147","35","1069","5,000 - 9,999"
"122454","San Francisco Art Institute","2014","699","650","49","669","467","81","59","319","8","232","430","79","53","294","4","220","37","2","6","25","4","12","Under 1,000"
"122506","San Francisco Conservatory of Music","2014","389","386","3","387","171","41","12","117","1","218","170","41","12","117","0","216","1","0","0","0","1","2","Under 1,000"
"122597","San Francisco State University","2014","29465","23907","5558","26094","25938","3754","3204","18212","768","3527","21713","3630","2677","15147","259","2194","4225","124","527","3065","509","1333","20,000 and above"
"122603","San Francisco Theological Seminary","2014","155","53","102","92","0","0","0","0","0","155","0","0","0","0","0","53","0","0","0","0","0","102","Under 1,000"
"122612","University of San Francisco","2014","10689","9728","961","10099","6845","1502","493","4750","100","3844","6529","1499","458","4517","55","3199","316","3","35","233","45","645","10,000 - 19,999"
"122649","San Joaquin College of Law","2014","175","32","143","87","0","0","0","0","0","175","0","0","0","0","0","32","0","0","0","0","0","143","Under 1,000"
"122658","San Joaquin Delta College","2014","18572","7526","11046","11235","18572","3531","907","11449","2685","0","7526","2109","358","4720","339","0","11046","1422","549","6729","2346","0","10,000 - 19,999"
"122685","San Joaquin Valley College-Visalia","2014","5219","5219","0","5219","5219","669","767","3783","0","0","5219","669","767","3783","0","0","0","0","0","0","0","0","5,000 - 9,999"
"122728","William Jessup University","2014","1212","996","216","1081","1146","217","170","744","15","66","952","213","142","596","1","44","194","4","28","148","14","22","1,000 - 4,999"
"122746","San Jose City College","2014","9072","2251","6821","4541","9072","941","1251","5462","1418","0","2251","404","266","1462","119","0","6821","537","985","4000","1299","0","5,000 - 9,999"
"122755","San Jose State University","2014","32713","25385","7328","28258","26664","3486","3887","19155","136","6049","21341","3396","2623","15259","63","4044","5323","90","1264","3896","73","2005","20,000 and above"
"122791","College of San Mateo","2014","8935","2227","6708","4479","8935","1519","980","5482","954","0","2227","654","138","1394","41","0","6708","865","842","4088","913","0","5,000 - 9,999"
"122834","Santa Barbara Business College-Bakersfield","2014","562","562","0","562","562","40","323","199","0","0","562","40","323","199","0","0","0","0","0","0","0","0","Under 1,000"
"122843","Westwood College-Los Angeles","2014","1805","1129","676","1394","1690","169","38","1482","1","115","1053","133","19","901","0","76","637","36","19","581","1","39","1,000 - 4,999"
"122852","Santa Barbara Business College-Santa Maria","2014","204","204","0","204","204","27","112","63","2","0","204","27","112","63","2","0","0","0","0","0","0","0","Under 1,000"
"122889","Santa Barbara City College","2014","17927","8356","9571","11569","17927","4302","1306","10218","2101","0","8356","3057","479","4491","329","0","9571","1245","827","5727","1772","0","10,000 - 19,999"
"122931","Santa Clara University","2014","9015","7477","1538","8066","5486","1319","140","3988","39","3529","5389","1318","140","3898","33","2088","97","1","0","90","6","1441","5,000 - 9,999"
"122977","Santa Monica College","2014","30158","10861","19297","17340","30158","6012","1932","19851","2363","0","10861","3236","484","6943","198","0","19297","2776","1448","12908","2165","0","20,000 and above"
"123013","Santa Rosa Junior College","2014","23144","7125","16019","12503","23144","3068","1250","16016","2810","0","7125","1579","339","5064","143","0","16019","1489","911","10952","2667","0","20,000 and above"
"123095","Saybrook University","2014","567","407","160","468","0","0","0","0","0","567","0","0","0","0","0","407","0","0","0","0","0","160","Under 1,000"
"123165","Scripps College","2014","988","978","10","982","972","250","0","712","10","16","963","249","0","709","5","15","9","1","0","3","5","1","Under 1,000"
"123208","Wyotech-Fremont","2014","805","805","0","805","805","76","43","686","0","0","805","76","43","686","0","0","0","0","0","0","0","0","Under 1,000"
"123217","College of the Sequoias","2014","10647","4762","5885","6738","10647","2060","592","6998","997","0","4762","1411","258","2976","117","0","5885","649","334","4022","880","0","10,000 - 19,999"
"123280","Shasta Bible College and Graduate School","2014","51","26","25","36","39","4","6","29","0","12","24","4","4","16","0","2","15","0","2","13","0","10","Under 1,000"
"123299","Shasta College","2014","8342","3480","4862","5112","8342","1425","368","5303","1246","0","3480","664","172","2414","230","0","4862","761","196","2889","1016","0","5,000 - 9,999"
"123341","Sierra College","2014","18565","6828","11737","10769","18565","3505","1305","12486","1269","0","6828","1816","402","4444","166","0","11737","1689","903","8042","1103","0","10,000 - 19,999"
"123350","Sierra College of Beauty","2014","173","147","26","157","173","27","0","146","0","0","147","27","0","120","0","0","26","0","0","26","0","0","Under 1,000"
"123396","Sierra Valley College of Court Reporting","2014","111","111","0","111","111","10","0","101","0","0","111","10","0","101","0","0","0","0","0","0","0","0","Under 1,000"
"123448","Trinity Law School","2014","193","102","91","137","0","0","0","0","0","193","0","0","0","0","0","102","0","0","0","0","0","91","Under 1,000"
"123457","Simpson University","2014","1267","1106","161","1168","1068","127","217","721","3","199","1019","126","194","698","1","87","49","1","23","23","2","112","1,000 - 4,999"
"123484","College of the Siskiyous","2014","2060","827","1233","1241","2060","307","253","1212","288","0","827","208","96","499","24","0","1233","99","157","713","264","0","1,000 - 4,999"
"123493","Charles A Jones Career and Education Center","2014","695","594","101","628","695","654","0","41","0","0","594","592","0","2","0","0","101","62","0","39","0","0","Under 1,000"
"123509","Skyline College","2014","9820","2459","7361","4930","9820","1104","1135","6451","1130","0","2459","494","174","1761","30","0","7361","610","961","4690","1100","0","5,000 - 9,999"
"123527","San Bernardino Valley College","2014","12965","4673","8292","7457","12965","2038","1015","8537","1375","0","4673","983","294","3306","90","0","8292","1055","721","5231","1285","0","10,000 - 19,999"
"123554","Saint Mary's College of California","2014","4112","3320","792","3625","2961","581","187","2181","12","1151","2704","581","161","1956","6","616","257","0","26","225","6","535","1,000 - 4,999"
"123563","Solano Community College","2014","9824","3340","6484","5517","9824","1307","758","6385","1374","0","3340","651","254","2295","140","0","6484","656","504","4090","1234","0","5,000 - 9,999"
"123572","Sonoma State University","2014","9290","8221","1069","8637","8512","1807","775","5859","71","778","7802","1794","638","5342","28","419","710","13","137","517","43","359","5,000 - 9,999"
"123581","Pinnacle College","2014","174","174","0","174","174","25","12","137","0","0","174","25","12","137","0","0","0","0","0","0","0","0","Under 1,000"
"123633","South Baylo University","2014","682","682","0","682","107","0","22","85","0","575","107","0","22","85","0","575","0","0","0","0","0","0","Under 1,000"
"123642","South Coast College","2014","342","233","109","276","342","42","87","213","0","0","233","32","65","136","0","0","109","10","22","77","0","0","Under 1,000"
"123651","Vanguard University of Southern California","2014","2255","1588","667","1848","1987","315","204","1422","46","268","1504","313","115","1075","1","84","483","2","89","347","45","184","1,000 - 4,999"
"123679","Concorde Career College-Garden Grove","2014","974","974","0","974","974","222","0","752","0","0","974","222","0","752","0","0","0","0","0","0","0","0","Under 1,000"
"123800","Southwestern College","2014","19000","7642","11358","11455","19000","2912","1109","13036","1943","0","7642","1671","397","5222","352","0","11358","1241","712","7814","1591","0","10,000 - 19,999"
"123855","St John's Seminary","2014","104","95","9","98","0","0","0","0","0","104","0","0","0","0","0","95","0","0","0","0","0","9","Under 1,000"
"123916","Starr King School for Ministry","2014","89","35","54","56","0","0","0","0","0","89","0","0","0","0","0","35","0","0","0","0","0","54","Under 1,000"
"123943","Marshall B Ketchum University","2014","427","427","0","427","0","0","0","0","0","427","0","0","0","0","0","427","0","0","0","0","0","0","Under 1,000"
"123952","Southern California Institute of Architecture","2014","523","509","14","514","263","34","0","229","0","260","254","34","0","220","0","255","9","0","0","9","0","5","Under 1,000"
"123961","University of Southern California","2014","42453","36452","6001","38752","18739","3098","1435","13859","347","23714","18057","3093","1426","13379","159","18395","682","5","9","480","188","5319","20,000 and above"
"123970","Southwestern Law School","2014","1106","729","377","873","0","0","0","0","0","1106","0","0","0","0","0","729","0","0","0","0","0","377","1,000 - 4,999"
"124113","Taft College","2014","5217","1230","3987","2569","5217","1324","657","2849","387","0","1230","358","73","727","72","0","3987","966","584","2122","315","0","5,000 - 9,999"
"124283","Claremont School of Theology","2014","285","125","160","186","0","0","0","0","0","285","0","0","0","0","0","125","0","0","0","0","0","160","Under 1,000"
"124292","Thomas Aquinas College","2014","378","378","0","378","378","89","13","276","0","0","378","89","13","276","0","0","0","0","0","0","0","0","Under 1,000"
"124344","Marinello Schools of Beauty-Lake Forest","2014","496","385","111","429","496","125","0","371","0","0","385","96","0","289","0","0","111","29","0","82","0","0","Under 1,000"
"124487","Epic Bible College","2014","231","70","161","133","208","32","12","164","0","23","56","5","5","46","0","14","152","27","7","118","0","9","Under 1,000"
"124681","United Education Institute-Huntington Park Campus","2014","3564","3564","0","3564","3564","1070","1","2493","0","0","3564","1070","1","2493","0","0","0","0","0","0","0","0","1,000 - 4,999"
"124706","Concorde Career College-San Bernardino","2014","668","668","0","668","668","99","0","569","0","0","668","99","0","569","0","0","0","0","0","0","0","0","Under 1,000"
"124779","Universal College of Beauty Inc-Los Angeles 1","2014","28","25","3","26","28","8","0","20","0","0","25","7","0","18","0","0","3","1","0","2","0","0","Under 1,000"
"124937","Concorde Career College-North Hollywood","2014","620","620","0","620","620","80","0","540","0","0","620","80","0","540","0","0","0","0","0","0","0","0","Under 1,000"
"125028","Ventura College","2014","12928","4330","8598","7217","12928","2120","1072","8571","1165","0","4330","1274","222","2805","29","0","8598","846","850","5766","1136","0","10,000 - 19,999"
"125037","The Santa Barbara and Ventura Colleges of Law-Ventura","2014","93","0","93","36","0","0","0","0","0","93","0","0","0","0","0","0","0","0","0","0","0","93","Under 1,000"
"125082","Victor Valley Beauty College Inc","2014","97","94","3","95","97","19","0","78","0","0","94","18","0","76","0","0","3","1","0","2","0","0","Under 1,000"
"125091","Victor Valley College","2014","11557","4182","7375","6658","11557","2109","643","7059","1746","0","4182","1087","267","2615","213","0","7375","1022","376","4444","1533","0","10,000 - 19,999"
"125170","Berkeley City College","2014","6321","1260","5061","2959","6321","1137","1156","3624","404","0","1260","389","164","698","9","0","5061","748","992","2926","395","0","5,000 - 9,999"
"125231","Walden University","2014","52188","27467","24721","37000","8960","359","1830","6469","302","43228","817","2","27","784","4","26650","8143","357","1803","5685","298","16578","20,000 and above"
"125310","Waynes College of Beauty","2014","34","22","12","27","34","5","0","29","0","0","22","2","0","20","0","0","12","3","0","9","0","0","Under 1,000"
"125462","West Hills College-Coalinga","2014","2650","869","1781","1467","2650","541","353","1640","116","0","869","263","76","525","5","0","1781","278","277","1115","111","0","1,000 - 4,999"
"125471","West Los Angeles College","2014","10641","2105","8536","4971","10641","1508","1459","6325","1349","0","2105","437","167","1481","20","0","8536","1071","1292","4844","1329","0","10,000 - 19,999"
"125499","West Valley College","2014","9062","2799","6263","4902","9062","1219","931","5586","1326","0","2799","626","190","1803","180","0","6263","593","741","3783","1146","0","5,000 - 9,999"
"125532","Carrington College California-Sacramento","2014","1385","1199","186","1273","1385","46","134","1205","0","0","1199","45","131","1023","0","0","186","1","3","182","0","0","1,000 - 4,999"
"125718","Westminster Theological Seminary in California","2014","149","118","31","130","0","0","0","0","0","149","0","0","0","0","0","118","0","0","0","0","0","31","Under 1,000"
"125727","Westmont College","2014","1300","1295","5","1297","1300","375","65","857","3","0","1295","374","65","856","0","0","5","1","0","1","3","0","1,000 - 4,999"
"125763","Whittier College","2014","2259","2038","221","2123","1626","380","90","1154","2","633","1593","378","89","1126","0","445","33","2","1","28","2","188","1,000 - 4,999"
"125897","Woodbury University","2014","1588","1374","214","1458","1338","142","163","1026","7","250","1161","142","142","877","0","213","177","0","21","149","7","37","1,000 - 4,999"
"126012","The Wright Institute","2014","445","445","0","445","0","0","0","0","0","445","0","0","0","0","0","445","0","0","0","0","0","0","Under 1,000"
"126030","Western State College of Law at Argosy University","2014","353","220","133","271","0","0","0","0","0","353","0","0","0","0","0","220","0","0","0","0","0","133","Under 1,000"
"126049","Thomas Jefferson School of Law","2014","849","561","288","671","0","0","0","0","0","849","0","0","0","0","0","561","0","0","0","0","0","288","Under 1,000"
"126076","Yeshiva Ohr Elchonon Chabad West Coast Talmudical Seminary","2014","163","163","0","163","163","54","47","62","0","0","163","54","47","62","0","0","0","0","0","0","0","0","Under 1,000"
"126119","Yuba College","2014","6640","2765","3875","4066","6640","1267","469","4326","578","0","2765","784","143","1787","51","0","3875","483","326","2539","527","0","5,000 - 9,999"
"126164","The Salon Professional Academy-Grand Junction","2014","75","75","0","75","75","6","0","69","0","0","75","6","0","69","0","0","0","0","0","0","0","0","Under 1,000"
"126182","Adams State University","2014","3154","2118","1036","2507","2156","488","234","1388","46","998","1805","471","173","1155","6","313","351","17","61","233","40","685","1,000 - 4,999"
"126207","Aims Community College","2014","5001","1851","3150","2909","5001","526","416","2741","1318","0","1851","276","231","1244","100","0","3150","250","185","1497","1218","0","5,000 - 9,999"
"126289","Arapahoe Community College","2014","10401","1618","8783","4567","10401","1852","1032","5743","1774","0","1618","345","264","940","69","0","8783","1507","768","4803","1705","0","10,000 - 19,999"
"126359","Bel-Rea Institute of Animal Technology","2014","489","489","0","489","489","106","0","383","0","0","489","106","0","383","0","0","0","0","0","0","0","0","Under 1,000"
"126401","Everest College-Colorado Springs","2014","330","271","59","294","330","23","41","266","0","0","271","23","34","214","0","0","59","0","7","52","0","0","Under 1,000"
"126562","University of Colorado Denver","2014","22791","12147","10644","16228","13509","1367","2097","7322","2723","9282","7996","1248","1561","5166","21","4151","5513","119","536","2156","2702","5131","20,000 and above"
"126580","University of Colorado Colorado Springs","2014","11761","7847","3914","9358","9629","1752","1293","6265","319","2132","7363","1661","928","4719","55","484","2266","91","365","1546","264","1648","10,000 - 19,999"
"126605","Redstone College","2014","552","462","90","498","552","110","5","437","0","0","462","102","4","356","0","0","90","8","1","81","0","0","Under 1,000"
"126614","University of Colorado Boulder","2014","32432","26675","5757","28850","26557","5865","1306","18702","684","5875","24344","5814","1215","17119","196","2331","2213","51","91","1583","488","3544","20,000 and above"
"126669","Colorado Christian University","2014","5787","1717","4070","3312","5324","532","510","2615","1667","463","1611","383","121","1019","88","106","3713","149","389","1596","1579","357","5,000 - 9,999"
"126678","Colorado College","2014","2067","2051","16","2057","2050","549","35","1452","14","17","2036","549","35","1452","0","15","14","0","0","0","14","2","1,000 - 4,999"
"126687","Concorde Career College-Aurora","2014","761","761","0","761","761","119","0","642","0","0","761","119","0","642","0","0","0","0","0","0","0","0","Under 1,000"
"126702","The Art Institute of Colorado","2014","1414","896","518","1099","1414","213","249","952","0","0","896","166","173","557","0","0","518","47","76","395","0","0","1,000 - 4,999"
"126711","Colorado Mountain College","2014","5705","1869","3836","3417","5705","663","326","2569","2147","0","1869","418","202","1003","246","0","3836","245","124","1566","1901","0","5,000 - 9,999"
"126748","Colorado Northwestern Community College","2014","1145","528","617","735","1145","191","118","361","475","0","528","150","90","246","42","0","617","41","28","115","433","0","1,000 - 4,999"
"126775","Colorado School of Mines","2014","5962","5394","568","5608","4456","999","159","3225","73","1506","4240","998","151","3059","32","1154","216","1","8","166","41","352","5,000 - 9,999"
"126784","Colorado School of Trades","2014","196","196","0","196","196","90","0","106","0","0","196","90","0","106","0","0","0","0","0","0","0","0","Under 1,000"
"126818","Colorado State University-Fort Collins","2014","31354","23610","7744","26542","23598","4362","1411","16600","1225","7756","20456","4253","1210","14669","324","3154","3142","109","201","1931","901","4602","20,000 and above"
"126827","Colorado Technical University-Colorado Springs","2014","1566","942","624","1186","1144","35","183","921","5","422","669","22","133","513","1","273","475","13","50","408","4","149","1,000 - 4,999"
"126854","Empire Beauty School-Lakewood","2014","83","83","0","83","83","20","0","63","0","0","83","20","0","63","0","0","0","0","0","0","0","0","Under 1,000"
"126863","Community College of Aurora","2014","7617","1528","6089","3572","7617","921","708","3718","2270","0","1528","284","206","878","160","0","6089","637","502","2840","2110","0","5,000 - 9,999"
"126872","College America-Denver","2014","407","407","0","407","407","32","0","375","0","0","407","32","0","375","0","0","0","0","0","0","0","0","Under 1,000"
"126915","Delta Montrose Technical College","2014","389","120","269","210","389","161","0","78","150","0","120","82","0","38","0","0","269","79","0","40","150","0","Under 1,000"
"126942","Community College of Denver","2014","10296","2514","7782","5127","10296","1550","1204","4971","2571","0","2514","557","369","1467","121","0","7782","993","835","3504","2450","0","10,000 - 19,999"
"126951","Lincoln College of Technology-Denver","2014","1263","1263","0","1263","1263","253","2","1008","0","0","1263","253","2","1008","0","0","0","0","0","0","0","0","1,000 - 4,999"
"126979","Denver Seminary","2014","944","500","444","670","0","0","0","0","0","944","0","0","0","0","0","500","0","0","0","0","0","444","Under 1,000"
"127024","Westwood College-Denver North","2014","342","229","113","273","342","50","7","285","0","0","229","45","5","179","0","0","113","5","2","106","0","0","Under 1,000"
"127060","University of Denver","2014","11809","8602","3207","9831","5643","1424","205","4000","14","6166","5304","1415","179","3703","7","3298","339","9","26","297","7","2868","10,000 - 19,999"
"127158","Emily Griffith Technical College","2014","3612","442","3170","1506","3612","130","0","3482","0","0","442","43","0","399","0","0","3170","87","0","3083","0","0","1,000 - 4,999"
"127185","Fort Lewis College","2014","3791","3479","312","3604","3766","781","380","2448","157","25","3479","771","363","2264","81","0","287","10","17","184","76","25","1,000 - 4,999"
"127200","Front Range Community College","2014","18761","5575","13186","10002","18761","2348","1808","11395","3210","0","5575","1029","654","3501","391","0","13186","1319","1154","7894","2819","0","10,000 - 19,999"
"127219","Glenwood Beauty Academy","2014","47","41","6","43","47","23","0","24","0","0","41","20","0","21","0","0","6","3","0","3","0","0","Under 1,000"
"127228","Hair Dynamics Education Center","2014","172","172","0","172","172","55","0","117","0","0","172","55","0","117","0","0","0","0","0","0","0","0","Under 1,000"
"127273","Iliff School of Theology","2014","333","171","162","233","0","0","0","0","0","333","0","0","0","0","0","171","0","0","0","0","0","162","Under 1,000"
"127316","International Salon and Spa Academy","2014","263","152","111","196","263","35","0","228","0","0","152","22","0","130","0","0","111","13","0","98","0","0","Under 1,000"
"127389","Lamar Community College","2014","839","419","420","560","839","142","47","287","363","0","419","115","32","196","76","0","420","27","15","91","287","0","Under 1,000"
"127556","Colorado Mesa University","2014","9116","7004","2112","7853","9003","1872","617","5924","590","113","6969","1756","502","4690","21","35","2034","116","115","1234","569","78","5,000 - 9,999"
"127565","Metropolitan State University of Denver","2014","21674","13010","8664","16499","21196","2125","2604","15854","613","478","12718","1760","1563","9213","182","292","8478","365","1041","6641","431","186","20,000 and above"
"127617","Morgan Community College","2014","1837","412","1425","890","1837","158","86","556","1037","0","412","69","29","215","99","0","1425","89","57","341","938","0","1,000 - 4,999"
"127653","Naropa University","2014","996","804","192","878","437","63","98","273","3","559","409","61","96","249","3","395","28","2","2","24","0","164","Under 1,000"
"127680","National American University-Colorado Springs","2014","253","66","187","139","253","7","54","192","0","0","66","1","18","47","0","0","187","6","36","145","0","0","Under 1,000"
"127699","National American University-Denver","2014","218","32","186","105","218","13","30","175","0","0","32","1","5","26","0","0","186","12","25","149","0","0","Under 1,000"
"127714","Nazarene Bible College","2014","762","124","638","375","762","28","89","641","4","0","124","9","10","105","0","0","638","19","79","536","4","0","Under 1,000"
"127732","Northeastern Junior College","2014","1776","981","795","1248","1776","468","97","752","459","0","981","389","60","519","13","0","795","79","37","233","446","0","1,000 - 4,999"
"127741","University of Northern Colorado","2014","12050","9271","2779","10323","9469","1945","799","6360","365","2581","8339","1922","666","5679","72","932","1130","23","133","681","293","1649","10,000 - 19,999"
"127778","Otero Junior College","2014","1434","670","764","927","1434","274","86","602","472","0","670","200","48","387","35","0","764","74","38","215","437","0","1,000 - 4,999"
"127787","Everest College-Thornton","2014","342","261","81","293","342","22","43","277","0","0","261","21","30","210","0","0","81","1","13","67","0","0","Under 1,000"
"127820","Pikes Peak Community College","2014","13947","5291","8656","8197","13947","1964","1499","8285","2199","0","5291","1002","659","3291","339","0","8656","962","840","4994","1860","0","10,000 - 19,999"
"127839","Intellitec Medical Institute","2014","357","357","0","357","357","83","6","268","0","0","357","83","6","268","0","0","0","0","0","0","0","0","Under 1,000"
"127884","Pueblo Community College","2014","6203","2281","3922","3598","6203","724","462","3604","1413","0","2281","309","159","1544","269","0","3922","415","303","2060","1144","0","5,000 - 9,999"
"127909","Red Rocks Community College","2014","8112","2665","5447","4494","8112","1259","1151","5335","367","0","2665","460","459","1681","65","0","5447","799","692","3654","302","0","5,000 - 9,999"
"127918","Regis University","2014","9208","4961","4247","6611","5009","481","472","3961","95","4199","2501","481","137","1879","4","2460","2508","0","335","2082","91","1739","5,000 - 9,999"
"127945","Rocky Mountain College of Art and Design","2014","1045","594","451","771","1019","53","284","676","6","26","588","18","166","402","2","6","431","35","118","274","4","20","1,000 - 4,999"
"127954","Montessori Education Center of the Rockies","2014","71","71","0","71","14","4","0","10","0","57","14","4","0","10","0","57","0","0","0","0","0","0","Under 1,000"
"128106","Colorado State University-Pueblo","2014","7256","3930","3326","5198","5192","910","369","2948","965","2064","3644","877","277","2446","44","286","1548","33","92","502","921","1778","5,000 - 9,999"
"128151","Pickens Technical College","2014","1084","984","100","1018","1084","88","0","996","0","0","984","70","0","914","0","0","100","18","0","82","0","0","1,000 - 4,999"
"128179","Intellitec College-Colorado Springs","2014","828","828","0","828","828","102","79","647","0","0","828","102","79","647","0","0","0","0","0","0","0","0","Under 1,000"
"128188","Intellitec College-Grand Junction","2014","617","617","0","617","617","68","91","458","0","0","617","68","91","458","0","0","0","0","0","0","0","0","Under 1,000"
"128258","Trinidad State Junior College","2014","1783","882","901","1184","1783","281","141","761","600","0","882","247","101","496","38","0","901","34","40","265","562","0","1,000 - 4,999"
"128328","United States Air Force Academy","2014","3952","3952","0","3952","3952","1138","0","2814","0","0","3952","1138","0","2814","0","0","0","0","0","0","0","0","1,000 - 4,999"
"128337","Empire Beauty School-Thornton","2014","132","107","25","117","132","49","0","83","0","0","107","42","0","65","0","0","25","7","0","18","0","0","Under 1,000"
"128391","Western State Colorado University","2014","2584","2020","564","2244","2341","455","154","1327","405","243","1855","449","147","1229","30","165","486","6","7","98","375","78","1,000 - 4,999"
"128425","Yeshiva Toras Chaim Talmudical Seminary","2014","15","15","0","15","12","7","0","5","0","3","12","7","0","5","0","3","0","0","0","0","0","0","Under 1,000"
"128498","Albertus Magnus College","2014","1550","1355","195","1431","1256","159","113","977","7","294","1146","157","109","880","0","209","110","2","4","97","7","85","1,000 - 4,999"
"128540","Paul Mitchell the School-Danbury","2014","137","99","38","114","137","26","0","111","0","0","99","22","0","77","0","0","38","4","0","34","0","0","Under 1,000"
"128577","Asnuntuck Community College","2014","1603","690","913","997","1603","302","230","784","287","0","690","226","135","324","5","0","913","76","95","460","282","0","1,000 - 4,999"
"128586","Bais Binyomin Academy","2014","61","61","0","61","61","10","0","51","0","0","61","10","0","51","0","0","0","0","0","0","0","0","Under 1,000"
"128674","Branford Hall Career Institute-Branford Campus","2014","493","345","148","404","493","95","0","398","0","0","345","73","0","272","0","0","148","22","0","126","0","0","Under 1,000"
"128683","Lincoln College of New England-Southington","2014","715","451","264","555","715","161","61","491","2","0","451","144","32","274","1","0","264","17","29","217","1","0","Under 1,000"
"128726","Bridgeport Hospital School of Nursing","2014","189","169","20","177","189","114","0","75","0","0","169","106","0","63","0","0","20","8","0","12","0","0","Under 1,000"
"128744","University of Bridgeport","2014","5191","3487","1704","4146","3021","537","248","2236","0","2170","2254","533","221","1500","0","1233","767","4","27","736","0","937","5,000 - 9,999"
"128771","Central Connecticut State University","2014","12037","8268","3769","9722","9871","1369","1181","7050","271","2166","7702","1353","882","5444","23","566","2169","16","299","1606","248","1600","10,000 - 19,999"
"128780","Charter Oak State College","2014","1929","386","1543","1009","1929","0","700","1099","130","0","386","0","132","250","4","0","1543","0","568","849","126","0","1,000 - 4,999"
"128896","Connecticut Center for Massage Therapy-Newington","2014","279","62","217","148","279","80","0","199","0","0","62","17","0","45","0","0","217","63","0","154","0","0","Under 1,000"
"128902","Connecticut College","2014","1900","1876","24","1885","1893","498","28","1349","18","7","1873","498","28","1345","2","3","20","0","0","4","16","4","1,000 - 4,999"
"128957","Marinello Schools of Beauty-East Hartford","2014","203","187","16","193","203","104","0","99","0","0","187","98","0","89","0","0","16","6","0","10","0","0","Under 1,000"
"129002","Porter and Chester Institute of Branford","2014","286","181","105","223","286","59","0","227","0","0","181","47","0","134","0","0","105","12","0","93","0","0","Under 1,000"
"129020","University of Connecticut","2014","26541","23199","3342","24438","18395","3588","809","13619","379","8146","17677","3577","785","13162","153","5522","718","11","24","457","226","2624","20,000 and above"
"129154","Goodwin College","2014","3440","612","2828","1723","3440","318","491","2482","149","0","612","176","107","319","10","0","2828","142","384","2163","139","0","1,000 - 4,999"
"129181","Lincoln Technical Institute-East Windsor","2014","1025","903","122","951","1025","254","0","771","0","0","903","222","0","681","0","0","122","32","0","90","0","0","1,000 - 4,999"
"129215","Eastern Connecticut State University","2014","5287","4332","955","4713","5139","883","459","3451","346","148","4288","871","391","3025","1","44","851","12","68","426","345","104","5,000 - 9,999"
"129242","Fairfield University","2014","5123","4201","922","4556","3982","1056","47","2738","141","1141","3688","1055","46","2584","3","513","294","1","1","154","138","628","5,000 - 9,999"
"129349","Northhaven Academy","2014","175","130","45","148","175","37","0","138","0","0","130","33","0","97","0","0","45","4","0","41","0","0","Under 1,000"
"129367","Capital Community College","2014","4075","971","3104","2013","4075","623","400","2549","503","0","971","299","136","525","11","0","3104","324","264","2024","492","0","1,000 - 4,999"
"129428","Rensselaer Hartford Graduate Center Inc","2014","191","9","182","79","0","0","0","0","0","191","0","0","0","0","0","9","0","0","0","0","0","182","Under 1,000"
"129482","Fox Institute of Business-West Hartford","2014","419","419","0","419","419","59","0","360","0","0","419","59","0","360","0","0","0","0","0","0","0","0","Under 1,000"
"129491","Hartford Seminary","2014","117","40","77","69","0","0","0","0","0","117","0","0","0","0","0","40","0","0","0","0","0","77","Under 1,000"
"129525","University of Hartford","2014","6817","5186","1631","5817","5180","1217","314","3425","224","1637","4446","1205","217","3023","1","740","734","12","97","402","223","897","5,000 - 9,999"
"129534","Holy Apostles College and Seminary","2014","378","115","263","216","72","5","6","47","14","306","37","3","4","30","0","78","35","2","2","17","14","228","Under 1,000"
"129543","Housatonic Community College","2014","5286","1694","3592","2900","5286","866","398","3644","378","0","1694","522","155","1012","5","0","3592","344","243","2632","373","0","5,000 - 9,999"
"129695","Manchester Community College","2014","7300","2517","4783","4123","7300","1452","883","4229","736","0","2517","820","329","1308","60","0","4783","632","554","2921","676","0","5,000 - 9,999"
"129729","Naugatuck Valley Community College","2014","7102","2370","4732","3959","7102","1440","524","4479","659","0","2370","798","214","1335","23","0","4732","642","310","3144","636","0","5,000 - 9,999"
"129756","Middlesex Community College","2014","3005","1162","1843","1781","3005","576","332","1626","471","0","1162","399","121","601","41","0","1843","177","211","1025","430","0","1,000 - 4,999"
"129774","Mitchell College","2014","778","661","117","707","778","146","50","514","68","0","661","145","43","473","0","0","117","1","7","41","68","0","Under 1,000"
"129808","Three Rivers Community College","2014","4530","1487","3043","2509","4530","878","340","2943","369","0","1487","537","135","798","17","0","3043","341","205","2145","352","0","1,000 - 4,999"
"129923","Lincoln Technical Institute-New Britain","2014","459","284","175","353","459","121","0","338","0","0","284","85","0","199","0","0","175","36","0","139","0","0","Under 1,000"
"129932","New England Tractor Trailer Training School of Connecticut","2014","310","162","148","221","310","240","0","70","0","0","162","143","0","19","0","0","148","97","0","51","0","0","Under 1,000"
"129941","University of New Haven","2014","6811","5478","1333","5991","5048","1221","243","3510","74","1763","4674","1216","211","3246","1","804","374","5","32","264","73","959","5,000 - 9,999"
"129969","Ridley-Lowell Business & Technical Institute-New London","2014","255","255","0","255","255","40","0","215","0","0","255","40","0","215","0","0","0","0","0","0","0","0","Under 1,000"
"130004","Norwalk Community College","2014","6363","2258","4105","3636","6363","948","388","3692","1335","0","2258","669","162","1253","174","0","4105","279","226","2439","1161","0","5,000 - 9,999"
"130040","Northwestern Connecticut Community College","2014","1614","423","1191","823","1614","256","140","810","408","0","423","178","46","199","0","0","1191","78","94","611","408","0","1,000 - 4,999"
"130110","Paier College of Art Inc","2014","129","91","38","106","129","22","6","84","17","0","91","22","3","62","4","0","38","0","3","22","13","0","Under 1,000"
"130129","Marinello Schools of Beauty-Meriden","2014","390","327","63","352","390","90","0","300","0","0","327","74","0","253","0","0","63","16","0","47","0","0","Under 1,000"
"130174","Porter and Chester Institute of Stratford","2014","2378","1584","794","1899","2378","406","0","1972","0","0","1584","302","0","1282","0","0","794","104","0","690","0","0","1,000 - 4,999"
"130183","Post University","2014","8366","3076","5290","5150","7642","1064","767","4763","1048","724","2788","424","308","1893","163","288","4854","640","459","2870","885","436","5,000 - 9,999"
"130217","Quinebaug Valley Community College","2014","1883","671","1212","1078","1883","409","173","1147","154","0","671","240","60","360","11","0","1212","169","113","787","143","0","1,000 - 4,999"
"130226","Quinnipiac University","2014","9035","7666","1369","8191","6553","1656","214","4633","50","2482","6335","1651","203","4481","0","1331","218","5","11","152","50","1151","5,000 - 9,999"
"130253","Sacred Heart University","2014","7781","5263","2518","6233","4997","1385","109","3410","93","2784","4232","1385","106","2738","3","1031","765","0","3","672","90","1753","5,000 - 9,999"
"130314","University of Saint Joseph","2014","2565","1271","1294","1768","987","150","96","684","57","1578","761","149","62","550","0","510","226","1","34","134","57","1068","1,000 - 4,999"
"130396","Gateway Community College","2014","8200","2589","5611","4473","8200","1376","702","5049","1073","0","2589","750","273","1530","36","0","5611","626","429","3519","1037","0","5,000 - 9,999"
"130448","St Vincent's College","2014","751","78","673","342","751","14","138","585","14","0","78","5","34","39","0","0","673","9","104","546","14","0","Under 1,000"
"130493","Southern Connecticut State University","2014","10825","7696","3129","8883","8133","1286","896","5951","0","2692","6802","1275","697","4830","0","894","1331","11","199","1121","0","1798","10,000 - 19,999"
"130509","Stone Academy-Hamden","2014","436","309","127","359","436","173","0","263","0","0","309","134","0","175","0","0","127","39","0","88","0","0","Under 1,000"
"130581","Tri-State College of Acupuncture","2014","110","95","15","101","0","0","0","0","0","110","0","0","0","0","0","95","0","0","0","0","0","15","Under 1,000"
"130590","Trinity College","2014","2408","2214","194","2289","2316","611","50","1601","54","92","2207","611","31","1525","40","7","109","0","19","76","14","85","1,000 - 4,999"
"130606","Tunxis Community College","2014","4193","1586","2607","2461","4193","776","375","2395","647","0","1586","542","169","825","50","0","2607","234","206","1570","597","0","1,000 - 4,999"
"130624","United States Coast Guard Academy","2014","896","896","0","896","896","249","0","647","0","0","896","249","0","647","0","0","0","0","0","0","0","0","Under 1,000"
"130697","Wesleyan University","2014","3224","3102","122","3149","2928","750","56","2101","21","296","2914","750","56","2096","12","188","14","0","0","5","9","108","1,000 - 4,999"
"130776","Western Connecticut State University","2014","5952","4422","1530","5020","5442","786","563","3857","236","510","4365","774","433","3155","3","57","1077","12","130","702","233","453","5,000 - 9,999"
"130785","Yale-New Haven Hospital Dietetic Internship","2014","12","12","0","12","0","0","0","0","0","12","0","0","0","0","0","12","0","0","0","0","0","0","Under 1,000"
"130794","Yale University","2014","12336","12153","183","12223","5477","1360","29","4084","4","6859","5470","1360","29","4078","3","6683","7","0","0","6","1","176","10,000 - 19,999"
"130837","Beebe Medical Center Margaret H Rollins School of Nursing","2014","42","42","0","42","42","0","0","42","0","0","42","0","0","42","0","0","0","0","0","0","0","0","Under 1,000"
"130873","Dawn Career Institute Inc","2014","226","226","0","226","226","110","0","116","0","0","226","110","0","116","0","0","0","0","0","0","0","0","Under 1,000"
"130891","Delaware Technical Community College-Owens","2014","4296","1803","2493","2640","4296","849","237","2768","442","0","1803","646","132","1023","2","0","2493","203","105","1745","440","0","1,000 - 4,999"
"130907","Delaware Technical Community College-Terry","2014","2939","1285","1654","1840","2939","620","171","1949","199","0","1285","480","91","699","15","0","1654","140","80","1250","184","0","1,000 - 4,999"
"130916","Delaware Technical Community College-Stanton/Wilmington","2014","6700","2188","4512","3703","6700","1319","399","4363","619","0","2188","818","160","1174","36","0","4512","501","239","3189","583","0","5,000 - 9,999"
"130934","Delaware State University","2014","4397","3774","623","4022","4012","894","207","2553","358","385","3479","878","173","2348","80","295","533","16","34","205","278","90","1,000 - 4,999"
"130943","University of Delaware","2014","22680","20389","2291","21280","18951","4521","442","13259","729","3729","17467","4510","390","12558","9","2922","1484","11","52","701","720","807","20,000 and above"
"130989","Goldey-Beacom College","2014","2012","529","1483","1097","639","166","76","387","10","1373","492","161","56","274","1","37","147","5","20","113","9","1336","1,000 - 4,999"
"131061","Schilling-Douglas School of Hair Design","2014","136","98","38","113","136","70","0","66","0","0","98","52","0","46","0","0","38","18","0","20","0","0","Under 1,000"
"131098","Wesley College","2014","1615","1454","161","1517","1528","533","75","823","97","87","1385","533","67","782","3","69","143","0","8","41","94","18","1,000 - 4,999"
"131113","Wilmington University","2014","14467","5242","9225","8824","8810","551","1564","6556","139","5657","3485","288","649","2548","0","1757","5325","263","915","4008","139","3900","10,000 - 19,999"
"131159","American University","2014","13061","10468","2593","11462","7706","1787","287","5020","612","5355","7386","1784","256","4846","500","3082","320","3","31","174","112","2273","10,000 - 19,999"
"131283","Catholic University of America","2014","6699","4611","2088","5411","3572","832","85","2612","43","3127","3355","830","81","2431","13","1256","217","2","4","181","30","1871","5,000 - 9,999"
"131399","University of the District of Columbia","2014","4803","2114","2689","3195","4491","521","356","3376","238","312","1902","197","215","1479","11","212","2589","324","141","1897","227","100","1,000 - 4,999"
"131405","Pontifical Faculty of the Immaculate Conception at the Dominican House of Studies","2014","95","70","25","80","0","0","0","0","0","95","0","0","0","0","0","70","0","0","0","0","0","25","Under 1,000"
"131450","Gallaudet University","2014","1488","1276","212","1358","1031","182","99","720","30","457","951","181","98","672","0","325","80","1","1","48","30","132","1,000 - 4,999"
"131469","George Washington University","2014","25613","17266","8347","20465","10740","2416","492","7525","307","14873","9830","2410","384","6944","92","7436","910","6","108","581","215","7437","20,000 and above"
"131496","Georgetown University","2014","17858","14416","3442","15735","7595","1578","148","5485","384","10263","7226","1575","148","5278","225","7190","369","3","0","207","159","3073","10,000 - 19,999"
"131520","Howard University","2014","10265","9163","1102","9589","7013","1479","317","5165","52","3252","6513","1467","276","4766","4","2650","500","12","41","399","48","602","10,000 - 19,999"
"131742","Medtech Institute","2014","1371","1371","0","1371","1371","452","14","905","0","0","1371","452","14","905","0","0","0","0","0","0","0","0","1,000 - 4,999"
"131803","Strayer University-District of Columbia","2014","1192","210","982","592","783","106","44","624","9","409","107","8","6","92","1","103","676","98","38","532","8","306","1,000 - 4,999"
"131830","National Conservatory of Dramatic Arts","2014","39","39","0","39","39","5","0","34","0","0","39","5","0","34","0","0","0","0","0","0","0","0","Under 1,000"
"131876","Trinity Washington University","2014","2267","1174","1093","1598","1713","298","191","1176","48","554","1104","284","106","714","0","70","609","14","85","462","48","484","1,000 - 4,999"
"131973","Wesley Theological Seminary","2014","564","357","207","436","0","0","0","0","0","564","0","0","0","0","0","357","0","0","0","0","0","207","Under 1,000"
"132268","Wyotech-Daytona","2014","400","400","0","400","400","79","16","305","0","0","400","79","16","305","0","0","0","0","0","0","0","0","Under 1,000"
"132338","The Art Institute of Fort Lauderdale","2014","1514","955","559","1175","1514","227","207","1080","0","0","955","192","168","595","0","0","559","35","39","485","0","0","1,000 - 4,999"
"132374","Atlantic Technical Center","2014","2599","2599","0","2599","2599","1076","0","1523","0","0","2599","1076","0","1523","0","0","0","0","0","0","0","0","1,000 - 4,999"
"132408","The Baptist College of Florida","2014","486","360","126","409","458","35","61","358","4","28","350","34","46","270","0","10","108","1","15","88","4","18","Under 1,000"
"132471","Barry University","2014","8518","5782","2736","6834","3996","460","611","2842","83","4522","3365","459","469","2391","46","2417","631","1","142","451","37","2105","5,000 - 9,999"
"132523","Gooding Institute of Nurse Anesthesia","2014","42","42","0","42","0","0","0","0","0","42","0","0","0","0","0","42","0","0","0","0","0","0","Under 1,000"
"132602","Bethune-Cookman University","2014","4044","3796","248","3893","3899","974","173","2750","2","145","3695","939","162","2592","2","101","204","35","11","158","0","44","1,000 - 4,999"
"132657","Lynn University","2014","2613","2227","386","2376","1976","540","158","1213","65","637","1815","534","151","1127","3","412","161","6","7","86","62","225","1,000 - 4,999"
"132666","GUTI The Premier Beauty & Wellness Academy","2014","80","80","0","80","80","6","0","74","0","0","80","6","0","74","0","0","0","0","0","0","0","0","Under 1,000"
"132675","Bradford-Union Technical Center","2014","121","59","62","80","121","105","0","16","0","0","59","53","0","6","0","0","62","52","0","10","0","0","Under 1,000"
"132693","Eastern Florida State College","2014","15931","5650","10281","9799","15931","2396","580","9478","3477","0","5650","1513","279","3348","510","0","10281","883","301","6130","2967","0","10,000 - 19,999"
"132709","Broward College","2014","44119","12891","31228","25493","44119","8001","2105","29069","4944","0","12891","3903","688","7516","784","0","31228","4098","1417","21553","4160","0","20,000 and above"
"132806","Fortis College-Winter Park","2014","14","14","0","14","14","3","1","10","0","0","14","3","1","10","0","0","0","0","0","0","0","0","Under 1,000"
"132842","Carlos Albizu University-Miami","2014","1000","602","398","756","305","12","26","224","43","695","171","6","9","113","43","431","134","6","17","111","0","264","1,000 - 4,999"
"132851","College of Central Florida","2014","7931","3036","4895","5011","7931","1503","13","5421","994","0","3036","900","3","1867","266","0","4895","603","10","3554","728","0","5,000 - 9,999"
"132879","Johnson University Florida","2014","222","184","38","199","222","43","84","93","2","0","184","42","65","77","0","0","38","1","19","16","2","0","Under 1,000"
"132903","University of Central Florida","2014","60767","40307","20460","48385","52671","6453","7315","38512","391","8096","36477","6216","4345","25812","104","3830","16194","237","2970","12700","287","4266","20,000 and above"
"132976","Charlotte Technical Center","2014","222","222","0","222","222","133","0","71","18","0","222","133","0","71","18","0","0","0","0","0","0","0","Under 1,000"
"133021","Chipola College","2014","2080","871","1209","1359","2080","398","135","1032","515","0","871","309","58","475","29","0","1209","89","77","557","486","0","1,000 - 4,999"
"133085","Clearwater Christian College","2014","421","398","23","407","412","73","47","289","3","9","395","71","46","277","1","3","17","2","1","12","2","6","Under 1,000"
"133155","Lorenzo Walker Institute of Technology","2014","679","407","272","498","679","478","0","201","0","0","407","327","0","80","0","0","272","151","0","121","0","0","Under 1,000"
"133386","Daytona State College","2014","13248","5259","7989","8483","13248","1930","835","9050","1433","0","5259","1170","400","3308","381","0","7989","760","435","5742","1052","0","10,000 - 19,999"
"133465","South University-West Palm Beach","2014","1081","809","272","915","942","31","246","665","0","139","779","30","183","566","0","30","163","1","63","99","0","109","1,000 - 4,999"
"133492","Eckerd College","2014","2083","1895","188","1969","2083","514","83","1465","21","0","1895","511","62","1314","8","0","188","3","21","151","13","0","1,000 - 4,999"
"133508","Edison State College","2014","15389","5116","10273","9262","15389","2950","733","8937","2769","0","5116","1851","284","2603","378","0","10273","1099","449","6334","2391","0","10,000 - 19,999"
"133526","Edward Waters College","2014","929","891","38","906","929","222","65","640","2","0","891","222","60","609","0","0","38","0","5","31","2","0","Under 1,000"
"133553","Embry-Riddle Aeronautical University-Daytona Beach","2014","5538","5110","428","5277","4967","1217","248","3489","13","571","4647","1208","243","3191","5","463","320","9","5","298","8","108","5,000 - 9,999"
"133650","Florida Agricultural and Mechanical University","2014","10241","8734","1507","9332","8495","1400","402","6193","500","1746","7230","1388","351","5448","43","1504","1265","12","51","745","457","242","10,000 - 19,999"
"133669","Florida Atlantic University","2014","30297","17607","12690","22612","25476","3053","2907","18268","1248","4821","15561","2916","1509","10753","383","2046","9915","137","1398","7515","865","2775","20,000 and above"
"133702","Florida State College at Jacksonville","2014","25514","7819","17695","14960","25514","3195","1454","17890","2975","0","7819","1564","506","5240","509","0","17695","1631","948","12650","2466","0","20,000 and above"
"133711","Flagler College-St Augustine","2014","2782","2683","99","2722","2782","673","213","1881","15","0","2683","673","212","1798","0","0","99","0","1","83","15","0","1,000 - 4,999"
"133809","Florida College","2014","555","533","22","542","555","212","0","343","0","0","533","212","0","321","0","0","22","0","0","22","0","0","Under 1,000"
"133845","Concorde Career Institute-Jacksonville","2014","652","652","0","652","652","144","0","508","0","0","652","144","0","508","0","0","0","0","0","0","0","0","Under 1,000"
"133854","Concorde Career Institute-Miramar","2014","640","640","0","640","640","104","0","536","0","0","640","104","0","536","0","0","0","0","0","0","0","0","Under 1,000"
"133863","Concorde Career Institute-Tampa","2014","411","411","0","411","411","96","0","315","0","0","411","96","0","315","0","0","0","0","0","0","0","0","Under 1,000"
"133872","Adventist University of Health Sciences","2014","2090","806","1284","1310","1950","88","319","1463","80","140","674","73","124","463","14","132","1276","15","195","1000","66","8","1,000 - 4,999"
"133881","Florida Institute of Technology","2014","6393","4689","1704","5343","3636","771","196","2381","288","2757","3352","768","186","2271","127","1337","284","3","10","110","161","1420","5,000 - 9,999"
"133942","Florida Institute of Ultrasound Inc","2014","52","52","0","52","52","0","0","52","0","0","52","0","0","52","0","0","0","0","0","0","0","0","Under 1,000"
"133951","Florida International University","2014","49610","31766","17844","38863","41009","4122","5337","29643","1907","8601","25644","3761","3254","18325","304","6122","15365","361","2083","11318","1603","2479","20,000 and above"
"133960","Florida Keys Community College","2014","1033","378","655","598","1033","303","101","429","200","0","378","204","49","116","9","0","655","99","52","313","191","0","1,000 - 4,999"
"133979","Florida Memorial University","2014","1528","1432","96","1469","1478","463","53","962","0","50","1413","457","52","904","0","19","65","6","1","58","0","31","1,000 - 4,999"
"133997","Florida Career College-Miami","2014","6227","6227","0","6227","6227","612","59","5556","0","0","6227","612","59","5556","0","0","0","0","0","0","0","0","5,000 - 9,999"
"134024","Florida School of Massage","2014","81","81","0","81","81","27","0","54","0","0","81","27","0","54","0","0","0","0","0","0","0","0","Under 1,000"
"134079","Florida Southern College","2014","2670","2355","315","2478","2403","581","105","1666","51","267","2123","577","104","1441","1","232","280","4","1","225","50","35","1,000 - 4,999"
"134097","Florida State University","2014","41226","35181","6045","37524","32948","5994","2280","24158","516","8278","29211","5944","1884","21105","278","5970","3737","50","396","3053","238","2308","20,000 and above"
"134112","Florida Technical College","2014","2977","2977","0","2977","2977","195","226","2556","0","0","2977","195","226","2556","0","0","0","0","0","0","0","0","1,000 - 4,999"
"134121","University of Southernmost Florida","2014","173","173","0","173","164","6","43","115","0","9","164","6","43","115","0","9","0","0","0","0","0","0","Under 1,000"
"134130","University of Florida","2014","49459","41914","7545","44765","32829","6504","1648","23727","950","16630","29907","6475","1498","21604","330","12007","2922","29","150","2123","620","4623","20,000 and above"
"134149","Everest University-Pompano Beach","2014","1548","855","693","1125","1270","43","190","1037","0","278","770","35","140","595","0","85","500","8","50","442","0","193","1,000 - 4,999"
"134228","Fort Pierce Beauty Academy","2014","28","24","4","26","28","23","0","5","0","0","24","20","0","4","0","0","4","3","0","1","0","0","Under 1,000"
"134237","Full Sail University","2014","19285","19285","0","19285","17318","3135","0","14070","113","1967","17318","3135","0","14070","113","1967","0","0","0","0","0","0","10,000 - 19,999"
"134291","George Stone Technical Center","2014","456","362","94","394","456","58","0","398","0","0","362","39","0","323","0","0","94","19","0","75","0","0","Under 1,000"
"134307","George T Baker Aviation School","2014","649","280","369","404","649","189","0","460","0","0","280","110","0","170","0","0","369","79","0","290","0","0","Under 1,000"
"134343","Gulf Coast State College","2014","5926","2213","3713","3711","5926","960","189","3230","1547","0","2213","645","112","1259","197","0","3713","315","77","1971","1350","0","5,000 - 9,999"
"134422","Key College","2014","59","59","0","59","59","25","0","34","0","0","59","25","0","34","0","0","0","0","0","0","0","0","Under 1,000"
"134495","Hillsborough Community College","2014","27298","11391","15907","16732","27298","5066","2104","16857","3271","0","11391","3287","1090","6748","266","0","15907","1779","1014","10109","3005","0","20,000 and above"
"134510","Hobe Sound Bible College","2014","251","125","126","174","251","51","2","180","18","0","125","34","2","88","1","0","126","17","0","92","17","0","Under 1,000"
"134529","Hollywood Institute of Beauty Careers","2014","79","79","0","79","79","4","0","75","0","0","79","4","0","75","0","0","0","0","0","0","0","0","Under 1,000"
"134574","Cortiva Institute-Florida","2014","187","109","78","140","187","75","0","112","0","0","109","44","0","65","0","0","78","31","0","47","0","0","Under 1,000"
"134608","Indian River State College","2014","17665","5950","11715","10678","17665","2693","495","11180","3297","0","5950","1467","172","3570","741","0","11715","1226","323","7610","2556","0","10,000 - 19,999"
"134680","International Academy of Design and Technology-Tampa","2014","426","391","35","405","426","42","54","330","0","0","391","42","48","301","0","0","35","0","6","29","0","0","Under 1,000"
"134714","International Academy","2014","265","108","157","170","265","78","0","187","0","0","108","37","0","71","0","0","157","41","0","116","0","0","Under 1,000"
"134811","AI Miami International University of Art and Design","2014","2846","2181","665","2442","2780","358","403","2017","2","66","2171","321","334","1516","0","10","609","37","69","501","2","56","1,000 - 4,999"
"134909","ITT Technical Institute-Tampa","2014","471","388","83","421","471","79","8","384","0","0","388","66","7","315","0","0","83","13","1","69","0","0","Under 1,000"
"134945","Jacksonville University","2014","4085","2345","1740","3022","3223","398","525","2241","59","862","2111","393","279","1437","2","234","1112","5","246","804","57","628","1,000 - 4,999"
"135063","Jones College-Jacksonville","2014","495","85","410","246","495","13","54","423","5","0","85","5","22","58","0","0","410","8","32","365","5","0","Under 1,000"
"135081","Keiser University-Ft Lauderdale","2014","19110","13649","5461","15786","18101","2796","0","15222","83","1009","13386","2474","0","10878","34","263","4715","322","0","4344","49","746","10,000 - 19,999"
"135124","Heritage Institute-Ft Myers","2014","738","738","0","738","738","151","30","557","0","0","738","151","30","557","0","0","0","0","0","0","0","0","Under 1,000"
"135142","La Belle Beauty School","2014","251","30","221","118","251","70","0","181","0","0","30","13","0","17","0","0","221","57","0","164","0","0","Under 1,000"
"135160","Florida Gateway College","2014","2912","831","2081","1671","2912","566","119","1485","742","0","831","296","49","418","68","0","2081","270","70","1067","674","0","1,000 - 4,999"
"135179","Lake Technical Center","2014","669","478","191","542","669","356","0","313","0","0","478","279","0","199","0","0","191","77","0","114","0","0","Under 1,000"
"135188","Lake-Sumter State College","2014","4470","1307","3163","2583","4470","859","162","2656","793","0","1307","462","56","673","116","0","3163","397","106","1983","677","0","1,000 - 4,999"
"135267","Fort Myers Institute of Technology","2014","705","630","75","655","705","321","0","309","75","0","630","321","0","309","0","0","75","0","0","0","75","0","Under 1,000"
"135276","Lively Technical Center","2014","907","622","285","718","907","517","0","390","0","0","622","301","0","321","0","0","285","216","0","69","0","0","Under 1,000"
"135294","Lindsey Hopkins Technical Education Center","2014","716","435","281","529","716","315","0","401","0","0","435","178","0","257","0","0","281","137","0","144","0","0","Under 1,000"
"135337","Loraines Academy Inc","2014","186","130","56","152","186","20","0","166","0","0","130","14","0","116","0","0","56","6","0","50","0","0","Under 1,000"
"135364","Luther Rice University & Seminary","2014","1218","278","940","641","491","20","88","382","1","727","87","3","13","71","0","191","404","17","75","311","1","536","1,000 - 4,999"
"135391","State College of Florida-Manatee-Sarasota","2014","10314","4173","6141","6651","10314","2136","593","6499","1086","0","4173","1301","252","2310","310","0","6141","835","341","4189","776","0","10,000 - 19,999"
"135407","Manatee Technical Institute","2014","928","700","228","777","928","752","0","176","0","0","700","576","0","124","0","0","228","176","0","52","0","0","Under 1,000"
"135416","Manhattan Hairstyling Academy","2014","160","160","0","160","160","45","0","115","0","0","160","45","0","115","0","0","0","0","0","0","0","0","Under 1,000"
"135522","Traviss Career Center","2014","1115","1115","0","1115","1115","663","0","452","0","0","1115","663","0","452","0","0","0","0","0","0","0","0","1,000 - 4,999"
"135559","Merryfield School of Pet Grooming","2014","181","96","85","130","181","138","0","43","0","0","96","76","0","20","0","0","85","62","0","23","0","0","Under 1,000"
"135610","Trinity International University-Florida","2014","293","111","182","182","230","0","0","230","0","63","92","0","0","92","0","19","138","0","0","138","0","44","Under 1,000"
"135647","Miami Lakes Educational Center","2014","935","732","203","800","935","340","0","595","0","0","732","252","0","480","0","0","203","88","0","115","0","0","Under 1,000"
"135717","Miami Dade College","2014","66046","26157","39889","42254","66046","12860","1524","47086","4576","0","26157","8822","733","16112","490","0","39889","4038","791","30974","4086","0","20,000 and above"
"135726","University of Miami","2014","16674","15415","1259","15903","11175","2078","592","8158","347","5499","10535","2052","555","7689","239","4880","640","26","37","469","108","619","10,000 - 19,999"
"135735","Mid Florida Tech","2014","1826","1186","640","1401","1826","460","0","958","408","0","1186","303","0","808","75","0","640","157","0","150","333","0","1,000 - 4,999"
"135771","Beauty Schools of America-Miami","2014","575","575","0","575","575","171","0","404","0","0","575","171","0","404","0","0","0","0","0","0","0","0","Under 1,000"
"135939","Remington College-Tampa Campus","2014","151","151","0","151","151","47","1","103","0","0","151","47","1","103","0","0","0","0","0","0","0","0","Under 1,000"
"135957","Everest Institute-North Miami","2014","196","142","54","163","196","0","0","196","0","0","142","0","0","142","0","0","54","0","0","54","0","0","Under 1,000"
"136048","Academy of Healing Arts Massage & Facial Skin Care","2014","66","38","28","49","66","22","0","44","0","0","38","11","0","27","0","0","28","11","0","17","0","0","Under 1,000"
"136066","Lincoln College of Technology-West Palm Beach","2014","713","661","52","681","713","135","31","547","0","0","661","123","31","507","0","0","52","12","0","40","0","0","Under 1,000"
"136109","Paul Mitchell the School-Jacksonville","2014","133","88","45","106","133","26","0","107","0","0","88","19","0","69","0","0","45","7","0","38","0","0","Under 1,000"
"136145","North Florida Community College","2014","1289","408","881","704","1289","215","61","590","423","0","408","131","21","197","59","0","881","84","40","393","364","0","1,000 - 4,999"
"136172","University of North Florida","2014","15984","10716","5268","12798","14121","1859","1824","10201","237","1863","9901","1792","1281","6739","89","815","4220","67","543","3462","148","1048","10,000 - 19,999"
"136206","Northwood University-Florida","2014","710","635","75","664","677","106","119","444","8","33","621","106","109","398","8","14","56","0","10","46","0","19","Under 1,000"
"136215","Nova Southeastern University","2014","24148","12631","11517","17048","4699","602","750","3230","117","19449","3162","565","516","2080","1","9469","1537","37","234","1150","116","9980","20,000 and above"
"136233","Northwest Florida State College","2014","6295","2514","3781","4040","6295","856","460","3803","1176","0","2514","571","234","1519","190","0","3781","285","226","2284","986","0","5,000 - 9,999"
"136288","Everest University-North Orlando","2014","634","437","197","514","584","36","69","479","0","50","418","34","51","333","0","19","166","2","18","146","0","31","Under 1,000"
"136303","Orlando Tech","2014","909","238","671","463","909","207","0","170","532","0","238","118","0","108","12","0","671","89","0","62","520","0","Under 1,000"
"136330","Palm Beach Atlantic University","2014","3865","3199","666","3460","3021","524","330","1731","436","844","2424","523","306","1594","1","775","597","1","24","137","435","69","1,000 - 4,999"
"136358","Palm Beach State College","2014","28517","7732","20785","16120","28517","5165","1341","18711","3300","0","7732","1729","454","5243","306","0","20785","3436","887","13468","2994","0","20,000 and above"
"136400","Pasco-Hernando Community College","2014","11263","4639","6624","7312","11263","2560","100","6524","2079","0","4639","1636","50","2683","270","0","6624","924","50","3841","1809","0","10,000 - 19,999"
"136473","Pensacola State College","2014","10317","3888","6429","6482","10317","1554","203","6547","2013","0","3888","1028","98","2404","358","0","6429","526","105","4143","1655","0","10,000 - 19,999"
"136491","Pinellas Technical Education Center-Clearwater","2014","1233","1122","111","1159","1233","677","0","556","0","0","1122","608","0","514","0","0","111","69","0","42","0","0","1,000 - 4,999"
"136516","Polk State College","2014","11060","3606","7454","6614","11060","1505","488","6997","2070","0","3606","819","177","2224","386","0","7454","686","311","4773","1684","0","10,000 - 19,999"
"136659","Radford M Locklin Technical Center","2014","895","201","694","434","895","163","0","155","577","0","201","108","0","93","0","0","694","55","0","62","577","0","Under 1,000"
"136701","Saint Vincent de Paul Regional Seminary","2014","120","119","1","119","0","0","0","0","0","120","0","0","0","0","0","119","0","0","0","0","0","1","Under 1,000"
"136765","Ridge Career Center","2014","664","483","181","544","664","523","0","141","0","0","483","386","0","97","0","0","181","137","0","44","0","0","Under 1,000"
"136774","Ringling College of Art and Design","2014","1219","1170","49","1189","1219","270","63","883","3","0","1170","268","62","838","2","0","49","2","1","45","1","0","1,000 - 4,999"
"136783","Toni & Guy Hairdressing Academy-Jacksonville","2014","34","34","0","34","34","13","0","21","0","0","34","13","0","21","0","0","0","0","0","0","0","0","Under 1,000"
"136826","Robert Morgan Educational Center","2014","624","445","179","505","624","226","0","398","0","0","445","156","0","289","0","0","179","70","0","109","0","0","Under 1,000"
"136950","Rollins College","2014","3207","2696","511","2894","2670","540","69","2061","0","537","2452","540","69","1843","0","244","218","0","0","218","0","293","1,000 - 4,999"
"137023","First Coast Technical College","2014","542","389","153","440","542","237","0","305","0","0","389","144","0","245","0","0","153","93","0","60","0","0","Under 1,000"
"137032","Saint Leo University","2014","16349","12214","4135","13838","12581","616","1621","9739","605","3768","8530","616","1190","6506","218","3684","4051","0","431","3233","387","84","10,000 - 19,999"
"137078","St Petersburg College","2014","32681","9123","23558","18630","32681","4523","2069","21411","4678","0","9123","2128","741","5422","832","0","23558","2395","1328","15989","3846","0","20,000 and above"
"137087","Pinellas Technical Education Center-St Petersburg","2014","1488","1134","354","1253","1488","545","0","943","0","0","1134","400","0","734","0","0","354","145","0","209","0","0","1,000 - 4,999"
"137096","Santa Fe College","2014","15055","6192","8863","9769","15055","2956","1579","9222","1298","0","6192","1632","733","3271","556","0","8863","1324","846","5951","742","0","10,000 - 19,999"
"137120","Sarasota County Technical Institute","2014","346","204","142","252","346","160","0","186","0","0","204","91","0","113","0","0","142","69","0","73","0","0","Under 1,000"
"137148","Argosy University-Sarasota","2014","690","60","630","302","146","21","26","95","4","544","9","0","1","8","0","51","137","21","25","87","4","493","Under 1,000"
"137209","Seminole State College of Florida","2014","18399","6322","12077","11196","18399","3162","1450","11903","1884","0","6322","1911","498","3861","52","0","12077","1251","952","8042","1832","0","10,000 - 19,999"
"137245","Sheridan Technical Center","2014","1465","1465","0","1465","1465","760","0","705","0","0","1465","760","0","705","0","0","0","0","0","0","0","0","1,000 - 4,999"
"137272","Saint John Vianney College Seminary","2014","108","108","0","108","77","6","5","66","0","31","77","6","5","66","0","31","0","0","0","0","0","0","Under 1,000"
"137281","Saint Johns River State College","2014","7114","2175","4939","4168","7114","1062","295","3755","2002","0","2175","604","122","1283","166","0","4939","458","173","2472","1836","0","5,000 - 9,999"
"137315","South Florida State College","2014","2780","958","1822","1693","2780","566","28","1534","652","0","958","311","15","559","73","0","1822","255","13","975","579","0","1,000 - 4,999"
"137351","University of South Florida-Main Campus","2014","41938","29724","12214","34447","31067","4116","3352","22811","788","10871","23783","4071","2365","16998","349","5941","7284","45","987","5813","439","4930","20,000 and above"
"137476","St Thomas University","2014","2217","1739","478","1922","931","163","133","635","0","1286","878","162","129","587","0","861","53","1","4","48","0","425","1,000 - 4,999"
"137537","Stenotype Institute of Jacksonville Inc-Jacksonville","2014","164","68","96","106","164","4","0","160","0","0","68","4","0","64","0","0","96","0","0","96","0","0","Under 1,000"
"137546","Stetson University","2014","4137","3905","232","3994","2841","773","104","1944","20","1296","2804","773","103","1911","17","1101","37","0","1","33","3","195","1,000 - 4,999"
"137564","Southeastern University","2014","3834","2893","941","3260","3436","905","294","1747","490","398","2715","842","276","1595","2","178","721","63","18","152","488","220","1,000 - 4,999"
"137591","Benes International School of Beauty","2014","307","307","0","307","307","76","0","231","0","0","307","76","0","231","0","0","0","0","0","0","0","0","Under 1,000"
"137713","Suwannee-Hamilton Technical Center","2014","145","107","38","120","145","116","0","29","0","0","107","95","0","12","0","0","38","21","0","17","0","0","Under 1,000"
"137759","Tallahassee Community College","2014","13049","6141","6908","8460","13049","2863","1100","8032","1054","0","6141","2056","649","3309","127","0","6908","807","451","4723","927","0","10,000 - 19,999"
"137777","Talmudic College of Florida","2014","61","61","0","61","46","10","6","30","0","15","46","10","6","30","0","15","0","0","0","0","0","0","Under 1,000"
"137801","Everest University-Tampa","2014","537","433","104","474","518","50","54","414","0","19","422","50","46","326","0","11","96","0","8","88","0","8","Under 1,000"
"137810","Everest University-Largo","2014","439","365","74","394","426","27","38","361","0","13","361","27","31","303","0","4","65","0","7","58","0","9","Under 1,000"
"137847","The University of Tampa","2014","7683","6928","755","7219","6823","1753","486","4572","12","860","6545","1752","449","4343","1","383","278","1","37","229","11","477","5,000 - 9,999"
"137856","Taylor Technical Institute","2014","142","94","48","110","142","64","0","78","0","0","94","60","0","34","0","0","48","4","0","44","0","0","Under 1,000"
"137865","Tom P Haney Technical Center","2014","395","326","69","349","395","124","0","271","0","0","326","94","0","232","0","0","69","30","0","39","0","0","Under 1,000"
"137953","Trinity Baptist College","2014","389","290","99","329","366","113","45","194","14","23","290","104","37","148","1","0","76","9","8","46","13","23","Under 1,000"
"137962","Trinity College of Florida","2014","229","193","36","207","229","32","41","151","5","0","193","31","33","129","0","0","36","1","8","22","5","0","Under 1,000"
"138132","Fashion Focus Hair Academy","2014","67","47","20","55","67","33","0","34","0","0","47","25","0","22","0","0","20","8","0","12","0","0","Under 1,000"
"138187","Valencia College","2014","43217","16437","26780","27244","43217","8663","3441","25530","5583","0","16437","5436","1626","8389","986","0","26780","3227","1815","17141","4597","0","20,000 and above"
"138275","Warner University","2014","1161","970","191","1045","1035","193","144","674","24","126","882","178","120","583","1","88","153","15","24","91","23","38","1,000 - 4,999"
"138284","Washington-Holmes Technical Center","2014","210","190","20","197","210","146","0","64","0","0","190","133","0","57","0","0","20","13","0","7","0","0","Under 1,000"
"138293","Webber International University","2014","732","686","46","704","695","149","111","427","8","37","658","149","110","393","6","28","37","0","1","34","2","9","Under 1,000"
"138309","Rasmussen College-Florida","2014","6318","3389","2929","4540","6318","256","1363","4690","9","0","3389","150","824","2415","0","0","2929","106","539","2275","9","0","5,000 - 9,999"
"138354","The University of West Florida","2014","12602","7969","4633","9757","10072","1420","1073","7301","278","2530","7394","1385","723","5153","133","575","2678","35","350","2148","145","1955","10,000 - 19,999"
"138372","Westside Tech","2014","964","466","498","633","964","210","0","331","423","0","466","193","0","273","0","0","498","17","0","58","423","0","Under 1,000"
"138479","William T McFatter Technical Center","2014","1116","1116","0","1116","1116","629","0","487","0","0","1116","629","0","487","0","0","0","0","0","0","0","0","1,000 - 4,999"
"138488","Winter Park Tech","2014","219","112","107","148","219","117","0","102","0","0","112","62","0","50","0","0","107","55","0","52","0","0","Under 1,000"
"138497","Withlacoochee Technical Institute","2014","267","267","0","267","267","182","0","85","0","0","267","182","0","85","0","0","0","0","0","0","0","0","Under 1,000"
"138558","Abraham Baldwin Agricultural College","2014","3458","2469","989","2868","3458","1017","182","2045","214","0","2469","966","110","1376","17","0","989","51","72","669","197","0","1,000 - 4,999"
"138600","Agnes Scott College","2014","873","847","26","857","873","225","11","566","71","0","847","225","11","562","49","0","26","0","0","4","22","0","Under 1,000"
"138655","Interactive College of Technology-Chamblee","2014","346","338","8","341","346","104","0","240","2","0","338","102","0","236","0","0","8","2","0","4","2","0","Under 1,000"
"138664","Interactive College of Technology-Morrow","2014","25","25","0","25","25","8","0","17","0","0","25","8","0","17","0","0","0","0","0","0","0","0","Under 1,000"
"138682","Albany Technical College","2014","3640","1840","1800","2444","3640","626","397","2401","216","0","1840","338","191","1305","6","0","1800","288","206","1096","210","0","1,000 - 4,999"
"138691","Darton State College","2014","5623","2629","2994","3837","5623","971","850","3479","323","0","2629","785","330","1454","60","0","2994","186","520","2025","263","0","5,000 - 9,999"
"138716","Albany State University","2014","3910","2988","922","3344","3316","431","273","2557","55","594","2780","428","199","2146","7","208","536","3","74","411","48","386","1,000 - 4,999"
"138761","Andrew College","2014","303","294","9","298","303","153","14","128","8","0","294","153","14","127","0","0","9","0","0","1","8","0","Under 1,000"
"138789","Armstrong Atlantic State University","2014","7094","5028","2066","5844","6346","869","701","4592","184","748","4701","795","520","3359","27","327","1645","74","181","1233","157","421","5,000 - 9,999"
"138813","The Art Institute of Atlanta","2014","2623","2242","381","2392","2623","548","313","1723","39","0","2242","498","266","1469","9","0","381","50","47","254","30","0","1,000 - 4,999"
"138822","Georgia Career Institute","2014","552","552","0","552","552","95","0","457","0","0","552","95","0","457","0","0","0","0","0","0","0","0","Under 1,000"
"138840","Atlanta Technical College","2014","4282","1376","2906","2352","4282","731","914","2372","265","0","1376","281","305","760","30","0","2906","450","609","1612","235","0","1,000 - 4,999"
"138868","Point University","2014","1522","1173","349","1310","1522","281","185","933","123","0","1173","280","161","724","8","0","349","1","24","209","115","0","1,000 - 4,999"
"138901","Atlanta Metropolitan State College","2014","2977","1504","1473","2098","2977","475","520","1855","127","0","1504","244","278","966","16","0","1473","231","242","889","111","0","1,000 - 4,999"
"138929","Atlanta's John Marshall Law School","2014","505","289","216","372","0","0","0","0","0","505","0","0","0","0","0","289","0","0","0","0","0","216","Under 1,000"
"138938","Atlanta School of Massage","2014","78","52","26","62","78","37","0","41","0","0","52","37","0","15","0","0","26","0","0","26","0","0","Under 1,000"
"138947","Clark Atlanta University","2014","3485","3086","399","3240","2567","717","111","1739","0","918","2441","706","107","1628","0","645","126","11","4","111","0","273","1,000 - 4,999"
"138956","Augusta Technical College","2014","4269","1595","2674","2493","4269","774","442","2898","155","0","1595","321","175","1095","4","0","2674","453","267","1803","151","0","1,000 - 4,999"
"139010","Bainbridge State College","2014","2470","929","1541","1446","2470","463","160","1604","243","0","929","237","68","615","9","0","1541","226","92","989","234","0","1,000 - 4,999"
"139074","Bauder College","2014","398","263","135","316","398","0","1","397","0","0","263","0","0","263","0","0","135","0","1","134","0","0","Under 1,000"
"139092","Beauty College of America","2014","46","46","0","46","46","13","0","33","0","0","46","13","0","33","0","0","0","0","0","0","0","0","Under 1,000"
"139144","Berry College","2014","2177","2080","97","2117","2085","568","37","1460","20","92","2060","568","37","1450","5","20","25","0","0","10","15","72","1,000 - 4,999"
"139153","Beulah Heights University","2014","673","247","426","413","454","52","21","378","3","219","170","24","13","131","2","77","284","28","8","247","1","142","Under 1,000"
"139199","Brenau University","2014","2789","1645","1144","2089","1596","231","279","1071","15","1193","1000","226","142","632","0","645","596","5","137","439","15","548","1,000 - 4,999"
"139205","Brewton-Parker College","2014","638","445","193","521","638","112","59","301","166","0","445","111","56","270","8","0","193","1","3","31","158","0","Under 1,000"
"139214","Brown College of Court Reporting","2014","208","48","160","112","208","13","4","191","0","0","48","2","3","43","0","0","160","11","1","148","0","0","Under 1,000"
"139250","College of Coastal Georgia","2014","3008","1858","1150","2322","3008","638","219","1976","175","0","1858","576","134","1121","27","0","1150","62","85","855","148","0","1,000 - 4,999"
"139278","West Georgia Technical College","2014","6536","1954","4582","3492","6536","1387","722","3809","618","0","1954","552","247","971","184","0","4582","835","475","2838","434","0","5,000 - 9,999"
"139287","Carver Bible College","2014","88","66","22","75","88","36","3","49","0","0","66","34","0","32","0","0","22","2","3","17","0","0","Under 1,000"
"139311","Clayton  State University","2014","7022","3864","3158","5128","6632","543","885","4636","568","390","3711","458","548","2575","130","153","2921","85","337","2061","438","237","5,000 - 9,999"
"139348","Columbia Theological Seminary","2014","213","161","52","181","0","0","0","0","0","213","0","0","0","0","0","161","0","0","0","0","0","52","Under 1,000"
"139357","Columbus Technical College","2014","3594","1220","2374","2017","3594","610","698","1869","417","0","1220","299","293","614","14","0","2374","311","405","1255","403","0","1,000 - 4,999"
"139366","Columbus State University","2014","8192","5277","2915","6417","6880","1008","749","4958","165","1312","4844","905","439","3436","64","433","2036","103","310","1522","101","879","5,000 - 9,999"
"139384","Georgia Northwestern Technical College","2014","5816","1933","3883","3237","5816","1017","1011","2778","1010","0","1933","461","359","979","134","0","3883","556","652","1799","876","0","5,000 - 9,999"
"139393","Covenant College","2014","1173","1100","73","1128","1105","265","48","753","39","68","1049","265","47","737","0","51","56","0","1","16","39","17","1,000 - 4,999"
"139463","Dalton State College","2014","4854","3034","1820","3768","4854","834","284","3553","183","0","3034","732","200","2058","44","0","1820","102","84","1495","139","0","1,000 - 4,999"
"139506","Pro Way Hair School","2014","141","141","0","141","141","44","0","97","0","0","141","44","0","97","0","0","0","0","0","0","0","0","Under 1,000"
"139579","South University-Savannah","2014","1490","1135","355","1272","764","45","188","531","0","726","592","43","124","425","0","543","172","2","64","106","0","183","1,000 - 4,999"
"139621","East Georgia State College","2014","2910","2277","633","2532","2910","1060","244","1543","63","0","2277","974","190","1106","7","0","633","86","54","437","56","0","1,000 - 4,999"
"139630","Emmanuel College","2014","816","723","93","760","816","193","70","464","89","0","723","193","68","448","14","0","93","0","2","16","75","0","Under 1,000"
"139658","Emory University","2014","14769","13354","1415","13896","7829","1824","206","5700","99","6940","7732","1823","206","5632","71","5622","97","1","0","68","28","1318","10,000 - 19,999"
"139700","Georgia Highlands College","2014","5365","2609","2756","3721","5365","1216","478","3465","206","0","2609","930","232","1409","38","0","2756","286","246","2056","168","0","5,000 - 9,999"
"139719","Fort Valley State University","2014","2594","2098","496","2289","2231","223","125","1824","59","363","1947","217","107","1620","3","151","284","6","18","204","56","212","1,000 - 4,999"
"139746","Grady Health System Professional Schools","2014","60","60","0","60","60","0","0","60","0","0","60","0","0","60","0","0","0","0","0","0","0","0","Under 1,000"
"139755","Georgia Institute of Technology-Main Campus","2014","23109","19084","4025","20600","14682","2809","499","10688","686","8427","13253","2805","484","9861","103","5831","1429","4","15","827","583","2596","20,000 and above"
"139764","Georgia Southwestern State University","2014","2666","1825","841","2162","2527","393","349","1673","112","139","1752","386","243","1116","7","73","775","7","106","557","105","66","1,000 - 4,999"
"139861","Georgia College and State University","2014","6772","5825","947","6184","5927","1465","349","4013","100","845","5522","1463","297","3721","41","303","405","2","52","292","59","542","5,000 - 9,999"
"139931","Georgia Southern University","2014","20517","16905","3612","18302","18004","3498","1173","12561","772","2513","15844","3476","1066","11251","51","1061","2160","22","107","1310","721","1452","20,000 and above"
"139940","Georgia State University","2014","32556","24200","8356","27488","25328","3700","3030","17889","709","7228","18982","3640","2169","13030","143","5218","6346","60","861","4859","566","2010","20,000 and above"
"139959","University of Georgia","2014","35197","31868","3329","33135","26882","5261","1372","20105","144","8315","25371","5240","1281","18738","112","6497","1511","21","91","1367","32","1818","20,000 and above"
"139968","Gordon State College","2014","4047","2654","1393","3216","4047","1052","282","2530","183","0","2654","971","167","1474","42","0","1393","81","115","1056","141","0","1,000 - 4,999"
"139986","Southern Crescent Technical College","2014","4898","1925","2973","2923","4898","848","1127","2583","340","0","1925","406","493","997","29","0","2973","442","634","1586","311","0","1,000 - 4,999"
"139995","Gupton Jones College of Funeral Service","2014","162","162","0","162","162","82","0","80","0","0","162","82","0","80","0","0","0","0","0","0","0","0","Under 1,000"
"140003","Gwinnett College-Lilburn","2014","325","143","182","215","325","99","0","226","0","0","143","50","0","93","0","0","182","49","0","133","0","0","Under 1,000"
"140012","Gwinnett Technical College","2014","7234","2007","5227","3762","7234","772","1286","4796","380","0","2007","291","405","1259","52","0","5227","481","881","3537","328","0","5,000 - 9,999"
"140146","Interdenominational Theological Center","2014","306","153","153","211","0","0","0","0","0","306","0","0","0","0","0","153","0","0","0","0","0","153","Under 1,000"
"140164","Kennesaw State University","2014","25714","18522","7192","21369","23592","3752","2511","16795","534","2122","17732","3652","1902","11978","200","790","5860","100","609","4817","334","1332","20,000 and above"
"140234","LaGrange College","2014","964","867","97","905","880","238","93","543","6","84","804","233","85","485","1","63","76","5","8","58","5","21","Under 1,000"
"140243","Lanier Technical College","2014","3695","945","2750","1868","3695","897","273","2212","313","0","945","294","69","572","10","0","2750","603","204","1640","303","0","1,000 - 4,999"
"140252","Life University","2014","2754","2315","439","2485","774","98","180","496","0","1980","534","97","128","309","0","1781","240","1","52","187","0","199","1,000 - 4,999"
"140331","Chattahoochee Technical College","2014","9942","3059","6883","5370","9942","1908","1200","6215","619","0","3059","852","427","1647","133","0","6883","1056","773","4568","486","0","5,000 - 9,999"
"140340","Herzing University-Atlanta","2014","403","286","117","332","341","30","28","283","0","62","241","28","27","186","0","45","100","2","1","97","0","17","Under 1,000"
"140447","Mercer University","2014","8552","6672","1880","7398","4570","832","542","3044","152","3982","3833","804","398","2534","97","2839","737","28","144","510","55","1143","5,000 - 9,999"
"140553","Morehouse College","2014","2109","2003","106","2045","2109","540","59","1507","3","0","2003","540","57","1405","1","0","106","0","2","102","2","0","1,000 - 4,999"
"140562","Morehouse School of Medicine","2014","398","393","5","395","0","0","0","0","0","398","0","0","0","0","0","393","0","0","0","0","0","5","Under 1,000"
"140599","Moultrie Technical College","2014","2071","763","1308","1202","2071","321","0","986","764","0","763","222","0","532","9","0","1308","99","0","454","755","0","1,000 - 4,999"
"140678","North Georgia Technical College","2014","2663","1067","1596","1603","2663","613","217","1667","166","0","1067","360","102","599","6","0","1596","253","115","1068","160","0","1,000 - 4,999"
"140696","Oglethorpe University","2014","1094","1034","60","1058","1094","282","72","710","30","0","1034","279","62","674","19","0","60","3","10","36","11","0","1,000 - 4,999"
"140720","Paine College","2014","848","783","65","809","848","215","54","572","7","0","783","205","51","527","0","0","65","10","3","45","7","0","Under 1,000"
"140818","Piedmont College","2014","2120","1525","595","1754","1286","271","110","905","0","834","1137","269","88","780","0","388","149","2","22","125","0","446","1,000 - 4,999"
"140827","Portfolio Center","2014","81","81","0","81","81","1","0","80","0","0","81","1","0","80","0","0","0","0","0","0","0","0","Under 1,000"
"140872","Reinhardt University","2014","1422","1286","136","1339","1334","310","172","835","17","88","1231","310","138","780","3","55","103","0","34","55","14","33","1,000 - 4,999"
"140942","Savannah Technical College","2014","4644","1520","3124","2569","4644","803","748","2672","421","0","1520","279","300","847","94","0","3124","524","448","1825","327","0","1,000 - 4,999"
"140951","Savannah College of Art and Design","2014","11347","9124","2223","9990","9092","1833","577","6436","246","2255","7570","1728","512","5145","185","1554","1522","105","65","1291","61","701","10,000 - 19,999"
"140960","Savannah State University","2014","4915","4305","610","4550","4769","1248","205","3206","110","146","4196","1196","175","2787","38","109","573","52","30","419","72","37","1,000 - 4,999"
"140988","Shorter University","2014","1566","1363","203","1442","1460","296","184","969","11","106","1319","291","152","871","5","44","141","5","32","98","6","62","1,000 - 4,999"
"141006","South Georgia Technical College","2014","1658","866","792","1132","1658","496","41","935","186","0","866","329","25","482","30","0","792","167","16","453","156","0","1,000 - 4,999"
"141015","The Creative Circus","2014","126","104","22","113","126","6","0","120","0","0","104","6","0","98","0","0","22","0","0","22","0","0","Under 1,000"
"141060","Spelman College","2014","2135","2072","63","2097","2135","552","27","1556","0","0","2072","550","25","1497","0","0","63","2","2","59","0","0","1,000 - 4,999"
"141097","Southern Polytechnic State University","2014","6786","4509","2277","5403","5971","913","709","4268","81","815","4282","868","477","2893","44","227","1689","45","232","1375","37","588","5,000 - 9,999"
"141158","Southwest Georgia Technical College","2014","1541","408","1133","788","1541","171","433","547","390","0","408","70","135","146","57","0","1133","101","298","401","333","0","1,000 - 4,999"
"141167","Thomas University","2014","1138","590","548","803","870","93","147","560","70","268","508","88","91","313","16","82","362","5","56","247","54","186","1,000 - 4,999"
"141185","Toccoa Falls College","2014","920","780","140","835","920","162","80","565","113","0","780","160","70","525","25","0","140","2","10","40","88","0","Under 1,000"
"141237","Truett-McConnell College","2014","1681","761","920","1122","1663","209","47","473","934","18","752","207","43","436","66","9","911","2","4","37","868","9","1,000 - 4,999"
"141255","Wiregrass Georgia Technical College","2014","3629","1092","2537","1944","3629","610","326","1906","787","0","1092","251","136","686","19","0","2537","359","190","1220","768","0","1,000 - 4,999"
"141264","Valdosta State University","2014","11563","8473","3090","9654","9328","1622","791","6822","93","2235","7815","1585","634","5568","28","658","1513","37","157","1254","65","1577","10,000 - 19,999"
"141325","Wesleyan College","2014","711","540","171","607","661","106","56","391","108","50","490","106","48","322","14","50","171","0","8","69","94","0","Under 1,000"
"141334","University of West Georgia","2014","12206","9152","3054","10329","10249","2205","775","7002","267","1957","8531","2167","572","5699","93","621","1718","38","203","1303","174","1336","10,000 - 19,999"
"141361","Young Harris College","2014","1218","1186","32","1199","1218","448","40","692","38","0","1186","448","40","679","19","0","32","0","0","13","19","0","1,000 - 4,999"
"141468","Heald College-Honolulu","2014","1401","1093","308","1215","1401","215","100","1086","0","0","1093","158","69","866","0","0","308","57","31","220","0","0","1,000 - 4,999"
"141486","Chaminade University of Honolulu","2014","2756","2150","606","2386","2055","269","163","1585","38","701","1674","239","144","1278","13","476","381","30","19","307","25","225","1,000 - 4,999"
"141565","University of Hawaii at Hilo","2014","3924","3159","765","3462","3362","432","612","2251","67","562","2726","427","475","1822","2","433","636","5","137","429","65","129","1,000 - 4,999"
"141574","University of Hawaii at Manoa","2014","19507","14526","4981","16427","14126","1841","1696","10130","459","5381","11741","1808","1286","8385","262","2785","2385","33","410","1745","197","2596","10,000 - 19,999"
"141608","Hawaii Institute of Hair Design","2014","81","81","0","81","81","7","0","74","0","0","81","7","0","74","0","0","0","0","0","0","0","0","Under 1,000"
"141644","Hawaii Pacific University","2014","5827","3812","2015","4600","4835","590","795","3356","94","992","3145","509","495","2131","10","667","1690","81","300","1225","84","325","5,000 - 9,999"
"141680","Honolulu Community College","2014","4144","1556","2588","2425","4144","663","462","2136","883","0","1556","416","208","879","53","0","2588","247","254","1257","830","0","1,000 - 4,999"
"141796","Kapiolani Community College","2014","7994","2994","5000","4673","7994","1249","734","3781","2230","0","2994","802","301","1737","154","0","5000","447","433","2044","2076","0","5,000 - 9,999"
"141802","Kauai Community College","2014","1424","546","878","841","1424","326","52","834","212","0","546","212","21","305","8","0","878","114","31","529","204","0","1,000 - 4,999"
"141811","Leeward Community College","2014","7742","3195","4547","4722","7742","1344","660","3785","1953","0","3195","946","312","1784","153","0","4547","398","348","2001","1800","0","5,000 - 9,999"
"141839","University of Hawaii Maui College","2014","3809","1325","2484","2327","3809","673","222","2407","507","0","1325","385","69","852","19","0","2484","288","153","1555","488","0","1,000 - 4,999"
"141848","Med-Assist School of Hawaii Inc","2014","92","86","6","88","92","35","0","57","0","0","86","34","0","52","0","0","6","1","0","5","0","0","Under 1,000"
"141936","World Medicine Institute","2014","49","49","0","49","0","0","0","0","0","49","0","0","0","0","0","49","0","0","0","0","0","0","Under 1,000"
"141945","Travel Institute of the Pacific","2014","153","153","0","153","153","40","0","113","0","0","153","40","0","113","0","0","0","0","0","0","0","0","Under 1,000"
"141981","University of Hawaii-West Oahu","2014","2661","1209","1452","1795","2661","266","570","1588","237","0","1209","196","232","767","14","0","1452","70","338","821","223","0","1,000 - 4,999"
"141990","Windward Community College","2014","2661","936","1725","1515","2661","392","258","1132","879","0","936","276","99","506","55","0","1725","116","159","626","824","0","1,000 - 4,999"
"142054","Carrington College-Boise","2014","494","455","39","470","494","27","106","361","0","0","455","27","94","334","0","0","39","0","12","27","0","0","Under 1,000"
"142090","Boise Bible College","2014","175","156","19","163","175","43","13","116","3","0","156","42","12","102","0","0","19","1","1","14","3","0","Under 1,000"
"142115","Boise State University","2014","22227","13038","9189","16662","19333","2297","1378","12531","3127","2894","12155","2193","899","9032","31","883","7178","104","479","3499","3096","2011","20,000 and above"
"142179","Eastern Idaho Technical College","2014","686","272","414","411","686","74","70","394","148","0","272","45","38","184","5","0","414","29","32","210","143","0","Under 1,000"
"142276","Idaho State University","2014","13429","8430","4999","10418","11517","1776","439","7155","2147","1912","7214","1591","315","5265","43","1216","4303","185","124","1890","2104","696","10,000 - 19,999"
"142285","University of Idaho","2014","11702","9114","2588","10116","9283","1590","604","5968","1121","2419","7718","1554","521","5532","111","1396","1565","36","83","436","1010","1023","10,000 - 19,999"
"142294","The College of Idaho","2014","1144","1097","47","1115","1120","276","59","778","7","24","1085","276","58","751","0","12","35","0","1","27","7","12","1,000 - 4,999"
"142328","Lewis-Clark State College","2014","4304","2436","1868","3190","4304","515","395","2258","1136","0","2436","491","238","1693","14","0","1868","24","157","565","1122","0","1,000 - 4,999"
"142337","ITT Technical Institute-Boise","2014","274","181","93","218","274","28","1","245","0","0","181","24","0","157","0","0","93","4","1","88","0","0","Under 1,000"
"142407","Joseph Charles Institute of Cosmetology","2014","67","61","6","63","67","9","0","58","0","0","61","6","0","55","0","0","6","3","0","3","0","0","Under 1,000"
"142416","Mr Leon's School of Hair Design-Moscow","2014","16","16","0","16","16","10","0","6","0","0","16","10","0","6","0","0","0","0","0","0","0","0","Under 1,000"
"142443","North Idaho College","2014","5768","2749","3019","3763","5768","944","234","3571","1019","0","2749","655","152","1817","125","0","3019","289","82","1754","894","0","5,000 - 9,999"
"142461","Northwest Nazarene University","2014","2249","1719","530","1925","1524","276","80","944","224","725","1167","274","78","807","8","552","357","2","2","137","216","173","1,000 - 4,999"
"142489","The School of Hairstyling","2014","34","34","0","34","34","8","0","26","0","0","34","8","0","26","0","0","0","0","0","0","0","0","Under 1,000"
"142522","Brigham Young University-Idaho","2014","36624","15609","21015","23865","36624","2190","1789","19886","12759","0","15609","1964","1595","12045","5","0","21015","226","194","7841","12754","0","20,000 and above"
"142559","College of Southern Idaho","2014","8473","2402","6071","4440","8473","1059","328","3234","3852","0","2402","672","205","1433","92","0","6071","387","123","1801","3760","0","5,000 - 9,999"
"142832","Adler School of Professional Psychology","2014","1004","751","253","848","0","0","0","0","0","1004","0","0","0","0","0","751","0","0","0","0","0","253","1,000 - 4,999"
"142869","Alvareitas College of Cosmetology-Edwardsville","2014","47","31","16","37","47","29","0","18","0","0","31","19","0","12","0","0","16","10","0","6","0","0","Under 1,000"
"142878","Alvareitas College of Cosmetology-Godfrey","2014","50","50","0","50","50","47","0","3","0","0","50","47","0","3","0","0","0","0","0","0","0","0","Under 1,000"
"142887","American Academy of Art","2014","365","246","119","293","365","94","9","262","0","0","246","69","8","169","0","0","119","25","1","93","0","0","Under 1,000"
"143048","School of the Art Institute of Chicago","2014","3599","3250","349","3386","2861","604","231","1948","78","738","2602","603","221","1778","0","648","259","1","10","170","78","90","1,000 - 4,999"
"143084","Augustana College","2014","2497","2472","25","2482","2497","726","53","1690","28","0","2472","726","53","1675","18","0","25","0","0","15","10","0","1,000 - 4,999"
"143118","Aurora University","2014","5084","3513","1571","4117","3204","660","591","1948","5","1880","2832","642","488","1702","0","681","372","18","103","246","5","1199","5,000 - 9,999"
"143181","Concept College of Cosmetology","2014","32","32","0","32","32","10","0","22","0","0","32","10","0","22","0","0","0","0","0","0","0","0","Under 1,000"
"143215","Southwestern Illinois College","2014","10545","4591","5954","6590","10545","1435","496","7356","1258","0","4591","1039","295","3060","197","0","5954","396","201","4296","1061","0","10,000 - 19,999"
"143233","Bethany Theological Seminary","2014","67","35","32","47","0","0","0","0","0","67","0","0","0","0","0","35","0","0","0","0","0","32","Under 1,000"
"143279","Black Hawk College","2014","6307","2346","3961","3676","6307","485","321","3444","2057","0","2346","383","180","1639","144","0","3961","102","141","1805","1913","0","5,000 - 9,999"
"143288","Blackburn College","2014","585","554","31","566","585","171","55","352","7","0","554","167","53","333","1","0","31","4","2","19","6","0","Under 1,000"
"143297","Blessing Rieman College of Nursing","2014","253","193","60","216","234","0","29","205","0","19","193","0","29","164","0","0","41","0","0","41","0","19","Under 1,000"
"143303","Blessing Hospital School of Radiologic Technology","2014","20","20","0","20","20","0","0","20","0","0","20","0","0","20","0","0","0","0","0","0","0","0","Under 1,000"
"143358","Bradley University","2014","5300","4765","535","4972","4588","948","227","3410","3","712","4370","947","210","3213","0","395","218","1","17","197","3","317","5,000 - 9,999"
"143376","Paul Mitchell the School-Bradley","2014","338","263","75","293","338","173","0","165","0","0","263","132","0","131","0","0","75","41","0","34","0","0","Under 1,000"
"143464","Cameo Beauty Academy","2014","109","51","58","74","109","10","0","99","0","0","51","3","0","48","0","0","58","7","0","51","0","0","Under 1,000"
"143473","Cannella School of Hair Design-Villa Park","2014","74","12","62","37","74","32","0","42","0","0","12","1","0","11","0","0","62","31","0","31","0","0","Under 1,000"
"143482","Cannella School of Hair Design-Chicago","2014","95","14","81","46","95","22","0","73","0","0","14","1","0","13","0","0","81","21","0","60","0","0","Under 1,000"
"143491","Cannella School of Hair Design-Chicago","2014","129","10","119","57","129","75","0","54","0","0","10","3","0","7","0","0","119","72","0","47","0","0","Under 1,000"
"143516","Cannella School of Hair Design-Elgin","2014","48","9","39","24","48","31","0","17","0","0","9","5","0","4","0","0","39","26","0","13","0","0","Under 1,000"
"143543","Empire Beauty School-Hanover Park","2014","76","52","24","62","76","54","0","22","0","0","52","38","0","14","0","0","24","16","0","8","0","0","Under 1,000"
"143552","Capri Beauty College","2014","92","64","28","75","92","13","0","79","0","0","64","11","0","53","0","0","28","2","0","26","0","0","Under 1,000"
"143613","Carl Sandburg College","2014","2200","956","1244","1374","2200","346","302","943","609","0","956","239","188","468","61","0","1244","107","114","475","548","0","1,000 - 4,999"
"143659","Catholic Theological Union at Chicago","2014","410","118","292","230","0","0","0","0","0","410","0","0","0","0","0","118","0","0","0","0","0","292","Under 1,000"
"143695","La James International College-East Moline","2014","17","17","0","17","17","3","0","14","0","0","17","3","0","14","0","0","0","0","0","0","0","0","Under 1,000"
"143853","Midwestern University-Downers Grove","2014","2917","2863","54","2884","0","0","0","0","0","2917","0","0","0","0","0","2863","0","0","0","0","0","54","1,000 - 4,999"
"143978","The Chicago School of Professional Psychology at Chicago","2014","1561","958","603","1188","0","0","0","0","0","1561","0","0","0","0","0","958","0","0","0","0","0","603","1,000 - 4,999"
"144005","Chicago State University","2014","5211","3234","1977","4008","3912","289","514","3071","38","1299","2498","253","375","1866","4","736","1414","36","139","1205","34","563","5,000 - 9,999"
"144014","Chicago Theological Seminary","2014","249","137","112","180","0","0","0","0","0","249","0","0","0","0","0","137","0","0","0","0","0","112","Under 1,000"
"144050","University of Chicago","2014","15097","12658","2439","13591","5738","1445","21","4263","9","9359","5674","1445","21","4199","9","6984","64","0","0","64","0","2375","10,000 - 19,999"
"144157","City Colleges of Chicago-Kennedy-King College","2014","5313","2632","2681","3532","5313","507","355","2974","1477","0","2632","416","280","1928","8","0","2681","91","75","1046","1469","0","5,000 - 9,999"
"144166","City Colleges of Chicago-Malcolm X College","2014","6245","2738","3507","3915","6245","765","582","3551","1347","0","2738","536","318","1833","51","0","3507","229","264","1718","1296","0","5,000 - 9,999"
"144175","City Colleges of Chicago-Olive-Harvey College","2014","4572","1959","2613","2836","4572","297","225","2470","1580","0","1959","194","143","1071","551","0","2613","103","82","1399","1029","0","1,000 - 4,999"
"144184","City Colleges of Chicago-Harry S Truman College","2014","10601","2623","7978","5302","10601","595","539","4389","5078","0","2623","438","255","1722","208","0","7978","157","284","2667","4870","0","10,000 - 19,999"
"144193","City Colleges of Chicago-Richard J Daley College","2014","8914","3055","5859","5022","8914","663","338","3270","4643","0","3055","418","187","1440","1010","0","5859","245","151","1830","3633","0","5,000 - 9,999"
"144209","City Colleges of Chicago-Harold Washington College","2014","9392","5828","3564","7025","9392","1506","1053","5954","879","0","5828","1297","699","3681","151","0","3564","209","354","2273","728","0","5,000 - 9,999"
"144218","City Colleges of Chicago-Wilbur Wright College","2014","12146","4063","8083","6777","12146","1545","645","6877","3079","0","4063","1013","337","2555","158","0","8083","532","308","4322","2921","0","10,000 - 19,999"
"144281","Columbia College-Chicago","2014","9440","8491","949","8863","9003","1820","615","6494","74","437","8172","1787","559","5807","19","319","831","33","56","687","55","118","5,000 - 9,999"
"144351","Concordia University-Chicago","2014","5038","1611","3427","2922","1538","300","190","1001","47","3500","1397","300","173","923","1","214","141","0","17","78","46","3286","5,000 - 9,999"
"144467","Le Cordon Bleu College of Culinary Arts-Chicago","2014","1086","1086","0","1086","1086","142","80","864","0","0","1086","142","80","864","0","0","0","0","0","0","0","0","1,000 - 4,999"
"144485","Coyne College","2014","611","611","0","611","611","147","0","464","0","0","611","147","0","464","0","0","0","0","0","0","0","0","Under 1,000"
"144564","Danville Area Community College","2014","3207","1069","2138","1787","3207","677","152","1383","995","0","1069","381","75","594","19","0","2138","296","77","789","976","0","1,000 - 4,999"
"144573","Concept College of Cosmetology","2014","42","42","0","42","42","17","0","25","0","0","42","17","0","25","0","0","0","0","0","0","0","0","Under 1,000"
"144740","DePaul University","2014","23799","18501","5298","20552","16153","2544","1580","11734","295","7646","13643","2540","1324","9714","65","4858","2510","4","256","2020","230","2788","20,000 and above"
"144795","Cosmetology & Spa Academy","2014","177","165","12","170","177","61","0","116","0","0","165","56","0","109","0","0","12","5","0","7","0","0","Under 1,000"
"144865","College of DuPage","2014","29476","10022","19454","16553","29476","3758","1249","15957","8512","0","10022","2574","562","5803","1083","0","19454","1184","687","10154","7429","0","20,000 and above"
"144883","East-West University","2014","555","551","4","553","555","118","14","423","0","0","551","118","14","419","0","0","4","0","0","4","0","0","Under 1,000"
"144892","Eastern Illinois University","2014","8913","7392","1521","7982","7640","1126","906","5493","115","1273","6676","1120","752","4800","4","716","964","6","154","693","111","557","5,000 - 9,999"
"144944","Elgin Community College","2014","10929","3564","7365","6037","10929","1300","472","6582","2575","0","3564","885","192","2223","264","0","7365","415","280","4359","2311","0","10,000 - 19,999"
"144962","Elmhurst College","2014","3257","2784","473","2966","2853","510","328","1935","80","404","2699","510","313","1845","31","85","154","0","15","90","49","319","1,000 - 4,999"
"144971","Eureka College","2014","664","632","32","645","664","168","63","421","12","0","632","168","62","399","3","0","32","0","1","22","9","0","Under 1,000"
"145099","First Institute Inc","2014","286","286","0","286","286","42","0","244","0","0","286","42","0","244","0","0","0","0","0","0","0","0","Under 1,000"
"145239","Fox College","2014","360","360","0","360","360","39","92","223","6","0","360","39","92","223","6","0","0","0","0","0","0","0","Under 1,000"
"145275","Garrett-Evangelical Theological Seminary","2014","365","227","138","280","0","0","0","0","0","365","0","0","0","0","0","227","0","0","0","0","0","138","Under 1,000"
"145309","Gem City College","2014","51","51","0","51","51","18","0","33","0","0","51","18","0","33","0","0","0","0","0","0","0","0","Under 1,000"
"145336","Governors State University","2014","5776","2464","3312","3740","3585","242","954","2361","28","2191","1713","242","524","946","1","751","1872","0","430","1415","27","1440","5,000 - 9,999"
"145354","Graham Hospital School of Nursing","2014","82","21","61","45","82","2","0","80","0","0","21","2","0","19","0","0","61","0","0","61","0","0","Under 1,000"
"145372","Greenville College","2014","1307","1064","243","1158","1103","268","89","698","48","204","1031","268","84","670","9","33","72","0","5","28","39","171","1,000 - 4,999"
"145406","Hair Professionals Academy of Cosmetology","2014","239","83","156","145","239","40","0","199","0","0","83","17","0","66","0","0","156","23","0","133","0","0","Under 1,000"
"145424","Hair Professionals Career College","2014","80","30","50","50","80","4","0","76","0","0","30","1","0","29","0","0","50","3","0","47","0","0","Under 1,000"
"145433","Hair Professionals School of Cosmetology","2014","80","44","36","58","80","12","0","68","0","0","44","3","0","41","0","0","36","9","0","27","0","0","Under 1,000"
"145460","Harrington College of Design","2014","516","173","343","306","298","18","32","248","0","218","129","9","19","101","0","44","169","9","13","147","0","174","Under 1,000"
"145497","Hebrew Theological College","2014","468","380","88","415","465","277","26","101","61","3","377","277","23","77","0","3","88","0","3","24","61","0","Under 1,000"
"145521","Highland Community College","2014","1730","965","765","1222","1730","395","47","1014","274","0","965","324","26","550","65","0","765","71","21","464","209","0","1,000 - 4,999"
"145558","Rosalind Franklin University of Medicine and Science","2014","2191","2026","165","2089","0","0","0","0","0","2191","0","0","0","0","0","2026","0","0","0","0","0","165","1,000 - 4,999"
"145600","University of Illinois at Chicago","2014","27969","23263","4706","25018","16718","3030","1718","11887","83","11251","15459","3011","1550","10836","62","7804","1259","19","168","1051","21","3447","20,000 and above"
"145619","Benedictine University","2014","6307","3502","2805","4582","3818","673","541","2536","68","2489","3072","667","421","1954","30","430","746","6","120","582","38","2059","5,000 - 9,999"
"145628","Illinois College of Optometry","2014","638","638","0","638","0","0","0","0","0","638","0","0","0","0","0","638","0","0","0","0","0","0","Under 1,000"
"145637","University of Illinois at Urbana-Champaign","2014","45140","41414","3726","42813","32959","6937","1331","23607","1084","12181","31742","6926","1320","23066","430","9672","1217","11","11","541","654","2509","20,000 and above"
"145646","Illinois Wesleyan University","2014","1893","1885","8","1888","1893","455","30","1398","10","0","1885","455","30","1392","8","0","8","0","0","6","2","0","1,000 - 4,999"
"145682","Illinois Central College","2014","10296","3680","6616","5901","10296","1604","199","6131","2362","0","3680","1117","106","2292","165","0","6616","487","93","3839","2197","0","10,000 - 19,999"
"145691","Illinois College","2014","965","952","13","957","957","253","32","663","9","8","952","253","32","660","7","0","5","0","0","3","2","8","Under 1,000"
"145707","Olney Central College","2014","1398","632","766","889","1398","220","31","582","565","0","632","195","24","387","26","0","766","25","7","195","539","0","1,000 - 4,999"
"145725","Illinois Institute of Technology","2014","7898","6681","1217","7148","3099","440","505","2101","53","4799","2922","440","488","1992","2","3759","177","0","17","109","51","1040","5,000 - 9,999"
"145770","Argosy University-Chicago","2014","858","244","614","480","247","24","32","189","2","611","83","12","13","58","0","161","164","12","19","131","2","450","Under 1,000"
"145813","Illinois State University","2014","20615","18219","2396","19132","18155","3589","1882","12585","99","2460","17040","3581","1761","11626","72","1179","1115","8","121","959","27","1281","20,000 and above"
"145831","Illinois Valley Community College","2014","3525","1467","2058","2158","3525","362","68","2339","756","0","1467","247","33","1121","66","0","2058","115","35","1218","690","0","1,000 - 4,999"
"145886","Institute for Clinical Social Work","2014","124","117","7","120","0","0","0","0","0","124","0","0","0","0","0","117","0","0","0","0","0","7","Under 1,000"
"146010","International Academy of Design and Technology-Chicago","2014","229","190","39","205","229","14","12","203","0","0","190","14","11","165","0","0","39","0","1","38","0","0","Under 1,000"
"146205","John A Logan College","2014","6718","2107","4611","3655","6718","655","1128","1881","3054","0","2107","475","553","999","80","0","4611","180","575","882","2974","0","5,000 - 9,999"
"146241","The John Marshall Law School","2014","1307","897","410","1054","0","0","0","0","0","1307","0","0","0","0","0","897","0","0","0","0","0","410","1,000 - 4,999"
"146278","John Wood Community College","2014","1900","930","970","1256","1900","473","129","975","323","0","930","376","66","477","11","0","970","97","63","498","312","0","1,000 - 4,999"
"146296","Joliet Junior College","2014","15776","5562","10214","8991","15776","1688","344","10574","3170","0","5562","967","173","4366","56","0","10214","721","171","6208","3114","0","10,000 - 19,999"
"146339","Judson University","2014","1288","864","424","1030","1154","201","173","677","103","134","781","193","77","507","4","83","373","8","96","170","99","51","1,000 - 4,999"
"146348","Kankakee Community College","2014","3378","1386","1992","2055","3378","376","120","2397","485","0","1386","260","77","976","73","0","1992","116","43","1421","412","0","1,000 - 4,999"
"146366","Kaskaskia College","2014","4906","1716","3190","2787","4906","268","58","2328","2252","0","1716","164","45","1331","176","0","3190","104","13","997","2076","0","1,000 - 4,999"
"146393","Kendall College","2014","1516","904","612","1144","1516","97","241","1114","64","0","904","93","170","637","4","0","612","4","71","477","60","0","1,000 - 4,999"
"146418","Kishwaukee College","2014","4475","2030","2445","2851","4475","569","289","2435","1182","0","2030","425","203","1328","74","0","2445","144","86","1107","1108","0","1,000 - 4,999"
"146427","Knox College","2014","1399","1367","32","1380","1399","362","36","978","23","0","1367","362","36","967","2","0","32","0","0","11","21","0","1,000 - 4,999"
"146454","Educators of Beauty College of Cosmetology-La Salle","2014","39","39","0","39","39","12","0","27","0","0","39","12","0","27","0","0","0","0","0","0","0","0","Under 1,000"
"146472","College of Lake County","2014","15410","4303","11107","8032","15410","1808","418","8835","4349","0","4303","1140","198","2499","466","0","11107","668","220","6336","3883","0","10,000 - 19,999"
"146481","Lake Forest College","2014","1626","1592","34","1605","1607","410","69","1121","7","19","1589","410","67","1109","3","3","18","0","2","12","4","16","1,000 - 4,999"
"146490","Lake Forest Graduate School of Management","2014","470","0","470","180","0","0","0","0","0","470","0","0","0","0","0","0","0","0","0","0","0","470","Under 1,000"
"146506","Lake Land College","2014","5593","2459","3134","3511","5593","928","161","2612","1892","0","2459","771","108","1516","64","0","3134","157","53","1096","1828","0","5,000 - 9,999"
"146533","Lakeview College of Nursing","2014","317","252","65","278","317","0","94","176","47","0","252","0","94","158","0","0","65","0","0","18","47","0","Under 1,000"
"146603","Lewis and Clark Community College","2014","7903","2311","5592","4188","7903","689","148","3567","3499","0","2311","558","83","1502","168","0","5592","131","65","2065","3331","0","5,000 - 9,999"
"146612","Lewis University","2014","6689","4203","2486","5163","4752","744","599","3262","147","1937","3816","743","406","2666","1","387","936","1","193","596","146","1550","5,000 - 9,999"
"146667","Lincoln Christian University","2014","940","537","403","692","573","71","63","419","20","367","456","67","56","321","12","81","117","4","7","98","8","286","Under 1,000"
"146676","Lincoln College","2014","1264","831","433","1001","1264","377","116","691","80","0","831","369","69","388","5","0","433","8","47","303","75","0","1,000 - 4,999"
"146685","Lincoln Land Community College","2014","7006","2956","4050","4316","7006","1365","103","4105","1433","0","2956","1020","66","1702","168","0","4050","345","37","2403","1265","0","5,000 - 9,999"
"146700","Lincoln College of Technology-Melrose Park","2014","717","717","0","717","717","157","1","559","0","0","717","157","1","559","0","0","0","0","0","0","0","0","Under 1,000"
"146719","Loyola University Chicago","2014","15902","13431","2471","14386","10322","2292","488","7262","280","5580","9331","2288","438","6480","125","4100","991","4","50","782","155","1480","10,000 - 19,999"
"146728","Lutheran School of Theology at Chicago","2014","228","165","63","189","0","0","0","0","0","228","0","0","0","0","0","165","0","0","0","0","0","63","Under 1,000"
"146755","Trinity College of Nursing & Health Sciences","2014","246","134","112","178","242","4","115","84","39","4","134","3","81","50","0","0","108","1","34","34","39","4","Under 1,000"
"146791","CET-Chicago","2014","151","151","0","151","151","59","0","92","0","0","151","59","0","92","0","0","0","0","0","0","0","0","Under 1,000"
"146807","Mac Daniels Beauty School","2014","64","46","18","53","64","6","0","58","0","0","46","4","0","42","0","0","18","2","0","16","0","0","Under 1,000"
"146816","MacCormac College","2014","216","95","121","143","216","33","27","123","33","0","95","24","19","50","2","0","121","9","8","73","31","0","Under 1,000"
"146825","MacMurray College","2014","554","525","29","536","554","113","50","383","8","0","525","113","47","364","1","0","29","0","3","19","7","0","Under 1,000"
"146977","McCormick Theological Seminary","2014","181","65","116","109","0","0","0","0","0","181","0","0","0","0","0","65","0","0","0","0","0","116","Under 1,000"
"147004","McHenry County College","2014","6567","2460","4107","3839","6567","1144","556","2848","2019","0","2460","702","195","1166","397","0","4107","442","361","1682","1622","0","5,000 - 9,999"
"147013","McKendree University","2014","3131","2127","1004","2517","2521","421","350","1681","69","610","1950","421","226","1300","3","177","571","0","124","381","66","433","1,000 - 4,999"
"147031","Meadville Lombard Theological School","2014","85","58","27","68","0","0","0","0","0","85","0","0","0","0","0","58","0","0","0","0","0","27","Under 1,000"
"147129","Methodist College","2014","595","348","247","445","595","4","139","452","0","0","348","4","88","256","0","0","247","0","51","196","0","0","Under 1,000"
"147165","Midstate College","2014","521","154","367","298","521","13","103","394","11","0","154","3","26","124","1","0","367","10","77","270","10","0","Under 1,000"
"147244","Millikin University","2014","2190","2090","100","2129","2112","477","137","1468","30","78","2018","476","123","1405","14","72","94","1","14","63","16","6","1,000 - 4,999"
"147341","Monmouth College","2014","1300","1279","21","1287","1300","394","44","843","19","0","1279","394","42","836","7","0","21","0","2","7","12","0","1,000 - 4,999"
"147369","Moody Bible Institute","2014","3967","2708","1259","3197","3235","480","396","2263","96","732","2498","430","309","1750","9","210","737","50","87","513","87","522","1,000 - 4,999"
"147378","Moraine Valley Community College","2014","15286","6624","8662","9532","15286","2200","452","8808","3826","0","6624","1681","218","3935","790","0","8662","519","234","4873","3036","0","10,000 - 19,999"
"147396","Morrison Institute of Technology","2014","86","86","0","86","86","41","0","44","1","0","86","41","0","44","1","0","0","0","0","0","0","0","Under 1,000"
"147411","Morton College","2014","4653","1439","3214","2518","4653","511","52","2184","1906","0","1439","309","29","834","267","0","3214","202","23","1350","1639","0","1,000 - 4,999"
"147439","Mr John's School of Cosmetology Esthetics & Nails-Decatur","2014","66","49","17","56","66","16","0","50","0","0","49","12","0","37","0","0","17","4","0","13","0","0","Under 1,000"
"147536","National Louis University","2014","4582","2038","2544","3017","1341","16","298","993","34","3241","689","13","174","502","0","1349","652","3","124","491","34","1892","1,000 - 4,999"
"147590","National University of Health Sciences","2014","705","625","80","656","97","0","36","31","30","608","37","0","14","13","10","588","60","0","22","18","20","20","Under 1,000"
"147642","Niles School of Cosmetology","2014","53","16","37","31","53","19","0","34","0","0","16","6","0","10","0","0","37","13","0","24","0","0","Under 1,000"
"147660","North Central College","2014","3043","2681","362","2821","2782","576","275","1834","97","261","2601","576","268","1742","15","80","181","0","7","92","82","181","1,000 - 4,999"
"147679","North Park University","2014","3185","2040","1145","2481","2200","403","256","1522","19","985","1911","403","206","1299","3","129","289","0","50","223","16","856","1,000 - 4,999"
"147697","Northern Baptist Theological Seminary","2014","205","125","80","156","0","0","0","0","0","205","0","0","0","0","0","125","0","0","0","0","0","80","Under 1,000"
"147703","Northern Illinois University","2014","20611","15857","4754","17658","15435","2542","1835","11014","44","5176","13489","2499","1572","9396","22","2368","1946","43","263","1618","22","2808","20,000 and above"
"147749","Northwestern College-Chicago Campus","2014","338","170","168","237","338","75","9","250","4","0","170","53","4","111","2","0","168","22","5","139","2","0","Under 1,000"
"147767","Northwestern University","2014","21554","17022","4532","18761","9048","2043","55","6627","323","12506","8398","2043","55","6259","41","8624","650","0","0","368","282","3882","20,000 and above"
"147776","Northeastern Illinois University","2014","10275","5069","5206","7108","8412","770","1280","6234","128","1863","4695","726","681","3239","49","374","3717","44","599","2995","79","1489","10,000 - 19,999"
"147800","Oakton Community College","2014","10589","2947","7642","5513","10589","1161","872","7899","657","0","2947","691","274","1980","2","0","7642","470","598","5919","655","0","10,000 - 19,999"
"147819","Oehrlein School of Cosmetology","2014","61","61","0","61","61","31","0","30","0","0","61","31","0","30","0","0","0","0","0","0","0","0","Under 1,000"
"147828","Olivet Nazarene University","2014","4861","3584","1277","4077","3521","780","304","2420","17","1340","3082","779","213","2090","0","502","439","1","91","330","17","838","1,000 - 4,999"
"147916","Parkland College","2014","8443","3575","4868","5209","8443","1100","176","5956","1211","0","3575","857","127","2440","151","0","4868","243","49","3516","1060","0","5,000 - 9,999"
"147970","Pivot Point Academy-Evanston","2014","138","138","0","138","138","64","0","74","0","0","138","64","0","74","0","0","0","0","0","0","0","0","Under 1,000"
"148007","Prairie State College","2014","4574","1774","2800","2714","4574","522","257","3409","386","0","1774","243","134","1352","45","0","2800","279","123","2057","341","0","1,000 - 4,999"
"148016","Principia College","2014","493","486","7","489","493","120","18","349","6","0","486","120","18","342","6","0","7","0","0","7","0","0","Under 1,000"
"148098","Professional's Choice Hair Design Academy","2014","61","44","17","51","61","7","0","54","0","0","44","7","0","37","0","0","17","0","0","17","0","0","Under 1,000"
"148131","Quincy University","2014","1279","1054","225","1141","1097","214","87","774","22","182","1019","214","82","723","0","35","78","0","5","51","22","147","1,000 - 4,999"
"148140","Vatterott College-Quincy","2014","140","140","0","140","140","9","7","124","0","0","140","9","7","124","0","0","0","0","0","0","0","0","Under 1,000"
"148177","The Illinois Institute of Art-Chicago","2014","1807","1234","573","1459","1807","319","216","1272","0","0","1234","182","133","919","0","0","573","137","83","353","0","0","1,000 - 4,999"
"148256","Rend Lake College","2014","2970","1367","1603","1905","2970","622","86","1128","1134","0","1367","518","59","765","25","0","1603","104","27","363","1109","0","1,000 - 4,999"
"148292","Richland Community College","2014","3369","1016","2353","1806","3369","610","8","1936","815","0","1016","299","4","664","49","0","2353","311","4","1272","766","0","1,000 - 4,999"
"148335","Robert Morris University Illinois","2014","3205","2708","497","2899","2779","727","501","1550","1","426","2666","726","489","1451","0","42","113","1","12","99","1","384","1,000 - 4,999"
"148380","Rock Valley College","2014","7737","3399","4338","4855","7737","957","231","5749","800","0","3399","651","129","2358","261","0","4338","306","102","3391","539","0","5,000 - 9,999"
"148399","Madison Media Institute - Rockford Career College","2014","434","140","294","257","434","104","64","264","2","0","140","34","24","80","2","0","294","70","40","184","0","0","Under 1,000"
"148405","Rockford University","2014","1277","970","307","1089","1025","147","201","669","8","252","901","147","194","555","5","69","124","0","7","114","3","183","1,000 - 4,999"
"148487","Roosevelt University","2014","6069","4072","1997","4844","3793","607","628","2492","66","2276","2953","600","524","1798","31","1119","840","7","104","694","35","1157","5,000 - 9,999"
"148496","Dominican University","2014","3498","2356","1142","2794","2180","473","144","1532","31","1318","1996","473","130","1384","9","360","184","0","14","148","22","958","1,000 - 4,999"
"148511","Rush University","2014","2457","1520","937","1879","143","0","55","82","6","2314","95","0","48","47","0","1425","48","0","7","35","6","889","1,000 - 4,999"
"148575","Saint Francis Medical Center College of Nursing","2014","682","316","366","457","405","0","81","320","4","277","306","0","59","247","0","10","99","0","22","73","4","267","Under 1,000"
"148584","University of St Francis","2014","3762","1546","2216","2397","1762","216","248","1268","30","2000","1357","216","167","965","9","189","405","0","81","303","21","1811","1,000 - 4,999"
"148593","St John's College of Nursing","2014","119","106","13","111","119","0","53","66","0","0","106","0","53","53","0","0","13","0","0","13","0","0","Under 1,000"
"148627","Saint Xavier University","2014","4073","2739","1334","3253","2974","566","356","2018","34","1099","2557","563","287","1697","10","182","417","3","69","321","24","917","1,000 - 4,999"
"148654","University of Illinois at Springfield","2014","5431","2873","2558","3844","3038","305","604","2060","69","2393","1935","302","361","1240","32","938","1103","3","243","820","37","1455","5,000 - 9,999"
"148672","Sauk Valley Community College","2014","2211","933","1278","1362","2211","440","50","1214","507","0","933","317","20","583","13","0","1278","123","30","631","494","0","1,000 - 4,999"
"148724","Seabury-Western Theological Seminary","2014","45","0","45","17","0","0","0","0","0","45","0","0","0","0","0","0","0","0","0","0","0","45","Under 1,000"
"148821","Shawnee Community College","2014","1799","849","950","1168","1799","90","101","1145","463","0","849","68","66","653","62","0","950","22","35","492","401","0","1,000 - 4,999"
"148849","Shimer College","2014","74","67","7","70","74","11","8","55","0","0","67","11","8","48","0","0","7","0","0","7","0","0","Under 1,000"
"148876","Saint Augustine College","2014","1529","1118","411","1279","1529","275","84","1127","43","0","1118","237","71","810","0","0","411","38","13","317","43","0","1,000 - 4,999"
"148885","University of Saint Mary of the Lake","2014","284","284","0","284","0","0","0","0","0","284","0","0","0","0","0","284","0","0","0","0","0","0","Under 1,000"
"148937","Southeastern Illinois College","2014","1834","725","1109","1097","1834","226","66","812","730","0","725","142","41","514","28","0","1109","84","25","298","702","0","1,000 - 4,999"
"148955","National Latino Education Institute","2014","95","95","0","95","95","16","0","79","0","0","95","16","0","79","0","0","0","0","0","0","0","0","Under 1,000"
"148982","Spertus College","2014","185","0","185","71","0","0","0","0","0","185","0","0","0","0","0","0","0","0","0","0","0","185","Under 1,000"
"148991","Spoon River College","2014","1667","735","932","1048","1667","389","205","566","507","0","735","293","118","316","8","0","932","96","87","250","499","0","1,000 - 4,999"
"149028","Saint Anthony College of Nursing","2014","309","152","157","213","234","0","60","172","2","75","151","0","49","102","0","1","83","0","11","70","2","74","Under 1,000"
"149204","Educators of Beauty College of Cosmetology-Sterling","2014","43","43","0","43","43","11","0","32","0","0","43","11","0","32","0","0","0","0","0","0","0","0","Under 1,000"
"149222","Southern Illinois University-Carbondale","2014","17989","14621","3368","15906","13461","2776","1745","8650","290","4528","11873","2756","1511","7354","252","2748","1588","20","234","1296","38","1780","10,000 - 19,999"
"149231","Southern Illinois University-Edwardsville","2014","13972","10979","2993","12133","11421","2126","1316","7929","50","2551","9714","2093","1024","6579","18","1265","1707","33","292","1350","32","1286","10,000 - 19,999"
"149310","Taylor Business Institute","2014","280","280","0","280","280","49","0","49","182","0","280","49","0","49","182","0","0","0","0","0","0","0","Under 1,000"
"149329","Telshe Yeshiva-Chicago","2014","79","79","0","79","67","18","1","48","0","12","67","18","1","48","0","12","0","0","0","0","0","0","Under 1,000"
"149365","South Suburban College","2014","4329","1725","2604","2599","4329","901","337","2635","456","0","1725","508","127","1013","77","0","2604","393","210","1622","379","0","1,000 - 4,999"
"149499","Tri-County Beauty Academy","2014","19","19","0","19","19","9","0","10","0","0","19","9","0","10","0","0","0","0","0","0","0","0","Under 1,000"
"149505","Trinity Christian College","2014","1406","1145","261","1247","1337","190","213","834","100","69","1114","190","183","713","28","31","223","0","30","121","72","38","1,000 - 4,999"
"149514","Trinity International University-Illinois","2014","2202","1164","1038","1562","873","164","83","610","16","1329","709","164","60","482","3","455","164","0","23","128","13","874","1,000 - 4,999"
"149532","Triton College","2014","11577","3404","8173","6148","11577","1414","374","7578","2211","0","3404","833","164","2334","73","0","8173","581","210","5244","2138","0","10,000 - 19,999"
"149550","University of Spa & Cosmetology Arts","2014","158","114","44","131","158","24","0","134","0","0","114","21","0","93","0","0","44","3","0","41","0","0","Under 1,000"
"149639","VanderCook College of Music","2014","176","114","62","138","148","25","12","71","40","28","105","25","12","68","0","9","43","0","0","3","40","19","Under 1,000"
"149727","Waubonsee Community College","2014","10904","3281","7623","5840","10904","1552","347","5930","3075","0","3281","1013","134","2049","85","0","7623","539","213","3881","2990","0","10,000 - 19,999"
"149763","Resurrection University","2014","508","290","218","375","406","0","117","289","0","102","238","0","71","167","0","52","168","0","46","122","0","50","Under 1,000"
"149772","Western Illinois University","2014","11458","9445","2013","10217","9645","1605","1213","6827","0","1813","8607","1578","1038","5991","0","838","1038","27","175","836","0","975","10,000 - 19,999"
"149781","Wheaton College","2014","2914","2636","278","2743","2432","607","62","1733","30","482","2368","606","62","1699","1","268","64","1","0","34","29","214","1,000 - 4,999"
"149842","Harper College","2014","14957","5391","9566","8603","14957","2263","1650","7723","3321","0","5391","1392","508","2884","607","0","9566","871","1142","4839","2714","0","10,000 - 19,999"
"150048","Ancilla College","2014","400","307","93","344","400","159","38","181","22","0","307","155","26","126","0","0","93","4","12","55","22","0","Under 1,000"
"150066","Anderson University","2014","2399","1727","672","1987","1976","441","106","1284","145","423","1674","432","84","1157","1","53","302","9","22","127","144","370","1,000 - 4,999"
"150075","Apex Academy of Hair Design Inc","2014","14","14","0","14","14","0","0","14","0","0","14","0","0","14","0","0","0","0","0","0","0","0","Under 1,000"
"150136","Ball State University","2014","20655","16455","4200","18033","16415","3597","797","11501","520","4240","15018","3589","684","10640","105","1437","1397","8","113","861","415","2803","20,000 and above"
"150145","Bethel College-Indiana","2014","1792","1252","540","1462","1600","223","198","1099","80","192","1227","220","132","875","0","25","373","3","66","224","80","167","1,000 - 4,999"
"150163","Butler University","2014","4848","4382","466","4561","4062","971","80","2962","49","786","3980","969","78","2912","21","402","82","2","2","50","28","384","1,000 - 4,999"
"150172","Calumet College of Saint Joseph","2014","1072","588","484","777","907","126","115","629","37","165","532","117","61","354","0","56","375","9","54","275","37","109","1,000 - 4,999"
"150215","Christian Theological Seminary","2014","172","126","46","144","0","0","0","0","0","172","0","0","0","0","0","126","0","0","0","0","0","46","Under 1,000"
"150251","College of Court Reporting Inc","2014","218","52","166","118","218","60","0","149","9","0","52","34","0","18","0","0","166","26","0","131","9","0","Under 1,000"
"150288","Concordia Theological Seminary","2014","322","235","87","268","0","0","0","0","0","322","0","0","0","0","0","235","0","0","0","0","0","87","Under 1,000"
"150303","Tricoci University of Beauty Culture-Highland","2014","223","143","80","175","223","5","0","218","0","0","143","3","0","140","0","0","80","2","0","78","0","0","Under 1,000"
"150400","DePauw University","2014","2215","2186","29","2197","2215","514","16","1655","30","0","2186","514","16","1649","7","0","29","0","0","6","23","0","1,000 - 4,999"
"150428","Don Roberts School of Hair Design","2014","42","36","6","38","42","38","0","4","0","0","36","33","0","3","0","0","6","5","0","1","0","0","Under 1,000"
"150437","Don Roberts Beauty School","2014","61","32","29","44","61","19","0","42","0","0","32","19","0","13","0","0","29","0","0","29","0","0","Under 1,000"
"150455","Earlham College","2014","1076","1041","35","1055","993","270","18","654","51","83","981","270","18","650","43","60","12","0","0","4","8","23","1,000 - 4,999"
"150534","University of Evansville","2014","2567","2409","158","2471","2420","532","87","1647","154","147","2266","532","78","1604","52","143","154","0","9","43","102","4","1,000 - 4,999"
"150604","Franklin College","2014","1075","1008","67","1034","1075","327","24","671","53","0","1008","327","24","651","6","0","67","0","0","20","47","0","1,000 - 4,999"
"150668","Goshen College","2014","843","709","134","761","774","159","54","533","28","69","702","159","53","489","1","7","72","0","1","44","27","62","Under 1,000"
"150677","Grace College and Theological Seminary","2014","2185","1493","692","1763","1857","394","71","1013","379","328","1347","394","68","869","16","146","510","0","3","144","363","182","1,000 - 4,999"
"150695","Hair Fashions By Kaye Beauty College-Noblesville","2014","76","76","0","76","76","40","0","36","0","0","76","40","0","36","0","0","0","0","0","0","0","0","Under 1,000"
"150710","Hair Fashions By Kaye Beauty College-Indianapolis","2014","92","92","0","92","92","20","0","72","0","0","92","20","0","72","0","0","0","0","0","0","0","0","Under 1,000"
"150756","Hanover College","2014","1145","1134","11","1138","1145","293","13","830","9","0","1134","293","13","821","7","0","11","0","0","9","2","0","1,000 - 4,999"
"150765","J Michael Harrold Beauty Academy","2014","92","92","0","92","92","8","0","84","0","0","92","8","0","84","0","0","0","0","0","0","0","0","Under 1,000"
"150774","Holy Cross College","2014","520","481","39","496","520","188","43","281","8","0","481","160","42","277","2","0","39","28","1","4","6","0","Under 1,000"
"150853","PJ's College of Cosmetology-Clarksville","2014","106","94","12","99","106","12","0","94","0","0","94","10","0","84","0","0","12","2","0","10","0","0","Under 1,000"
"150941","Huntington University","2014","1209","1068","141","1123","1074","226","30","745","73","135","955","226","28","700","1","113","119","0","2","45","72","22","1,000 - 4,999"
"150987","Ivy Tech Community College","2014","91179","28815","62364","49753","91179","14137","4695","58825","13522","0","28815","6582","2054","19705","474","0","62364","7555","2641","39120","13048","0","20,000 and above"
"151102","Indiana University-Purdue University-Fort Wayne","2014","13214","7106","6108","9554","12674","1559","571","7184","3360","540","6971","1471","417","5027","56","135","5703","88","154","2157","3304","405","10,000 - 19,999"
"151111","Indiana University-Purdue University-Indianapolis","2014","30690","21758","8932","25209","22525","3949","1717","16111","748","8165","17262","3772","1324","12023","143","4496","5263","177","393","4088","605","3669","20,000 and above"
"151166","Harrison College-Indianapolis","2014","3498","2469","1029","2873","3498","306","475","2717","0","0","2469","266","385","1818","0","0","1029","40","90","899","0","0","1,000 - 4,999"
"151263","University of Indianapolis","2014","5442","3784","1658","4426","4169","992","267","2877","33","1273","3364","963","177","2224","0","420","805","29","90","653","33","853","5,000 - 9,999"
"151290","Indiana Institute of Technology","2014","7192","4558","2634","5590","6541","1327","883","4187","144","651","4164","699","461","2877","127","394","2377","628","422","1310","17","257","5,000 - 9,999"
"151306","University of Southern Indiana","2014","9364","7132","2232","7999","8394","1613","624","5996","161","970","6978","1589","481","4852","56","154","1416","24","143","1144","105","816","5,000 - 9,999"
"151324","Indiana State University","2014","13183","10449","2734","11497","10881","2739","703","7055","384","2302","9459","2735","531","6155","38","990","1422","4","172","900","346","1312","10,000 - 19,999"
"151333","Indiana University-Kokomo","2014","4180","2138","2042","2957","4004","526","233","1965","1280","176","2077","493","164","1417","3","61","1927","33","69","548","1277","115","1,000 - 4,999"
"151342","Indiana University-South Bend","2014","7859","3965","3894","5517","7293","944","414","4040","1895","566","3857","866","289","2664","38","108","3436","78","125","1376","1857","458","5,000 - 9,999"
"151351","Indiana University-Bloomington","2014","46416","37670","8746","41045","36419","7718","912","23622","4167","9997","31370","7697","877","22587","209","6300","5049","21","35","1035","3958","3697","20,000 and above"
"151360","Indiana University-Northwest","2014","6052","3223","2829","4353","5661","716","283","3371","1291","391","3114","652","199","2228","35","109","2547","64","84","1143","1256","282","5,000 - 9,999"
"151379","Indiana University-Southeast","2014","6442","3606","2836","4732","5989","983","507","3986","513","453","3587","894","317","2355","21","19","2402","89","190","1631","492","434","5,000 - 9,999"
"151388","Indiana University-East","2014","4573","2050","2523","3064","4430","413","457","2330","1230","143","2015","392","247","1353","23","35","2415","21","210","977","1207","108","1,000 - 4,999"
"151458","International Business College-Fort Wayne","2014","372","372","0","372","372","165","31","176","0","0","372","165","31","176","0","0","0","0","0","0","0","0","Under 1,000"
"151467","International Business College-Indianapolis","2014","354","354","0","354","354","106","118","130","0","0","354","106","118","130","0","0","0","0","0","0","0","0","Under 1,000"
"151494","ITT Technical Institute-Nashville","2014","552","439","113","483","552","74","4","474","0","0","439","73","4","362","0","0","113","1","0","112","0","0","Under 1,000"
"151500","ITT Technical Institute-Fort Wayne","2014","220","158","62","182","220","33","0","187","0","0","158","29","0","129","0","0","62","4","0","58","0","0","Under 1,000"
"151519","ITT Technical Institute-Indianapolis","2014","3486","1994","1492","2579","3407","547","69","2791","0","79","1994","269","42","1683","0","0","1413","278","27","1108","0","79","1,000 - 4,999"
"151537","J Everett Light Career Center","2014","40","40","0","40","40","39","0","1","0","0","40","39","0","1","0","0","0","0","0","0","0","0","Under 1,000"
"151564","Knox Beauty College","2014","40","11","29","23","40","30","0","10","0","0","11","6","0","5","0","0","29","24","0","5","0","0","Under 1,000"
"151607","Lafayette Beauty Academy","2014","88","66","22","75","88","17","0","71","0","0","66","12","0","54","0","0","22","5","0","17","0","0","Under 1,000"
"151616","Brown Mackie College-Merrillville","2014","512","512","0","512","512","44","93","375","0","0","512","44","93","375","0","0","0","0","0","0","0","0","Under 1,000"
"151625","Brown Mackie College-Michigan City","2014","112","112","0","112","112","0","0","112","0","0","112","0","0","112","0","0","0","0","0","0","0","0","Under 1,000"
"151652","Empire Beauty School-Indianapolis","2014","202","166","36","180","202","97","0","105","0","0","166","84","0","82","0","0","36","13","0","23","0","0","Under 1,000"
"151661","Lincoln College of Technology-Indianapolis","2014","1199","1199","0","1199","1199","264","6","929","0","0","1199","264","6","929","0","0","0","0","0","0","0","0","1,000 - 4,999"
"151777","Manchester University","2014","1488","1462","26","1472","1266","441","26","787","12","222","1248","441","26","780","1","214","18","0","0","7","11","8","1,000 - 4,999"
"151786","Marian University","2014","2771","2065","706","2339","2137","332","284","1383","138","634","1710","330","189","1179","12","355","427","2","95","204","126","279","1,000 - 4,999"
"151801","Indiana Wesleyan University","2014","14943","13505","1438","14065","10392","1471","1633","7114","174","4551","9440","1457","1562","6420","1","4065","952","14","71","694","173","486","10,000 - 19,999"
"151810","Martin University","2014","402","204","198","281","345","22","10","313","0","57","175","10","6","159","0","29","170","12","4","154","0","28","Under 1,000"
"151829","Masters of Cosmetology College","2014","93","93","0","93","93","22","0","71","0","0","93","22","0","71","0","0","0","0","0","0","0","0","Under 1,000"
"151865","Anabaptist Mennonite Biblical Seminary","2014","106","33","73","61","0","0","0","0","0","106","0","0","0","0","0","33","0","0","0","0","0","73","Under 1,000"
"151874","Merrillville Beauty College","2014","4","2","2","3","4","2","0","2","0","0","2","1","0","1","0","0","2","1","0","1","0","0","Under 1,000"
"151944","Brown Mackie College-South Bend","2014","340","340","0","340","340","54","79","207","0","0","340","54","79","207","0","0","0","0","0","0","0","0","Under 1,000"
"151962","Mid-America College of Funeral Service","2014","58","58","0","58","58","13","3","42","0","0","58","13","3","42","0","0","0","0","0","0","0","0","Under 1,000"
"152044","West Michigan College of Barbering and Beauty","2014","94","18","76","48","94","67","0","27","0","0","18","10","0","8","0","0","76","57","0","19","0","0","Under 1,000"
"152080","University of Notre Dame","2014","12179","11992","187","12064","8448","2012","118","6297","21","3731","8430","2012","118","6280","20","3562","18","0","0","17","1","169","10,000 - 19,999"
"152099","Oakland City University","2014","2086","595","1491","1180","2011","83","85","448","1395","75","576","76","69","321","110","19","1435","7","16","127","1285","56","1,000 - 4,999"
"152150","PJ's College of Cosmetology-Richmond","2014","63","32","31","44","63","16","0","47","0","0","32","7","0","25","0","0","31","9","0","22","0","0","Under 1,000"
"152248","Purdue University-Calumet Campus","2014","9501","5258","4243","6943","8491","945","796","5575","1175","1010","4905","906","382","3379","238","353","3586","39","414","2196","937","657","5,000 - 9,999"
"152266","Purdue University-North Central Campus","2014","6177","2566","3611","4022","6142","566","268","2397","2911","35","2566","536","181","1728","121","0","3576","30","87","669","2790","35","5,000 - 9,999"
"152275","Ravenscroft Beauty College","2014","157","90","67","117","157","21","0","136","0","0","90","10","0","80","0","0","67","11","0","56","0","0","Under 1,000"
"152309","Rogers Academy of Hair Design","2014","75","63","12","68","75","43","0","32","0","0","63","36","0","27","0","0","12","7","0","5","0","0","Under 1,000"
"152318","Rose-Hulman Institute of Technology","2014","2388","2338","50","2357","2280","582","10","1616","72","108","2258","582","10","1604","62","80","22","0","0","12","10","28","1,000 - 4,999"
"152327","Rudae's School of Beauty Culture-Kokomo","2014","30","30","0","30","30","4","0","26","0","0","30","4","0","26","0","0","0","0","0","0","0","0","Under 1,000"
"152336","University of Saint Francis-Fort Wayne","2014","2308","1787","521","1989","1861","344","180","1272","65","447","1558","344","129","1085","0","229","303","0","51","187","65","218","1,000 - 4,999"
"152363","Saint Josephs College","2014","1166","1020","146","1077","1142","241","78","755","68","24","1012","241","67","704","0","8","130","0","11","51","68","16","1,000 - 4,999"
"152381","Saint Mary-of-the-Woods College","2014","931","579","352","717","746","94","97","487","68","185","407","86","37","271","13","172","339","8","60","216","55","13","Under 1,000"
"152390","Saint Mary's College","2014","1519","1501","18","1508","1519","378","15","1115","11","0","1501","378","15","1104","4","0","18","0","0","11","7","0","1,000 - 4,999"
"152415","Kaplan College-Hammond","2014","299","299","0","299","299","73","0","226","0","0","299","73","0","226","0","0","0","0","0","0","0","0","Under 1,000"
"152451","Saint Meinrad School of Theology","2014","217","134","83","166","0","0","0","0","0","217","0","0","0","0","0","134","0","0","0","0","0","83","Under 1,000"
"152497","Saint Elizabeth School of Nursing","2014","281","226","55","248","281","21","0","260","0","0","226","21","0","205","0","0","55","0","0","55","0","0","Under 1,000"
"152530","Taylor University","2014","2146","1864","282","1975","2103","435","33","1387","248","43","1824","433","30","1343","18","40","279","2","3","44","230","3","1,000 - 4,999"
"152567","Trine University","2014","2831","1662","1169","2121","2790","523","94","1037","1136","41","1622","523","91","993","15","40","1168","0","3","44","1121","1","1,000 - 4,999"
"152600","Valparaiso University","2014","4507","4027","480","4211","3251","714","192","2304","41","1256","3150","714","184","2230","22","877","101","0","8","74","19","379","1,000 - 4,999"
"152628","Vincennes Beauty College","2014","75","30","45","48","75","42","0","33","0","0","30","17","0","13","0","0","45","25","0","20","0","0","Under 1,000"
"152637","Vincennes University","2014","19205","6175","13030","11433","19205","3089","331","4836","10949","0","6175","2337","250","3062","526","0","13030","752","81","1774","10423","0","10,000 - 19,999"
"152673","Wabash College","2014","926","924","2","925","926","256","4","663","3","0","924","256","4","662","2","0","2","0","0","1","1","0","Under 1,000"
"152798","Allen College","2014","575","278","297","393","379","0","135","244","0","196","243","0","90","153","0","35","136","0","45","91","0","161","Under 1,000"
"152822","AIB College of Business","2014","1014","760","254","860","1014","148","126","738","2","0","760","140","103","517","0","0","254","8","23","221","2","0","1,000 - 4,999"
"152992","Briar Cliff University","2014","1135","797","338","929","1041","206","170","588","77","94","774","206","94","474","0","23","267","0","76","114","77","71","1,000 - 4,999"
"153001","Buena Vista University","2014","2295","1759","536","1967","2035","201","269","1422","143","260","1750","201","239","1235","75","9","285","0","30","187","68","251","1,000 - 4,999"
"153074","Capri College-Dubuque","2014","189","189","0","189","189","38","0","151","0","0","189","38","0","151","0","0","0","0","0","0","0","0","Under 1,000"
"153083","Capri College-Cedar Rapids","2014","181","181","0","181","181","15","0","166","0","0","181","15","0","166","0","0","0","0","0","0","0","0","Under 1,000"
"153092","American College of Hairstyling-Cedar Rapids","2014","8","8","0","8","8","3","0","5","0","0","8","3","0","5","0","0","0","0","0","0","0","0","Under 1,000"
"153108","Central College","2014","1411","1365","46","1383","1411","429","28","876","78","0","1365","429","26","852","58","0","46","0","2","24","20","0","1,000 - 4,999"
"153126","Clarke University","2014","1200","998","202","1076","949","183","72","678","16","251","835","183","64","587","1","163","114","0","8","91","15","88","1,000 - 4,999"
"153144","Coe College","2014","1436","1360","76","1390","1435","376","49","938","72","1","1360","376","47","917","20","0","75","0","2","21","52","1","1,000 - 4,999"
"153162","Cornell College","2014","1086","1079","7","1082","1086","262","27","793","4","0","1079","262","27","788","2","0","7","0","0","5","2","0","1,000 - 4,999"
"153171","Iowa School of Beauty-Marshalltown","2014","25","25","0","25","25","1","0","24","0","0","25","1","0","24","0","0","0","0","0","0","0","0","Under 1,000"
"153214","Des Moines Area Community College","2014","23526","7566","15960","12924","23526","3372","1006","9978","9170","0","7566","2198","628","4504","236","0","15960","1174","378","5474","8934","0","20,000 and above"
"153241","Divine Word College","2014","96","92","4","94","96","9","4","73","10","0","92","9","4","73","6","0","4","0","0","0","4","0","Under 1,000"
"153250","Dordt College","2014","1459","1345","114","1389","1399","337","31","975","56","60","1344","336","30","966","12","1","55","1","1","9","44","59","1,000 - 4,999"
"153269","Drake University","2014","5062","4068","994","4450","3364","870","141","2279","74","1698","3177","869","127","2179","2","891","187","1","14","100","72","807","5,000 - 9,999"
"153278","University of Dubuque","2014","2121","1829","292","1943","1775","447","158","1159","11","346","1589","444","123","1022","0","240","186","3","35","137","11","106","1,000 - 4,999"
"153296","Ellsworth Community College","2014","949","709","240","790","949","322","72","375","180","0","709","310","57","313","29","0","240","12","15","62","151","0","Under 1,000"
"153302","Emmaus Bible College","2014","216","201","15","207","216","69","28","119","0","0","201","66","28","107","0","0","15","3","0","12","0","0","Under 1,000"
"153311","Eastern Iowa Community College District","2014","8143","2657","5486","4499","8143","973","72","3017","4081","0","2657","588","29","1329","711","0","5486","385","43","1688","3370","0","5,000 - 9,999"
"153320","Faith Baptist Bible College and Theological Seminary","2014","292","233","59","256","250","88","13","131","18","42","218","87","12","119","0","15","32","1","1","12","18","27","Under 1,000"
"153339","Faust Institute of Cosmetology-Storm Lake","2014","22","22","0","22","22","11","0","11","0","0","22","11","0","11","0","0","0","0","0","0","0","0","Under 1,000"
"153366","Graceland University-Lamoni","2014","2406","1672","734","1956","1594","282","205","928","179","812","1255","282","150","822","1","417","339","0","55","106","178","395","1,000 - 4,999"
"153375","Grand View University","2014","2064","1683","381","1832","2005","279","300","1398","28","59","1679","279","257","1142","1","4","326","0","43","256","27","55","1,000 - 4,999"
"153384","Grinnell College","2014","1734","1672","62","1696","1734","435","6","1229","64","0","1672","435","6","1225","6","0","62","0","0","4","58","0","1,000 - 4,999"
"153409","Kaplan University-Mason City Campus","2014","276","160","116","205","248","16","40","190","2","28","142","12","20","110","0","18","106","4","20","80","2","10","Under 1,000"
"153418","Kaplan University-Cedar Rapids Campus","2014","575","392","183","464","526","28","106","392","0","49","357","24","72","261","0","35","169","4","34","131","0","14","Under 1,000"
"153427","Hamilton Technical College","2014","153","153","0","153","153","63","0","90","0","0","153","63","0","90","0","0","0","0","0","0","0","0","Under 1,000"
"153445","Hawkeye Community College","2014","5291","2659","2632","3543","5291","1041","952","1910","1388","0","2659","805","659","1165","30","0","2632","236","293","745","1358","0","5,000 - 9,999"
"153463","American Hair Academy","2014","27","27","0","27","27","7","0","20","0","0","27","7","0","20","0","0","0","0","0","0","0","0","Under 1,000"
"153472","Indian Hills Community College","2014","4412","2448","1964","3107","4412","808","770","1267","1567","0","2448","766","521","909","252","0","1964","42","249","358","1315","0","1,000 - 4,999"
"153524","Iowa Central Community College","2014","5686","3011","2675","3909","5686","1367","161","2023","2135","0","3011","1239","76","1486","210","0","2675","128","85","537","1925","0","5,000 - 9,999"
"153533","Iowa Lakes Community College","2014","2340","1090","1250","1510","2340","431","194","840","875","0","1090","383","97","589","21","0","1250","48","97","251","854","0","1,000 - 4,999"
"153542","UnityPoint Health-Des Moines School of Radiologic Technology","2014","16","16","0","16","16","0","0","16","0","0","16","0","0","16","0","0","0","0","0","0","0","0","Under 1,000"
"153588","American College of Hairstyling-Des Moines","2014","20","20","0","20","20","6","0","14","0","0","20","6","0","14","0","0","0","0","0","0","0","0","Under 1,000"
"153597","Iowa School of Beauty-Des Moines","2014","132","132","0","132","132","12","0","120","0","0","132","12","0","120","0","0","0","0","0","0","0","0","Under 1,000"
"153603","Iowa State University","2014","34435","30888","3547","32232","28893","6041","1960","20335","557","5542","27440","6016","1891","19292","241","3448","1453","25","69","1043","316","2094","20,000 and above"
"153621","Iowa Wesleyan College","2014","473","386","87","420","473","75","93","305","0","0","386","75","64","247","0","0","87","0","29","58","0","0","Under 1,000"
"153630","Iowa Western Community College","2014","6547","3403","3144","4459","6547","1299","668","2856","1724","0","3403","1121","496","1744","42","0","3144","178","172","1112","1682","0","5,000 - 9,999"
"153658","University of Iowa","2014","29970","24424","5546","26547","22354","4666","1172","15648","868","7616","19546","4347","983","14045","171","4878","2808","319","189","1603","697","2738","20,000 and above"
"153737","Kirkwood Community College","2014","14190","5164","9026","8194","14190","2568","527","6638","4457","0","5164","1883","286","2845","150","0","9026","685","241","3793","4307","0","10,000 - 19,999"
"153746","La James International College-Cedar Falls","2014","61","61","0","61","61","14","0","47","0","0","61","14","0","47","0","0","0","0","0","0","0","0","Under 1,000"
"153764","La James International College-Johnston","2014","89","89","0","89","89","30","0","59","0","0","89","30","0","59","0","0","0","0","0","0","0","0","Under 1,000"
"153773","La James College of Hairstyling and Cosmetology","2014","100","100","0","100","100","67","0","33","0","0","100","67","0","33","0","0","0","0","0","0","0","0","Under 1,000"
"153782","La James International College-Ft Dodge","2014","61","61","0","61","61","11","0","50","0","0","61","11","0","50","0","0","0","0","0","0","0","0","Under 1,000"
"153825","Loras College","2014","1569","1514","55","1535","1490","374","57","1037","22","79","1446","374","57","1014","1","68","44","0","0","23","21","11","1,000 - 4,999"
"153834","Luther College","2014","2385","2339","46","2357","2385","559","36","1731","59","0","2339","559","35","1718","27","0","46","0","1","13","32","0","1,000 - 4,999"
"153861","Maharishi University of Management","2014","1454","911","543","1120","402","21","72","299","10","1052","278","21","49","208","0","633","124","0","23","91","10","419","1,000 - 4,999"
"153922","Marshalltown Community College","2014","2041","844","1197","1246","2041","417","95","675","854","0","844","327","70","428","19","0","1197","90","25","247","835","0","1,000 - 4,999"
"153977","Mercy College of Health Sciences","2014","774","373","401","531","774","46","222","504","2","0","373","40","140","193","0","0","401","6","82","311","2","0","Under 1,000"
"154004","Morningside College","2014","2823","1280","1543","1870","1321","353","76","864","28","1502","1279","353","76","822","28","1","42","0","0","42","0","1501","1,000 - 4,999"
"154013","Mount Mercy University","2014","1762","1008","754","1302","1444","134","261","1022","27","318","858","134","127","595","2","150","586","0","134","427","25","168","1,000 - 4,999"
"154022","Ashford University","2014","51237","51213","24","51222","45348","781","6098","37865","604","5889","45324","781","6097","37851","595","5889","24","0","1","14","9","0","20,000 and above"
"154059","North Iowa Area Community College","2014","2950","1420","1530","1934","2950","652","90","1188","1020","0","1420","575","60","747","38","0","1530","77","30","441","982","0","1,000 - 4,999"
"154095","University of Northern Iowa","2014","11928","9719","2209","10561","10142","1797","904","7181","260","1786","9122","1762","813","6491","56","597","1020","35","91","690","204","1189","10,000 - 19,999"
"154101","Northwestern College","2014","1205","1100","105","1141","1205","315","34","764","92","0","1100","315","30","740","15","0","105","0","4","24","77","0","1,000 - 4,999"
"154110","Northeast Iowa Community College-Calmar","2014","4934","1647","3287","2751","4934","625","204","1848","2257","0","1647","486","112","963","86","0","3287","139","92","885","2171","0","1,000 - 4,999"
"154129","Northwest Iowa Community College","2014","1568","575","993","908","1568","246","163","330","829","0","575","224","111","229","11","0","993","22","52","101","818","0","1,000 - 4,999"
"154156","Des Moines University-Osteopathic Medical Center","2014","1662","1402","260","1501","0","0","0","0","0","1662","0","0","0","0","0","1402","0","0","0","0","0","260","1,000 - 4,999"
"154165","Iowa School of Beauty-Ottumwa","2014","46","46","0","46","46","2","0","44","0","0","46","2","0","44","0","0","0","0","0","0","0","0","Under 1,000"
"154174","Palmer College of Chiropractic-Davenport","2014","2181","2146","35","2159","34","0","16","18","0","2147","30","0","16","14","0","2116","4","0","0","4","0","31","1,000 - 4,999"
"154208","PCI Academy-Ames","2014","116","116","0","116","116","25","0","91","0","0","116","25","0","91","0","0","0","0","0","0","0","0","Under 1,000"
"154235","Saint Ambrose University","2014","3508","2816","692","3084","2714","524","258","1893","39","794","2401","522","200","1675","4","415","313","2","58","218","35","379","1,000 - 4,999"
"154262","St Luke's College","2014","254","165","89","200","254","5","76","173","0","0","165","4","39","122","0","0","89","1","37","51","0","0","Under 1,000"
"154332","La James International College-Davenport","2014","43","43","0","43","43","17","0","26","0","0","43","17","0","26","0","0","0","0","0","0","0","0","Under 1,000"
"154341","La James International College-Iowa City","2014","54","54","0","54","54","18","0","36","0","0","54","18","0","36","0","0","0","0","0","0","0","0","Under 1,000"
"154350","Simpson College","2014","1725","1477","248","1574","1660","346","91","1207","16","65","1466","344","72","1050","0","11","194","2","19","157","16","54","1,000 - 4,999"
"154378","Southeastern Community College","2014","2987","1427","1560","1951","2987","441","180","1165","1201","0","1427","361","122","791","153","0","1560","80","58","374","1048","0","1,000 - 4,999"
"154396","Southwestern Community College","2014","1600","764","836","1045","1600","309","110","505","676","0","764","289","84","374","17","0","836","20","26","131","659","0","1,000 - 4,999"
"154448","Capri College-Davenport","2014","154","154","0","154","154","12","0","142","0","0","154","12","0","142","0","0","0","0","0","0","0","0","Under 1,000"
"154457","Iowa School of Beauty-Sioux City","2014","38","38","0","38","38","7","0","31","0","0","38","7","0","31","0","0","0","0","0","0","0","0","Under 1,000"
"154466","E Q School of Hair Design","2014","57","57","0","57","57","17","0","40","0","0","57","17","0","40","0","0","0","0","0","0","0","0","Under 1,000"
"154493","Upper Iowa University","2014","5162","3404","1758","4095","4439","371","69","3864","135","723","2684","355","57","2260","12","720","1755","16","12","1604","123","3","5,000 - 9,999"
"154518","Waldorf College","2014","1426","1120","306","1240","1426","147","222","987","70","0","1120","145","192","779","4","0","306","2","30","208","66","0","1,000 - 4,999"
"154527","Wartburg College","2014","1661","1596","65","1622","1661","464","28","1122","47","0","1596","464","28","1096","8","0","65","0","0","26","39","0","1,000 - 4,999"
"154536","Wartburg Theological Seminary","2014","123","116","7","119","0","0","0","0","0","123","0","0","0","0","0","116","0","0","0","0","0","7","Under 1,000"
"154545","College of Hair Design","2014","40","40","0","40","40","10","0","30","0","0","40","10","0","30","0","0","0","0","0","0","0","0","Under 1,000"
"154572","Western Iowa Tech Community College","2014","6399","2412","3987","3751","6399","525","1150","1775","2949","0","2412","384","645","1087","296","0","3987","141","505","688","2653","0","5,000 - 9,999"
"154590","William Penn University","2014","1791","1586","205","1667","1698","337","184","1010","167","93","1493","337","173","972","11","93","205","0","11","38","156","0","1,000 - 4,999"
"154642","Allen County Community College","2014","2628","1198","1430","1678","2628","495","165","1968","0","0","1198","365","127","706","0","0","1430","130","38","1262","0","0","1,000 - 4,999"
"154688","Baker University","2014","2957","1382","1575","1992","1848","224","110","1315","199","1109","1073","224","39","807","3","309","775","0","71","508","196","800","1,000 - 4,999"
"154697","Barton County Community College","2014","5292","1978","3314","3091","5292","735","122","1789","2646","0","1978","527","103","1081","267","0","3314","208","19","708","2379","0","5,000 - 9,999"
"154712","Benedictine College","2014","2138","1859","279","1968","2100","488","80","1268","264","38","1838","487","80","1258","13","21","262","1","0","10","251","17","1,000 - 4,999"
"154721","Bethany College","2014","717","640","77","670","717","188","63","386","80","0","640","188","59","382","11","0","77","0","4","4","69","0","Under 1,000"
"154749","Bethel College-North Newton","2014","483","468","15","474","483","110","63","310","0","0","468","110","63","295","0","0","15","0","0","15","0","0","Under 1,000"
"154767","Brown Mackie College-Kansas City","2014","458","458","0","458","458","72","85","300","1","0","458","72","85","300","1","0","0","0","0","0","0","0","Under 1,000"
"154776","Brown Mackie College-Salina","2014","452","452","0","452","452","153","9","289","1","0","452","153","9","289","1","0","0","0","0","0","0","0","Under 1,000"
"154794","Bryan University","2014","63","63","0","63","63","20","4","39","0","0","63","20","4","39","0","0","0","0","0","0","0","0","Under 1,000"
"154800","Butler Community College","2014","9003","3970","5033","5660","9003","1898","663","4657","1785","0","3970","1378","337","1960","295","0","5033","520","326","2697","1490","0","5,000 - 9,999"
"154837","Central Baptist Theological Seminary","2014","391","301","90","335","104","40","0","64","0","287","96","38","0","58","0","205","8","2","0","6","0","82","Under 1,000"
"154855","Central Christian College of Kansas","2014","1165","962","203","1042","1165","221","119","645","180","0","962","221","119","622","0","0","203","0","0","23","180","0","1,000 - 4,999"
"154907","Cloud County Community College","2014","2439","857","1582","1388","2439","491","202","585","1161","0","857","382","121","311","43","0","1582","109","81","274","1118","0","1,000 - 4,999"
"154925","Coffeyville Community College","2014","1608","963","645","1180","1608","403","58","624","523","0","963","386","53","524","0","0","645","17","5","100","523","0","1,000 - 4,999"
"154934","Colby Community College","2014","1508","682","826","959","1508","362","146","401","599","0","682","347","88","215","32","0","826","15","58","186","567","0","1,000 - 4,999"
"154952","Cowley County Community College","2014","3376","1843","1533","2358","3376","597","247","2341","191","0","1843","514","132","1115","82","0","1533","83","115","1226","109","0","1,000 - 4,999"
"154970","Marinello Schools of Beauty-Manhattan","2014","120","120","0","120","120","36","0","84","0","0","120","36","0","84","0","0","0","0","0","0","0","0","Under 1,000"
"154998","Dodge City Community College","2014","1768","968","800","1237","1768","476","84","627","581","0","968","387","56","446","79","0","800","89","28","181","502","0","1,000 - 4,999"
"155007","Donnelly College","2014","463","310","153","370","463","185","26","252","0","0","310","147","15","148","0","0","153","38","11","104","0","0","Under 1,000"
"155025","Emporia State University","2014","6114","3839","2275","4678","3924","755","387","2635","147","2190","3527","732","338","2400","57","312","397","23","49","235","90","1878","5,000 - 9,999"
"155052","Flint Hills Technical College","2014","836","413","423","555","836","136","106","306","288","0","413","93","89","225","6","0","423","43","17","81","282","0","Under 1,000"
"155061","Fort Hays State University","2014","13825","6216","7609","9219","11643","1025","2123","8150","345","2182","5644","975","725","3818","126","572","5999","50","1398","4332","219","1610","10,000 - 19,999"
"155070","Barclay College","2014","251","211","40","227","229","52","23","153","1","22","189","41","17","131","0","22","40","11","6","22","1","0","Under 1,000"
"155089","Friends University","2014","1882","1185","697","1455","1344","182","193","964","5","538","1024","181","158","684","1","161","320","1","35","280","4","377","1,000 - 4,999"
"155098","Fort Scott Community College","2014","1816","918","898","1219","1816","417","474","425","500","0","918","325","289","273","31","0","898","92","185","152","469","0","1,000 - 4,999"
"155104","Garden City Community College","2014","2072","1151","921","1460","2072","506","67","937","562","0","1151","456","42","604","49","0","921","50","25","333","513","0","1,000 - 4,999"
"155140","Haskell Indian Nations University","2014","808","787","21","795","808","165","59","581","3","0","787","163","58","566","0","0","21","2","1","15","3","0","Under 1,000"
"155159","Hays Academy of Hair Design","2014","85","85","0","85","85","38","0","47","0","0","85","38","0","47","0","0","0","0","0","0","0","0","Under 1,000"
"155177","Hesston College","2014","428","361","67","388","428","162","69","195","2","0","361","160","36","165","0","0","67","2","33","30","2","0","Under 1,000"
"155186","Highland Community College","2014","3217","1128","2089","1829","3217","539","362","896","1420","0","1128","426","173","459","70","0","2089","113","189","437","1350","0","1,000 - 4,999"
"155195","Hutchinson Community College","2014","5718","2267","3451","3426","5718","1074","277","2492","1875","0","2267","866","135","1236","30","0","3451","208","142","1256","1845","0","5,000 - 9,999"
"155201","Independence Community College","2014","945","537","408","674","945","237","72","311","325","0","537","220","62","239","16","0","408","17","10","72","309","0","Under 1,000"
"155210","Johnson County Community College","2014","19429","6332","13097","10729","19429","2318","1017","8834","7260","0","6332","1521","445","3359","1007","0","13097","797","572","5475","6253","0","10,000 - 19,999"
"155283","Concorde Career Colleges","2014","590","590","0","590","590","99","0","491","0","0","590","99","0","491","0","0","0","0","0","0","0","0","Under 1,000"
"155292","Kansas City Kansas Community College","2014","6198","2276","3922","3593","6198","990","73","3944","1191","0","2276","568","25","1522","161","0","3922","422","48","2422","1030","0","5,000 - 9,999"
"155308","KANSAS CITY COLLEGE AND BIBLE SCHOOL","2014","30","8","22","17","30","8","0","13","9","0","8","1","0","7","0","0","22","7","0","6","9","0","Under 1,000"
"155317","University of Kansas","2014","27180","23183","3997","24713","19343","4084","1323","13395","541","7837","17335","3977","1096","11922","340","5848","2008","107","227","1473","201","1989","20,000 and above"
"155335","Newman University","2014","3687","1252","2435","2201","2732","174","176","832","1550","955","1045","174","152","702","17","207","1687","0","24","130","1533","748","1,000 - 4,999"
"155353","Old Town Barber College-Wichita","2014","50","50","0","50","50","34","0","16","0","0","50","34","0","16","0","0","0","0","0","0","0","0","Under 1,000"
"155399","Kansas State University","2014","24766","20741","4025","22283","20327","3757","1474","14496","600","4439","18258","3691","1287","12978","302","2483","2069","66","187","1518","298","1956","20,000 and above"
"155414","Kansas Wesleyan University","2014","710","593","117","638","667","144","90","409","24","43","593","142","82","365","4","0","74","2","8","44","20","43","Under 1,000"
"155423","Washburn Institute of Technology","2014","1217","214","1003","551","1217","239","0","978","0","0","214","71","0","143","0","0","1003","168","0","835","0","0","1,000 - 4,999"
"155441","La Baron Hairdressing Academy-Overland Park","2014","44","27","17","34","44","10","0","34","0","0","27","7","0","20","0","0","17","3","0","14","0","0","Under 1,000"
"155450","Labette Community College","2014","1891","653","1238","1069","1891","232","75","1128","456","0","653","186","44","411","12","0","1238","46","31","717","444","0","1,000 - 4,999"
"155487","Manhattan Area Technical College","2014","766","467","299","567","766","114","61","301","290","0","467","85","53","255","74","0","299","29","8","46","216","0","Under 1,000"
"155496","Manhattan Christian College","2014","311","227","84","260","311","70","35","184","22","0","227","70","35","122","0","0","84","0","0","62","22","0","Under 1,000"
"155511","McPherson College","2014","659","580","79","611","619","152","86","381","0","40","580","151","81","348","0","0","39","1","5","33","0","40","Under 1,000"
"155520","MidAmerica Nazarene University","2014","1870","1096","774","1395","1368","205","332","785","46","502","1026","202","176","642","6","70","342","3","156","143","40","432","1,000 - 4,999"
"155566","Neosho County Community College","2014","2212","868","1344","1319","2212","308","195","820","889","0","868","268","125","445","30","0","1344","40","70","375","859","0","1,000 - 4,999"
"155593","North Central Kansas Technical College","2014","819","522","297","622","819","179","97","206","337","0","522","174","96","196","56","0","297","5","1","10","281","0","Under 1,000"
"155618","Northwest Kansas Technical College","2014","647","316","331","427","647","173","14","129","331","0","316","169","14","119","14","0","331","4","0","10","317","0","Under 1,000"
"155627","Ottawa University-Ottawa","2014","618","576","42","592","592","173","60","354","5","26","576","173","60","342","1","0","16","0","0","12","4","26","Under 1,000"
"155636","Ottawa University-Kansas City","2014","346","3","343","137","273","0","67","185","21","73","3","0","0","3","0","0","270","0","67","182","21","73","Under 1,000"
"155681","Pittsburg State University","2014","7479","5977","1502","6549","6270","1053","561","4228","428","1209","5586","1043","518","3906","119","391","684","10","43","322","309","818","5,000 - 9,999"
"155715","Pratt Community College","2014","1383","723","660","945","1383","320","177","418","468","0","723","302","131","267","23","0","660","18","46","151","445","0","1,000 - 4,999"
"155812","University of Saint Mary","2014","1436","1009","427","1176","917","107","131","581","98","519","593","107","104","382","0","416","324","0","27","199","98","103","1,000 - 4,999"
"155830","Salina Area Technical College","2014","537","211","326","320","537","141","44","71","281","0","211","102","40","50","19","0","326","39","4","21","262","0","Under 1,000"
"155858","Seward County Community College and Area Technical School","2014","1852","840","1012","1180","1852","409","55","1162","226","0","840","351","35","453","1","0","1012","58","20","709","225","0","1,000 - 4,999"
"155867","Sidneys Hair Dressing College","2014","32","32","0","32","32","11","0","21","0","0","32","11","0","21","0","0","0","0","0","0","0","0","Under 1,000"
"155900","Southwestern College","2014","1627","597","1030","999","1323","123","176","989","35","304","557","123","64","364","6","40","766","0","112","625","29","264","1,000 - 4,999"
"155937","Sterling College","2014","720","657","63","682","720","188","58","455","19","0","657","188","58","411","0","0","63","0","0","44","19","0","Under 1,000"
"155973","Tabor College","2014","766","573","193","649","735","159","112","437","27","31","569","159","66","343","1","4","166","0","46","94","26","27","Under 1,000"
"156082","Washburn University","2014","6722","4384","2338","5313","5901","801","514","3716","870","821","3903","753","381","2651","118","481","1998","48","133","1065","752","340","5,000 - 9,999"
"156107","Wichita Area Technical College","2014","3373","1050","2323","1830","3373","410","224","1052","1687","0","1050","207","117","528","198","0","2323","203","107","524","1489","0","1,000 - 4,999"
"156125","Wichita State University","2014","14995","10429","4566","12209","11977","1432","1381","8484","680","3018","8909","1384","1029","6277","219","1520","3068","48","352","2207","461","1498","10,000 - 19,999"
"156134","Wichita Technical Institute","2014","1000","1000","0","1000","1000","179","8","813","0","0","1000","179","8","813","0","0","0","0","0","0","0","0","1,000 - 4,999"
"156189","Alice Lloyd College","2014","657","627","30","639","657","229","33","395","0","0","627","229","33","365","0","0","30","0","0","30","0","0","Under 1,000"
"156213","Asbury University","2014","1879","1306","573","1529","1646","306","164","1029","147","233","1253","303","88","847","15","53","393","3","76","182","132","180","1,000 - 4,999"
"156222","Asbury Theological Seminary","2014","1470","649","821","963","0","0","0","0","0","1470","0","0","0","0","0","649","0","0","0","0","0","821","1,000 - 4,999"
"156231","Ashland Community and Technical College","2014","3345","1683","1662","2241","3345","451","142","1840","912","0","1683","363","108","1162","50","0","1662","88","34","678","862","0","1,000 - 4,999"
"156277","Barrett and Company School of Hair Design","2014","70","70","0","70","70","35","0","35","0","0","70","35","0","35","0","0","0","0","0","0","0","0","Under 1,000"
"156286","Bellarmine University","2014","3609","2724","885","3064","2585","666","45","1788","86","1024","2383","665","41","1659","18","341","202","1","4","129","68","683","1,000 - 4,999"
"156295","Berea College","2014","1621","1578","43","1595","1621","416","46","1115","44","0","1578","416","46","1110","6","0","43","0","0","5","38","0","1,000 - 4,999"
"156310","PJ's College of Cosmetology-Bowling Green","2014","250","214","36","228","250","29","0","221","0","0","214","20","0","194","0","0","36","9","0","27","0","0","Under 1,000"
"156338","Southcentral Kentucky Community and Technical College","2014","4014","1706","2308","2481","4014","472","234","2505","803","0","1706","260","126","1316","4","0","2308","212","108","1189","799","0","1,000 - 4,999"
"156356","Brescia University","2014","1056","768","288","881","1034","169","155","679","31","22","762","165","93","504","0","6","272","4","62","175","31","16","1,000 - 4,999"
"156365","Campbellsville University","2014","3427","2118","1309","2630","2992","516","225","1378","873","435","1894","511","170","1204","9","224","1098","5","55","174","864","211","1,000 - 4,999"
"156392","Bluegrass Community and Technical College","2014","10952","5026","5926","7016","10952","2042","641","6798","1471","0","5026","1415","323","3256","32","0","5926","627","318","3542","1439","0","10,000 - 19,999"
"156408","Centre College","2014","1387","1386","1","1386","1387","386","10","983","8","0","1386","385","10","983","8","0","1","1","0","0","0","0","1,000 - 4,999"
"156417","Clear Creek Baptist Bible College","2014","156","101","55","123","156","12","25","103","16","0","101","10","17","74","0","0","55","2","8","29","16","0","Under 1,000"
"156426","Paul Mitchell the School-Lexington","2014","229","156","73","185","229","19","0","210","0","0","156","15","0","141","0","0","73","4","0","69","0","0","Under 1,000"
"156444","Collins School of Cosmetology","2014","20","20","0","20","20","13","0","7","0","0","20","13","0","7","0","0","0","0","0","0","0","0","Under 1,000"
"156471","Galen College of Nursing-Louisville","2014","879","476","403","636","879","36","188","655","0","0","476","36","87","353","0","0","403","0","101","302","0","0","Under 1,000"
"156541","University of the Cumberlands","2014","5736","2577","3159","3794","2655","405","311","1128","811","3081","1697","403","262","1026","6","880","958","2","49","102","805","2201","5,000 - 9,999"
"156620","Eastern Kentucky University","2014","16305","11950","4355","13641","13939","2608","1140","9575","616","2366","11166","2537","868","7750","11","784","2773","71","272","1825","605","1582","10,000 - 19,999"
"156648","Elizabethtown Community and Technical College","2014","7314","2821","4493","4329","7314","1210","249","4099","1756","0","2821","795","114","1862","50","0","4493","415","135","2237","1706","0","5,000 - 9,999"
"156727","Frontier Nursing University","2014","1478","938","540","1144","0","0","0","0","0","1478","0","0","0","0","0","938","0","0","0","0","0","540","1,000 - 4,999"
"156745","Georgetown College","2014","1262","961","301","1076","979","273","41","658","7","283","950","271","39","638","2","11","29","2","2","20","5","272","1,000 - 4,999"
"156754","PJ's College of Cosmetology-Glasgow","2014","60","60","0","60","60","6","0","54","0","0","60","6","0","54","0","0","0","0","0","0","0","0","Under 1,000"
"156790","Hazard Community and Technical College","2014","3462","1570","1892","2205","3462","497","77","1674","1214","0","1570","410","55","1095","10","0","1892","87","22","579","1204","0","1,000 - 4,999"
"156842","Paul Mitchell the School-Louisville","2014","222","220","2","221","222","17","0","205","0","0","220","16","0","204","0","0","2","1","0","1","0","0","Under 1,000"
"156851","Henderson Community College","2014","2000","565","1435","1047","2000","240","82","1011","667","0","565","159","38","354","14","0","1435","81","44","657","653","0","1,000 - 4,999"
"156860","Hopkinsville Community College","2014","3566","1489","2077","2186","3566","609","253","2191","513","0","1489","358","118","1006","7","0","2077","251","135","1185","506","0","1,000 - 4,999"
"156903","Daymar College-Paducah Main","2014","47","34","13","39","47","0","7","40","0","0","34","0","5","29","0","0","13","0","2","11","0","0","Under 1,000"
"156921","Jefferson Community and Technical College","2014","13550","4663","8887","7647","13550","2046","826","8793","1885","0","4663","1118","345","3105","95","0","8887","928","481","5688","1790","0","10,000 - 19,999"
"156949","Jenny Lea Academy of Cosmetology","2014","24","14","10","18","24","2","0","22","0","0","14","1","0","13","0","0","10","1","0","9","0","0","Under 1,000"
"156967","The Salon Professional Academy-Lexington","2014","142","142","0","142","142","14","0","128","0","0","142","14","0","128","0","0","0","0","0","0","0","0","Under 1,000"
"157021","National College-Lexington","2014","979","452","527","659","979","54","146","769","10","0","452","38","74","340","0","0","527","16","72","429","10","0","Under 1,000"
"157030","Kentucky Mountain Bible College","2014","84","58","26","68","84","14","2","51","17","0","58","13","2","43","0","0","26","1","0","8","17","0","Under 1,000"
"157058","Kentucky State University","2014","1895","1451","444","1627","1754","289","165","1173","127","141","1397","284","140","963","10","54","357","5","25","210","117","87","1,000 - 4,999"
"157076","Kentucky Wesleyan College","2014","709","662","47","680","709","230","61","400","18","0","662","230","56","376","0","0","47","0","5","24","18","0","Under 1,000"
"157085","University of Kentucky","2014","29203","26469","2734","27522","22223","5185","1026","15514","498","6980","20690","5144","897","14472","177","5779","1533","41","129","1042","321","1201","20,000 and above"
"157100","Kentucky Christian University","2014","658","521","137","574","623","171","50","326","76","35","519","171","40","270","38","2","104","0","10","56","38","33","Under 1,000"
"157207","Lexington Theological Seminary","2014","87","9","78","39","0","0","0","0","0","87","0","0","0","0","0","9","0","0","0","0","0","78","Under 1,000"
"157216","Lindsey Wilson College","2014","2641","2492","149","2550","2205","526","303","1263","113","436","2079","523","300","1237","19","413","126","3","3","26","94","23","1,000 - 4,999"
"157270","Sullivan College of Technology and Design","2014","365","228","137","282","365","52","20","272","21","0","228","50","17","160","1","0","137","2","3","112","20","0","Under 1,000"
"157289","University of Louisville","2014","21561","16459","5102","18449","15961","2887","1050","11101","923","5600","12494","2832","778","8754","130","3965","3467","55","272","2347","793","1635","20,000 and above"
"157298","Louisville Presbyterian Theological Seminary","2014","169","105","64","129","0","0","0","0","0","169","0","0","0","0","0","105","0","0","0","0","0","64","Under 1,000"
"157304","Madisonville Community College","2014","4433","1390","3043","2412","4433","369","92","2074","1898","0","1390","251","23","1068","48","0","3043","118","69","1006","1850","0","1,000 - 4,999"
"157331","Maysville Community and Technical College","2014","3478","1466","2012","2142","3478","493","107","2006","872","0","1466","358","70","1024","14","0","2012","135","37","982","858","0","1,000 - 4,999"
"157377","Midway College","2014","1140","851","289","964","1067","78","144","816","29","73","809","74","94","615","26","42","258","4","50","201","3","31","1,000 - 4,999"
"157386","Morehead State University","2014","11052","6495","4557","8298","9951","1532","492","5188","2739","1101","6258","1520","319","4340","79","237","3693","12","173","848","2660","864","10,000 - 19,999"
"157401","Murray State University","2014","11207","8080","3127","9298","9444","1508","761","5857","1318","1763","7370","1490","566","5171","143","710","2074","18","195","686","1175","1053","10,000 - 19,999"
"157438","Gateway Community and Technical College","2014","4594","1360","3234","2446","4594","531","249","2867","947","0","1360","240","96","1014","10","0","3234","291","153","1853","937","0","1,000 - 4,999"
"157447","Northern Kentucky University","2014","15090","10204","4886","12113","12809","2193","671","8790","1155","2281","9433","2143","516","6737","37","771","3376","50","155","2053","1118","1510","10,000 - 19,999"
"157456","Nutek Academy of Beauty Inc","2014","18","18","0","18","18","2","0","16","0","0","18","2","0","16","0","0","0","0","0","0","0","0","Under 1,000"
"157465","Daymar College-Owensboro","2014","94","64","30","76","94","3","17","74","0","0","64","3","13","48","0","0","30","0","4","26","0","0","Under 1,000"
"157483","West Kentucky Community and Technical College","2014","6402","2459","3943","3783","6402","790","273","3440","1899","0","2459","585","150","1674","50","0","3943","205","123","1766","1849","0","5,000 - 9,999"
"157508","Pat Wilson's Beauty College","2014","88","56","32","69","88","45","0","43","0","0","56","30","0","26","0","0","32","15","0","17","0","0","Under 1,000"
"157535","University of Pikeville","2014","2458","1824","634","2073","1929","352","97","880","600","529","1295","351","95","848","1","529","634","1","2","32","599","0","1,000 - 4,999"
"157553","Big Sandy Community and Technical College","2014","4638","2385","2253","3141","4638","446","87","2625","1480","0","2385","380","67","1871","67","0","2253","66","20","754","1413","0","1,000 - 4,999"
"157599","Brown Mackie College-Louisville","2014","1120","1120","0","1120","1120","202","93","825","0","0","1120","202","93","825","0","0","0","0","0","0","0","0","1,000 - 4,999"
"157614","Empire Beauty School-Chenoweth","2014","98","71","27","82","98","29","0","69","0","0","71","19","0","52","0","0","27","10","0","17","0","0","Under 1,000"
"157632","Saint Catharine College","2014","961","581","380","730","939","150","62","380","347","22","571","147","58","339","27","10","368","3","4","41","320","12","Under 1,000"
"157650","Empire Beauty School-Elizabethtown","2014","162","135","27","146","162","56","0","106","0","0","135","50","0","85","0","0","27","6","0","21","0","0","Under 1,000"
"157669","Empire Beauty School-Dixie","2014","68","68","0","68","68","29","0","39","0","0","68","29","0","39","0","0","0","0","0","0","0","0","Under 1,000"
"157678","Empire Beauty School-Florence","2014","137","119","18","126","137","43","0","94","0","0","119","38","0","81","0","0","18","5","0","13","0","0","Under 1,000"
"157696","Brown Mackie College-Northern Kentucky","2014","306","306","0","306","306","39","39","228","0","0","306","39","39","228","0","0","0","0","0","0","0","0","Under 1,000"
"157711","Somerset Community College","2014","6995","3376","3619","4591","6995","1208","272","4355","1160","0","3376","889","176","2298","13","0","3619","319","96","2057","1147","0","5,000 - 9,999"
"157739","Southeast Kentucky Community and Technical College","2014","3660","1818","1842","2436","3660","309","60","1997","1294","0","1818","267","43","1478","30","0","1842","42","17","519","1264","0","1,000 - 4,999"
"157748","The Southern Baptist Theological Seminary","2014","3416","1958","1458","2519","798","113","88","484","113","2618","477","93","70","314","0","1481","321","20","18","170","113","1137","1,000 - 4,999"
"157757","Spalding University","2014","2311","1637","674","1899","1312","206","158","863","85","999","921","171","87","662","1","716","391","35","71","201","84","283","1,000 - 4,999"
"157766","Spencerian College-Louisville","2014","500","303","197","380","500","81","0","386","33","0","303","71","0","216","16","0","197","10","0","170","17","0","Under 1,000"
"157793","Sullivan University","2014","4394","2792","1602","3418","3027","289","0","2600","138","1367","1759","230","0","1474","55","1033","1268","59","0","1126","83","334","1,000 - 4,999"
"157809","Thomas More College","2014","1655","1342","313","1465","1497","276","79","888","254","158","1214","276","78","855","5","128","283","0","1","33","249","30","1,000 - 4,999"
"157818","Transylvania University","2014","1014","1010","4","1012","1014","261","11","742","0","0","1010","261","11","738","0","0","4","0","0","4","0","0","1,000 - 4,999"
"157827","Trend Setters' Academy of Beauty Culture-Louisville","2014","88","49","39","64","88","53","0","35","0","0","49","28","0","21","0","0","39","25","0","14","0","0","Under 1,000"
"157863","Union College","2014","1139","877","262","978","869","240","75","518","36","270","782","239","69","474","0","95","87","1","6","44","36","175","1,000 - 4,999"
"157951","Western Kentucky University","2014","20171","14228","5943","16551","17452","3136","958","11294","2064","2719","13297","3079","698","9265","255","931","4155","57","260","2029","1809","1788","20,000 and above"
"158088","Central Louisiana Technical Community College","2014","2049","938","1111","1311","2049","590","160","604","695","0","938","384","107","331","116","0","1111","206","53","273","579","0","1,000 - 4,999"
"158158","American School of Business","2014","61","43","18","50","61","45","0","16","0","0","43","34","0","9","0","0","18","11","0","7","0","0","Under 1,000"
"158246","Ayers Career College","2014","259","259","0","259","259","97","0","162","0","0","259","97","0","162","0","0","0","0","0","0","0","0","Under 1,000"
"158325","Baton Rouge General Medical Center-School of Nursing","2014","63","63","0","63","63","0","0","63","0","0","63","0","0","63","0","0","0","0","0","0","0","0","Under 1,000"
"158334","Baton Rouge General Medical Center-Radiologic Technology","2014","19","19","0","19","19","0","0","19","0","0","19","0","0","19","0","0","0","0","0","0","0","0","Under 1,000"
"158343","Baton Rouge School of Computers","2014","78","56","22","65","78","39","0","39","0","0","56","28","0","28","0","0","22","11","0","11","0","0","Under 1,000"
"158352","Capital Area Technical College","2014","1946","733","1213","1140","1946","616","93","978","259","0","733","245","57","428","3","0","1213","371","36","550","256","0","1,000 - 4,999"
"158431","Bossier Parish Community College","2014","8693","5513","3180","6581","8693","1526","837","4347","1983","0","5513","1163","490","2635","1225","0","3180","363","347","1712","758","0","5,000 - 9,999"
"158440","Cameron College","2014","20","20","0","20","20","17","0","3","0","0","20","17","0","3","0","0","0","0","0","0","0","0","Under 1,000"
"158477","Centenary College of Louisiana","2014","619","546","73","574","553","141","18","389","5","66","544","140","18","385","1","2","9","1","0","4","4","64","Under 1,000"
"158538","Cloyd's Beauty School 1 Inc","2014","42","42","0","42","42","22","0","20","0","0","42","22","0","20","0","0","0","0","0","0","0","0","Under 1,000"
"158617","Crescent City Bartending School","2014","405","405","0","405","405","173","0","232","0","0","405","173","0","232","0","0","0","0","0","0","0","0","Under 1,000"
"158644","D'Jay's School of Beauty Arts and Sciences","2014","43","41","2","42","43","11","0","32","0","0","41","11","0","30","0","0","2","0","0","2","0","0","Under 1,000"
"158662","Delgado Community College","2014","17152","6965","10187","10385","17152","2675","1824","11575","1078","0","6965","1826","809","4183","147","0","10187","849","1015","7392","931","0","10,000 - 19,999"
"158723","Delta School of Business and Technology","2014","208","208","0","208","208","132","0","76","0","0","208","132","0","76","0","0","0","0","0","0","0","0","Under 1,000"
"158778","Demmons School of Beauty","2014","36","36","0","36","36","19","0","17","0","0","36","19","0","17","0","0","0","0","0","0","0","0","Under 1,000"
"158787","Denham Springs Beauty School","2014","83","83","0","83","83","45","0","38","0","0","83","45","0","38","0","0","0","0","0","0","0","0","Under 1,000"
"158802","Dillard University","2014","1200","1138","62","1162","1200","325","49","826","0","0","1138","325","46","767","0","0","62","0","3","59","0","0","1,000 - 4,999"
"158884","Nunez Community College","2014","2617","898","1719","1475","2617","245","368","1069","935","0","898","150","205","507","36","0","1719","95","163","562","899","0","1,000 - 4,999"
"159009","Grambling State University","2014","4504","3651","853","3970","3524","406","235","2879","4","980","3264","399","226","2637","2","387","260","7","9","242","2","593","1,000 - 4,999"
"159027","Guy's Shreveport Academy of Cosmetology Inc","2014","52","52","0","52","52","27","0","25","0","0","52","27","0","25","0","0","0","0","0","0","0","0","Under 1,000"
"159197","ITI Technical College","2014","691","691","0","691","691","185","0","506","0","0","691","185","0","506","0","0","0","0","0","0","0","0","Under 1,000"
"159319","John Jay Beauty College","2014","21","21","0","21","21","2","0","19","0","0","21","2","0","19","0","0","0","0","0","0","0","0","Under 1,000"
"159328","John Jay Beauty College","2014","82","82","0","82","82","10","0","72","0","0","82","10","0","72","0","0","0","0","0","0","0","0","Under 1,000"
"159373","Louisiana State University Health Sciences Center-New Orleans","2014","2828","2384","444","2557","911","0","241","670","0","1917","623","0","109","514","0","1761","288","0","132","156","0","156","1,000 - 4,999"
"159382","Louisiana State University-Alexandria","2014","2702","1549","1153","2014","2702","451","233","1560","458","0","1549","426","183","885","55","0","1153","25","50","675","403","0","1,000 - 4,999"
"159391","Louisiana State University and Agricultural & Mechanical College","2014","31044","27462","3582","28857","25572","5655","956","17841","1120","5472","23195","5652","886","16551","106","4267","2377","3","70","1290","1014","1205","20,000 and above"
"159407","Louisiana State University-Eunice","2014","2738","1351","1387","1817","2738","799","153","1454","332","0","1351","602","78","665","6","0","1387","197","75","789","326","0","1,000 - 4,999"
"159416","Louisiana State University-Shreveport","2014","4186","2217","1969","2981","3202","348","355","1937","562","984","1967","333","265","1353","16","250","1235","15","90","584","546","734","1,000 - 4,999"
"159513","Aveda Institute-Baton Rouge","2014","210","210","0","210","210","82","0","128","0","0","210","82","0","128","0","0","0","0","0","0","0","0","Under 1,000"
"159522","Aveda Institute-Lafayette","2014","91","91","0","91","91","51","0","40","0","0","91","51","0","40","0","0","0","0","0","0","0","0","Under 1,000"
"159531","Louisiana Academy of Beauty","2014","38","38","0","38","38","11","0","27","0","0","38","11","0","27","0","0","0","0","0","0","0","0","Under 1,000"
"159568","Louisiana College","2014","1256","969","287","1079","985","236","51","670","28","271","931","234","49","635","13","38","54","2","2","35","15","233","1,000 - 4,999"
"159601","Opelousas School of Cosmetology Inc","2014","16","16","0","16","16","5","0","11","0","0","16","5","0","11","0","0","0","0","0","0","0","0","Under 1,000"
"159647","Louisiana Tech University","2014","11225","7857","3368","9186","9532","1857","368","5047","2260","1693","6891","1815","301","4440","335","966","2641","42","67","607","1925","727","10,000 - 19,999"
"159656","Loyola University New Orleans","2014","4330","3306","1024","3699","2796","615","110","2009","62","1534","2618","609","98","1873","38","688","178","6","12","136","24","846","1,000 - 4,999"
"159717","McNeese State University","2014","8237","6194","2043","7002","7484","1260","331","5006","887","753","5839","1241","289","4287","22","355","1645","19","42","719","865","398","5,000 - 9,999"
"159939","University of New Orleans","2014","9234","6437","2797","7527","7152","865","830","5047","410","2082","5280","846","640","3687","107","1157","1872","19","190","1360","303","925","5,000 - 9,999"
"159948","New Orleans Baptist Theological Seminary","2014","2806","808","1998","1581","1227","282","10","933","2","1579","305","52","6","247","0","503","922","230","4","686","2","1076","1,000 - 4,999"
"159966","Nicholls State University","2014","6292","4939","1353","5467","5690","1210","273","4030","177","602","4769","1183","217","3344","25","170","921","27","56","686","152","432","5,000 - 9,999"
"159993","University of Louisiana at Monroe","2014","8517","5767","2750","6858","7215","1314","428","4057","1416","1302","4916","1222","304","3316","74","851","2299","92","124","741","1342","451","5,000 - 9,999"
"160010","Northwest Louisiana Technical College","2014","3283","944","2339","1729","3283","666","123","1038","1456","0","944","315","50","520","59","0","2339","351","73","518","1397","0","1,000 - 4,999"
"160029","Notre Dame Seminary Graduate School of Theology","2014","189","102","87","135","13","0","0","12","1","176","13","0","0","12","1","89","0","0","0","0","0","87","Under 1,000"
"160038","Northwestern State University of Louisiana","2014","9002","5111","3891","6643","7898","1192","443","5193","1070","1104","4927","1137","243","3512","35","184","2971","55","200","1681","1035","920","5,000 - 9,999"
"160065","Our Lady of Holy Cross College","2014","1095","584","511","784","902","63","84","699","56","193","499","60","57","382","0","85","403","3","27","317","56","108","1,000 - 4,999"
"160074","Our Lady of the Lake College","2014","1722","888","834","1215","1551","107","283","1161","0","171","762","86","99","577","0","126","789","21","184","584","0","45","1,000 - 4,999"
"160117","Pat Goins Benton Road Beauty School","2014","16","16","0","16","16","2","0","14","0","0","16","2","0","14","0","0","0","0","0","0","0","0","Under 1,000"
"160126","Pat Goins Monroe Beauty School","2014","41","32","9","36","41","6","0","35","0","0","32","5","0","27","0","0","9","1","0","8","0","0","Under 1,000"
"160135","Pat Goins Ruston Beauty School","2014","35","35","0","35","35","17","0","18","0","0","35","17","0","18","0","0","0","0","0","0","0","0","Under 1,000"
"160199","Pineville Beauty School","2014","75","75","0","75","75","19","0","56","0","0","75","19","0","56","0","0","0","0","0","0","0","0","Under 1,000"
"160320","Aveda Institute-Covington","2014","1587","1587","0","1587","1587","687","0","900","0","0","1587","687","0","900","0","0","0","0","0","0","0","0","1,000 - 4,999"
"160409","Saint Joseph Seminary College","2014","135","132","3","133","135","17","32","77","9","0","132","17","31","75","9","0","3","0","1","2","0","0","Under 1,000"
"160445","Vanguard College of Cosmetology-Slidell","2014","94","94","0","94","94","17","0","77","0","0","94","17","0","77","0","0","0","0","0","0","0","0","Under 1,000"
"160472","South Louisiana Beauty College","2014","33","33","0","33","33","21","0","12","0","0","33","21","0","12","0","0","0","0","0","0","0","0","Under 1,000"
"160481","L E Fletcher Technical Community College","2014","1777","1162","615","1368","1777","461","180","1001","135","0","1162","412","112","609","29","0","615","49","68","392","106","0","1,000 - 4,999"
"160524","Remington College-Lafayette Campus","2014","340","340","0","340","340","126","5","209","0","0","340","126","5","209","0","0","0","0","0","0","0","0","Under 1,000"
"160579","SOWELA Technical Community College","2014","3411","1815","1596","2351","3411","691","427","1692","601","0","1815","517","277","974","47","0","1596","174","150","718","554","0","1,000 - 4,999"
"160597","Stevensons Academy of Hair Design","2014","99","54","45","72","99","11","0","88","0","0","54","8","0","46","0","0","45","3","0","42","0","0","Under 1,000"
"160612","Southeastern Louisiana University","2014","14487","10105","4382","11842","13365","2428","560","8211","2166","1122","9732","2347","444","6925","16","373","3633","81","116","1286","2150","749","10,000 - 19,999"
"160621","Southern University and A & M College","2014","6330","4978","1352","5499","5214","956","352","3825","81","1116","4446","905","244","3267","30","532","768","51","108","558","51","584","5,000 - 9,999"
"160630","Southern University at New Orleans","2014","2103","1445","658","1703","1658","148","188","1322","0","445","1189","126","110","953","0","256","469","22","78","369","0","189","1,000 - 4,999"
"160649","Southern University at Shreveport","2014","2952","2046","906","2350","2952","323","256","2104","269","0","2046","304","191","1551","0","0","906","19","65","553","269","0","1,000 - 4,999"
"160658","University of Louisiana at Lafayette","2014","17195","13453","3742","14935","15574","2922","785","10960","907","1621","12498","2906","557","9024","11","955","3076","16","228","1936","896","666","10,000 - 19,999"
"160667","Northshore Technical Community College","2014","3752","1038","2714","1949","3752","576","242","1042","1892","0","1038","342","133","538","25","0","2714","234","109","504","1867","0","1,000 - 4,999"
"160755","Tulane University of Louisiana","2014","12603","10292","2311","11193","7892","1647","116","6129","0","4711","6214","1647","116","4451","0","4078","1678","0","0","1678","0","633","10,000 - 19,999"
"160904","Xavier University of Louisiana","2014","2976","2801","175","2869","2359","579","118","1616","46","617","2237","578","114","1538","7","564","122","1","4","78","39","53","1,000 - 4,999"
"160913","South Central Louisiana Technical College-Young Memorial Campus","2014","2039","654","1385","1119","2039","414","165","693","767","0","654","145","97","343","69","0","1385","269","68","350","698","0","1,000 - 4,999"
"160940","Kaplan University-Maine Campus","2014","1080","394","686","663","1029","68","221","719","21","51","358","21","73","264","0","36","671","47","148","455","21","15","1,000 - 4,999"
"160959","College of the Atlantic","2014","386","370","16","376","378","79","21","265","13","8","364","79","21","257","7","6","14","0","0","8","6","2","Under 1,000"
"160977","Bates College","2014","1773","1773","0","1773","1773","491","5","1277","0","0","1773","491","5","1277","0","0","0","0","0","0","0","0","1,000 - 4,999"
"160995","Beal College","2014","429","325","104","366","429","61","36","327","5","0","325","59","33","231","2","0","104","2","3","96","3","0","Under 1,000"
"161004","Bowdoin College","2014","1805","1802","3","1803","1805","501","0","1296","8","0","1802","501","0","1296","5","0","3","0","0","0","3","0","1,000 - 4,999"
"161022","Central Maine Medical Center College of Nursing and Health Professions","2014","210","59","151","119","210","7","0","171","32","0","59","7","0","45","7","0","151","0","0","126","25","0","Under 1,000"
"161077","Central Maine Community College","2014","3162","1384","1778","1981","3162","547","486","1464","665","0","1384","404","222","747","11","0","1778","143","264","717","654","0","1,000 - 4,999"
"161086","Colby College","2014","1847","1847","0","1847","1847","480","15","1352","0","0","1847","480","15","1352","0","0","0","0","0","0","0","0","1,000 - 4,999"
"161138","Eastern Maine Community College","2014","2613","1220","1393","1688","2613","489","200","1371","553","0","1220","366","129","718","7","0","1393","123","71","653","546","0","1,000 - 4,999"
"161165","Husson University","2014","2972","2306","666","2565","2355","486","167","1632","70","617","1947","480","131","1335","1","359","408","6","36","297","69","258","1,000 - 4,999"
"161192","Kennebec Valley Community College","2014","2401","589","1812","1197","2401","291","179","1110","821","0","589","160","81","343","5","0","1812","131","98","767","816","0","1,000 - 4,999"
"161208","The Landing School","2014","78","78","0","78","78","14","39","25","0","0","78","14","39","25","0","0","0","0","0","0","0","0","Under 1,000"
"161217","University of Maine at Augusta","2014","4664","1641","3023","2861","4664","405","573","3116","570","0","1641","260","269","1097","15","0","3023","145","304","2019","555","0","1,000 - 4,999"
"161226","University of Maine at Farmington","2014","1960","1658","302","1772","1773","412","86","1240","35","187","1658","410","74","1165","9","0","115","2","12","75","26","187","1,000 - 4,999"
"161235","University of Maine at Fort Kent","2014","1327","578","749","880","1327","139","216","601","371","0","578","130","95","350","3","0","749","9","121","251","368","0","1,000 - 4,999"
"161244","University of Maine at Machias","2014","810","434","376","586","810","118","47","409","236","0","434","111","37","285","1","0","376","7","10","124","235","0","Under 1,000"
"161253","University of Maine","2014","11286","8906","2380","9817","9339","2068","469","6145","657","1947","8129","2045","414","5527","143","777","1210","23","55","618","514","1170","10,000 - 19,999"
"161299","Maine Maritime Academy","2014","1060","1033","27","1043","1031","279","130","622","0","29","1018","279","128","611","0","15","13","0","2","11","0","14","1,000 - 4,999"
"161341","University of Maine at Presque Isle","2014","1138","659","479","852","1138","197","84","566","291","0","659","182","57","411","9","0","479","15","27","155","282","0","1,000 - 4,999"
"161457","University of New England","2014","6429","5261","1168","5713","2749","576","92","1549","532","3680","2202","574","92","1524","12","3059","547","2","0","25","520","621","5,000 - 9,999"
"161484","Northern Maine Community College","2014","1079","539","540","720","1079","161","44","554","320","0","539","117","33","388","1","0","540","44","11","166","319","0","1,000 - 4,999"
"161493","Empire Beauty School-Maine","2014","291","244","47","263","291","107","0","184","0","0","244","94","0","150","0","0","47","13","0","34","0","0","Under 1,000"
"161509","Maine College of Art","2014","459","438","21","446","426","121","42","258","5","33","405","119","38","248","0","33","21","2","4","10","5","0","Under 1,000"
"161518","Saint Joseph's College of Maine","2014","2933","983","1950","1738","1887","391","34","1392","70","1046","951","263","34","654","0","32","936","128","0","738","70","1014","1,000 - 4,999"
"161527","Spa Tech Institute-Westbrook","2014","240","179","61","203","240","44","0","196","0","0","179","33","0","146","0","0","61","11","0","50","0","0","Under 1,000"
"161545","Southern Maine Community College","2014","6734","2819","3915","4133","6734","1286","484","3784","1180","0","2819","903","244","1647","25","0","3915","383","240","2137","1155","0","5,000 - 9,999"
"161554","University of Southern Maine","2014","8428","4700","3728","6159","6628","737","792","4254","845","1800","3985","701","513","2743","28","715","2643","36","279","1511","817","1085","5,000 - 9,999"
"161563","Thomas College","2014","1404","840","564","1060","1220","207","76","568","369","184","779","202","70","507","0","61","441","5","6","61","369","123","1,000 - 4,999"
"161572","Unity College","2014","601","583","18","590","601","183","43","359","16","0","583","182","43","358","0","0","18","1","0","1","16","0","Under 1,000"
"161581","Washington County Community College","2014","491","249","242","330","491","109","58","144","180","0","249","96","35","88","30","0","242","13","23","56","150","0","Under 1,000"
"161615","Aaron's Academy of Beauty","2014","28","23","5","25","28","24","0","4","0","0","23","22","0","1","0","0","5","2","0","3","0","0","Under 1,000"
"161651","Aesthetics Institute of Cosmetology","2014","86","38","48","57","86","22","0","64","0","0","38","8","0","30","0","0","48","14","0","34","0","0","Under 1,000"
"161688","Allegany College of Maryland","2014","3227","1661","1566","2187","3227","789","112","1684","642","0","1661","627","37","993","4","0","1566","162","75","691","638","0","1,000 - 4,999"
"161767","Anne Arundel Community College","2014","15274","4442","10832","8079","15274","2412","850","9805","2207","0","4442","1382","278","2744","38","0","10832","1030","572","7061","2169","0","10,000 - 19,999"
"161776","TESST College of Technology-Towson","2014","318","318","0","318","318","62","11","236","9","0","318","62","11","236","9","0","0","0","0","0","0","0","Under 1,000"
"161800","Award Beauty School","2014","266","190","76","220","266","57","0","209","0","0","190","40","0","150","0","0","76","17","0","59","0","0","Under 1,000"
"161855","Baltimore Studio of Hair Design","2014","62","42","20","50","62","17","0","45","0","0","42","13","0","29","0","0","20","4","0","16","0","0","Under 1,000"
"161864","Baltimore City Community College","2014","5024","1683","3341","2805","5024","911","538","3191","384","0","1683","433","190","1019","41","0","3341","478","348","2172","343","0","5,000 - 9,999"
"161873","University of Baltimore","2014","6422","3384","3038","4541","3485","234","645","2565","41","2937","2089","226","427","1435","1","1295","1396","8","218","1130","40","1642","5,000 - 9,999"
"162007","Bowie State University","2014","5695","4188","1507","4766","4456","596","583","3222","55","1239","3675","594","459","2614","8","513","781","2","124","608","47","726","5,000 - 9,999"
"162061","Capitol College","2014","793","427","366","568","417","40","37","329","11","376","303","38","32","233","0","124","114","2","5","96","11","252","Under 1,000"
"162104","Cecil College","2014","2551","1011","1540","1528","2551","498","110","1708","235","0","1011","306","51","643","11","0","1540","192","59","1065","224","0","1,000 - 4,999"
"162122","College of Southern Maryland","2014","8411","3087","5324","4874","8411","1966","567","5432","446","0","3087","1165","222","1632","68","0","5324","801","345","3800","378","0","5,000 - 9,999"
"162168","Chesapeake College","2014","2426","790","1636","1339","2426","538","123","1406","359","0","790","326","57","399","8","0","1636","212","66","1007","351","0","1,000 - 4,999"
"162210","Washington Adventist University","2014","1057","727","330","855","876","114","76","600","86","181","676","114","60","502","0","51","200","0","16","98","86","130","1,000 - 4,999"
"162283","Coppin State University","2014","3133","2197","936","2562","2684","275","310","2067","32","449","2046","267","214","1564","1","151","638","8","96","503","31","298","1,000 - 4,999"
"162335","Delmarva Beauty Academy","2014","66","66","0","66","66","9","0","57","0","0","66","9","0","57","0","0","0","0","0","0","0","0","Under 1,000"
"162371","North American Trade Schools","2014","558","558","0","558","558","203","0","355","0","0","558","203","0","355","0","0","0","0","0","0","0","0","Under 1,000"
"162557","Frederick Community College","2014","6031","2061","3970","3394","6031","1238","166","3844","783","0","2061","708","64","1255","34","0","3970","530","102","2589","749","0","5,000 - 9,999"
"162584","Frostburg State University","2014","5645","4437","1208","4903","4915","958","513","3294","150","730","4228","957","350","2847","74","209","687","1","163","447","76","521","5,000 - 9,999"
"162609","Garrett College","2014","713","577","136","623","713","219","36","289","169","0","577","217","32","248","80","0","136","2","4","41","89","0","Under 1,000"
"162654","Goucher College","2014","2120","1589","531","1792","1477","403","37","1023","14","643","1448","403","36","1005","4","141","29","0","1","18","10","502","1,000 - 4,999"
"162681","Kaplan University-Hagerstown Campus","2014","911","260","651","516","854","68","140","646","0","57","218","2","4","212","0","42","636","66","136","434","0","15","Under 1,000"
"162690","Hagerstown Community College","2014","4615","1174","3441","2329","4615","841","355","2514","905","0","1174","331","113","641","89","0","3441","510","242","1873","816","0","1,000 - 4,999"
"162706","Harford Community College","2014","6714","2524","4190","3931","6714","1390","299","4061","964","0","2524","941","126","1298","159","0","4190","449","173","2763","805","0","5,000 - 9,999"
"162760","Hood College","2014","2365","1411","954","1777","1359","289","127","914","29","1006","1264","288","112","855","9","147","95","1","15","59","20","859","1,000 - 4,999"
"162779","Howard Community College","2014","9920","3729","6191","5808","9920","1671","844","6987","418","0","3729","1047","267","2360","55","0","6191","624","577","4627","363","0","5,000 - 9,999"
"162830","The Colorlab Academy of Hair","2014","66","66","0","66","66","23","0","43","0","0","66","23","0","43","0","0","0","0","0","0","0","0","Under 1,000"
"162928","Johns Hopkins University","2014","21372","13407","7965","16453","6357","1470","248","4321","318","15015","6049","1470","248","4288","43","7358","308","0","0","33","275","7657","20,000 and above"
"162982","L'Academie de Cuisine","2014","63","63","0","63","63","15","0","48","0","0","63","15","0","48","0","0","0","0","0","0","0","0","Under 1,000"
"163028","Lincoln College of Technology-Columbia","2014","647","507","140","563","647","173","1","473","0","0","507","137","1","369","0","0","140","36","0","104","0","0","Under 1,000"
"163046","Loyola University Maryland","2014","5967","4647","1320","5152","4084","1137","59","2866","22","1883","4035","1134","57","2836","8","612","49","3","2","30","14","1271","5,000 - 9,999"
"163107","Maryland Beauty Academy of Reisterstown","2014","26","10","16","16","26","12","0","14","0","0","10","7","0","3","0","0","16","5","0","11","0","0","Under 1,000"
"163204","University of Maryland-University College","2014","47906","8429","39477","23833","35154","1143","5780","26969","1262","12752","8261","227","1181","6819","34","168","26893","916","4599","20150","1228","12584","20,000 and above"
"163259","University of Maryland-Baltimore","2014","6276","4963","1313","5447","792","0","229","557","6","5484","571","0","193","377","1","4392","221","0","36","180","5","1092","5,000 - 9,999"
"163268","University of Maryland-Baltimore County","2014","13979","10842","3137","12049","11379","1629","1241","8404","105","2600","9653","1616","983","7042","12","1189","1726","13","258","1362","93","1411","10,000 - 19,999"
"163286","University of Maryland-College Park","2014","37610","32938","4672","34713","27056","4155","2004","20373","524","10554","25027","4148","1832","18928","119","7911","2029","7","172","1445","405","2643","20,000 and above"
"163295","Maryland Institute College of Art","2014","2262","2071","191","2145","1911","455","91","1361","4","351","1818","455","89","1274","0","253","93","0","2","87","4","98","1,000 - 4,999"
"163338","University of Maryland Eastern Shore","2014","4279","3634","645","3883","3570","769","196","2476","129","709","3192","756","162","2274","0","442","378","13","34","202","129","267","1,000 - 4,999"
"163347","Fortis Institute-Towson","2014","719","719","0","719","719","167","0","552","0","0","719","167","0","552","0","0","0","0","0","0","0","0","Under 1,000"
"163408","Montgomery Beauty School","2014","118","86","32","99","118","36","0","82","0","0","86","29","0","57","0","0","32","7","0","25","0","0","Under 1,000"
"163426","Montgomery College","2014","25517","8931","16586","14500","25517","3165","1098","14409","6845","0","8931","2061","431","5035","1404","0","16586","1104","667","9374","5441","0","20,000 and above"
"163453","Morgan State University","2014","7698","6192","1506","6768","6302","1078","453","4708","63","1396","5544","1058","380","4085","21","648","758","20","73","623","42","748","5,000 - 9,999"
"163462","Mount St Mary's University","2014","2305","1963","342","2095","1810","510","64","1232","4","495","1723","510","40","1173","0","240","87","0","24","59","4","255","1,000 - 4,999"
"163532","Ner Israel Rabbinical College","2014","512","484","28","495","305","42","50","213","0","207","305","42","50","213","0","179","0","0","0","0","0","28","Under 1,000"
"163541","Hair Academy Inc-New Carrollton","2014","504","268","236","362","504","129","0","375","0","0","268","85","0","183","0","0","236","44","0","192","0","0","Under 1,000"
"163578","Notre Dame of Maryland University","2014","2764","894","1870","1615","1169","107","153","893","16","1595","538","107","62","369","0","356","631","0","91","524","16","1239","1,000 - 4,999"
"163657","Prince George's Community College","2014","13678","3833","9845","7138","13678","2393","1090","8946","1249","0","3833","971","352","2238","272","0","9845","1422","738","6708","977","0","10,000 - 19,999"
"163736","TESST College of Technology-Baltimore","2014","582","582","0","582","582","117","37","393","35","0","582","117","37","393","35","0","0","0","0","0","0","0","Under 1,000"
"163754","Robert Paul Academy of Cosmetology Arts & Sciences","2014","25","20","5","22","25","19","0","6","0","0","20","15","0","5","0","0","5","4","0","1","0","0","Under 1,000"
"163815","Maryland Beauty Academy of Essex","2014","102","31","71","59","102","20","0","82","0","0","31","12","0","19","0","0","71","8","0","63","0","0","Under 1,000"
"163851","Salisbury University","2014","8770","7704","1066","8117","7997","1150","1000","5632","215","773","7350","1144","906","5284","16","354","647","6","94","348","199","419","5,000 - 9,999"
"163912","St Mary's College of Maryland","2014","1721","1657","64","1683","1688","379","102","1187","20","33","1626","378","92","1152","4","31","62","1","10","35","16","2","1,000 - 4,999"
"163921","Sojourner-Douglass College","2014","705","358","347","494","659","58","36","565","0","46","336","8","8","320","0","22","323","50","28","245","0","24","Under 1,000"
"163976","St John's College","2014","472","469","3","470","429","136","0","293","0","43","429","136","0","293","0","40","0","0","0","0","0","3","Under 1,000"
"164058","TESST College of Technology-Beltsville","2014","388","388","0","388","388","75","42","271","0","0","388","75","42","271","0","0","0","0","0","0","0","0","Under 1,000"
"164076","Towson University","2014","22285","17690","4595","19445","18807","2712","1986","13848","261","3478","16575","2711","1703","12089","72","1115","2232","1","283","1759","189","2363","20,000 and above"
"164085","Maryland University of Integrative Health","2014","780","535","245","629","0","0","0","0","0","780","0","0","0","0","0","535","0","0","0","0","0","245","Under 1,000"
"164100","International Beauty School","2014","116","116","0","116","116","111","0","5","0","0","116","111","0","5","0","0","0","0","0","0","0","0","Under 1,000"
"164155","United States Naval Academy","2014","4511","4511","0","4511","4511","1175","0","3336","0","0","4511","1175","0","3336","0","0","0","0","0","0","0","0","1,000 - 4,999"
"164173","Stevenson University","2014","4322","3292","1030","3692","3808","690","294","2794","30","514","3203","689","225","2289","0","89","605","1","69","505","30","425","1,000 - 4,999"
"164216","Washington College","2014","1485","1417","68","1444","1467","388","29","991","59","18","1417","388","29","979","21","0","50","0","0","12","38","18","1,000 - 4,999"
"164270","McDaniel College","2014","3206","1762","1444","2315","1740","409","67","1173","91","1466","1623","409","67","1131","16","139","117","0","0","42","75","1327","1,000 - 4,999"
"164313","Wor-Wic Community College","2014","3104","909","2195","1646","3104","671","211","1917","305","0","909","389","61","446","13","0","2195","282","150","1471","292","0","1,000 - 4,999"
"164368","Hult International Business School","2014","814","814","0","814","0","0","0","0","0","814","0","0","0","0","0","814","0","0","0","0","0","0","Under 1,000"
"164438","New England College of Business and Finance","2014","841","245","596","478","690","3","0","687","0","151","159","0","0","159","0","86","531","3","0","528","0","65","Under 1,000"
"164447","American International College","2014","3629","1744","1885","2465","1473","309","143","1021","0","2156","1376","308","137","931","0","368","97","1","6","90","0","1788","1,000 - 4,999"
"164465","Amherst College","2014","1792","1792","0","1792","1792","469","17","1306","0","0","1792","469","17","1306","0","0","0","0","0","0","0","0","1,000 - 4,999"
"164474","Andover Newton Theological School","2014","260","54","206","133","0","0","0","0","0","260","0","0","0","0","0","54","0","0","0","0","0","206","Under 1,000"
"164492","Anna Maria College","2014","1430","820","610","1057","1108","171","39","898","0","322","769","169","38","562","0","51","339","2","1","336","0","271","1,000 - 4,999"
"164535","Assabet Valley Regional Technical School","2014","44","44","0","44","44","11","0","33","0","0","44","11","0","33","0","0","0","0","0","0","0","0","Under 1,000"
"164562","Assumption College","2014","2719","2208","511","2405","2225","571","83","1539","32","494","2021","571","41","1403","6","187","204","0","42","136","26","307","1,000 - 4,999"
"164580","Babson College","2014","3049","2560","489","2747","2107","506","43","1558","0","942","2107","506","43","1558","0","453","0","0","0","0","0","489","1,000 - 4,999"
"164599","Bancroft School of Massage Therapy","2014","70","0","70","28","70","17","0","53","0","0","0","0","0","0","0","0","70","17","0","53","0","0","Under 1,000"
"164614","Boston Baptist College","2014","94","63","31","75","94","8","6","59","21","0","63","8","5","50","0","0","31","0","1","9","21","0","Under 1,000"
"164632","Bay Path College","2014","2587","1746","841","2070","1584","129","298","1147","10","1003","1291","129","215","945","2","455","293","0","83","202","8","548","1,000 - 4,999"
"164641","Bay State College","2014","1108","730","378","878","1108","191","198","719","0","0","730","136","127","467","0","0","378","55","71","252","0","0","1,000 - 4,999"
"164678","Bay State School of Technology","2014","152","92","60","116","152","41","0","111","0","0","92","25","0","67","0","0","60","16","0","44","0","0","Under 1,000"
"164720","Becker College","2014","2021","1567","454","1745","2021","407","153","1415","46","0","1567","403","129","1034","1","0","454","4","24","381","45","0","1,000 - 4,999"
"164739","Bentley University","2014","5565","4865","700","5133","4264","978","125","3087","74","1301","4170","978","125","3008","59","695","94","0","0","79","15","606","5,000 - 9,999"
"164748","Berklee College of Music","2014","4908","4333","575","4559","4743","950","251","3542","0","165","4187","928","212","3047","0","146","556","22","39","495","0","19","1,000 - 4,999"
"164775","Berkshire Community College","2014","2230","751","1479","1248","2230","429","89","1349","363","0","751","260","33","448","10","0","1479","169","56","901","353","0","1,000 - 4,999"
"164845","Empire Beauty School-Boston","2014","224","186","38","201","224","95","0","129","0","0","186","83","0","103","0","0","38","12","0","26","0","0","Under 1,000"
"164872","Boston Architectural College","2014","876","736","140","791","470","24","35","293","118","406","354","24","35","284","11","382","116","0","0","9","107","24","Under 1,000"
"164915","Boston Graduate School of Psychoanalysis Inc","2014","136","36","100","74","0","0","0","0","0","136","0","0","0","0","0","36","0","0","0","0","0","100","Under 1,000"
"164924","Boston College","2014","14317","13024","1293","13522","9856","2295","142","7046","373","4461","9526","2284","142","6919","181","3498","330","11","0","127","192","963","10,000 - 19,999"
"164933","The Boston Conservatory","2014","711","693","18","700","505","125","0","380","0","206","502","125","0","377","0","191","3","0","0","3","0","15","Under 1,000"
"164988","Boston University","2014","32112","25851","6261","28258","18017","3915","479","12063","1560","14095","16619","3915","475","11693","536","9232","1398","0","4","370","1024","4863","20,000 and above"
"165015","Brandeis University","2014","5945","5457","488","5644","3729","859","60","2796","14","2216","3711","859","60","2790","2","1746","18","0","0","6","12","470","5,000 - 9,999"
"165024","Bridgewater State University","2014","11187","8452","2735","9509","9628","1540","996","6964","128","1559","8019","1506","826","5627","60","433","1609","34","170","1337","68","1126","10,000 - 19,999"
"165033","Bristol Community College","2014","9189","4335","4854","5965","9189","1972","516","5744","957","0","4335","1385","253","2582","115","0","4854","587","263","3162","842","0","5,000 - 9,999"
"165060","Signature Healthcare Brockton Hospital School of Nursing","2014","317","201","116","247","317","9","0","308","0","0","201","8","0","193","0","0","116","1","0","115","0","0","Under 1,000"
"165112","Bunker Hill Community College","2014","14253","4549","9704","7807","14253","2395","1043","9258","1557","0","4549","1211","436","2806","96","0","9704","1184","607","6452","1461","0","10,000 - 19,999"
"165167","Cambridge College","2014","2841","995","1846","1710","1140","138","242","754","6","1701","254","10","32","212","0","741","886","128","210","542","6","960","1,000 - 4,999"
"165194","Cape Cod Community College","2014","3818","1105","2713","2016","3818","708","254","2275","581","0","1105","376","85","605","39","0","2713","332","169","1670","542","0","1,000 - 4,999"
"165255","Catherine Hinds Institute of Esthetics","2014","222","113","109","156","222","95","0","127","0","0","113","52","0","61","0","0","109","43","0","66","0","0","Under 1,000"
"165264","Laboure College","2014","757","87","670","350","757","16","0","741","0","0","87","1","0","86","0","0","670","15","0","655","0","0","Under 1,000"
"165334","Clark University","2014","3423","3095","328","3221","2301","552","60","1627","62","1122","2213","547","56","1601","9","882","88","5","4","26","53","240","1,000 - 4,999"
"165495","Conway School of Landscape Design","2014","17","17","0","17","0","0","0","0","0","17","0","0","0","0","0","17","0","0","0","0","0","0","Under 1,000"
"165529","Curry College","2014","3141","2139","1002","2530","2900","676","167","2000","57","241","2103","648","74","1379","2","36","797","28","93","621","55","205","1,000 - 4,999"
"165556","Lincoln Technical Institute-Somerville","2014","390","298","92","335","390","107","0","283","0","0","298","98","0","200","0","0","92","9","0","83","0","0","Under 1,000"
"165574","Dean College","2014","1325","1062","263","1165","1325","452","49","755","69","0","1062","445","38","579","0","0","263","7","11","176","69","0","1,000 - 4,999"
"165608","Diman Regional Technical Institute","2014","80","43","37","55","80","59","0","21","0","0","43","34","0","9","0","0","37","25","0","12","0","0","Under 1,000"
"165635","National Aviation Academy of New England","2014","218","218","0","218","218","48","0","170","0","0","218","48","0","170","0","0","0","0","0","0","0","0","Under 1,000"
"165644","Eastern Nazarene College","2014","1211","1139","72","1167","1064","170","40","844","10","147","1047","170","40","837","0","92","17","0","0","7","10","55","1,000 - 4,999"
"165662","Emerson College","2014","4545","4395","150","4453","3787","857","218","2682","30","758","3707","857","217","2633","0","688","80","0","1","49","30","70","1,000 - 4,999"
"165671","Emmanuel College","2014","2311","1830","481","2017","2082","524","47","1396","115","229","1817","524","38","1255","0","13","265","0","9","141","115","216","1,000 - 4,999"
"165699","Endicott College","2014","4429","2982","1447","3538","2877","763","100","1918","96","1552","2544","748","59","1729","8","438","333","15","41","189","88","1114","1,000 - 4,999"
"165705","Episcopal Divinity School","2014","62","48","14","53","0","0","0","0","0","62","0","0","0","0","0","48","0","0","0","0","0","14","Under 1,000"
"165750","Rob Roy Academy-Fall River","2014","61","61","0","61","61","26","0","35","0","0","61","26","0","35","0","0","0","0","0","0","0","0","Under 1,000"
"165802","Fisher College","2014","1875","1161","714","1441","1875","323","106","1202","244","0","1161","289","86","724","62","0","714","34","20","478","182","0","1,000 - 4,999"
"165820","Fitchburg State University","2014","6810","3613","3197","4802","4204","727","375","3032","70","2606","3419","720","273","2402","24","194","785","7","102","630","46","2412","5,000 - 9,999"
"165866","Framingham State University","2014","6499","4034","2465","4954","4609","808","414","3107","280","1890","3928","806","351","2715","56","106","681","2","63","392","224","1784","5,000 - 9,999"
"165884","Benjamin Franklin Institute of Technology","2014","507","430","77","460","507","210","32","242","23","0","430","208","28","194","0","0","77","2","4","48","23","0","Under 1,000"
"165936","Gordon College","2014","2105","1816","289","1927","1741","403","58","1242","38","364","1698","400","58","1212","28","118","43","3","0","30","10","246","1,000 - 4,999"
"165945","Gordon-Conwell Theological Seminary","2014","2067","685","1382","1213","0","0","0","0","0","2067","0","0","0","0","0","685","0","0","0","0","0","1382","1,000 - 4,999"
"165981","Greenfield Community College","2014","2127","758","1369","1218","2127","370","232","1248","277","0","758","197","90","442","29","0","1369","173","142","806","248","0","1,000 - 4,999"
"166009","Hallmark Institute of Photography","2014","77","77","0","77","77","49","0","28","0","0","77","49","0","28","0","0","0","0","0","0","0","0","Under 1,000"
"166018","Hampshire College","2014","1376","1376","0","1376","1376","324","47","987","18","0","1376","324","47","987","18","0","0","0","0","0","0","0","1,000 - 4,999"
"166027","Harvard University","2014","28791","20430","8361","23658","10338","1650","11","5575","3102","18453","7200","1650","11","5213","326","13230","3138","0","0","362","2776","5223","20,000 and above"
"166045","Hebrew College","2014","146","69","77","98","2","0","0","2","0","144","1","0","0","1","0","68","1","0","0","1","0","76","Under 1,000"
"166054","Hellenic College-Holy Cross Greek Orthodox School of Theology","2014","183","170","13","175","81","14","14","53","0","102","81","14","14","53","0","89","0","0","0","0","0","13","Under 1,000"
"166063","Henris School of Hair Design","2014","27","27","0","27","27","18","0","9","0","0","27","18","0","9","0","0","0","0","0","0","0","0","Under 1,000"
"166124","College of the Holy Cross","2014","2787","2754","33","2767","2787","773","10","1971","33","0","2754","773","10","1971","0","0","33","0","0","0","33","0","1,000 - 4,999"
"166133","Holyoke Community College","2014","6604","3017","3587","4221","6604","1495","470","4269","370","0","3017","983","234","1769","31","0","3587","512","236","2500","339","0","5,000 - 9,999"
"166294","Kay Harvey Academy of Hair Design","2014","34","26","8","29","34","16","0","18","0","0","26","12","0","14","0","0","8","4","0","4","0","0","Under 1,000"
"166319","La Baron Hairdressing Academy-Brockton","2014","38","22","16","28","38","29","0","9","0","0","22","17","0","5","0","0","16","12","0","4","0","0","Under 1,000"
"166328","La Baron Hairdressing Academy-New Bedford","2014","57","42","15","48","57","47","0","10","0","0","42","37","0","5","0","0","15","10","0","5","0","0","Under 1,000"
"166391","Lasell College","2014","2070","1758","312","1878","1737","501","69","1157","10","333","1706","501","66","1138","1","52","31","0","3","19","9","281","1,000 - 4,999"
"166407","Lawrence Memorial Hospital School of Nursing","2014","283","263","20","271","283","1","20","262","0","0","263","1","0","262","0","0","20","0","20","0","0","0","Under 1,000"
"166452","Lesley University","2014","4859","2245","2614","3250","1929","310","161","1256","202","2930","1383","298","108","969","8","862","546","12","53","287","194","2068","1,000 - 4,999"
"166489","Longy School of Music of Bard College","2014","248","224","24","233","59","11","5","43","0","189","53","11","5","37","0","171","6","0","0","6","0","18","Under 1,000"
"166498","Lowell Academy Hairstyling Institute","2014","95","95","0","95","95","43","0","52","0","0","95","43","0","52","0","0","0","0","0","0","0","0","Under 1,000"
"166513","University of Massachusetts-Lowell","2014","17179","10797","6382","13253","12983","1673","1478","9039","793","4196","9443","1633","1124","6540","146","1354","3540","40","354","2499","647","2842","10,000 - 19,999"
"166586","Mansfield Beauty Schools-Springfield","2014","31","26","5","28","31","6","0","25","0","0","26","5","0","21","0","0","5","1","0","4","0","0","Under 1,000"
"166595","Mansfield Beauty Schools-Quincy","2014","65","38","27","49","65","12","0","53","0","0","38","5","0","33","0","0","27","7","0","20","0","0","Under 1,000"
"166601","Marian Court College","2014","277","145","132","197","277","27","13","124","113","0","145","25","13","107","0","0","132","2","0","17","113","0","Under 1,000"
"166629","University of Massachusetts-Amherst","2014","28635","22946","5689","25069","22252","4694","1458","15712","388","6383","20684","4691","1198","14662","133","2262","1568","3","260","1050","255","4121","20,000 and above"
"166638","University of Massachusetts-Boston","2014","16756","10543","6213","12938","12700","1542","1677","8889","592","4056","9178","1438","1234","6387","119","1365","3522","104","443","2502","473","2691","10,000 - 19,999"
"166647","Massachusetts Bay Community College","2014","5369","1874","3495","3047","5369","1206","265","3009","889","0","1874","648","120","1037","69","0","3495","558","145","1972","820","0","5,000 - 9,999"
"166656","MCPHS University","2014","6935","6350","585","6576","4027","875","179","2890","83","2908","3826","875","143","2772","36","2524","201","0","36","118","47","384","5,000 - 9,999"
"166674","Massachusetts College of Art and Design","2014","2095","1721","374","1870","1967","328","124","1329","186","128","1628","328","123","1175","2","93","339","0","1","154","184","35","1,000 - 4,999"
"166683","Massachusetts Institute of Technology","2014","11319","11106","213","11188","4512","1043","16","3417","36","6807","4476","1043","16","3383","34","6630","36","0","0","34","2","177","10,000 - 19,999"
"166692","Massachusetts Maritime Academy","2014","1497","1373","124","1419","1401","321","42","1032","6","96","1373","321","42","1010","0","0","28","0","0","22","6","96","1,000 - 4,999"
"166708","University of Massachusetts Medical School Worcester","2014","1103","1028","75","1055","0","0","0","0","0","1103","0","0","0","0","0","1028","0","0","0","0","0","75","1,000 - 4,999"
"166717","Massachusetts School of Professional Psychology","2014","700","534","166","597","0","0","0","0","0","700","0","0","0","0","0","534","0","0","0","0","0","166","Under 1,000"
"166805","Massachusetts School of Barbering","2014","92","32","60","56","92","54","0","38","0","0","32","18","0","14","0","0","60","36","0","24","0","0","Under 1,000"
"166823","Massasoit Community College","2014","7905","3401","4504","4913","7905","1747","412","4581","1165","0","3401","1190","191","1940","80","0","4504","557","221","2641","1085","0","5,000 - 9,999"
"166850","Merrimack College","2014","3337","3063","274","3170","3033","858","54","2073","48","304","2853","858","54","1938","3","210","180","0","0","135","45","94","1,000 - 4,999"
"166869","MGH Institute of Health Professions","2014","1166","847","319","969","195","0","0","193","2","971","195","0","0","193","2","652","0","0","0","0","0","319","1,000 - 4,999"
"166887","Middlesex Community College","2014","9205","3537","5668","5440","9205","1845","698","5886","776","0","3537","1109","295","2073","60","0","5668","736","403","3813","716","0","5,000 - 9,999"
"166911","Montserrat College of Art","2014","402","383","19","390","402","102","14","264","22","0","383","101","14","262","6","0","19","1","0","2","16","0","Under 1,000"
"166939","Mount Holyoke College","2014","2255","2198","57","2220","2189","531","71","1559","28","66","2161","530","66","1548","17","37","28","1","5","11","11","29","1,000 - 4,999"
"166948","Mount Ida College","2014","1320","1204","116","1249","1293","361","121","808","3","27","1198","358","117","723","0","6","95","3","4","85","3","21","1,000 - 4,999"
"166957","Mount Wachusett Community College","2014","4336","1764","2572","2628","4336","800","285","2839","412","0","1764","503","141","1030","90","0","2572","297","144","1809","322","0","1,000 - 4,999"
"166975","Cortiva Institute-Boston","2014","166","59","107","101","166","58","0","108","0","0","59","25","0","34","0","0","107","33","0","74","0","0","Under 1,000"
"166984","School of the Museum of Fine Arts-Boston","2014","548","498","50","518","385","52","16","243","74","163","342","51","16","225","50","156","43","1","0","18","24","7","Under 1,000"
"167020","Everest Institute-Brighton","2014","85","85","0","85","85","0","0","85","0","0","85","0","0","85","0","0","0","0","0","0","0","0","Under 1,000"
"167039","Rob Roy Academy-New Bedford","2014","20","20","0","20","20","11","0","9","0","0","20","11","0","9","0","0","0","0","0","0","0","0","Under 1,000"
"167057","The New England Conservatory of Music","2014","782","728","54","749","413","75","16","298","24","369","376","75","16","285","0","352","37","0","0","13","24","17","Under 1,000"
"167093","New England College of Optometry","2014","519","517","2","518","0","0","0","0","0","519","0","0","0","0","0","517","0","0","0","0","0","2","Under 1,000"
"167181","New England School of Acupuncture","2014","160","115","45","132","0","0","0","0","0","160","0","0","0","0","0","115","0","0","0","0","0","45","Under 1,000"
"167215","New England School of Law","2014","871","616","255","713","0","0","0","0","0","871","0","0","0","0","0","616","0","0","0","0","0","255","Under 1,000"
"167224","New England School of Photography","2014","65","65","0","65","65","37","0","28","0","0","65","37","0","28","0","0","0","0","0","0","0","0","Under 1,000"
"167251","Newbury College","2014","874","800","74","829","874","268","32","571","3","0","800","264","27","509","0","0","74","4","5","62","3","0","Under 1,000"
"167260","Nichols College","2014","1495","1181","314","1303","1330","400","42","870","18","165","1180","399","32","749","0","1","150","1","10","121","18","164","1,000 - 4,999"
"167288","Massachusetts College of Liberal Arts","2014","1765","1391","374","1534","1562","352","164","1001","45","203","1378","351","125","890","12","13","184","1","39","111","33","190","1,000 - 4,999"
"167297","North Bennet Street School","2014","154","154","0","154","154","21","0","133","0","0","154","21","0","133","0","0","0","0","0","0","0","0","Under 1,000"
"167312","North Shore Community College","2014","7412","2575","4837","4199","7412","1298","526","4883","705","0","2575","737","224","1574","40","0","4837","561","302","3309","665","0","5,000 - 9,999"
"167321","The New England Institute of Art","2014","555","506","49","525","555","89","52","414","0","0","506","82","41","383","0","0","49","7","11","31","0","0","Under 1,000"
"167358","Northeastern University","2014","19798","18622","1176","19071","13510","2944","460","10088","18","6288","13492","2944","460","10088","0","5130","18","0","0","0","18","1158","10,000 - 19,999"
"167376","Northern Essex Community College","2014","6963","2298","4665","3864","6963","1365","389","4605","604","0","2298","762","154","1370","12","0","4665","603","235","3235","592","0","5,000 - 9,999"
"167394","College of Our Lady of the Elms","2014","1717","1040","677","1303","1371","187","203","946","35","346","1005","187","124","692","2","35","366","0","79","254","33","311","1,000 - 4,999"
"167455","Pine Manor College","2014","442","438","4","440","403","185","10","206","2","39","399","185","10","202","2","39","4","0","0","4","0","0","Under 1,000"
"167464","Blessed John XXIII National Seminary","2014","65","65","0","65","0","0","0","0","0","65","0","0","0","0","0","65","0","0","0","0","0","0","Under 1,000"
"167525","Quincy College","2014","4705","1818","2887","2787","4705","586","630","2913","576","0","1818","370","311","1099","38","0","2887","216","319","1814","538","0","1,000 - 4,999"
"167534","Quinsigamond Community College","2014","8452","3337","5115","5054","8452","1709","540","5252","951","0","3337","976","259","1927","175","0","5115","733","281","3325","776","0","5,000 - 9,999"
"167598","Regis College","2014","1912","1176","736","1460","1166","249","27","890","0","746","911","249","27","635","0","265","255","0","0","255","0","481","1,000 - 4,999"
"167631","Roxbury Community College","2014","2393","756","1637","1306","2393","444","62","1774","113","0","756","176","17","560","3","0","1637","268","45","1214","110","0","1,000 - 4,999"
"167677","Saint John's Seminary","2014","190","96","94","132","35","0","14","14","7","155","28","0","13","14","1","68","7","0","1","0","6","87","Under 1,000"
"167729","Salem State University","2014","9267","6287","2980","7436","7600","1148","740","5292","420","1667","5905","1127","586","4130","62","382","1695","21","154","1162","358","1285","5,000 - 9,999"
"167738","Salter College-West Boylston","2014","555","411","144","468","555","95","2","457","1","0","411","69","1","340","1","0","144","26","1","117","0","0","Under 1,000"
"167783","Simmons College","2014","4802","2298","2504","3256","1622","357","30","1211","24","3180","1484","343","30","1108","3","814","138","14","0","103","21","2366","1,000 - 4,999"
"167792","Bard College at Simon's Rock","2014","329","322","7","325","329","116","0","207","6","0","322","116","0","206","0","0","7","0","0","1","6","0","Under 1,000"
"167835","Smith College","2014","2989","2891","98","2929","2563","616","73","1874","0","426","2544","616","72","1856","0","347","19","0","1","18","0","79","1,000 - 4,999"
"167871","Southeastern Technical Institute","2014","122","81","41","95","122","45","0","77","0","0","81","31","0","50","0","0","41","14","0","27","0","0","Under 1,000"
"167899","Springfield College","2014","3178","2961","217","3044","2138","562","80","1494","2","1040","2108","562","77","1469","0","853","30","0","3","25","2","187","1,000 - 4,999"
"167905","Springfield Technical Community College","2014","6622","3085","3537","4273","6622","1304","600","4165","553","0","3085","918","269","1847","51","0","3537","386","331","2318","502","0","5,000 - 9,999"
"167987","University of Massachusetts-Dartmouth","2014","9111","7076","2035","7858","7454","1509","550","5126","269","1657","6361","1493","416","4390","62","715","1093","16","134","736","207","942","5,000 - 9,999"
"167996","Stonehill College","2014","2284","2256","28","2267","2284","610","29","1635","10","0","2256","610","29","1617","0","0","28","0","0","18","10","0","1,000 - 4,999"
"168005","Suffolk University","2014","8215","6414","1801","7106","5390","1085","386","3803","116","2825","5024","1077","374","3561","12","1390","366","8","12","242","104","1435","5,000 - 9,999"
"168032","Rob Roy Academy-Taunton","2014","34","34","0","34","34","15","0","19","0","0","34","15","0","19","0","0","0","0","0","0","0","0","Under 1,000"
"168148","Tufts University","2014","10907","10019","888","10359","5177","1350","32","3761","34","5730","5127","1350","30","3728","19","4892","50","0","2","33","15","838","10,000 - 19,999"
"168218","Wellesley College","2014","2323","2177","146","2234","2323","593","19","1560","151","0","2177","593","19","1548","17","0","146","0","0","12","134","0","1,000 - 4,999"
"168227","Wentworth Institute of Technology","2014","4558","3962","596","4195","4329","1085","180","3030","34","229","3871","1063","120","2685","3","91","458","22","60","345","31","138","1,000 - 4,999"
"168254","Western New England University","2014","3922","3110","812","3422","2732","757","128","1837","10","1190","2576","755","128","1693","0","534","156","2","0","144","10","656","1,000 - 4,999"
"168263","Westfield State University","2014","6321","5117","1204","5582","5590","1224","386","3819","161","731","4890","1220","331","3316","23","227","700","4","55","503","138","504","5,000 - 9,999"
"168281","Wheaton College","2014","1587","1577","10","1581","1587","423","7","1145","12","0","1577","423","7","1141","6","0","10","0","0","4","6","0","1,000 - 4,999"
"168290","Wheelock College","2014","1331","1069","262","1169","869","266","41","560","2","462","836","266","39","531","0","233","33","0","2","29","2","229","1,000 - 4,999"
"168342","Williams College","2014","2126","2088","38","2103","2072","546","6","1467","53","54","2034","546","6","1467","15","54","38","0","0","0","38","0","1,000 - 4,999"
"168421","Worcester Polytechnic Institute","2014","6381","4852","1529","5438","4235","1056","42","3025","112","2146","4096","1054","40","2937","65","756","139","2","2","88","47","1390","5,000 - 9,999"
"168430","Worcester State University","2014","6350","4311","2039","5107","5563","794","575","3694","500","787","4157","785","457","2892","23","154","1406","9","118","802","477","633","5,000 - 9,999"
"168528","Adrian College","2014","1641","1550","91","1586","1622","485","74","1011","52","19","1546","484","71","991","0","4","76","1","3","20","52","15","1,000 - 4,999"
"168546","Albion College","2014","1268","1242","26","1252","1268","357","23","869","19","0","1242","357","23","859","3","0","26","0","0","10","16","0","1,000 - 4,999"
"168555","Hillsdale Beauty College","2014","37","36","1","36","37","10","0","27","0","0","36","10","0","26","0","0","1","0","0","1","0","0","Under 1,000"
"168573","Northwestern Technological Institute","2014","416","416","0","416","416","124","0","292","0","0","416","124","0","292","0","0","0","0","0","0","0","0","Under 1,000"
"168591","Alma College","2014","1396","1355","41","1371","1396","356","44","962","34","0","1355","356","43","952","4","0","41","0","1","10","30","0","1,000 - 4,999"
"168607","Alpena Community College","2014","1636","812","824","1089","1636","406","23","853","354","0","812","318","14","474","6","0","824","88","9","379","348","0","1,000 - 4,999"
"168740","Andrews University","2014","3418","2385","1033","2783","1805","273","160","1196","176","1613","1517","260","127","1115","15","868","288","13","33","81","161","745","1,000 - 4,999"
"168786","Aquinas College","2014","1933","1589","344","1723","1789","354","70","1310","55","144","1570","353","64","1153","0","19","219","1","6","157","55","125","1,000 - 4,999"
"168838","Baker College of Owosso","2014","2512","1572","940","1941","2508","630","141","1718","19","4","1572","497","82","992","1","0","936","133","59","726","18","4","1,000 - 4,999"
"168847","Baker College of Flint","2014","3726","2023","1703","2692","3720","657","383","2644","36","6","2020","443","186","1384","7","3","1700","214","197","1260","29","3","1,000 - 4,999"
"168883","Bay de Noc Community College","2014","2024","837","1187","1236","2024","408","94","1275","247","0","837","289","48","499","1","0","1187","119","46","776","246","0","1,000 - 4,999"
"168892","Bayshire Academy of Beauty Craft Inc","2014","28","19","9","23","28","8","0","20","0","0","19","5","0","14","0","0","9","3","0","6","0","0","Under 1,000"
"169071","Cadillac Institute of Cosmetology","2014","40","17","23","26","40","22","0","18","0","0","17","9","0","8","0","0","23","13","0","10","0","0","Under 1,000"
"169080","Calvin College","2014","3993","3797","196","3873","3894","951","75","2799","69","99","3760","949","73","2730","8","37","134","2","2","69","61","62","1,000 - 4,999"
"169099","Calvin Theological Seminary","2014","291","234","57","256","0","0","0","0","0","291","0","0","0","0","0","234","0","0","0","0","0","57","Under 1,000"
"169187","Carnegie Institute","2014","249","110","139","165","249","49","0","200","0","0","110","28","0","82","0","0","139","21","0","118","0","0","Under 1,000"
"169220","Michigan School of Professional Psychology","2014","150","93","57","115","0","0","0","0","0","150","0","0","0","0","0","93","0","0","0","0","0","57","Under 1,000"
"169248","Central Michigan University","2014","26879","19923","6956","22552","20671","3811","1473","15013","374","6208","17976","3766","1177","12917","116","1947","2695","45","296","2096","258","4261","20,000 and above"
"169275","Mott Community College","2014","8937","2417","6520","4606","8937","1511","231","6076","1119","0","2417","649","88","1561","119","0","6520","862","143","4515","1000","0","5,000 - 9,999"
"169284","Empire Beauty School-Michigan","2014","298","243","55","265","298","81","0","217","0","0","243","65","0","178","0","0","55","16","0","39","0","0","Under 1,000"
"169327","Cleary University","2014","537","357","180","427","441","58","78","302","3","96","285","55","72","158","0","72","156","3","6","144","3","24","Under 1,000"
"169363","Concordia University-Ann Arbor","2014","829","624","205","703","671","158","75","395","43","158","589","156","73","360","0","35","82","2","2","35","43","123","Under 1,000"
"169424","Cranbrook Academy of Art","2014","156","156","0","156","0","0","0","0","0","156","0","0","0","0","0","156","0","0","0","0","0","0","Under 1,000"
"169442","College for Creative Studies","2014","1459","1171","288","1284","1401","251","124","1001","25","58","1120","232","96","789","3","51","281","19","28","212","22","7","1,000 - 4,999"
"169479","Davenport University","2014","8715","2543","6172","4946","6631","635","802","4911","283","2084","2438","488","305","1623","22","105","4193","147","497","3288","261","1979","5,000 - 9,999"
"169503","David Pressley School of Cosmetology","2014","181","181","0","181","181","48","0","133","0","0","181","48","0","133","0","0","0","0","0","0","0","0","Under 1,000"
"169521","Delta College","2014","9842","3688","6154","5754","9842","1435","379","6569","1459","0","3688","885","170","2283","350","0","6154","550","209","4286","1109","0","5,000 - 9,999"
"169576","Detroit Business Institute-Downriver","2014","73","67","6","69","73","7","0","66","0","0","67","5","0","62","0","0","6","2","0","4","0","0","Under 1,000"
"169628","Michigan State University-College of Law","2014","897","742","155","801","0","0","0","0","0","897","0","0","0","0","0","742","0","0","0","0","0","155","Under 1,000"
"169655","MIAT College of Technology","2014","382","329","53","350","382","151","65","118","48","0","329","151","65","113","0","0","53","0","0","5","48","0","Under 1,000"
"169716","University of Detroit Mercy","2014","4945","3674","1271","4167","2762","469","194","2014","85","2183","2102","458","102","1540","2","1572","660","11","92","474","83","611","1,000 - 4,999"
"169734","Dorsey Business Schools-Madison Heights","2014","197","197","0","197","197","33","0","164","0","0","197","33","0","164","0","0","0","0","0","0","0","0","Under 1,000"
"169761","Dorsey Business Schools-Southgate","2014","143","143","0","143","143","33","0","110","0","0","143","33","0","110","0","0","0","0","0","0","0","0","Under 1,000"
"169798","Eastern Michigan University","2014","22401","14116","8285","17332","18340","2627","1763","13333","617","4061","13101","2588","1153","9197","163","1015","5239","39","610","4136","454","3046","20,000 and above"
"169910","Ferris State University","2014","14600","9930","4670","11798","13373","1943","1667","9022","741","1227","9105","1888","899","6259","59","825","4268","55","768","2763","682","402","10,000 - 19,999"
"169947","Flint Institute of Barbering Inc","2014","56","56","0","56","56","22","0","34","0","0","56","22","0","34","0","0","0","0","0","0","0","0","Under 1,000"
"169974","Glen Oaks Community College","2014","1104","389","715","629","1104","149","43","488","424","0","389","115","23","239","12","0","715","34","20","249","412","0","1,000 - 4,999"
"169983","Kettering University","2014","2079","1612","467","1792","1732","364","36","1289","43","347","1599","364","32","1192","11","13","133","0","4","97","32","334","1,000 - 4,999"
"169992","Gogebic Community College","2014","1119","659","460","813","1119","242","75","561","241","0","659","211","65","305","78","0","460","31","10","256","163","0","1,000 - 4,999"
"170000","Grace Bible College","2014","700","549","151","608","700","106","58","511","25","0","549","89","41","419","0","0","151","17","17","92","25","0","Under 1,000"
"170037","Cornerstone University","2014","2770","1769","1001","2159","2152","323","772","925","132","618","1481","299","397","785","0","288","671","24","375","140","132","330","1,000 - 4,999"
"170046","Everest Institute-Grand Rapids","2014","305","305","0","305","305","0","0","305","0","0","305","0","0","305","0","0","0","0","0","0","0","0","Under 1,000"
"170055","Grand Rapids Community College","2014","15668","5021","10647","8596","15668","3126","1180","10507","855","0","5021","1661","468","2868","24","0","10647","1465","712","7639","831","0","10,000 - 19,999"
"170082","Grand Valley State University","2014","25094","20461","4633","22244","21636","4199","1704","15658","75","3458","19084","4178","1482","13423","1","1377","2552","21","222","2235","74","2081","20,000 and above"
"170091","Great Lakes Christian College","2014","160","125","35","139","160","26","20","114","0","0","125","21","18","86","0","0","35","5","2","28","0","0","Under 1,000"
"170240","Henry Ford Community College","2014","13790","5071","8719","7998","13790","2865","566","8902","1457","0","5071","1640","221","3026","184","0","8719","1225","345","5876","1273","0","10,000 - 19,999"
"170301","Hope College","2014","3455","3259","196","3336","3455","830","33","2449","143","0","3259","820","31","2362","46","0","196","10","2","87","97","0","1,000 - 4,999"
"170417","ITT Technical Institute-Wyoming","2014","312","248","64","273","312","47","3","262","0","0","248","43","3","202","0","0","64","4","0","60","0","0","Under 1,000"
"170444","Jackson College","2014","5487","2226","3261","3542","5487","1111","323","3558","495","0","2226","801","174","1241","10","0","3261","310","149","2317","485","0","5,000 - 9,999"
"170514","Wright Beauty Academy","2014","56","11","45","29","56","9","0","47","0","0","11","3","0","8","0","0","45","6","0","39","0","0","Under 1,000"
"170532","Kalamazoo College","2014","1461","1448","13","1453","1461","357","16","1058","30","0","1448","357","16","1048","27","0","13","0","0","10","3","0","1,000 - 4,999"
"170541","Kalamazoo Valley Community College","2014","9489","3377","6112","5429","9489","1660","805","5830","1194","0","3377","937","361","1911","168","0","6112","723","444","3919","1026","0","5,000 - 9,999"
"170550","Kellogg Community College","2014","5929","1697","4232","3118","5929","495","282","3987","1165","0","1697","284","108","1232","73","0","4232","211","174","2755","1092","0","5,000 - 9,999"
"170587","Kirtland Community College","2014","1773","540","1233","954","1773","227","108","1096","342","0","540","102","41","393","4","0","1233","125","67","703","338","0","1,000 - 4,999"
"170611","Michigan College of Beauty-Monroe","2014","130","100","30","112","130","112","0","18","0","0","100","86","0","14","0","0","30","26","0","4","0","0","Under 1,000"
"170620","Lake Michigan College","2014","4219","1294","2925","2474","4219","671","208","2101","1239","0","1294","439","75","715","65","0","2925","232","133","1386","1174","0","1,000 - 4,999"
"170639","Lake Superior State University","2014","2407","1916","491","2114","2406","461","190","1562","193","1","1916","454","147","1315","0","0","490","7","43","247","193","1","1,000 - 4,999"
"170657","Lansing Community College","2014","16031","5859","10172","9274","16031","3624","660","9186","2561","0","5859","1989","335","2952","583","0","10172","1635","325","6234","1978","0","10,000 - 19,999"
"170675","Lawrence Technological University","2014","4015","1627","2388","2552","2798","337","1047","1414","0","1217","1596","329","743","524","0","31","1202","8","304","890","0","1186","1,000 - 4,999"
"170736","M J Murphy Beauty College of Mount Pleasant","2014","88","77","11","81","88","58","0","30","0","0","77","50","0","27","0","0","11","8","0","3","0","0","Under 1,000"
"170790","Macomb Community College","2014","22914","7514","15400","12684","22914","1338","380","11391","9805","0","7514","647","165","3538","3164","0","15400","691","215","7853","6641","0","20,000 and above"
"170806","Madonna University","2014","3947","1640","2307","2537","3008","174","516","2151","167","939","1550","170","240","1127","13","90","1458","4","276","1024","154","849","1,000 - 4,999"
"170842","Marygrove College","2014","1774","714","1060","1121","883","144","146","591","2","891","693","141","105","447","0","21","190","3","41","144","2","870","1,000 - 4,999"
"170967","Rochester College","2014","1113","741","372","887","1103","162","163","651","127","10","735","155","114","466","0","6","368","7","49","185","127","4","1,000 - 4,999"
"170976","University of Michigan-Ann Arbor","2014","43625","41101","2524","42056","28395","6505","929","20783","178","15230","27395","6475","906","19916","98","13706","1000","30","23","867","80","1524","20,000 and above"
"171012","Michigan Barber School Inc","2014","92","92","0","92","92","22","0","70","0","0","92","22","0","70","0","0","0","0","0","0","0","0","Under 1,000"
"171100","Michigan State University","2014","50081","43708","6373","46157","38786","8055","1668","28672","391","11295","35341","7890","1517","25631","303","8367","3445","165","151","3041","88","2928","20,000 and above"
"171128","Michigan Technological University","2014","7099","6277","822","6592","5658","1199","207","4170","82","1441","5242","1197","204","3840","1","1035","416","2","3","330","81","406","5,000 - 9,999"
"171137","University of Michigan-Dearborn","2014","8923","5311","3612","6715","7171","951","707","5248","265","1752","4843","908","435","3399","101","468","2328","43","272","1849","164","1284","5,000 - 9,999"
"171146","University of Michigan-Flint","2014","8574","4767","3807","6263","7078","662","796","5107","513","1496","4240","595","428","3192","25","527","2838","67","368","1915","488","969","5,000 - 9,999"
"171155","Mid Michigan Community College","2014","4422","1494","2928","2477","4422","689","921","1332","1480","0","1494","401","464","431","198","0","2928","288","457","901","1282","0","1,000 - 4,999"
"171225","Monroe County Community College","2014","3482","1153","2329","1935","3482","488","95","1500","1399","0","1153","216","44","467","426","0","2329","272","51","1033","973","0","1,000 - 4,999"
"171234","Montcalm Community College","2014","1832","538","1294","972","1832","263","278","955","336","0","538","175","89","268","6","0","1294","88","189","687","330","0","1,000 - 4,999"
"171261","Mr Bela's School of Cosmetology Inc","2014","74","54","20","62","74","24","0","50","0","0","54","16","0","38","0","0","20","8","0","12","0","0","Under 1,000"
"171298","Baker College of Muskegon","2014","3481","2133","1348","2662","3468","665","314","2474","15","13","2130","498","207","1424","1","3","1338","167","107","1050","14","10","1,000 - 4,999"
"171304","Muskegon Community College","2014","4640","1710","2930","2694","4640","928","275","2771","666","0","1710","560","126","974","50","0","2930","368","149","1797","616","0","1,000 - 4,999"
"171313","Everest College-Skokie","2014","279","279","0","279","279","0","0","279","0","0","279","0","0","279","0","0","0","0","0","0","0","0","Under 1,000"
"171322","Everest Institute-Southfield","2014","875","875","0","875","875","49","0","826","0","0","875","49","0","826","0","0","0","0","0","0","0","0","Under 1,000"
"171395","North Central Michigan College","2014","2581","859","1722","1437","2581","300","73","1926","282","0","859","227","32","598","2","0","1722","73","41","1328","280","0","1,000 - 4,999"
"171456","Northern Michigan University","2014","8781","7195","1586","7810","8001","1595","440","5683","283","780","7002","1572","422","4992","16","193","999","23","18","691","267","587","5,000 - 9,999"
"171465","Paul Mitchell the School-Escanaba","2014","43","43","0","43","43","5","0","38","0","0","43","5","0","38","0","0","0","0","0","0","0","0","Under 1,000"
"171483","Northwestern Michigan College","2014","4502","1798","2704","2889","4502","817","300","2821","564","0","1798","541","167","1040","50","0","2704","276","133","1781","514","0","1,000 - 4,999"
"171492","Northwood University-Michigan","2014","3131","1815","1316","2330","2878","367","482","1959","70","253","1767","338","219","1185","25","48","1111","29","263","774","45","205","1,000 - 4,999"
"171535","Oakland Community College","2014","24031","7012","17019","12726","24031","2271","735","10664","10361","0","7012","1093","277","2666","2976","0","17019","1178","458","7998","7385","0","20,000 and above"
"171571","Oakland University","2014","20519","14083","6436","16598","16935","2559","1882","12087","407","3584","12454","2410","1352","8645","47","1629","4481","149","530","3442","360","1955","20,000 and above"
"171599","Olivet College","2014","1058","922","136","975","1040","228","67","650","95","18","922","225","62","634","1","0","118","3","5","16","94","18","1,000 - 4,999"
"171775","Port Huron Cosmetology College","2014","72","42","30","54","72","16","0","56","0","0","42","12","0","30","0","0","30","4","0","26","0","0","Under 1,000"
"171881","Kuyper College","2014","270","232","38","247","268","55","39","170","4","2","232","53","25","154","0","0","36","2","14","16","4","2","Under 1,000"
"171988","Ross Medical Education Center-Lansing","2014","161","161","0","161","161","52","0","109","0","0","161","52","0","109","0","0","0","0","0","0","0","0","Under 1,000"
"171997","Ross Medical Education Center-Madison Heights","2014","216","216","0","216","216","60","0","156","0","0","216","60","0","156","0","0","0","0","0","0","0","0","Under 1,000"
"172015","Ross Medical Education Center-Flint","2014","303","303","0","303","303","56","0","247","0","0","303","56","0","247","0","0","0","0","0","0","0","0","Under 1,000"
"172033","Sacred Heart Major Seminary","2014","424","123","301","240","250","8","57","113","72","174","58","3","20","33","2","65","192","5","37","80","70","109","Under 1,000"
"172051","Saginaw Valley State University","2014","9829","7683","2146","8522","8930","1507","595","6351","477","899","7434","1485","468","5248","233","249","1496","22","127","1103","244","650","5,000 - 9,999"
"172200","Schoolcraft College","2014","11542","3793","7749","6395","11542","2217","2906","5348","1071","0","3793","1204","777","1675","137","0","7749","1013","2129","3673","934","0","10,000 - 19,999"
"172264","Siena Heights University","2014","2642","1248","1394","1793","2402","273","480","1501","148","240","1245","272","182","787","4","3","1157","1","298","714","144","237","1,000 - 4,999"
"172291","St Clair County Community College","2014","4127","1591","2536","2442","4127","751","176","2237","963","0","1591","497","74","852","168","0","2536","254","102","1385","795","0","1,000 - 4,999"
"172307","Southwestern Michigan College","2014","2567","1236","1331","1683","2567","658","139","1352","418","0","1236","533","71","619","13","0","1331","125","68","733","405","0","1,000 - 4,999"
"172325","Specs Howard School of Media Arts","2014","653","0","653","259","653","139","0","514","0","0","0","0","0","0","0","0","653","139","0","514","0","0","Under 1,000"
"172334","Spring Arbor University","2014","3733","2544","1189","3007","2722","337","367","1928","90","1011","1896","337","103","1450","6","648","826","0","264","478","84","363","1,000 - 4,999"
"172422","Michigan Career and Technical Institute","2014","220","220","0","220","220","85","0","135","0","0","220","85","0","135","0","0","0","0","0","0","0","0","Under 1,000"
"172440","Finlandia University","2014","493","431","62","455","493","106","70","288","29","0","431","105","60","258","8","0","62","1","10","30","21","0","Under 1,000"
"172477","Thomas M Cooley Law School","2014","1880","343","1537","930","0","0","0","0","0","1880","0","0","0","0","0","343","0","0","0","0","0","1537","1,000 - 4,999"
"172495","Twin City Beauty College","2014","257","188","69","215","257","79","0","178","0","0","188","31","0","157","0","0","69","48","0","21","0","0","Under 1,000"
"172608","Walsh College of Accountancy and Business Administration","2014","2753","166","2587","1164","950","0","211","718","21","1803","88","0","30","58","0","78","862","0","181","660","21","1725","1,000 - 4,999"
"172617","Washtenaw Community College","2014","12295","3690","8605","6579","12295","1554","892","7648","2201","0","3690","745","366","2132","447","0","8605","809","526","5516","1754","0","10,000 - 19,999"
"172635","Wayne County Community College District","2014","16310","3186","13124","7592","16310","3390","2471","7129","3320","0","3186","963","642","1540","41","0","13124","2427","1829","5589","3279","0","10,000 - 19,999"
"172644","Wayne State University","2014","27578","17837","9741","21625","18347","2195","2079","12968","1105","9231","12030","2101","1344","8337","248","5807","6317","94","735","4631","857","3424","20,000 and above"
"172671","West Shore Community College","2014","1330","458","872","751","1330","213","38","751","328","0","458","144","16","262","36","0","872","69","22","489","292","0","1,000 - 4,999"
"172680","EXCEL ACADEMIES OF COSMETOLOGY","2014","47","21","26","31","47","14","0","33","0","0","21","5","0","16","0","0","26","9","0","17","0","0","Under 1,000"
"172699","Western Michigan University","2014","23914","16959","6955","19608","18889","3012","1699","13739","439","5025","15713","2970","1344","11267","132","1246","3176","42","355","2472","307","3779","20,000 and above"
"172705","Western Theological Seminary","2014","272","188","84","220","0","0","0","0","0","272","0","0","0","0","0","188","0","0","0","0","0","84","Under 1,000"
"172802","Wright Beauty Academy","2014","43","13","30","25","43","16","0","27","0","0","13","5","0","8","0","0","30","11","0","19","0","0","Under 1,000"
"172866","Academy College","2014","127","79","48","98","127","5","11","103","8","0","79","0","3","68","8","0","48","5","8","35","0","0","Under 1,000"
"172918","Alexandria Technical & Community College","2014","2604","1398","1206","1803","2604","514","229","920","941","0","1398","468","161","660","109","0","1206","46","68","260","832","0","1,000 - 4,999"
"172927","American Indian OIC Inc","2014","99","86","13","91","99","27","0","72","0","0","86","27","0","59","0","0","13","0","0","13","0","0","Under 1,000"
"172954","Anoka Technical College","2014","2221","991","1230","1404","2221","256","398","1175","392","0","991","190","225","559","17","0","1230","66","173","616","375","0","1,000 - 4,999"
"172963","Anoka-Ramsey Community College","2014","7877","3068","4809","4683","7877","1252","850","4083","1692","0","3068","759","398","1230","681","0","4809","493","452","2853","1011","0","5,000 - 9,999"
"173045","Augsburg College","2014","3548","2568","980","2949","2619","393","248","1911","67","929","2002","391","175","1417","19","566","617","2","73","494","48","363","1,000 - 4,999"
"173063","Riverland Community College","2014","3243","1242","2001","1914","3243","465","184","1704","890","0","1242","342","99","614","187","0","2001","123","85","1090","703","0","1,000 - 4,999"
"173115","Northwest Technical College","2014","1091","390","701","625","1091","116","156","472","347","0","390","78","90","212","10","0","701","38","66","260","337","0","1,000 - 4,999"
"173124","Bemidji State University","2014","4986","3524","1462","4105","4754","799","586","3001","368","232","3498","787","369","2311","31","26","1256","12","217","690","337","206","1,000 - 4,999"
"173142","Bethany Lutheran College","2014","531","500","31","512","531","141","19","343","28","0","500","141","18","328","13","0","31","0","1","15","15","0","Under 1,000"
"173160","Bethel University","2014","3979","2961","1018","3355","3045","604","162","2170","109","934","2577","602","113","1774","88","384","468","2","49","396","21","550","1,000 - 4,999"
"173179","Bethel Seminary-St Paul","2014","459","70","389","219","0","0","0","0","0","459","0","0","0","0","0","70","0","0","0","0","0","389","Under 1,000"
"173203","Central Lakes College-Brainerd","2014","4333","1941","2392","2744","4333","644","264","1493","1932","0","1941","500","182","801","458","0","2392","144","82","692","1474","0","1,000 - 4,999"
"173258","Carleton College","2014","2057","2044","13","2049","2057","521","1","1520","15","0","2044","521","1","1520","2","0","13","0","0","0","13","0","1,000 - 4,999"
"173300","Concordia College at Moorhead","2014","2398","2332","66","2358","2381","540","42","1714","85","17","2332","540","42","1700","50","0","49","0","0","14","35","17","1,000 - 4,999"
"173328","Concordia University-Saint Paul","2014","4081","2820","1261","3313","2431","245","572","1350","264","1650","1369","242","221","825","81","1451","1062","3","351","525","183","199","1,000 - 4,999"
"173416","Dakota County Technical College","2014","2910","1361","1549","1881","2910","459","448","1482","521","0","1361","349","289","710","13","0","1549","110","159","772","508","0","1,000 - 4,999"
"173452","Martin Luther College","2014","857","708","149","766","783","189","15","540","39","74","708","188","13","507","0","0","75","1","2","33","39","74","Under 1,000"
"173461","Lake Superior College","2014","5101","2038","3063","3066","5101","600","499","2637","1365","0","2038","383","256","1263","136","0","3063","217","243","1374","1229","0","5,000 - 9,999"
"173470","Cosmetology Careers Unlimited College of Hair Skin and Nails","2014","20","20","0","20","20","4","0","16","0","0","20","4","0","16","0","0","0","0","0","0","0","0","Under 1,000"
"173489","Duluth Business University","2014","182","103","79","134","182","19","39","121","3","0","103","14","25","64","0","0","79","5","14","57","3","0","Under 1,000"
"173559","Minnesota State Community and Technical College","2014","6415","2818","3597","4026","6415","946","698","3049","1722","0","2818","739","431","1473","175","0","3597","207","267","1576","1547","0","5,000 - 9,999"
"173629","Globe University-Woodbury","2014","776","523","253","622","717","53","160","478","26","59","493","45","135","305","8","30","224","8","25","173","18","29","Under 1,000"
"173638","Minnesota West Community and Technical College","2014","3182","1153","2029","1834","3182","322","213","1442","1205","0","1153","256","135","681","81","0","2029","66","78","761","1124","0","1,000 - 4,999"
"173647","Gustavus Adolphus College","2014","2457","2425","32","2438","2457","613","48","1794","2","0","2425","613","48","1763","1","0","32","0","0","31","1","0","1,000 - 4,999"
"173665","Hamline University","2014","4469","2592","1877","3310","2242","521","140","1496","85","2227","2162","521","140","1461","40","430","80","0","0","35","45","1797","1,000 - 4,999"
"173683","Hazelden Graduate School of Addiction Studies","2014","103","88","15","94","1","0","0","1","0","102","1","0","0","1","0","87","0","0","0","0","0","15","Under 1,000"
"173708","Hennepin Technical College","2014","5985","2063","3922","3380","5985","654","983","3815","533","0","2063","318","436","1231","78","0","3922","336","547","2584","455","0","5,000 - 9,999"
"173726","Cosmetology Careers Unlimited College of Hair Skin and Nails","2014","20","20","0","20","20","3","0","17","0","0","20","3","0","17","0","0","0","0","0","0","0","0","Under 1,000"
"173735","Hibbing Community College","2014","1302","768","534","947","1302","233","228","649","192","0","768","201","146","379","42","0","534","32","82","270","150","0","1,000 - 4,999"
"173744","Aveda Institute-Minneapolis","2014","515","515","0","515","515","156","0","359","0","0","515","156","0","359","0","0","0","0","0","0","0","0","Under 1,000"
"173799","Inver Hills Community College","2014","5958","1996","3962","3326","5958","727","710","3152","1369","0","1996","464","335","1038","159","0","3962","263","375","2114","1210","0","5,000 - 9,999"
"173805","Itasca Community College","2014","1222","836","386","966","1222","232","216","560","214","0","836","198","153","402","83","0","386","34","63","158","131","0","1,000 - 4,999"
"173887","The Art Institutes International-Minnesota","2014","932","667","265","771","932","138","119","675","0","0","667","99","76","492","0","0","265","39","43","183","0","0","Under 1,000"
"173896","Luther Seminary","2014","622","322","300","437","0","0","0","0","0","622","0","0","0","0","0","322","0","0","0","0","0","300","Under 1,000"
"173902","Macalester College","2014","2073","2045","28","2056","2073","541","18","1494","20","0","2045","541","18","1478","8","0","28","0","0","16","12","0","1,000 - 4,999"
"173911","South Central College","2014","3387","1587","1800","2191","3387","584","373","1890","540","0","1587","455","237","868","27","0","1800","129","136","1022","513","0","1,000 - 4,999"
"173920","Minnesota State University-Mankato","2014","15387","11900","3487","13254","13395","2287","1099","8946","1063","1992","11186","2273","941","7760","212","714","2209","14","158","1186","851","1278","10,000 - 19,999"
"173939","Regency Beauty Institute-Blaine","2014","132","93","39","108","132","56","0","76","0","0","93","44","0","49","0","0","39","12","0","27","0","0","Under 1,000"
"173957","Mayo Medical School","2014","228","228","0","228","0","0","0","0","0","228","0","0","0","0","0","228","0","0","0","0","0","0","Under 1,000"
"173966","Mayo School of Health Sciences","2014","475","475","0","475","199","0","0","199","0","276","199","0","0","199","0","276","0","0","0","0","0","0","Under 1,000"
"173984","Argosy University-Twin Cities","2014","1493","385","1108","817","1072","70","228","774","0","421","294","28","68","198","0","91","778","42","160","576","0","330","1,000 - 4,999"
"173993","Mesabi Range Community and Technical College","2014","1265","704","561","892","1265","193","166","519","387","0","704","169","122","359","54","0","561","24","44","160","333","0","1,000 - 4,999"
"174020","Metropolitan State University","2014","8355","2890","5465","5071","7595","95","1739","5446","315","760","2715","61","686","1939","29","175","4880","34","1053","3507","286","585","5,000 - 9,999"
"174066","University of Minnesota-Twin Cities","2014","51147","38623","12524","43381","34351","5530","2357","22248","4216","16796","28904","5521","2241","20181","961","9719","5447","9","116","2067","3255","7077","20,000 and above"
"174075","University of Minnesota-Crookston","2014","2850","1349","1501","1955","2850","274","264","1338","974","0","1349","263","143","843","100","0","1501","11","121","495","874","0","1,000 - 4,999"
"174118","Minneapolis Business College","2014","231","231","0","231","231","120","45","66","0","0","231","120","45","66","0","0","0","0","0","0","0","0","Under 1,000"
"174127","Minneapolis College of Art and Design","2014","783","684","99","722","672","120","68","470","14","111","642","120","67","450","5","42","30","0","1","20","9","69","Under 1,000"
"174136","Minneapolis Community and Technical College","2014","9237","3187","6050","5218","9237","1249","1273","5698","1017","0","3187","651","576","1861","99","0","6050","598","697","3837","918","0","5,000 - 9,999"
"174154","Herzing University-Minneapolis","2014","263","113","150","172","263","22","49","192","0","0","113","17","24","72","0","0","150","5","25","120","0","0","Under 1,000"
"174190","Minnesota School of Cosmetology-Woodbury Campus","2014","122","122","0","122","122","37","0","85","0","0","122","37","0","85","0","0","0","0","0","0","0","0","Under 1,000"
"174206","Crossroads College","2014","109","97","12","102","109","24","21","51","13","0","97","24","21","44","8","0","12","0","0","7","5","0","Under 1,000"
"174233","University of Minnesota-Duluth","2014","11093","9537","1556","10147","9987","2196","485","6439","867","1106","8869","2187","464","6086","132","668","1118","9","21","353","735","438","10,000 - 19,999"
"174251","University of Minnesota-Morris","2014","1899","1761","138","1817","1899","413","122","1268","96","0","1761","411","121","1209","20","0","138","2","1","59","76","0","1,000 - 4,999"
"174279","Minnesota School of Business-Richfield","2014","763","476","287","588","693","37","139","497","20","70","440","32","119","282","7","36","253","5","20","215","13","34","Under 1,000"
"174321","Model College of Hair Design","2014","92","91","1","91","92","57","0","35","0","0","91","57","0","34","0","0","1","0","0","1","0","0","Under 1,000"
"174358","Minnesota State University-Moorhead","2014","6306","4908","1398","5456","5731","893","553","4050","235","575","4727","886","413","3379","49","181","1004","7","140","671","186","394","5,000 - 9,999"
"174376","North Hennepin Community College","2014","7384","2034","5350","3830","7384","885","959","4483","1057","0","2034","424","373","979","258","0","5350","461","586","3504","799","0","5,000 - 9,999"
"174385","National American University-Roseville","2014","264","20","244","116","264","7","38","219","0","0","20","0","4","16","0","0","244","7","34","203","0","0","Under 1,000"
"174394","Brown College-Mendota Heights","2014","150","76","74","105","150","13","10","127","0","0","76","5","4","67","0","0","74","8","6","60","0","0","Under 1,000"
"174428","Normandale Community College","2014","9539","3995","5544","5856","9539","1418","1192","5183","1746","0","3995","878","606","1890","621","0","5544","540","586","3293","1125","0","5,000 - 9,999"
"174437","North Central University","2014","1191","889","302","1006","1083","200","86","642","155","108","889","200","81","587","21","0","194","0","5","55","134","108","1,000 - 4,999"
"174473","Northland Community and Technical College","2014","3641","1473","2168","2201","3641","415","366","1822","1038","0","1473","297","214","824","138","0","2168","118","152","998","900","0","1,000 - 4,999"
"174491","University of Northwestern-St Paul","2014","3427","1938","1489","2521","3222","441","110","1394","1277","205","1931","430","86","1164","251","7","1291","11","24","230","1026","198","1,000 - 4,999"
"174507","Northwestern Health Sciences University","2014","879","764","115","809","120","3","64","52","1","759","54","3","33","18","0","710","66","0","31","34","1","49","Under 1,000"
"174525","Oak Hills Christian College","2014","141","114","27","125","141","28","9","87","17","0","114","28","9","74","3","0","27","0","0","13","14","0","Under 1,000"
"174534","Regency Beauty Institute-Burnsville","2014","118","91","27","102","118","43","0","75","0","0","91","30","0","61","0","0","27","13","0","14","0","0","Under 1,000"
"174570","Pine Technical College","2014","1083","325","758","579","1083","122","90","494","377","0","325","56","48","210","11","0","758","66","42","284","366","0","1,000 - 4,999"
"174604","Rainy River Community College","2014","325","232","93","263","325","77","23","102","123","0","232","74","21","82","55","0","93","3","2","20","68","0","Under 1,000"
"174738","Rochester Community and Technical College","2014","5894","2661","3233","3746","5894","1010","554","3473","857","0","2661","750","327","1352","232","0","3233","260","227","2121","625","0","5,000 - 9,999"
"174747","College of Saint Benedict","2014","2020","1992","28","2003","2020","550","35","1435","0","0","1992","542","34","1416","0","0","28","8","1","19","0","0","1,000 - 4,999"
"174756","St Cloud Technical and Community College","2014","4924","2298","2626","3180","4924","1031","681","2646","566","0","2298","608","379","1234","77","0","2626","423","302","1412","489","0","1,000 - 4,999"
"174765","Regency Beauty Institute-St Cloud","2014","78","78","0","78","78","31","0","47","0","0","78","31","0","47","0","0","0","0","0","0","0","0","Under 1,000"
"174783","Saint Cloud State University","2014","16076","9926","6150","12362","14377","1682","1026","8170","3499","1699","9310","1650","841","6489","330","616","5067","32","185","1681","3169","1083","10,000 - 19,999"
"174792","Saint Johns University","2014","1895","1812","83","1844","1789","455","29","1305","0","106","1758","450","29","1279","0","54","31","5","0","26","0","52","1,000 - 4,999"
"174817","Saint Mary's University of Minnesota","2014","5825","3580","2245","4444","1904","334","197","1328","45","3921","1298","334","83","872","9","2282","606","0","114","456","36","1639","5,000 - 9,999"
"174844","St Olaf College","2014","3034","2989","45","3007","3034","765","26","2199","44","0","2989","765","26","2185","13","0","45","0","0","14","31","0","1,000 - 4,999"
"174862","Crown College","2014","1278","952","326","1080","1113","158","56","818","81","165","826","139","56","609","22","126","287","19","0","209","59","39","1,000 - 4,999"
"174899","The College of Saint Scholastica","2014","4204","3305","899","3654","2831","461","391","1936","43","1373","2317","460","269","1582","6","988","514","1","122","354","37","385","1,000 - 4,999"
"174914","University of St Thomas","2014","10140","7114","3026","8273","6148","1409","252","4419","68","3992","5883","1408","245","4219","11","1231","265","1","7","200","57","2761","10,000 - 19,999"
"174978","Empire Beauty School-Bloomington","2014","104","86","18","93","104","27","0","77","0","0","86","22","0","64","0","0","18","5","0","13","0","0","Under 1,000"
"175005","St Catherine University","2014","5055","3248","1807","3953","3491","478","625","2296","92","1564","2093","456","232","1396","9","1155","1398","22","393","900","83","409","5,000 - 9,999"
"175014","Rasmussen College-Minnesota","2014","5395","2457","2938","3611","5395","145","847","3492","911","0","2457","115","581","1759","2","0","2938","30","266","1733","909","0","5,000 - 9,999"
"175041","Saint Paul College","2014","6600","2565","4035","3920","6600","1187","775","3863","775","0","2565","661","337","1497","70","0","4035","526","438","2366","705","0","5,000 - 9,999"
"175078","Southwest Minnesota State University","2014","7069","2382","4687","4266","6622","471","247","1641","4263","447","2105","469","145","1307","184","277","4517","2","102","334","4079","170","5,000 - 9,999"
"175120","Summit Academy Opportunities Industrialization Center","2014","258","250","8","253","258","78","0","180","0","0","250","78","0","172","0","0","8","0","0","8","0","0","Under 1,000"
"175139","United Theological Seminary of the Twin Cities","2014","129","48","81","79","0","0","0","0","0","129","0","0","0","0","0","48","0","0","0","0","0","81","Under 1,000"
"175157","Vermilion Community College","2014","712","458","254","543","712","153","62","263","234","0","458","149","60","236","13","0","254","4","2","27","221","0","Under 1,000"
"175227","Dunwoody College of Technology","2014","1070","873","197","950","1070","211","216","642","1","0","873","201","195","477","0","0","197","10","21","165","1","0","1,000 - 4,999"
"175236","Ridgewater College","2014","3753","2063","1690","2630","3753","714","423","2062","554","0","2063","551","296","1070","146","0","1690","163","127","992","408","0","1,000 - 4,999"
"175263","Minnesota State College-Southeast Technical","2014","2177","986","1191","1386","2177","232","331","1097","517","0","986","173","203","586","24","0","1191","59","128","511","493","0","1,000 - 4,999"
"175272","Winona State University","2014","8684","7305","1379","7842","8111","1634","580","5730","167","573","7196","1631","395","5080","90","109","915","3","185","650","77","464","5,000 - 9,999"
"175281","William Mitchell College of Law","2014","665","455","210","535","0","0","0","0","0","665","0","0","0","0","0","455","0","0","0","0","0","210","Under 1,000"
"175315","Century College","2014","9478","3618","5860","5585","9478","1264","1224","6267","723","0","3618","718","578","2129","193","0","5860","546","646","4138","530","0","5,000 - 9,999"
"175342","Alcorn State University","2014","3639","2740","899","3083","3006","517","109","2380","0","633","2570","494","97","1979","0","170","436","23","12","401","0","463","1,000 - 4,999"
"175421","Belhaven University","2014","4114","1459","2655","2487","2566","343","473","1730","20","1548","1289","285","198","799","7","170","1277","58","275","931","13","1378","1,000 - 4,999"
"175430","Blue Mountain College","2014","544","479","65","504","520","76","91","331","22","24","463","74","84","303","2","16","57","2","7","28","20","8","Under 1,000"
"175494","Chris Beauty College","2014","70","70","0","70","70","16","0","54","0","0","70","16","0","54","0","0","0","0","0","0","0","0","Under 1,000"
"175519","Coahoma Community College","2014","2045","1792","253","1877","2045","514","144","1217","170","0","1792","507","128","1157","0","0","253","7","16","60","170","0","1,000 - 4,999"
"175528","Antonelli College-Jackson","2014","374","349","25","359","374","37","58","279","0","0","349","37","57","255","0","0","25","0","1","24","0","0","Under 1,000"
"175573","Copiah-Lincoln Community College","2014","3029","2344","685","2574","3029","820","167","1670","372","0","2344","783","143","1415","3","0","685","37","24","255","369","0","1,000 - 4,999"
"175591","Creations College of Cosmetology","2014","27","27","0","27","27","1","0","26","0","0","27","1","0","26","0","0","0","0","0","0","0","0","Under 1,000"
"175607","Delta Beauty College","2014","48","48","0","48","48","1","0","47","0","0","48","1","0","47","0","0","0","0","0","0","0","0","Under 1,000"
"175616","Delta State University","2014","3614","2634","980","3008","2778","442","485","1851","0","836","2308","433","464","1411","0","326","470","9","21","440","0","510","1,000 - 4,999"
"175643","East Central Community College","2014","2544","1971","573","2163","2544","804","135","1316","289","0","1971","781","107","1061","22","0","573","23","28","255","267","0","1,000 - 4,999"
"175652","East Mississippi Community College","2014","4127","2538","1589","3071","4127","1248","849","2030","0","0","2538","798","455","1285","0","0","1589","450","394","745","0","0","1,000 - 4,999"
"175698","Fosters Cosmetology College","2014","34","23","11","27","34","23","0","11","0","0","23","16","0","7","0","0","11","7","0","4","0","0","Under 1,000"
"175722","Academy of Hair Design-Grenada","2014","55","55","0","55","55","2","0","53","0","0","55","2","0","53","0","0","0","0","0","0","0","0","Under 1,000"
"175786","Hinds Community College","2014","11839","7729","4110","9109","11839","2570","1045","6832","1392","0","7729","2388","621","4594","126","0","4110","182","424","2238","1266","0","10,000 - 19,999"
"175810","Holmes Community College","2014","5798","3864","1934","4513","5798","1079","767","3507","445","0","3864","961","532","2371","0","0","1934","118","235","1136","445","0","5,000 - 9,999"
"175829","Itawamba Community College","2014","5654","3780","1874","4409","5654","1336","979","2722","617","0","3780","1213","478","2085","4","0","1874","123","501","637","613","0","5,000 - 9,999"
"175856","Jackson State University","2014","9508","6819","2689","7843","7199","1196","790","5174","39","2309","5959","1170","607","4179","3","860","1240","26","183","995","36","1449","5,000 - 9,999"
"175883","Jones County Junior College","2014","4455","3698","757","3952","4455","1385","371","2699","0","0","3698","1090","323","2285","0","0","757","295","48","414","0","0","1,000 - 4,999"
"175935","Meridian Community College","2014","3390","2492","898","2793","3390","589","1036","1630","135","0","2492","521","711","1253","7","0","898","68","325","377","128","0","1,000 - 4,999"
"175980","Millsaps College","2014","842","811","31","823","768","236","30","496","6","74","754","236","30","487","1","57","14","0","0","9","5","17","Under 1,000"
"176008","Mississippi Delta Community College","2014","2705","2083","622","2292","2705","663","315","1374","353","0","2083","628","231","1170","54","0","622","35","84","204","299","0","1,000 - 4,999"
"176017","University of Mississippi","2014","22503","19925","2578","20918","18101","3809","1486","12514","292","4402","16665","3762","1274","11382","247","3260","1436","47","212","1132","45","1142","20,000 and above"
"176035","Mississippi University for Women","2014","2696","2149","547","2366","2527","243","668","1405","211","169","2065","242","634","1185","4","84","462","1","34","220","207","85","1,000 - 4,999"
"176044","Mississippi Valley State University","2014","2222","1791","431","1957","1885","400","202","1211","72","337","1652","387","188","1073","4","139","233","13","14","138","68","198","1,000 - 4,999"
"176053","Mississippi College","2014","4984","3818","1166","4267","2984","591","292","2059","42","2000","2669","577","268","1814","10","1149","315","14","24","245","32","851","1,000 - 4,999"
"176062","Mississippi College of Beauty Culture","2014","61","61","0","61","61","13","0","48","0","0","61","13","0","48","0","0","0","0","0","0","0","0","Under 1,000"
"176071","Mississippi Gulf Coast Community College","2014","9799","6351","3448","7509","9799","2029","2376","4724","670","0","6351","1623","1385","3327","16","0","3448","406","991","1397","654","0","5,000 - 9,999"
"176080","Mississippi State University","2014","20138","17004","3134","18196","16536","2974","1735","11091","736","3602","15146","2964","1582","10015","585","1858","1390","10","153","1076","151","1744","20,000 and above"
"176169","Northeast Mississippi Community College","2014","3538","2737","801","3006","3538","1185","225","1847","281","0","2737","1079","147","1511","0","0","801","106","78","336","281","0","1,000 - 4,999"
"176178","Northwest Mississippi Community College","2014","7559","5957","1602","6495","7559","1547","695","4621","696","0","5957","1480","577","3742","158","0","1602","67","118","879","538","0","5,000 - 9,999"
"176239","Pearl River Community College","2014","4529","3127","1402","3598","4529","1399","394","2736","0","0","3127","884","247","1996","0","0","1402","515","147","740","0","0","1,000 - 4,999"
"176318","Rust College","2014","963","908","55","930","963","286","0","677","0","0","908","286","0","622","0","0","55","0","0","55","0","0","Under 1,000"
"176336","Southeastern Baptist College","2014","42","26","16","32","42","12","0","27","3","0","26","11","0","15","0","0","16","1","0","12","3","0","Under 1,000"
"176354","Southwest Mississippi Community College","2014","1973","1666","307","1769","1973","582","143","1118","130","0","1666","575","117","970","4","0","307","7","26","148","126","0","1,000 - 4,999"
"176372","University of Southern Mississippi","2014","14792","12062","2730","13109","12005","1607","1517","8815","66","2787","10577","1597","1357","7622","1","1485","1428","10","160","1193","65","1302","10,000 - 19,999"
"176390","Magnolia College of Cosmetology","2014","157","157","0","157","157","30","0","127","0","0","157","30","0","127","0","0","0","0","0","0","0","0","Under 1,000"
"176406","Tougaloo College","2014","900","872","28","883","900","170","78","647","5","0","872","169","77","624","2","0","28","1","1","23","3","0","Under 1,000"
"176451","Wesley Biblical Seminary","2014","51","12","39","27","0","0","0","0","0","51","0","0","0","0","0","12","0","0","0","0","0","39","Under 1,000"
"176479","William Carey University","2014","3936","2909","1027","3306","2276","161","416","1462","237","1660","1874","160","381","1248","85","1035","402","1","35","214","152","625","1,000 - 4,999"
"176600","Aquinas Institute of Theology","2014","156","66","90","100","0","0","0","0","0","156","0","0","0","0","0","66","0","0","0","0","0","90","Under 1,000"
"176619","Assemblies of God Theological Seminary","2014","327","60","267","162","0","0","0","0","0","327","0","0","0","0","0","60","0","0","0","0","0","267","Under 1,000"
"176628","Avila University","2014","1907","1515","392","1668","1407","204","145","972","86","500","1151","204","142","738","67","364","256","0","3","234","19","136","1,000 - 4,999"
"176637","ITT Technical Institute-Earth City","2014","517","390","127","440","517","67","4","446","0","0","390","55","3","332","0","0","127","12","1","114","0","0","Under 1,000"
"176664","Baptist Bible College","2014","373","274","99","312","317","80","27","210","0","56","268","76","26","166","0","6","49","4","1","44","0","50","Under 1,000"
"176716","House of Heavilin Beauty College-Blue Springs","2014","102","84","18","91","102","16","0","86","0","0","84","14","0","70","0","0","18","2","0","16","0","0","Under 1,000"
"176770","Cox College","2014","807","390","417","554","744","10","178","556","0","63","344","7","65","272","0","46","400","3","113","284","0","17","Under 1,000"
"176789","Calvary Bible College and Theological Seminary","2014","314","188","126","237","250","38","27","160","25","64","163","36","19","104","4","25","87","2","8","56","21","39","Under 1,000"
"176798","Cape Girardeau Career and Technology Center","2014","320","151","169","208","320","67","0","253","0","0","151","22","0","129","0","0","169","45","0","124","0","0","Under 1,000"
"176910","Central Christian College of the Bible","2014","290","235","55","257","290","69","18","202","1","0","235","55","15","165","0","0","55","14","3","37","1","0","Under 1,000"
"176947","Central Methodist University-College of Liberal Arts and Sciences","2014","1185","1149","36","1163","1185","331","119","725","10","0","1149","331","113","704","1","0","36","0","6","21","9","0","1,000 - 4,999"
"176965","University of Central Missouri","2014","13379","9781","3598","11154","9838","1710","967","6340","821","3541","8133","1687","779","5572","95","1648","1705","23","188","768","726","1893","10,000 - 19,999"
"176983","Grand River Technical School","2014","90","90","0","90","90","55","0","35","0","0","90","55","0","35","0","0","0","0","0","0","0","0","Under 1,000"
"176992","Chillicothe Beauty Academy Inc","2014","15","15","0","15","15","6","0","9","0","0","15","6","0","9","0","0","0","0","0","0","0","0","Under 1,000"
"177038","Cleveland University-Kansas City","2014","483","470","13","475","48","2","23","22","1","435","41","2","23","15","1","429","7","0","0","7","0","6","Under 1,000"
"177056","Columbia Area Career Center","2014","55","35","20","42","55","15","0","40","0","0","35","6","0","29","0","0","20","9","0","11","0","0","Under 1,000"
"177065","Columbia College","2014","16567","9311","7256","12153","15639","948","1478","12715","498","928","9177","627","990","7444","116","134","6462","321","488","5271","382","794","10,000 - 19,999"
"177083","Conception Seminary College","2014","93","86","7","89","93","16","68","2","7","0","86","16","68","2","0","0","7","0","0","0","7","0","Under 1,000"
"177092","Concordia Seminary","2014","583","222","361","360","0","0","0","0","0","583","0","0","0","0","0","222","0","0","0","0","0","361","Under 1,000"
"177117","Cottey College","2014","269","267","2","268","269","130","7","132","0","0","267","130","7","130","0","0","2","0","0","2","0","0","Under 1,000"
"177126","Covenant Theological Seminary","2014","541","288","253","385","0","0","0","0","0","541","0","0","0","0","0","288","0","0","0","0","0","253","Under 1,000"
"177135","Crowder College","2014","5710","2638","3072","3669","5710","1320","260","2705","1425","0","2638","1041","148","1396","53","0","3072","279","112","1309","1372","0","5,000 - 9,999"
"177144","Culver-Stockton College","2014","971","906","65","932","957","290","81","560","26","14","892","290","78","524","0","14","65","0","3","36","26","0","Under 1,000"
"177214","Drury University","2014","4215","2964","1251","3454","3918","490","317","2983","128","297","2776","400","204","2151","21","188","1142","90","113","832","107","109","1,000 - 4,999"
"177250","East Central College","2014","3606","1690","1916","2333","3606","748","244","1922","692","0","1690","578","140","923","49","0","1916","170","104","999","643","0","1,000 - 4,999"
"177278","Eden Theological Seminary","2014","150","98","52","118","0","0","0","0","0","150","0","0","0","0","0","98","0","0","0","0","0","52","Under 1,000"
"177287","Elaine Steven Beauty College","2014","180","126","54","147","180","64","0","116","0","0","126","55","0","71","0","0","54","9","0","45","0","0","Under 1,000"
"177302","Pinnacle Career Institute-South Kansas City","2014","580","580","0","580","580","445","0","135","0","0","580","445","0","135","0","0","0","0","0","0","0","0","Under 1,000"
"177339","Evangel University","2014","2006","1711","295","1826","1794","329","109","1350","6","212","1603","329","107","1167","0","108","191","0","2","183","6","104","1,000 - 4,999"
"177418","Fontbonne University","2014","1819","1130","689","1397","1213","113","162","846","92","606","899","111","121","646","21","231","314","2","41","200","71","375","1,000 - 4,999"
"177427","Forest Institute of Professional Psychology","2014","200","134","66","159","0","0","0","0","0","200","0","0","0","0","0","134","0","0","0","0","0","66","Under 1,000"
"177436","Four Rivers Career Center","2014","36","35","1","35","36","35","0","1","0","0","35","35","0","0","0","0","1","0","0","1","0","0","Under 1,000"
"177472","Ozarks Technical Community College","2014","14396","6513","7883","9160","14396","3123","903","8347","2023","0","6513","2210","506","3683","114","0","7883","913","397","4664","1909","0","10,000 - 19,999"
"177542","Hannibal-LaGrange University","2014","1167","842","325","970","1111","157","154","554","246","56","800","156","142","489","13","42","311","1","12","65","233","14","1,000 - 4,999"
"177551","Harris-Stowe State University","2014","1280","969","311","1095","1280","243","149","864","24","0","969","238","113","615","3","0","311","5","36","249","21","0","1,000 - 4,999"
"177579","Hickey College","2014","415","363","52","383","415","95","41","279","0","0","363","95","41","227","0","0","52","0","0","52","0","0","Under 1,000"
"177588","House of Heavilin Beauty College-Kansas City","2014","37","37","0","37","37","8","0","29","0","0","37","8","0","29","0","0","0","0","0","0","0","0","Under 1,000"
"177603","Independence College of Cosmetology","2014","47","33","14","39","47","10","0","37","0","0","33","8","0","25","0","0","14","2","0","12","0","0","Under 1,000"
"177676","Jefferson College","2014","4882","2548","2334","3332","4882","1135","264","3306","177","0","2548","943","144","1441","20","0","2334","192","120","1865","157","0","1,000 - 4,999"
"177685","Cosmetology Concepts Institute","2014","53","53","0","53","53","23","0","30","0","0","53","23","0","30","0","0","0","0","0","0","0","0","Under 1,000"
"177719","Barnes-Jewish College Goldfarb School of Nursing","2014","715","683","32","695","592","0","151","441","0","123","592","0","151","441","0","91","0","0","0","0","0","32","Under 1,000"
"177746","Kansas City Art Institute","2014","660","644","16","650","655","134","48","468","5","5","644","134","48","461","1","0","11","0","0","7","4","5","Under 1,000"
"177816","Kenrick Glennon Seminary","2014","132","127","5","129","61","8","17","36","0","71","57","8","13","36","0","70","4","0","4","0","0","1","Under 1,000"
"177834","A T Still University of Health Sciences","2014","3226","2448","778","2745","0","0","0","0","0","3226","0","0","0","0","0","2448","0","0","0","0","0","778","1,000 - 4,999"
"177870","Lake Career and Technical Center","2014","19","19","0","19","19","17","0","2","0","0","19","17","0","2","0","0","0","0","0","0","0","0","Under 1,000"
"177931","Lex La-Ray Technical Center","2014","35","34","1","34","35","13","0","22","0","0","34","12","0","22","0","0","1","1","0","0","0","0","Under 1,000"
"177940","Lincoln University","2014","3117","2089","1028","2500","2977","536","188","1653","600","140","2032","522","158","1297","55","57","945","14","30","356","545","83","1,000 - 4,999"
"177968","Lindenwood University","2014","12151","8766","3385","10071","8541","1201","778","6007","555","3610","7443","1170","710","5480","83","1323","1098","31","68","527","472","2287","10,000 - 19,999"
"177977","Linn State Technical College","2014","1259","1058","201","1125","1259","490","140","547","82","0","1058","481","130","447","0","0","201","9","10","100","82","0","1,000 - 4,999"
"177986","Logan University","2014","899","812","87","845","48","0","33","14","1","851","33","0","23","10","0","779","15","0","10","4","1","72","Under 1,000"
"177995","Metropolitan Community College-Kansas City","2014","18222","6983","11239","10756","18222","3867","2325","9355","2675","0","6983","2235","1022","3407","319","0","11239","1632","1303","5948","2356","0","10,000 - 19,999"
"178004","Lutheran School of Nursing","2014","219","83","136","137","219","1","0","218","0","0","83","1","0","82","0","0","136","0","0","136","0","0","Under 1,000"
"178059","Maryville University of Saint Louis","2014","5931","2085","3846","3565","2818","412","341","1983","82","3113","1852","408","197","1247","0","233","966","4","144","736","82","2880","5,000 - 9,999"
"178077","Merrell University of Beauty Arts and Science","2014","105","105","0","105","105","16","0","89","0","0","105","16","0","89","0","0","0","0","0","0","0","0","Under 1,000"
"178110","Metro Business College-Cape Girardeau","2014","118","103","15","109","118","27","22","69","0","0","103","27","21","55","0","0","15","0","1","14","0","0","Under 1,000"
"178183","Midwest Institute","2014","225","225","0","225","225","9","94","122","0","0","225","9","94","122","0","0","0","0","0","0","0","0","Under 1,000"
"178208","Midwestern Baptist Theological Seminary","2014","1369","895","474","1078","351","70","55","221","5","1018","192","35","31","124","2","703","159","35","24","97","3","315","1,000 - 4,999"
"178217","Mineral Area College","2014","4632","2943","1689","3510","4632","865","123","2790","854","0","2943","766","77","1923","177","0","1689","99","46","867","677","0","1,000 - 4,999"
"178226","Westwood College-O'Hare Airport","2014","311","244","67","270","311","42","6","263","0","0","244","42","3","199","0","0","67","0","3","64","0","0","Under 1,000"
"178244","Missouri Baptist University","2014","5322","1634","3688","3072","4091","231","393","1082","2385","1231","1389","225","279","874","11","245","2702","6","114","208","2374","986","5,000 - 9,999"
"178262","National Academy of Beauty Arts-Farmington","2014","47","47","0","47","47","31","0","16","0","0","47","31","0","16","0","0","0","0","0","0","0","0","Under 1,000"
"178305","Missouri College","2014","586","582","4","584","586","62","91","431","2","0","582","61","91","428","2","0","4","1","0","3","0","0","Under 1,000"
"178314","Missouri School of Barbering & Hairstyling","2014","19","19","0","19","19","7","0","12","0","0","19","7","0","12","0","0","0","0","0","0","0","0","Under 1,000"
"178341","Missouri Southern State University","2014","5613","4148","1465","4737","5561","856","581","3639","485","52","4140","803","442","2815","80","8","1421","53","139","824","405","44","5,000 - 9,999"
"178350","Missouri Tech","2014","105","24","81","56","105","2","14","89","0","0","24","1","3","20","0","0","81","1","11","69","0","0","Under 1,000"
"178369","Missouri Valley College","2014","1695","1368","327","1496","1683","376","150","857","300","12","1360","375","150","835","0","8","323","1","0","22","300","4","1,000 - 4,999"
"178387","Missouri Western State University","2014","5834","3933","1901","4695","5650","1042","379","3362","867","184","3875","900","296","2625","54","58","1775","142","83","737","813","126","5,000 - 9,999"
"178396","University of Missouri-Columbia","2014","35425","30962","4463","32651","27642","6515","1178","19583","366","7783","25859","6408","1035","18310","106","5103","1783","107","143","1273","260","2680","20,000 and above"
"178402","University of Missouri-Kansas City","2014","16146","10239","5907","12528","10453","1073","1246","5808","2326","5693","6817","1057","932","4617","211","3422","3636","16","314","1191","2115","2271","10,000 - 19,999"
"178411","Missouri University of Science and Technology","2014","8640","7127","1513","7703","6520","1288","459","4671","102","2120","5825","1273","339","4133","80","1302","695","15","120","538","22","818","5,000 - 9,999"
"178420","University of Missouri-St Louis","2014","17072","7015","10057","10979","13874","513","1572","6851","4938","3198","6071","497","1101","4249","224","944","7803","16","471","2602","4714","2254","10,000 - 19,999"
"178448","Moberly Area Community College","2014","5431","2524","2907","3500","5431","1305","0","2862","1264","0","2524","984","0","1471","69","0","2907","321","0","1391","1195","0","5,000 - 9,999"
"178466","Hillyard Technical Center","2014","146","142","4","143","146","31","0","115","0","0","142","29","0","113","0","0","4","2","0","2","0","0","Under 1,000"
"178484","National Academy of Beauty Arts-St Louis","2014","115","115","0","115","115","47","0","68","0","0","115","47","0","68","0","0","0","0","0","0","0","0","Under 1,000"
"178518","Nazarene Theological Seminary","2014","239","102","137","154","0","0","0","0","0","239","0","0","0","0","0","102","0","0","0","0","0","137","Under 1,000"
"178527","Neosho Beauty College","2014","38","31","7","34","38","23","0","15","0","0","31","20","0","11","0","0","7","3","0","4","0","0","Under 1,000"
"178615","Truman State University","2014","6248","5521","727","5810","5910","1320","164","3910","516","338","5295","1317","154","3768","56","226","615","3","10","142","460","112","5,000 - 9,999"
"178624","Northwest Missouri State University","2014","6720","5562","1158","6002","5491","1379","246","3597","269","1229","4980","1372","229","3336","43","582","511","7","17","261","226","647","5,000 - 9,999"
"178679","Ozark Christian College","2014","733","631","102","671","733","144","42","540","7","0","631","142","39","449","1","0","102","2","3","91","6","0","Under 1,000"
"178697","College of the Ozarks","2014","1433","1422","11","1426","1433","255","33","1145","0","0","1422","255","30","1137","0","0","11","0","3","8","0","0","1,000 - 4,999"
"178721","Park University","2014","10792","1265","9527","4999","9892","176","888","8686","142","900","1180","169","224","787","0","85","8712","7","664","7899","142","815","10,000 - 19,999"
"178767","Stevens Institute of Business & Arts","2014","143","99","44","116","143","5","23","115","0","0","99","3","23","73","0","0","44","2","0","42","0","0","Under 1,000"
"178828","Poplar Bluff Technical Career Center","2014","47","47","0","47","47","45","0","2","0","0","47","45","0","2","0","0","0","0","0","0","0","0","Under 1,000"
"178891","Ranken Technical College","2014","1851","1218","633","1467","1851","652","0","1199","0","0","1218","480","0","738","0","0","633","172","0","461","0","0","1,000 - 4,999"
"178989","Research College of Nursing","2014","415","284","131","334","281","0","0","281","0","134","280","0","0","280","0","4","1","0","0","1","0","130","Under 1,000"
"179043","Rockhurst University","2014","3002","1955","1047","2363","2276","399","61","1211","605","726","1536","398","57","1081","0","419","740","1","4","130","605","307","1,000 - 4,999"
"179052","Rolla Technical Institute","2014","145","145","0","145","145","35","0","110","0","0","145","35","0","110","0","0","0","0","0","0","0","0","Under 1,000"
"179070","Everest College-Springfield","2014","232","177","55","199","232","18","42","172","0","0","177","18","38","121","0","0","55","0","4","51","0","0","Under 1,000"
"179159","Saint Louis University","2014","17052","10416","6636","13008","12374","1639","487","5696","4552","4678","7136","1639","331","5033","133","3280","5238","0","156","663","4419","1398","10,000 - 19,999"
"179195","Salem College of Hairstyling","2014","48","48","0","48","48","6","0","42","0","0","48","6","0","42","0","0","0","0","0","0","0","0","Under 1,000"
"179201","Sanford-Brown College-Fenton","2014","15","13","2","14","15","0","0","15","0","0","13","0","0","13","0","0","2","0","0","2","0","0","Under 1,000"
"179229","American College of Hair Design Inc","2014","29","29","0","29","29","6","0","23","0","0","29","6","0","23","0","0","0","0","0","0","0","0","Under 1,000"
"179238","Sikeston Career and Technology Center","2014","46","46","0","46","46","16","0","30","0","0","46","16","0","30","0","0","0","0","0","0","0","0","Under 1,000"
"179256","Saint Louis Christian College","2014","179","128","51","148","179","14","10","142","13","0","128","11","10","107","0","0","51","3","0","35","13","0","Under 1,000"
"179265","St Louis College of Pharmacy","2014","1361","1350","11","1354","693","195","63","435","0","668","693","195","63","435","0","657","0","0","0","0","0","11","1,000 - 4,999"
"179308","Saint Louis Community College","2014","21218","8682","12536","12891","21218","3563","1782","14017","1856","0","8682","2510","758","5126","288","0","12536","1053","1024","8891","1568","0","20,000 and above"
"179317","Saint Paul School of Theology","2014","153","90","63","114","0","0","0","0","0","153","0","0","0","0","0","90","0","0","0","0","0","63","Under 1,000"
"179326","Southwest Baptist University","2014","3696","2302","1394","2845","2952","483","273","1721","475","744","2011","469","197","1304","41","291","941","14","76","417","434","453","1,000 - 4,999"
"179344","Missouri State University-West Plains","2014","2164","1166","998","1501","2164","549","131","891","593","0","1166","492","94","549","31","0","998","57","37","342","562","0","1,000 - 4,999"
"179450","Saint Luke's College of Health Sciences","2014","453","390","63","414","372","0","92","280","0","81","364","0","92","272","0","26","8","0","0","8","0","55","Under 1,000"
"179511","St Louis College of Health Careers-St Louis","2014","305","159","146","217","305","79","60","166","0","0","159","79","22","58","0","0","146","0","38","108","0","0","Under 1,000"
"179539","State Fair Community College","2014","4983","2506","2477","3338","4983","1128","327","2569","959","0","2506","864","165","1443","34","0","2477","264","162","1126","925","0","1,000 - 4,999"
"179548","Stephens College","2014","862","712","150","771","667","185","74","408","0","195","556","185","50","321","0","156","111","0","24","87","0","39","Under 1,000"
"179557","Southeast Missouri State University","2014","12087","8613","3474","9982","10848","1849","628","6905","1466","1239","8168","1718","537","5663","250","445","2680","131","91","1242","1216","794","10,000 - 19,999"
"179566","Missouri State University-Springfield","2014","21816","15703","6113","18099","18517","2870","1707","11600","2340","3299","14097","2826","1431","9738","102","1606","4420","44","276","1862","2238","1693","20,000 and above"
"179645","Three Rivers Community College","2014","4201","2429","1772","3024","4201","952","114","1989","1146","0","2429","729","64","1255","381","0","1772","223","50","734","765","0","1,000 - 4,999"
"179715","North Central Missouri College","2014","1746","915","831","1194","1746","360","85","737","564","0","915","331","55","512","17","0","831","29","30","225","547","0","1,000 - 4,999"
"179742","Truman Medical Center School of Nurse Anesthesia","2014","43","43","0","43","0","0","0","0","0","43","0","0","0","0","0","43","0","0","0","0","0","0","Under 1,000"
"179812","Kansas City University of Medicine and Biosciences","2014","1106","1106","0","1106","0","0","0","0","0","1106","0","0","0","0","0","1106","0","0","0","0","0","0","1,000 - 4,999"
"179867","Washington University in St Louis","2014","14348","12319","2029","13102","7401","1734","133","5046","488","6947","6686","1727","117","4787","55","5633","715","7","16","259","433","1314","10,000 - 19,999"
"179894","Webster University","2014","16769","5360","11409","9729","3459","465","435","2449","110","13310","2512","457","289","1758","8","2848","947","8","146","691","102","10462","10,000 - 19,999"
"179919","Wentworth Military Academy & Junior College","2014","780","331","449","509","780","150","24","211","395","0","331","132","21","178","0","0","449","18","3","33","395","0","Under 1,000"
"179946","Westminster College","2014","954","944","10","948","954","212","51","680","11","0","944","212","51","673","8","0","10","0","0","7","3","0","Under 1,000"
"179955","William Jewell College","2014","1060","1028","32","1040","1043","265","56","722","0","17","1019","265","55","699","0","9","24","0","1","23","0","8","1,000 - 4,999"
"179964","William Woods University","2014","2031","901","1130","1334","1006","200","61","729","16","1025","850","200","56","594","0","51","156","0","5","135","16","974","1,000 - 4,999"
"179991","Academy of Cosmetology","2014","29","29","0","29","29","20","0","9","0","0","29","20","0","9","0","0","0","0","0","0","0","0","Under 1,000"
"180054","Blackfeet Community College","2014","495","412","83","445","495","115","54","313","13","0","412","100","41","271","0","0","83","15","13","42","13","0","Under 1,000"
"180063","Butte Academy of Beauty Culture","2014","46","46","0","46","46","27","0","19","0","0","46","27","0","19","0","0","0","0","0","0","0","0","Under 1,000"
"180081","Highlands College of Montana Tech","2014","860","487","373","612","860","151","49","369","291","0","487","146","32","304","5","0","373","5","17","65","286","0","Under 1,000"
"180090","Crevier's School of Cosmetology","2014","82","82","0","82","82","62","0","20","0","0","82","62","0","20","0","0","0","0","0","0","0","0","Under 1,000"
"180106","Carroll College","2014","1440","1386","54","1407","1440","354","55","1001","30","0","1386","354","55","973","4","0","54","0","0","28","26","0","1,000 - 4,999"
"180151","Dawson Community College","2014","305","194","111","231","305","90","31","116","68","0","194","83","18","90","3","0","111","7","13","26","65","0","Under 1,000"
"180160","Chief Dull Knife College","2014","192","107","85","136","192","36","1","131","24","0","107","29","1","77","0","0","85","7","0","54","24","0","Under 1,000"
"180179","Montana State University-Billings","2014","4768","3213","1555","3830","4340","782","365","2924","269","428","3044","704","266","2029","45","169","1296","78","99","895","224","259","1,000 - 4,999"
"180197","Flathead Valley Community College","2014","2161","1014","1147","1399","2161","356","103","1166","536","0","1014","272","61","660","21","0","1147","84","42","506","515","0","1,000 - 4,999"
"180203","Aaniiih Nakoda College","2014","291","106","185","168","291","31","11","82","167","0","106","30","10","66","0","0","185","1","1","16","167","0","Under 1,000"
"180212","Fort Peck Community College","2014","346","262","84","290","346","49","11","263","23","0","262","46","11","205","0","0","84","3","0","58","23","0","Under 1,000"
"180249","Great Falls College Montana State University","2014","1772","832","940","1148","1772","268","136","1075","293","0","832","176","83","553","20","0","940","92","53","522","273","0","1,000 - 4,999"
"180258","University of Great Falls","2014","1117","663","454","841","1043","151","140","744","8","74","627","149","52","423","3","36","416","2","88","321","5","38","1,000 - 4,999"
"180276","Helena College University of Montana","2014","1564","661","903","964","1564","237","106","722","499","0","661","196","64","401","0","0","903","41","42","321","499","0","1,000 - 4,999"
"180328","Little Big Horn College","2014","263","222","41","236","263","38","10","208","7","0","222","37","9","174","2","0","41","1","1","34","5","0","Under 1,000"
"180373","Miles Community College","2014","420","234","186","296","420","109","63","173","75","0","234","99","38","94","3","0","186","10","25","79","72","0","Under 1,000"
"180391","Modern Beauty School Inc","2014","46","46","0","46","46","6","0","40","0","0","46","6","0","40","0","0","0","0","0","0","0","0","Under 1,000"
"180416","Montana Tech of the University of Montana","2014","2085","1810","275","1916","1891","285","167","1416","23","194","1732","283","153","1294","2","78","159","2","14","122","21","116","1,000 - 4,999"
"180461","Montana State University","2014","14982","11785","3197","13028","13298","2939","983","9195","181","1684","11236","2428","647","7997","164","549","2062","511","336","1198","17","1135","10,000 - 19,999"
"180489","The University of Montana","2014","13952","10467","3485","11828","11692","2027","777","8165","723","2260","9281","1881","639","6644","117","1186","2411","146","138","1521","606","1074","10,000 - 19,999"
"180522","Montana State University-Northern","2014","1230","889","341","1023","1148","205","121","799","23","82","885","196","101","585","3","4","263","9","20","214","20","78","1,000 - 4,999"
"180595","Rocky Mountain College","2014","1007","974","33","987","915","229","56","618","12","92","884","229","55","595","5","90","31","0","1","23","7","2","1,000 - 4,999"
"180647","Salish Kootenai College","2014","859","701","158","763","859","105","66","647","41","0","701","98","55","537","11","0","158","7","11","110","30","0","Under 1,000"
"180692","The University of Montana-Western","2014","1375","1163","212","1249","1375","262","121","954","38","0","1163","253","91","817","2","0","212","9","30","137","36","0","1,000 - 4,999"
"180771","La'James International College","2014","24","24","0","24","24","8","0","16","0","0","24","8","0","16","0","0","0","0","0","0","0","0","Under 1,000"
"180814","Bellevue University","2014","9879","8040","1839","8751","6291","99","1579","4507","106","3588","5477","88","1412","3952","25","2563","814","11","167","555","81","1025","5,000 - 9,999"
"180832","Clarkson College","2014","1221","412","809","725","744","34","136","569","5","477","397","28","86","283","0","15","347","6","50","286","5","462","1,000 - 4,999"
"180878","Bryan College of Health Sciences","2014","691","356","335","487","617","51","64","473","29","74","309","50","39","220","0","47","308","1","25","253","29","27","Under 1,000"
"180902","Central Community College","2014","6377","2121","4256","3550","6377","804","304","3043","2226","0","2121","622","224","1237","38","0","4256","182","80","1806","2188","0","5,000 - 9,999"
"180948","Chadron State College","2014","3033","1944","1089","2364","2453","466","251","1482","254","580","1837","460","176","1195","6","107","616","6","75","287","248","473","1,000 - 4,999"
"180957","College of Hair Design-Downtown","2014","98","98","0","98","98","14","0","84","0","0","98","14","0","84","0","0","0","0","0","0","0","0","Under 1,000"
"180984","Concordia University-Nebraska","2014","2332","1795","537","2005","1607","326","59","847","375","725","1186","326","54","806","0","609","421","0","5","41","375","116","1,000 - 4,999"
"181002","Creighton University","2014","8236","6770","1466","7333","4065","1025","127","2825","88","4171","3842","1025","115","2695","7","2928","223","0","12","130","81","1243","5,000 - 9,999"
"181020","Doane College-Crete","2014","1065","1057","8","1060","1065","268","44","752","1","0","1057","268","44","745","0","0","8","0","0","7","1","0","1,000 - 4,999"
"181093","Grace University","2014","469","371","98","409","389","60","38","289","2","80","335","59","38","238","0","36","54","1","0","51","2","44","Under 1,000"
"181127","Hastings College","2014","1212","1152","60","1176","1183","345","67","723","48","29","1129","345","64","713","7","23","54","0","3","10","41","6","1,000 - 4,999"
"181136","Fullen School of Hair Design","2014","29","29","0","29","29","12","0","17","0","0","29","12","0","17","0","0","0","0","0","0","0","0","Under 1,000"
"181145","Alegent Creighton Health School of Radiologic Technology","2014","22","22","0","22","22","0","11","11","0","0","22","0","11","11","0","0","0","0","0","0","0","0","Under 1,000"
"181190","Joseph's College","2014","229","229","0","229","229","49","0","180","0","0","229","49","0","180","0","0","0","0","0","0","0","0","Under 1,000"
"181215","University of Nebraska at Kearney","2014","6902","4910","1992","5656","5274","990","307","3784","193","1628","4668","985","263","3341","79","242","606","5","44","443","114","1386","5,000 - 9,999"
"181242","Kaplan University-Lincoln Campus","2014","593","384","209","466","548","25","91","432","0","45","353","23","65","265","0","31","195","2","26","167","0","14","Under 1,000"
"181297","Nebraska Methodist College of Nursing & Allied Health","2014","1000","626","374","772","747","38","185","519","5","253","453","37","134","282","0","173","294","1","51","237","5","80","1,000 - 4,999"
"181303","Metropolitan Community College Area","2014","14675","5545","9130","8610","14675","1962","0","5313","7400","0","5545","1075","0","2043","2427","0","9130","887","0","3270","4973","0","10,000 - 19,999"
"181312","Mid-Plains Community College","2014","2143","851","1292","1285","2143","387","113","778","865","0","851","353","74","410","14","0","1292","34","39","368","851","0","1,000 - 4,999"
"181330","Midland University","2014","1362","1236","126","1285","1236","331","117","788","0","126","1191","327","101","763","0","45","45","4","16","25","0","81","1,000 - 4,999"
"181376","Nebraska Christian College","2014","136","121","15","127","136","28","14","92","2","0","121","27","13","81","0","0","15","1","1","11","2","0","Under 1,000"
"181394","University of Nebraska at Omaha","2014","15227","10371","4856","12245","12221","1839","1154","8996","232","3006","9417","1743","845","6738","91","954","2804","96","309","2258","141","2052","10,000 - 19,999"
"181400","Kaplan University-Omaha Campus","2014","720","477","243","572","658","52","104","502","0","62","430","41","68","321","0","47","228","11","36","181","0","15","Under 1,000"
"181419","Nebraska Indian Community College","2014","120","54","66","76","120","21","16","78","5","0","54","13","9","32","0","0","66","8","7","46","5","0","Under 1,000"
"181428","University of Nebraska Medical Center","2014","3696","3171","525","3367","850","0","426","402","22","2846","695","0","354","341","0","2476","155","0","72","61","22","370","1,000 - 4,999"
"181446","Nebraska Wesleyan University","2014","2083","1549","534","1756","1832","368","53","1382","29","251","1511","368","51","1070","22","38","321","0","2","312","7","213","1,000 - 4,999"
"181464","University of Nebraska-Lincoln","2014","25006","21364","3642","22737","19979","4652","980","14347","0","5027","18660","4628","895","13137","0","2704","1319","24","85","1210","0","2323","20,000 and above"
"181491","Northeast Community College","2014","5061","2059","3002","3067","5061","879","267","1580","2335","0","2059","785","184","1030","60","0","3002","94","83","550","2275","0","5,000 - 9,999"
"181534","Peru State College","2014","2499","1254","1245","1746","2189","268","172","1097","652","310","1189","259","123","806","1","65","1000","9","49","291","651","245","1,000 - 4,999"
"181543","Summit Christian College","2014","40","26","14","31","40","5","3","24","8","0","26","4","2","17","3","0","14","1","1","7","5","0","Under 1,000"
"181604","College of Saint Mary","2014","1018","844","174","911","770","71","146","501","52","248","679","71","143","464","1","165","91","0","3","37","51","83","1,000 - 4,999"
"181640","Southeast Community College Area","2014","9392","4572","4820","6190","9392","1370","553","5056","2413","0","4572","1064","396","2764","348","0","4820","306","157","2292","2065","0","5,000 - 9,999"
"181738","Union College","2014","887","802","85","835","798","156","65","526","51","89","713","156","65","492","0","89","85","0","0","34","51","0","Under 1,000"
"181756","Vatterott College-Spring Valley","2014","145","145","0","145","145","0","0","145","0","0","145","0","0","145","0","0","0","0","0","0","0","0","Under 1,000"
"181765","Nebraska College of Technical Agriculture","2014","384","228","156","280","384","122","15","105","142","0","228","122","15","91","0","0","156","0","0","14","142","0","Under 1,000"
"181783","Wayne State College","2014","3470","2815","655","3063","2969","685","226","1958","100","501","2693","680","199","1811","3","122","276","5","27","147","97","379","1,000 - 4,999"
"181792","Regional West Medical Center School of Radiologic Technology","2014","7","7","0","7","7","0","0","7","0","0","7","0","0","7","0","0","0","0","0","0","0","0","Under 1,000"
"181817","Western Nebraska Community College","2014","1836","864","972","1190","1836","407","64","892","473","0","864","336","40","478","10","0","972","71","24","414","463","0","1,000 - 4,999"
"181853","York College","2014","408","377","31","389","402","85","47","270","0","6","377","85","43","249","0","0","25","0","4","21","0","6","Under 1,000"
"181880","Academy of Hair Design-Las Vegas","2014","45","45","0","45","45","39","0","6","0","0","45","39","0","6","0","0","0","0","0","0","0","0","Under 1,000"
"181941","Career College of Northern Nevada","2014","581","581","0","581","581","106","78","397","0","0","581","106","78","397","0","0","0","0","0","0","0","0","Under 1,000"
"182005","College of Southern Nevada","2014","35943","9289","26654","20045","35943","4779","2071","24299","4794","0","9289","1922","661","6248","458","0","26654","2857","1410","18051","4336","0","20,000 and above"
"182111","The Art Institute of Las Vegas","2014","952","723","229","813","952","228","139","585","0","0","723","195","105","423","0","0","229","33","34","162","0","0","Under 1,000"
"182148","Everest College-Henderson","2014","800","595","205","676","800","39","67","694","0","0","595","38","50","507","0","0","205","1","17","187","0","0","Under 1,000"
"182209","Marinello Schools of Beauty-Las Vegas","2014","367","278","89","313","367","93","0","274","0","0","278","67","0","211","0","0","89","26","0","63","0","0","Under 1,000"
"182281","University of Nevada-Las Vegas","2014","28515","19781","8734","23206","23803","3865","2378","17086","474","4712","17444","3718","1542","12080","104","2337","6359","147","836","5006","370","2375","20,000 and above"
"182290","University of Nevada-Reno","2014","19934","15266","4668","17073","16839","3387","1385","11558","509","3095","13999","3332","990","9534","143","1267","2840","55","395","2024","366","1828","10,000 - 19,999"
"182306","Great Basin College","2014","3024","919","2105","1768","2994","420","145","1530","899","30","905","265","61","553","26","14","2089","155","84","977","873","16","1,000 - 4,999"
"182397","Marinello Schools of Beauty-Reno","2014","217","110","107","152","217","61","0","156","0","0","110","28","0","82","0","0","107","33","0","74","0","0","Under 1,000"
"182458","Sierra Nevada College","2014","1039","896","143","951","558","117","62","369","10","481","527","117","61","348","1","369","31","0","1","21","9","112","1,000 - 4,999"
"182500","Truckee Meadows Community College","2014","11106","2823","8283","5604","11106","1412","549","6758","2387","0","2823","642","181","1790","210","0","8283","770","368","4968","2177","0","10,000 - 19,999"
"182564","Western Nevada College","2014","3951","1285","2666","2361","3951","829","139","2532","451","0","1285","446","44","792","3","0","2666","383","95","1740","448","0","1,000 - 4,999"
"182634","Colby-Sawyer College","2014","1369","1316","53","1337","1369","331","41","979","18","0","1316","331","27","957","1","0","53","0","14","22","17","0","1,000 - 4,999"
"182652","Continental Academie of Hair Design-Hudson","2014","72","72","0","72","72","45","0","27","0","0","72","45","0","27","0","0","0","0","0","0","0","0","Under 1,000"
"182661","Daniel Webster College","2014","732","646","86","680","648","155","73","416","4","84","578","152","54","372","0","68","70","3","19","44","4","16","Under 1,000"
"182670","Dartmouth College","2014","6298","6155","143","6210","4289","1152","13","3019","105","2009","4228","1152","13","3019","44","1927","61","0","0","0","61","82","5,000 - 9,999"
"182704","Empire Beauty School-Laconia","2014","83","49","34","62","83","8","0","75","0","0","49","4","0","45","0","0","34","4","0","30","0","0","Under 1,000"
"182722","Empire Beauty School-Somersworth","2014","101","82","19","90","101","10","0","91","0","0","82","8","0","74","0","0","19","2","0","17","0","0","Under 1,000"
"182795","Franklin Pierce University","2014","2275","1864","411","2023","1733","491","68","1172","2","542","1507","491","54","962","0","357","226","0","14","210","2","185","1,000 - 4,999"
"182829","University of New Hampshire-School of Law","2014","271","258","13","263","0","0","0","0","0","271","0","0","0","0","0","258","0","0","0","0","0","13","Under 1,000"
"182865","Mount Washington College","2014","1511","870","641","1122","1511","58","167","1279","7","0","870","56","73","738","3","0","641","2","94","541","4","0","1,000 - 4,999"
"182892","Keene Beauty Academy","2014","51","48","3","49","51","30","0","21","0","0","48","28","0","20","0","0","3","2","0","1","0","0","Under 1,000"
"182917","College of St Mary Magdalen","2014","61","61","0","61","61","15","3","43","0","0","61","15","3","43","0","0","0","0","0","0","0","0","Under 1,000"
"182953","Michaels School of Hair Design and Esthetics-Paul Mitchell Partner School","2014","161","129","32","142","161","53","0","108","0","0","129","46","0","83","0","0","32","7","0","25","0","0","Under 1,000"
"182980","New England College","2014","2399","2332","67","2358","1700","363","164","1173","0","699","1660","354","162","1144","0","672","40","9","2","29","0","27","1,000 - 4,999"
"182999","New England School of Hair Design Inc","2014","41","39","2","40","41","33","0","8","0","0","39","31","0","8","0","0","2","2","0","0","0","0","Under 1,000"
"183026","Southern New Hampshire University","2014","43274","18214","25060","27953","29353","3308","3940","20787","1318","13921","14121","1975","1928","9937","281","4093","15232","1333","2012","10850","1037","9828","20,000 and above"
"183035","New Hampshire Institute for Therapeutic Arts","2014","37","37","0","37","37","17","0","20","0","0","37","17","0","20","0","0","0","0","0","0","0","0","Under 1,000"
"183044","University of New Hampshire-Main Campus","2014","15117","13593","1524","14163","12831","3227","500","8864","240","2286","12380","3227","487","8592","74","1213","451","0","13","272","166","1073","10,000 - 19,999"
"183062","Keene State College","2014","4957","4619","338","4753","4836","1267","153","3242","174","121","4566","1266","143","3140","17","53","270","1","10","102","157","68","1,000 - 4,999"
"183071","University of New Hampshire at Manchester","2014","850","566","284","677","775","81","144","493","57","75","566","79","117","366","4","0","209","2","27","127","53","75","Under 1,000"
"183080","Plymouth State University","2014","4855","3776","1079","4178","3756","751","228","2665","112","1099","3477","750","212","2501","14","299","279","1","16","164","98","800","1,000 - 4,999"
"183099","NHTI-Concord's Community College","2014","4284","1850","2434","2667","4284","1053","432","2337","462","0","1850","793","189","850","18","0","2434","260","243","1487","444","0","1,000 - 4,999"
"183105","White Mountains Community College","2014","845","263","582","458","845","206","47","307","285","0","263","125","20","106","12","0","582","81","27","201","273","0","Under 1,000"
"183114","River Valley Community College","2014","1009","236","773","496","1009","177","146","557","129","0","236","54","43","120","19","0","773","123","103","437","110","0","1,000 - 4,999"
"183123","Lakes Region Community College","2014","1183","460","723","703","1183","348","0","701","134","0","460","202","0","253","5","0","723","146","0","448","129","0","1,000 - 4,999"
"183132","Manchester Community College","2014","3455","1157","2298","1929","3455","498","314","2126","517","0","1157","266","110","753","28","0","2298","232","204","1373","489","0","1,000 - 4,999"
"183141","Nashua Community College","2014","2184","717","1467","1210","2184","500","211","1240","233","0","717","264","80","365","8","0","1467","236","131","875","225","0","1,000 - 4,999"
"183150","Great Bay Community College","2014","2079","578","1501","1082","2079","410","326","1121","222","0","578","202","104","263","9","0","1501","208","222","858","213","0","1,000 - 4,999"
"183202","Paul Mitchell the School-Portsmouth","2014","49","49","0","49","49","8","0","41","0","0","49","8","0","41","0","0","0","0","0","0","0","0","Under 1,000"
"183211","Rivier University","2014","2349","1106","1243","1589","1526","176","117","1140","93","823","788","172","49","567","0","318","738","4","68","573","93","505","1,000 - 4,999"
"183239","Saint Anselm College","2014","1968","1915","53","1936","1968","523","22","1405","18","0","1915","523","22","1369","1","0","53","0","0","36","17","0","1,000 - 4,999"
"183248","St Joseph School of Nursing","2014","144","63","81","95","144","2","63","70","9","0","63","2","24","34","3","0","81","0","39","36","6","0","Under 1,000"
"183257","Granite State College","2014","2209","1136","1073","1559","1868","111","369","1320","68","341","1044","87","245","700","12","92","824","24","124","620","56","249","1,000 - 4,999"
"183275","Thomas More College of Liberal Arts","2014","93","93","0","93","93","21","14","58","0","0","93","21","14","58","0","0","0","0","0","0","0","0","Under 1,000"
"183488","Eastwick College-Hackensack","2014","375","260","115","306","375","124","23","228","0","0","260","109","13","138","0","0","115","15","10","90","0","0","Under 1,000"
"183600","Assumption College for Sisters","2014","39","23","16","29","39","9","0","22","8","0","23","5","0","18","0","0","16","4","0","4","8","0","Under 1,000"
"183655","Atlantic Cape Community College","2014","6845","3217","3628","4435","6845","1651","63","4645","486","0","3217","1075","37","1979","126","0","3628","576","26","2666","360","0","5,000 - 9,999"
"183725","Fortis Institute-Wayne","2014","564","564","0","564","564","138","0","426","0","0","564","138","0","426","0","0","0","0","0","0","0","0","Under 1,000"
"183743","Bergen Community College","2014","15651","8976","6675","11217","15651","3386","880","10264","1121","0","8976","2713","563","5528","172","0","6675","673","317","4736","949","0","10,000 - 19,999"
"183789","Berkeley College-Woodland Park","2014","3659","3066","593","3299","3659","796","552","2274","37","0","3066","777","483","1804","2","0","593","19","69","470","35","0","1,000 - 4,999"
"183804","Beth Medrash Govoha","2014","6721","6039","682","6300","2703","0","470","2233","0","4018","2676","0","464","2212","0","3363","27","0","6","21","0","655","5,000 - 9,999"
"183822","Bloomfield College","2014","2004","1756","248","1853","1999","447","168","1318","66","5","1756","432","137","1173","14","0","243","15","31","145","52","5","1,000 - 4,999"
"183859","Brookdale Community College","2014","14144","6899","7245","9331","14144","2727","339","9011","2067","0","6899","2245","208","4334","112","0","7245","482","131","4677","1955","0","10,000 - 19,999"
"183877","Burlington County College","2014","9438","4827","4611","6375","9438","2166","610","5892","770","0","4827","1713","328","2633","153","0","4611","453","282","3259","617","0","5,000 - 9,999"
"183910","Caldwell College","2014","2184","1490","694","1758","1600","386","59","1151","4","584","1354","386","48","920","0","136","246","0","11","231","4","448","1,000 - 4,999"
"183938","Camden County College","2014","12051","6173","5878","8146","12051","2248","938","7848","1017","0","6173","1727","496","3853","97","0","5878","521","442","3995","920","0","10,000 - 19,999"
"183974","Centenary College","2014","2318","1885","433","2051","1612","244","100","1268","0","706","1524","238","98","1188","0","361","88","6","2","80","0","345","1,000 - 4,999"
"183983","Adult and Continuing Education-BCTS","2014","90","90","0","90","90","52","0","38","0","0","90","52","0","38","0","0","0","0","0","0","0","0","Under 1,000"
"184047","Anthem Institute-Parsippany","2014","119","119","0","119","119","117","0","2","0","0","119","117","0","2","0","0","0","0","0","0","0","0","Under 1,000"
"184056","Lincoln Technical Institute-Edison","2014","537","375","162","439","537","176","0","361","0","0","375","134","0","241","0","0","162","42","0","120","0","0","Under 1,000"
"184092","Fox Institute of Business-Clifton","2014","665","665","0","665","665","121","0","544","0","0","665","121","0","544","0","0","0","0","0","0","0","0","Under 1,000"
"184144","Empire Beauty School-Ocean","2014","89","68","21","76","89","26","0","63","0","0","68","23","0","45","0","0","21","3","0","18","0","0","Under 1,000"
"184153","Cooper Health System Center for Allied Health Education","2014","52","51","1","51","40","0","0","40","0","12","40","0","0","40","0","11","0","0","0","0","0","1","Under 1,000"
"184180","County College of Morris","2014","8096","4129","3967","5461","8096","1785","411","5054","846","0","4129","1313","211","2467","138","0","3967","472","200","2587","708","0","5,000 - 9,999"
"184205","Cumberland County College","2014","3844","2298","1546","2817","3844","999","107","2654","84","0","2298","753","55","1484","6","0","1546","246","52","1170","78","0","1,000 - 4,999"
"184278","Divers Academy International","2014","211","211","0","211","211","76","0","135","0","0","211","76","0","135","0","0","0","0","0","0","0","0","Under 1,000"
"184320","Drake College of Business-Elizabeth","2014","849","849","0","849","849","799","0","50","0","0","849","799","0","50","0","0","0","0","0","0","0","0","Under 1,000"
"184348","Drew University","2014","2113","1655","458","1831","1417","302","49","1005","61","696","1357","302","48","985","22","298","60","0","1","20","39","398","1,000 - 4,999"
"184357","duCret School of Arts","2014","41","24","17","31","41","18","0","23","0","0","24","13","0","11","0","0","17","5","0","12","0","0","Under 1,000"
"184427","Lincoln Technical Institute-South Plainfield","2014","321","266","55","288","321","123","0","198","0","0","266","101","0","165","0","0","55","22","0","33","0","0","Under 1,000"
"184481","Essex County College","2014","11468","5799","5669","7702","11468","2287","277","7687","1217","0","5799","1838","156","3517","288","0","5669","449","121","4170","929","0","10,000 - 19,999"
"184506","Empire Beauty School-Union","2014","117","90","27","101","117","54","0","63","0","0","90","44","0","46","0","0","27","10","0","17","0","0","Under 1,000"
"184603","Fairleigh Dickinson University-Metropolitan Campus","2014","8777","3851","4926","5769","6051","650","354","2866","2181","2726","2693","604","202","1829","58","1158","3358","46","152","1037","2123","1568","5,000 - 9,999"
"184612","Felician College","2014","1953","1422","531","1628","1634","270","222","1137","5","319","1390","270","160","960","0","32","244","0","62","177","5","287","1,000 - 4,999"
"184694","Fairleigh Dickinson University-College at Florham","2014","3231","2805","426","2970","2400","702","91","1566","41","831","2234","698","85","1442","9","571","166","4","6","124","32","260","1,000 - 4,999"
"184746","Hohokus School of Trade and Technical Sciences","2014","183","109","74","138","183","111","0","72","0","0","109","93","0","16","0","0","74","18","0","56","0","0","Under 1,000"
"184773","Georgian Court University","2014","2308","1498","810","1811","1621","230","222","971","198","687","1299","228","205","866","0","199","322","2","17","105","198","488","1,000 - 4,999"
"184782","Rowan University","2014","14778","11753","3025","12911","12022","1972","1473","8245","332","2756","10499","1966","1267","7251","15","1254","1523","6","206","994","317","1502","10,000 - 19,999"
"184791","Gloucester County College","2014","7130","4009","3121","5057","7130","2238","305","3767","820","0","4009","1804","152","2037","16","0","3121","434","153","1730","804","0","5,000 - 9,999"
"184816","Empire Beauty School-Cherry Hill","2014","111","82","29","94","111","35","0","76","0","0","82","29","0","53","0","0","29","6","0","23","0","0","Under 1,000"
"184870","Harris School of Business-Cherry Hill Campus","2014","389","258","131","310","389","145","0","244","0","0","258","95","0","163","0","0","131","50","0","81","0","0","Under 1,000"
"184959","Eastwick College-Ramsey","2014","865","452","413","616","865","36","144","685","0","0","452","25","65","362","0","0","413","11","79","323","0","0","Under 1,000"
"184968","Holy Name Medical Center School of Nursing","2014","147","79","68","106","147","0","0","147","0","0","79","0","0","79","0","0","68","0","0","68","0","0","Under 1,000"
"184995","Hudson County Community College","2014","9203","5983","3220","7064","9203","2419","412","5876","496","0","5983","1987","271","3712","13","0","3220","432","141","2164","483","0","5,000 - 9,999"
"185129","New Jersey City University","2014","8136","5105","3031","6266","6229","691","911","4561","66","1907","4689","624","678","3373","14","416","1540","67","233","1188","52","1491","5,000 - 9,999"
"185174","Joe Kubert School of Cartoon and Graphic Art","2014","99","99","0","99","99","32","0","67","0","0","99","32","0","67","0","0","0","0","0","0","0","0","Under 1,000"
"185262","Kean University","2014","14359","10142","4217","11780","11987","1502","1630","8806","49","2372","9283","1483","1148","6651","1","859","2704","19","482","2155","48","1513","10,000 - 19,999"
"185332","Harris School of Business-Voorhees Campus","2014","443","342","101","382","443","141","0","302","0","0","342","114","0","228","0","0","101","27","0","74","0","0","Under 1,000"
"185396","Lincoln Technical Institute-Union","2014","1211","936","275","1045","1211","302","0","909","0","0","936","256","0","680","0","0","275","46","0","229","0","0","1,000 - 4,999"
"185466","Rizzieri Aveda School for Beauty and Wellness","2014","253","185","68","212","253","182","0","71","0","0","185","141","0","44","0","0","68","41","0","27","0","0","Under 1,000"
"185509","Mercer County Community College","2014","7839","2947","4892","4589","7839","1802","249","5081","707","0","2947","1068","115","1725","39","0","4892","734","134","3356","668","0","5,000 - 9,999"
"185536","Middlesex County College","2014","12059","6162","5897","8142","12059","2468","389","8176","1026","0","6162","1931","209","3897","125","0","5897","537","180","4279","901","0","10,000 - 19,999"
"185572","Monmouth University","2014","6395","5064","1331","5575","4634","1056","287","3241","50","1761","4370","1056","275","3034","5","694","264","0","12","207","45","1067","5,000 - 9,999"
"185590","Montclair State University","2014","20022","15253","4769","17062","15885","2908","1536","11232","209","4137","13879","2889","1313","9553","124","1374","2006","19","223","1679","85","2763","20,000 and above"
"185624","Mountainside School of Nursing","2014","110","110","0","110","110","0","0","110","0","0","110","0","0","110","0","0","0","0","0","0","0","0","Under 1,000"
"185651","Muhlenberg Harold B and Dorothy A Snyder Schools-School of Imaging","2014","85","13","72","42","85","1","0","84","0","0","13","1","0","12","0","0","72","0","0","72","0","0","Under 1,000"
"185679","Muhlenberg Harold B and Dorothy A Snyder Schools-School of Nursing","2014","395","48","347","186","395","2","0","393","0","0","48","2","0","46","0","0","347","0","0","347","0","0","Under 1,000"
"185721","Hohokus School-RETS Nutley","2014","321","187","134","240","321","79","43","199","0","0","187","69","27","91","0","0","134","10","16","108","0","0","Under 1,000"
"185730","Empire Beauty School-Jersey City","2014","58","58","0","58","58","29","0","29","0","0","58","29","0","29","0","0","0","0","0","0","0","0","Under 1,000"
"185758","New Brunswick Theological Seminary","2014","178","35","143","90","0","0","0","0","0","178","0","0","0","0","0","35","0","0","0","0","0","143","Under 1,000"
"185767","Robert Fiance Beauty Schools-West New York","2014","255","156","99","195","255","35","0","220","0","0","156","18","0","138","0","0","99","17","0","82","0","0","Under 1,000"
"185828","New Jersey Institute of Technology","2014","10646","7725","2921","8850","7550","1050","647","5051","802","3096","5923","953","534","4368","68","1802","1627","97","113","683","734","1294","10,000 - 19,999"
"185873","Ocean County College","2014","9296","4927","4369","6394","9296","2049","342","5695","1210","0","4927","1665","202","3015","45","0","4369","384","140","2680","1165","0","5,000 - 9,999"
"185970","P B Cosmetology Education Center","2014","171","128","43","145","171","43","0","128","0","0","128","39","0","89","0","0","43","4","0","39","0","0","Under 1,000"
"186016","Parisian Beauty School","2014","369","237","132","289","369","48","0","321","0","0","237","38","0","199","0","0","132","10","0","122","0","0","Under 1,000"
"186034","Passaic County Community College","2014","8968","3412","5556","5277","8968","1360","220","6899","489","0","3412","752","113","2534","13","0","5556","608","107","4365","476","0","5,000 - 9,999"
"186052","Pennco Tech-Blackwood","2014","601","408","193","485","601","201","0","400","0","0","408","137","0","271","0","0","193","64","0","129","0","0","Under 1,000"
"186122","Princeton Theological Seminary","2014","523","496","27","506","0","0","0","0","0","523","0","0","0","0","0","496","0","0","0","0","0","27","Under 1,000"
"186131","Princeton University","2014","8088","7972","116","8018","5391","1310","0","3948","133","2697","5275","1310","0","3948","17","2697","116","0","0","0","116","0","5,000 - 9,999"
"186186","Rabbinical College of America","2014","212","212","0","212","212","37","106","63","6","0","212","37","106","63","6","0","0","0","0","0","0","0","Under 1,000"
"186201","Ramapo College of New Jersey","2014","6003","5080","923","5442","5710","978","603","3866","263","293","5044","976","523","3481","64","36","666","2","80","385","199","257","5,000 - 9,999"
"186274","Robert Fiance Beauty Schools-Perth Amboy","2014","233","102","131","154","233","40","0","193","0","0","102","24","0","78","0","0","131","16","0","115","0","0","Under 1,000"
"186283","Rider University","2014","5294","4140","1154","4586","4296","1008","284","2896","108","998","3791","1006","233","2532","20","349","505","2","51","364","88","649","5,000 - 9,999"
"186335","Roman Academy of Beauty Culture","2014","46","39","7","42","46","29","0","17","0","0","39","24","0","15","0","0","7","5","0","2","0","0","Under 1,000"
"186371","Rutgers University-Camden","2014","6321","4688","1633","5315","4857","431","866","3504","56","1464","3990","421","716","2846","7","698","867","10","150","658","49","766","5,000 - 9,999"
"186380","Rutgers University-New Brunswick","2014","48378","40970","7408","43739","34544","6412","2768","24914","450","13834","32411","6409","2547","23316","139","8559","2133","3","221","1598","311","5275","20,000 and above"
"186399","Rutgers University-Newark","2014","11314","7633","3681","9026","7408","1017","910","4914","567","3906","5943","1010","753","4169","11","1690","1465","7","157","745","556","2216","10,000 - 19,999"
"186405","St Francis Medical Center-School of Radiologic Technology","2014","14","14","0","14","14","0","0","14","0","0","14","0","0","14","0","0","0","0","0","0","0","0","Under 1,000"
"186423","Saint Francis Medical Center School of Nursing","2014","52","52","0","52","52","0","0","52","0","0","52","0","0","52","0","0","0","0","0","0","0","0","Under 1,000"
"186432","Saint Peter's University","2014","3302","2494","808","2806","2506","584","144","1681","97","796","2165","582","135","1446","2","329","341","2","9","235","95","467","1,000 - 4,999"
"186469","Salem Community College","2014","1173","641","532","820","1173","323","71","670","109","0","641","198","43","376","24","0","532","125","28","294","85","0","1,000 - 4,999"
"186584","Seton Hall University","2014","9627","6939","2688","7971","5817","1265","310","4034","208","3810","5348","1263","296","3778","11","1591","469","2","14","256","197","2219","5,000 - 9,999"
"186593","Atlantic Beauty & Spa Academy LLC","2014","131","89","42","106","131","18","0","113","0","0","89","14","0","75","0","0","42","4","0","38","0","0","Under 1,000"
"186618","College of Saint Elizabeth","2014","1411","698","713","974","895","141","79","642","33","516","560","141","45","367","7","138","335","0","34","275","26","378","1,000 - 4,999"
"186645","Raritan Valley Community College","2014","8214","3440","4774","5043","8214","1526","388","4665","1635","0","3440","1186","185","1828","241","0","4774","340","203","2837","1394","0","5,000 - 9,999"
"186867","Stevens Institute of Technology","2014","6125","4850","1275","5338","2892","734","40","2068","50","3233","2842","734","40","2067","1","2008","50","0","0","1","49","1225","5,000 - 9,999"
"186876","The Richard Stockton College of New Jersey","2014","8570","7484","1086","7900","7714","1186","1064","5426","38","856","7170","1185","1010","4973","2","314","544","1","54","453","36","542","5,000 - 9,999"
"186900","Talmudical Academy-New Jersey","2014","69","69","0","69","69","6","30","33","0","0","69","6","30","33","0","0","0","0","0","0","0","0","Under 1,000"
"187000","Teterboro School of Aeronautics","2014","160","160","0","160","160","60","0","100","0","0","160","60","0","100","0","0","0","0","0","0","0","0","Under 1,000"
"187046","Thomas Edison State College","2014","21495","154","21341","8709","20143","0","7355","12788","0","1352","154","0","84","70","0","0","19989","0","7271","12718","0","1352","20,000 and above"
"187134","The College of New Jersey","2014","7409","6695","714","6964","6743","1417","268","4722","336","666","6482","1414","259","4578","231","213","261","3","9","144","105","453","5,000 - 9,999"
"187161","Sanford-Brown Institute-Iselin","2014","521","521","0","521","521","52","0","469","0","0","521","52","0","469","0","0","0","0","0","0","0","0","Under 1,000"
"187198","Union County College","2014","11781","5259","6522","7449","11781","2309","880","8045","547","0","5259","1550","313","3283","113","0","6522","759","567","4762","434","0","10,000 - 19,999"
"187444","William Paterson University of New Jersey","2014","11048","8186","2862","9294","9619","1171","1276","7061","111","1429","7883","1167","1038","5660","18","303","1736","4","238","1401","93","1126","10,000 - 19,999"
"187505","Olympian University of Cosmetology","2014","986","986","0","986","986","352","0","634","0","0","986","352","0","634","0","0","0","0","0","0","0","0","Under 1,000"
"187532","Central New Mexico Community College","2014","26771","8292","18479","14496","26771","3227","1328","18212","4004","0","8292","1959","501","5692","140","0","18479","1268","827","12520","3864","0","20,000 and above"
"187596","Navajo Technical University","2014","2075","1371","704","1655","2070","287","127","1617","39","5","1367","242","99","1022","4","4","703","45","28","595","35","1","1,000 - 4,999"
"187602","De Wolff College Hair Styling and Cosmetology","2014","80","80","0","80","80","14","0","66","0","0","80","14","0","66","0","0","0","0","0","0","0","0","Under 1,000"
"187620","New Mexico State University-Dona Ana","2014","8448","3970","4478","5473","8448","1234","223","4755","2236","0","3970","1023","143","2666","138","0","4478","211","80","2089","2098","0","5,000 - 9,999"
"187639","Clovis Community College","2014","3745","752","2993","1757","3745","389","232","1407","1717","0","752","243","50","431","28","0","2993","146","182","976","1689","0","1,000 - 4,999"
"187648","Eastern New Mexico University-Main Campus","2014","5879","3045","2834","4146","4594","639","462","2630","863","1285","2775","628","299","1819","29","270","1819","11","163","811","834","1015","5,000 - 9,999"
"187666","Eastern New Mexico University-Roswell Campus","2014","3303","1018","2285","1785","3303","422","127","1298","1456","0","1018","292","50","565","111","0","2285","130","77","733","1345","0","1,000 - 4,999"
"187745","Institute of American Indian and Alaska Native Culture","2014","486","229","257","333","430","43","19","173","195","56","175","17","12","146","0","54","255","26","7","27","195","2","Under 1,000"
"187897","New Mexico Highlands University","2014","3546","2101","1445","2656","2275","281","358","1501","135","1271","1510","275","238","984","13","591","765","6","120","517","122","680","1,000 - 4,999"
"187903","New Mexico Junior College","2014","3332","664","2668","1560","3332","573","103","1209","1447","0","664","182","41","392","49","0","2668","391","62","817","1398","0","1,000 - 4,999"
"187912","New Mexico Military Institute","2014","459","459","0","459","459","269","25","165","0","0","459","269","25","165","0","0","0","0","0","0","0","0","Under 1,000"
"187958","University of New Mexico-Gallup Campus","2014","2384","1062","1322","1506","2384","305","86","1593","400","0","1062","213","44","766","39","0","1322","92","42","827","361","0","1,000 - 4,999"
"187967","New Mexico Institute of Mining and Technology","2014","2127","1667","460","1841","1633","291","112","1122","108","494","1443","286","99","1057","1","224","190","5","13","65","107","270","1,000 - 4,999"
"187976","University of New Mexico-Los Alamos Campus","2014","848","178","670","403","848","92","41","507","208","0","178","64","11","97","6","0","670","28","30","410","202","0","Under 1,000"
"187985","University of New Mexico-Main Campus","2014","27844","19992","7852","23056","21792","3132","1253","15876","1531","6052","16446","3089","843","12189","325","3546","5346","43","410","3687","1206","2506","20,000 and above"
"187994","New Mexico State University-Alamogordo","2014","2095","716","1379","1179","2095","201","90","782","1022","0","716","175","48","461","32","0","1379","26","42","321","990","0","1,000 - 4,999"
"188003","New Mexico State University-Carlsbad","2014","1852","478","1374","939","1852","164","45","533","1110","0","478","140","26","275","37","0","1374","24","19","258","1073","0","1,000 - 4,999"
"188021","New Mexico State University-Grants","2014","942","237","705","474","942","86","29","288","539","0","237","60","18","147","12","0","705","26","11","141","527","0","Under 1,000"
"188030","New Mexico State University-Main Campus","2014","15829","12267","3562","13644","12784","1862","665","9644","613","3045","10668","1848","564","8158","98","1599","2116","14","101","1486","515","1446","10,000 - 19,999"
"188049","University of New Mexico-Valencia County Campus","2014","2321","876","1445","1361","2321","318","79","1335","589","0","876","254","27","586","9","0","1445","64","52","749","580","0","1,000 - 4,999"
"188058","Northern New Mexico College","2014","1371","646","725","938","1349","125","50","750","424","22","646","112","32","485","17","0","703","13","18","265","407","22","1,000 - 4,999"
"188100","San Juan College","2014","8323","2783","5540","4643","8323","937","385","4603","2398","0","2783","663","144","1903","73","0","5540","274","241","2700","2325","0","5,000 - 9,999"
"188137","Santa Fe Community College","2014","5475","1608","3867","2906","5475","518","303","2908","1746","0","1608","317","81","1078","132","0","3867","201","222","1830","1614","0","5,000 - 9,999"
"188146","Santa Fe University of Art and Design","2014","950","918","32","931","950","251","111","477","111","0","918","244","98","468","108","0","32","7","13","9","3","0","Under 1,000"
"188182","University of the Southwest","2014","1009","357","652","607","366","60","75","231","0","643","238","49","47","142","0","119","128","11","28","89","0","524","1,000 - 4,999"
"188207","Southwestern College","2014","162","103","59","126","0","0","0","0","0","162","0","0","0","0","0","103","0","0","0","0","0","59","Under 1,000"
"188216","Southwestern Indian Polytechnic Institute","2014","481","422","59","442","481","128","53","294","6","0","422","118","49","254","1","0","59","10","4","40","5","0","Under 1,000"
"188225","University of New Mexico-Taos Campus","2014","1769","508","1261","931","1769","127","60","723","859","0","508","95","26","346","41","0","1261","32","34","377","818","0","1,000 - 4,999"
"188261","Mesalands Community College","2014","793","260","533","439","793","130","107","507","49","0","260","73","35","146","6","0","533","57","72","361","43","0","Under 1,000"
"188289","Vogue College of Cosmetology-Santa Fe","2014","72","67","5","69","72","28","0","44","0","0","67","25","0","42","0","0","5","3","0","2","0","0","Under 1,000"
"188304","Western New Mexico University","2014","3557","1829","1728","2505","2849","342","156","1607","744","708","1626","318","109","1162","37","203","1223","24","47","445","707","505","1,000 - 4,999"
"188340","Vaughn College of Aeronautics and Technology","2014","1614","1263","351","1401","1605","312","157","1136","0","9","1261","285","137","839","0","2","344","27","20","297","0","7","1,000 - 4,999"
"188429","Adelphi University","2014","7610","5996","1614","6618","5071","975","510","3551","35","2539","4589","954","424","3198","13","1407","482","21","86","353","22","1132","5,000 - 9,999"
"188438","Adirondack Community College","2014","4247","2522","1725","3101","4247","980","195","2360","712","0","2522","886","150","1464","22","0","1725","94","45","896","690","0","1,000 - 4,999"
"188465","Globe Institute of Technology","2014","490","469","21","477","490","160","92","238","0","0","469","159","91","219","0","0","21","1","1","19","0","0","Under 1,000"
"188517","Bryant & Stratton College-Albany","2014","500","286","214","370","500","45","77","358","20","0","286","44","72","170","0","0","214","1","5","188","20","0","Under 1,000"
"188526","Albany College of Pharmacy and Health Sciences","2014","1563","1539","24","1548","1080","213","122","741","4","483","1057","213","112","730","2","482","23","0","10","11","2","1","1,000 - 4,999"
"188535","Albany Law School","2014","475","420","55","441","0","0","0","0","0","475","0","0","0","0","0","420","0","0","0","0","0","55","Under 1,000"
"188580","Albany Medical College","2014","823","823","0","823","0","0","0","0","0","823","0","0","0","0","0","823","0","0","0","0","0","0","Under 1,000"
"188641","Alfred University","2014","2310","2011","299","2126","1920","489","67","1286","78","390","1840","489","66","1254","31","171","80","0","1","32","47","219","1,000 - 4,999"
"188650","Allen School-Brooklyn","2014","476","476","0","476","476","186","0","290","0","0","476","186","0","290","0","0","0","0","0","0","0","0","Under 1,000"
"188669","The Ailey School","2014","96","96","0","96","96","41","0","55","0","0","96","41","0","55","0","0","0","0","0","0","0","0","Under 1,000"
"188678","American Academy of Dramatic Arts-New York","2014","253","253","0","253","253","103","53","97","0","0","253","103","53","97","0","0","0","0","0","0","0","0","Under 1,000"
"188687","American Academy McAllister Institute of Funeral Service","2014","424","88","336","221","424","40","109","275","0","0","88","14","33","41","0","0","336","26","76","234","0","0","Under 1,000"
"188696","Joffrey Ballet School","2014","262","262","0","262","262","153","0","109","0","0","262","153","0","109","0","0","0","0","0","0","0","0","Under 1,000"
"188854","American Musical and Dramatic Academy","2014","1735","1735","0","1735","1735","606","13","1116","0","0","1735","606","13","1116","0","0","0","0","0","0","0","0","1,000 - 4,999"
"188890","Apex Technical School","2014","1259","930","329","1061","1259","1253","0","6","0","0","930","927","0","3","0","0","329","326","0","3","0","0","1,000 - 4,999"
"188915","Arnot Ogden Medical Center","2014","70","62","8","65","70","15","0","55","0","0","62","15","0","47","0","0","8","0","0","8","0","0","Under 1,000"
"188942","Associated Beth Rivkah Schools","2014","147","147","0","147","147","39","0","108","0","0","147","39","0","108","0","0","0","0","0","0","0","0","Under 1,000"
"188988","Austin's School of Spa Technology","2014","283","283","0","283","283","100","0","183","0","0","283","100","0","183","0","0","0","0","0","0","0","0","Under 1,000"
"189015","Bank Street College of Education","2014","747","279","468","458","0","0","0","0","0","747","0","0","0","0","0","279","0","0","0","0","0","468","Under 1,000"
"189088","Bard College","2014","2469","2365","104","2406","2112","560","53","1408","91","357","2040","560","53","1369","58","325","72","0","0","39","33","32","1,000 - 4,999"
"189097","Barnard College","2014","2573","2537","36","2551","2573","617","61","1878","17","0","2537","610","59","1859","9","0","36","7","2","19","8","0","1,000 - 4,999"
"189219","Berk Trade and Business School","2014","243","243","0","243","243","111","0","132","0","0","243","111","0","132","0","0","0","0","0","0","0","0","Under 1,000"
"189228","Berkeley College-New York","2014","4479","3946","533","4155","4479","674","610","3104","91","0","3946","649","566","2667","64","0","533","25","44","437","27","0","1,000 - 4,999"
"189264","Beth Hatalmud Rabbinical College","2014","29","29","0","29","29","5","4","20","0","0","29","5","4","20","0","0","0","0","0","0","0","0","Under 1,000"
"189273","Beth Hamedrash Shaarei Yosher Institute","2014","48","48","0","48","42","12","8","22","0","6","42","12","8","22","0","6","0","0","0","0","0","0","Under 1,000"
"189282","Phillips Beth Israel School of Nursing","2014","278","28","250","126","278","7","127","144","0","0","28","1","12","15","0","0","250","6","115","129","0","0","Under 1,000"
"189404","Hair Design Institute at Fifth Avenue-Brooklyn","2014","129","60","69","87","129","25","0","104","0","0","60","9","0","51","0","0","69","16","0","53","0","0","Under 1,000"
"189413","Boricua College","2014","1163","1163","0","1163","1104","220","162","722","0","59","1104","220","162","722","0","59","0","0","0","0","0","0","1,000 - 4,999"
"189422","Bramson ORT College","2014","641","521","120","569","641","115","48","397","81","0","521","110","48","363","0","0","120","5","0","34","81","0","Under 1,000"
"189459","Briarcliffe College","2014","1719","1358","361","1500","1719","169","152","1398","0","0","1358","154","120","1084","0","0","361","15","32","314","0","0","1,000 - 4,999"
"189468","Brittany Beauty School","2014","140","96","44","113","140","36","0","104","0","0","96","29","0","67","0","0","44","7","0","37","0","0","Under 1,000"
"189477","American Beauty School","2014","201","80","121","128","201","108","0","93","0","0","80","39","0","41","0","0","121","69","0","52","0","0","Under 1,000"
"189501","Brooklyn Law School","2014","1141","891","250","987","0","0","0","0","0","1141","0","0","0","0","0","891","0","0","0","0","0","250","1,000 - 4,999"
"189547","SUNY Broome Community College","2014","5944","4337","1607","4877","5944","1839","356","3361","388","0","4337","1737","264","2290","46","0","1607","102","92","1071","342","0","5,000 - 9,999"
"189556","Bryant & Stratton College-Amherst","2014","356","214","142","270","356","24","50","266","16","0","214","17","45","152","0","0","142","7","5","114","16","0","Under 1,000"
"189565","Bryant & Stratton College-Syracuse North","2014","472","309","163","373","472","62","66","338","6","0","309","56","56","197","0","0","163","6","10","141","6","0","Under 1,000"
"189574","Bryant & Stratton College-Syracuse","2014","516","389","127","439","516","128","96","279","13","0","389","127","86","176","0","0","127","1","10","103","13","0","Under 1,000"
"189583","Bryant & Stratton College-Buffalo","2014","800","429","371","575","800","124","121","426","129","0","429","114","103","212","0","0","371","10","18","214","129","0","Under 1,000"
"189592","Bryant & Stratton College-Greece","2014","421","291","130","342","421","48","76","277","20","0","291","46","68","177","0","0","130","2","8","100","20","0","Under 1,000"
"189653","Business Informatics Center Inc","2014","24","8","16","14","24","0","0","24","0","0","8","0","0","8","0","0","16","0","0","16","0","0","Under 1,000"
"189705","Canisius College","2014","4181","3287","894","3630","2868","613","94","2029","132","1313","2725","613","92","1995","25","562","143","0","2","34","107","751","1,000 - 4,999"
"189714","Capri School of Hair Design","2014","223","152","71","180","223","32","0","191","0","0","152","26","0","126","0","0","71","6","0","65","0","0","Under 1,000"
"189811","St Paul's School of Nursing-Queens","2014","504","315","189","390","504","24","113","367","0","0","315","22","96","197","0","0","189","2","17","170","0","0","Under 1,000"
"189839","Cayuga County Community College","2014","4290","2029","2261","2788","4290","646","262","1812","1570","0","2029","600","195","1222","12","0","2261","46","67","590","1558","0","1,000 - 4,999"
"189848","Cazenovia College","2014","1091","963","128","1013","1091","265","51","751","24","0","963","265","47","651","0","0","128","0","4","100","24","0","1,000 - 4,999"
"189857","Central Yeshiva Tomchei Tmimim Lubavitz","2014","726","726","0","726","613","85","268","260","0","113","613","85","268","260","0","113","0","0","0","0","0","0","Under 1,000"
"189954","Cheryl Fells School of Business","2014","72","72","0","72","72","39","0","33","0","0","72","39","0","33","0","0","0","0","0","0","0","0","Under 1,000"
"189981","Christ the King Seminary","2014","101","23","78","53","0","0","0","0","0","101","0","0","0","0","0","23","0","0","0","0","0","78","Under 1,000"
"189990","CHRISTINE VALMY INTERNATIONAL SCHOOL","2014","278","79","199","158","278","99","0","179","0","0","79","24","0","55","0","0","199","75","0","124","0","0","Under 1,000"
"190008","Circle in the Square Theater School","2014","69","69","0","69","69","12","0","57","0","0","69","12","0","57","0","0","0","0","0","0","0","0","Under 1,000"
"190044","Clarkson University","2014","3873","3630","243","3724","3247","767","108","2255","117","626","3166","767","106","2248","45","464","81","0","2","7","72","162","1,000 - 4,999"
"190053","Clinton Community College","2014","1870","990","880","1285","1870","364","76","780","650","0","990","332","58","521","79","0","880","32","18","259","571","0","1,000 - 4,999"
"190071","Cochran School of Nursing","2014","93","12","81","44","93","0","20","73","0","0","12","0","0","12","0","0","81","0","20","61","0","0","Under 1,000"
"190080","Colgate Rochester Crozer Divinity School","2014","80","58","22","66","0","0","0","0","0","80","0","0","0","0","0","58","0","0","0","0","0","22","Under 1,000"
"190099","Colgate University","2014","2888","2868","20","2876","2875","767","14","2084","10","13","2863","767","14","2082","0","5","12","0","0","2","10","8","1,000 - 4,999"
"190114","Metropolitan College of New York","2014","1228","1084","144","1140","897","109","177","611","0","331","806","87","164","555","0","278","91","22","13","56","0","53","1,000 - 4,999"
"190150","Columbia University in the City of New York","2014","27589","23268","4321","24925","8100","1533","585","5982","0","19489","7496","1490","512","5494","0","15772","604","43","73","488","0","3717","20,000 and above"
"190169","Columbia-Greene Community College","2014","2047","849","1198","1251","2047","349","120","993","585","0","849","290","53","505","1","0","1198","59","67","488","584","0","1,000 - 4,999"
"190239","Empire Beauty School-Queens","2014","131","95","36","109","131","54","0","77","0","0","95","37","0","58","0","0","36","17","0","19","0","0","Under 1,000"
"190248","Concordia College-New York","2014","1037","907","130","958","944","136","69","681","58","93","835","136","69","626","4","72","109","0","0","55","54","21","1,000 - 4,999"
"190293","Continental School of Beauty Culture-Buffalo","2014","125","77","48","96","125","3","0","122","0","0","77","2","0","75","0","0","48","1","0","47","0","0","Under 1,000"
"190309","Continental School of Beauty Culture-Batavia","2014","41","41","0","41","41","9","0","32","0","0","41","9","0","32","0","0","0","0","0","0","0","0","Under 1,000"
"190318","Continental School of Beauty Culture-Rochester","2014","317","200","117","246","317","45","0","272","0","0","200","37","0","163","0","0","117","8","0","109","0","0","Under 1,000"
"190372","Cooper Union for the Advancement of Science and Art","2014","966","937","29","948","893","218","19","615","41","73","884","218","19","609","38","53","9","0","0","6","3","20","Under 1,000"
"190415","Cornell University","2014","21679","21602","77","21632","14282","3225","554","10416","87","7397","14269","3225","553","10404","87","7333","13","0","1","12","0","64","20,000 and above"
"190424","Weill Cornell Medical College","2014","1023","1023","0","1023","0","0","0","0","0","1023","0","0","0","0","0","1023","0","0","0","0","0","0","1,000 - 4,999"
"190442","Corning Community College","2014","4520","2114","2406","2922","4520","781","153","1873","1713","0","2114","696","117","1130","171","0","2406","85","36","743","1542","0","1,000 - 4,999"
"190451","Crouse Hospital College of Nursing","2014","345","121","224","210","345","12","0","333","0","0","121","9","0","112","0","0","224","3","0","221","0","0","Under 1,000"
"190503","Culinary Institute of America","2014","2778","2778","0","2778","2778","511","264","2003","0","0","2778","511","264","2003","0","0","0","0","0","0","0","0","1,000 - 4,999"
"190512","CUNY Bernard M Baruch College","2014","18090","11609","6481","14120","14857","1282","2085","11053","437","3233","10865","1274","1582","7940","69","744","3992","8","503","3113","368","2489","10,000 - 19,999"
"190521","CUNY Borough of Manhattan Community College","2014","26606","17131","9475","20312","26606","7071","1740","17038","757","0","17131","5551","1045","10506","29","0","9475","1520","695","6532","728","0","20,000 and above"
"190530","CUNY Bronx Community College","2014","11506","6836","4670","8404","11506","1871","1076","7738","821","0","6836","1667","769","4394","6","0","4670","204","307","3344","815","0","10,000 - 19,999"
"190549","CUNY Brooklyn College","2014","17390","10386","7004","13096","14115","1358","2130","9437","1190","3275","9897","1347","1771","6694","85","489","4218","11","359","2743","1105","2786","10,000 - 19,999"
"190558","College of Staten Island CUNY","2014","14346","10238","4108","11862","13345","2492","668","9784","401","1001","10045","2402","480","7139","24","193","3300","90","188","2645","377","808","10,000 - 19,999"
"190567","CUNY City College","2014","15579","9845","5734","12064","12893","1441","1497","9237","718","2686","9430","1425","1129","6745","131","415","3463","16","368","2492","587","2271","10,000 - 19,999"
"190576","CUNY Graduate School and University Center","2014","7013","4320","2693","5350","1684","0","423","874","387","5329","342","0","130","210","2","3978","1342","0","293","664","385","1351","5,000 - 9,999"
"190585","CUNY Hostos Community College","2014","6985","4067","2918","5047","6985","1020","556","4813","596","0","4067","924","390","2726","27","0","2918","96","166","2087","569","0","5,000 - 9,999"
"190594","CUNY Hunter College","2014","23112","13532","9580","17195","16879","2080","1954","11744","1101","6233","12142","2038","1409","8618","77","1390","4737","42","545","3126","1024","4843","20,000 and above"
"190600","CUNY John Jay College of Criminal Justice","2014","15045","10571","4474","12318","13305","1763","1530","9465","547","1740","10225","1744","1265","7210","6","346","3080","19","265","2255","541","1394","10,000 - 19,999"
"190619","CUNY Kingsborough Community College","2014","17758","10300","7458","12804","17758","2514","1446","9665","4133","0","10300","2418","1175","6572","135","0","7458","96","271","3093","3998","0","10,000 - 19,999"
"190628","CUNY LaGuardia Community College","2014","20231","10922","9309","14047","20231","3044","1632","12393","3162","0","10922","2610","1148","7016","148","0","9309","434","484","5377","3014","0","20,000 and above"
"190637","CUNY Lehman College","2014","12398","6208","6190","8631","10326","674","1899","6844","909","2072","5925","660","1210","3994","61","283","4401","14","689","2850","848","1789","10,000 - 19,999"
"190646","CUNY Medgar Evers College","2014","6701","4324","2377","5283","6701","1100","569","4572","460","0","4324","981","336","2927","80","0","2377","119","233","1645","380","0","5,000 - 9,999"
"190655","CUNY New York City College of Technology","2014","17374","10587","6787","13326","17374","3325","1404","11625","1020","0","10587","3132","766","6584","105","0","6787","193","638","5041","915","0","10,000 - 19,999"
"190664","CUNY Queens College","2014","19310","11561","7749","14560","15773","1544","2514","10784","931","3537","11079","1514","1889","7658","18","482","4694","30","625","3126","913","3055","10,000 - 19,999"
"190673","CUNY Queensborough Community College","2014","16182","9551","6631","11777","16182","3392","1030","9775","1985","0","9551","3057","700","5767","27","0","6631","335","330","4008","1958","0","10,000 - 19,999"
"190682","CUNY School of Law at Queens College","2014","325","322","3","323","0","0","0","0","0","325","0","0","0","0","0","322","0","0","0","0","0","3","Under 1,000"
"190691","CUNY York College","2014","8493","5175","3318","6514","8438","994","844","5407","1193","55","5121","960","508","3601","52","54","3317","34","336","1806","1141","1","5,000 - 9,999"
"190707","CVPH Medical Center School of Radiologic Technology","2014","23","23","0","23","23","10","0","13","0","0","23","10","0","13","0","0","0","0","0","0","0","0","Under 1,000"
"190716","D'Youville College","2014","3067","2280","787","2586","1963","297","238","1261","167","1104","1505","292","182","1029","2","775","458","5","56","232","165","329","1,000 - 4,999"
"190725","Daemen College","2014","2800","2230","570","2452","2045","420","311","1234","80","755","1677","419","223","1034","1","553","368","1","88","200","79","202","1,000 - 4,999"
"190752","Yeshiva of Far Rockaway Derech Ayson Rabbinical Seminary","2014","38","38","0","38","38","6","7","25","0","0","38","6","7","25","0","0","0","0","0","0","0","0","Under 1,000"
"190761","Dominican College of Blauvelt","2014","1980","1453","527","1657","1483","290","132","1061","0","497","1269","289","125","855","0","184","214","1","7","206","0","313","1,000 - 4,999"
"190770","Dowling College","2014","2453","1298","1155","1747","1783","188","108","985","502","670","1087","182","94","804","7","211","696","6","14","181","495","459","1,000 - 4,999"
"190840","Dutchess Community College","2014","9905","4666","5239","6425","9905","2008","347","4530","3020","0","4666","1839","280","2486","61","0","5239","169","67","2044","2959","0","5,000 - 9,999"
"190956","Belanger School of Nursing","2014","127","41","86","75","127","4","0","123","0","0","41","1","0","40","0","0","86","3","0","83","0","0","Under 1,000"
"190974","Elmira Business Institute","2014","400","317","83","350","400","23","45","332","0","0","317","21","36","260","0","0","83","2","9","72","0","0","Under 1,000"
"190983","Elmira College","2014","1482","1177","305","1296","1365","331","50","937","47","117","1177","329","46","802","0","0","188","2","4","135","47","117","1,000 - 4,999"
"191083","Erie Community College","2014","12733","8424","4309","9871","12733","2642","752","7230","2109","0","8424","2370","596","5347","111","0","4309","272","156","1883","1998","0","10,000 - 19,999"
"191126","Fashion Institute of Technology","2014","9764","7578","2186","8457","9567","1322","963","5975","1307","197","7454","1306","878","5208","62","124","2113","16","85","767","1245","73","5,000 - 9,999"
"191199","Finger Lakes Community College","2014","6793","3318","3475","4485","6793","1356","255","2639","2543","0","3318","1271","190","1795","62","0","3475","85","65","844","2481","0","5,000 - 9,999"
"191205","Five Towns College","2014","687","652","35","666","649","125","67","445","12","38","630","124","66","428","12","22","19","1","1","17","0","16","Under 1,000"
"191241","Fordham University","2014","15231","12233","2998","13385","8633","2258","343","5884","148","6598","8058","2229","270","5535","24","4175","575","29","73","349","124","2423","10,000 - 19,999"
"191287","The International Culinary Center","2014","452","224","228","315","452","253","0","199","0","0","224","124","0","100","0","0","228","129","0","99","0","0","Under 1,000"
"191302","Fulton-Montgomery Community College","2014","2589","1523","1066","1881","2589","543","52","1413","581","0","1523","501","37","979","6","0","1066","42","15","434","575","0","1,000 - 4,999"
"191311","Gemological Institute of America-New York","2014","202","202","0","202","202","87","0","115","0","0","202","87","0","115","0","0","0","0","0","0","0","0","Under 1,000"
"191320","The General Theological Seminary","2014","76","48","28","59","0","0","0","0","0","76","0","0","0","0","0","48","0","0","0","0","0","28","Under 1,000"
"191339","Genesee Community College","2014","6876","3178","3698","4420","6876","1159","389","2484","2844","0","3178","1075","253","1618","232","0","3698","84","136","866","2612","0","5,000 - 9,999"
"191409","GLORIA FRANCIS SCHOOL OF MAKEUP ARTISTRY LIMITED","2014","100","48","52","69","100","39","0","61","0","0","48","23","0","25","0","0","52","16","0","36","0","0","Under 1,000"
"191515","Hamilton College","2014","1904","1894","10","1898","1904","469","9","1412","14","0","1894","469","9","1412","4","0","10","0","0","0","10","0","1,000 - 4,999"
"191533","Hartwick College","2014","1540","1507","33","1520","1540","419","39","1070","12","0","1507","419","38","1049","1","0","33","0","1","21","11","0","1,000 - 4,999"
"191597","Helene Fuld College of Nursing","2014","444","254","190","329","444","0","0","443","1","0","254","0","0","254","0","0","190","0","0","189","1","0","Under 1,000"
"191612","Herkimer County Community College","2014","3259","1842","1417","2318","3259","679","240","1323","1017","0","1842","638","206","989","9","0","1417","41","34","334","1008","0","1,000 - 4,999"
"191621","Hilbert College","2014","1012","881","131","932","960","168","94","670","28","52","842","168","89","585","0","39","118","0","5","85","28","13","1,000 - 4,999"
"191630","Hobart William Smith Colleges","2014","2425","2366","59","2389","2421","643","9","1692","77","4","2362","643","8","1691","20","4","59","0","1","1","57","0","1,000 - 4,999"
"191649","Hofstra University","2014","10953","9479","1474","10047","6904","1714","416","4673","101","4049","6474","1713","356","4361","44","3005","430","1","60","312","57","1044","10,000 - 19,999"
"191676","Houghton College","2014","1073","1016","57","1038","1043","251","74","685","33","30","993","251","74","668","0","23","50","0","0","17","33","7","1,000 - 4,999"
"191719","Hudson Valley Community College","2014","12177","6422","5755","8354","12177","2188","947","5447","3595","0","6422","1994","768","3410","250","0","5755","194","179","2037","3345","0","10,000 - 19,999"
"191728","Hunter Business School","2014","1005","671","334","804","1005","419","0","586","0","0","671","291","0","380","0","0","334","128","0","206","0","0","1,000 - 4,999"
"191764","Institute of Design and Construction","2014","93","41","52","62","93","11","13","41","28","0","41","9","9","23","0","0","52","2","4","18","28","0","Under 1,000"
"191834","Institute of Audio Research","2014","473","418","55","440","473","175","0","298","0","0","418","155","0","263","0","0","55","20","0","35","0","0","Under 1,000"
"191931","Iona College","2014","3909","3267","642","3516","3301","802","92","2158","249","608","2994","800","87","2106","1","273","307","2","5","52","248","335","1,000 - 4,999"
"191940","Isabella Graham Hart School of Practical Nursing","2014","45","45","0","45","45","0","0","45","0","0","45","0","0","45","0","0","0","0","0","0","0","0","Under 1,000"
"191959","Island Drafting and Technical Institute","2014","110","110","0","110","110","56","0","54","0","0","110","56","0","54","0","0","0","0","0","0","0","0","Under 1,000"
"191968","Ithaca College","2014","6587","6421","166","6486","6124","1560","97","4430","37","463","6012","1560","94","4349","9","409","112","0","3","81","28","54","5,000 - 9,999"
"191986","Jamestown Community College","2014","5065","2551","2514","3395","5065","1036","189","1962","1878","0","2551","966","146","1360","79","0","2514","70","43","602","1799","0","5,000 - 9,999"
"192004","Jamestown Business College","2014","318","314","4","316","318","114","32","172","0","0","314","114","31","169","0","0","4","0","1","3","0","0","Under 1,000"
"192022","Jefferson Community College","2014","3880","2153","1727","2733","3880","882","265","1862","871","0","2153","767","162","1203","21","0","1727","115","103","659","850","0","1,000 - 4,999"
"192040","Jewish Theological Seminary of America","2014","405","280","125","328","156","41","0","115","0","249","156","41","0","115","0","124","0","0","0","0","0","125","Under 1,000"
"192110","The Juilliard School","2014","926","846","80","877","569","129","16","364","60","357","508","129","16","363","0","338","61","0","0","1","60","19","Under 1,000"
"192156","SBI Campus-An Affiliate of Sanford-Brown","2014","240","210","30","222","240","33","21","186","0","0","210","30","14","166","0","0","30","3","7","20","0","0","Under 1,000"
"192165","Kehilath Yakov Rabbinical Seminary","2014","125","125","0","125","125","41","0","84","0","0","125","41","0","84","0","0","0","0","0","0","0","0","Under 1,000"
"192192","Keuka College","2014","1997","1512","485","1702","1797","221","322","1254","0","200","1347","220","196","931","0","165","450","1","126","323","0","35","1,000 - 4,999"
"192271","LIM College","2014","1737","1544","193","1619","1552","285","162","1101","4","185","1424","280","152","989","3","120","128","5","10","112","1","65","1,000 - 4,999"
"192323","Le Moyne College","2014","3381","2648","733","2932","2849","678","176","1874","121","532","2500","678","156","1655","11","148","349","0","20","219","110","384","1,000 - 4,999"
"192439","LIU Brooklyn","2014","8354","6127","2227","6986","4871","842","665","3248","116","3483","4113","829","558","2723","3","2014","758","13","107","525","113","1469","5,000 - 9,999"
"192448","LIU Post","2014","9486","4483","5003","6435","7117","563","428","2783","3343","2369","3387","545","380","2430","32","1096","3730","18","48","353","3311","1273","5,000 - 9,999"
"192484","Long Island Beauty School-Hempstead","2014","127","75","52","96","127","20","0","107","0","0","75","18","0","57","0","0","52","2","0","50","0","0","Under 1,000"
"192509","Long Island Business Institute","2014","397","288","109","331","397","97","33","246","21","0","288","96","13","176","3","0","109","1","20","70","18","0","Under 1,000"
"192554","LIU Hudson at Rockland","2014","239","74","165","137","0","0","0","0","0","239","0","0","0","0","0","74","0","0","0","0","0","165","Under 1,000"
"192563","LIU Brentwood","2014","216","117","99","155","15","0","1","14","0","201","9","0","1","8","0","108","6","0","0","6","0","93","Under 1,000"
"192624","Machzikei Hadath Rabbinical College","2014","147","147","0","147","147","36","13","98","0","0","147","36","13","98","0","0","0","0","0","0","0","0","Under 1,000"
"192688","Mandl School-The College of Allied Health","2014","707","633","74","662","707","68","181","458","0","0","633","18","169","446","0","0","74","50","12","12","0","0","Under 1,000"
"192703","Manhattan College","2014","3970","3506","464","3685","3471","747","170","2554","0","499","3276","747","168","2361","0","230","195","0","2","193","0","269","1,000 - 4,999"
"192712","Manhattan School of Music","2014","957","951","6","953","389","113","23","253","0","568","385","113","23","249","0","566","4","0","0","4","0","2","Under 1,000"
"192749","Manhattanville College","2014","2865","1928","937","2287","1798","460","77","1217","44","1067","1708","459","76","1172","1","220","90","1","1","45","43","847","1,000 - 4,999"
"192785","Maria College of Albany","2014","859","243","616","485","859","60","251","538","10","0","243","50","82","111","0","0","616","10","169","427","10","0","Under 1,000"
"192800","Marion S Whelan School of Nursing of Geneva General Hospital","2014","29","29","0","29","29","2","0","27","0","0","29","2","0","27","0","0","0","0","0","0","0","0","Under 1,000"
"192819","Marist College","2014","6356","5121","1235","5600","5516","1127","162","3951","276","840","4876","1127","161","3584","4","245","640","0","1","367","272","595","5,000 - 9,999"
"192828","MarJon School of Beauty ltd-Tonawanda","2014","64","47","17","54","64","57","0","7","0","0","47","42","0","5","0","0","17","15","0","2","0","0","Under 1,000"
"192864","Marymount Manhattan College","2014","1858","1640","218","1726","1858","511","110","1210","27","0","1640","495","105","1026","14","0","218","16","5","184","13","0","1,000 - 4,999"
"192925","Medaille College","2014","2479","2283","196","2360","1914","442","292","1180","0","565","1749","438","221","1090","0","534","165","4","71","90","0","31","1,000 - 4,999"
"192961","Memorial School of Nursing","2014","131","11","120","59","131","2","25","104","0","0","11","2","3","6","0","0","120","0","22","98","0","0","Under 1,000"
"192970","Memorial Hospital School of Radiation Therapy Technology","2014","15","15","0","15","15","0","0","15","0","0","15","0","0","15","0","0","0","0","0","0","0","0","Under 1,000"
"193016","Mercy College","2014","11272","6746","4526","8504","7939","753","863","4786","1537","3333","5289","741","747","3622","179","1457","2650","12","116","1164","1358","1876","10,000 - 19,999"
"193052","Mesivta Torah Vodaath Rabbinical Seminary","2014","344","343","1","343","276","8","60","208","0","68","276","8","60","208","0","67","0","0","0","0","0","1","Under 1,000"
"193061","Mesivta of Eastern Parkway-Yeshiva Zichron Meilech","2014","35","35","0","35","33","1","2","30","0","2","33","1","2","30","0","2","0","0","0","0","0","0","Under 1,000"
"193070","Mesivtha Tifereth Jerusalem of America","2014","72","72","0","72","46","23","0","23","0","26","46","23","0","23","0","26","0","0","0","0","0","0","Under 1,000"
"193122","Southern Westchester BOCES-Practical Nursing Program","2014","165","44","121","85","165","120","0","45","0","0","44","28","0","16","0","0","121","92","0","29","0","0","Under 1,000"
"193186","Midway Paris Beauty School","2014","108","61","47","80","108","32","0","76","0","0","61","23","0","38","0","0","47","9","0","38","0","0","Under 1,000"
"193201","Mildred Elley School-Albany Campus","2014","748","603","145","661","748","111","23","469","145","0","603","111","23","469","0","0","145","0","0","0","145","0","Under 1,000"
"193247","Mirrer Yeshiva Cent Institute","2014","197","197","0","197","132","42","6","84","0","65","132","42","6","84","0","65","0","0","0","0","0","0","Under 1,000"
"193265","Modern Welding School","2014","88","60","28","71","88","84","0","4","0","0","60","58","0","2","0","0","28","26","0","2","0","0","Under 1,000"
"193283","Mohawk Valley Community College","2014","7149","4024","3125","5073","7149","1426","255","3472","1996","0","4024","1334","205","2448","37","0","3125","92","50","1024","1959","0","5,000 - 9,999"
"193292","Molloy College","2014","4497","2913","1584","3525","3336","492","389","2412","43","1161","2679","490","278","1906","5","234","657","2","111","506","38","927","1,000 - 4,999"
"193308","Monroe College","2014","7002","5037","1965","5806","6501","981","2440","2760","320","501","4772","902","1757","2109","4","265","1729","79","683","651","316","236","5,000 - 9,999"
"193326","Monroe Community College","2014","15335","9374","5961","11375","15335","3409","1022","9551","1353","0","9374","2941","695","5727","11","0","5961","468","327","3824","1342","0","10,000 - 19,999"
"193353","Mount Saint Mary College","2014","2479","1798","681","2063","2123","413","198","1485","27","356","1712","411","129","1167","5","86","411","2","69","318","22","270","1,000 - 4,999"
"193399","College of Mount Saint Vincent","2014","1915","1632","283","1741","1689","518","91","1062","18","226","1583","518","90","969","6","49","106","0","1","93","12","177","1,000 - 4,999"
"193405","Icahn School of Medicine at Mount Sinai","2014","1074","1074","0","1074","0","0","0","0","0","1074","0","0","0","0","0","1074","0","0","0","0","0","0","1,000 - 4,999"
"193478","Nassau Community College","2014","22374","13541","8833","16507","22374","4618","1534","14066","2156","0","13541","4005","1070","7900","566","0","8833","613","464","6166","1590","0","20,000 and above"
"193584","Nazareth College","2014","2818","2305","513","2502","2057","476","144","1397","40","761","1931","476","136","1305","14","374","126","0","8","92","26","387","1,000 - 4,999"
"193609","Neighborhood Playhouse School of the Theater","2014","80","80","0","80","80","20","0","60","0","0","80","20","0","60","0","0","0","0","0","0","0","0","Under 1,000"
"193645","The College of New Rochelle","2014","3740","2756","984","3136","3082","422","245","2408","7","658","2666","398","220","2047","1","90","416","24","25","361","6","568","1,000 - 4,999"
"193654","The New School","2014","10477","8661","1816","9365","6940","1206","772","4717","245","3537","6023","1168","674","4043","138","2638","917","38","98","674","107","899","10,000 - 19,999"
"193672","New School of Radio and Television","2014","65","65","0","65","65","15","0","50","0","0","65","15","0","50","0","0","0","0","0","0","0","0","Under 1,000"
"193751","New York Chiropractic College","2014","965","725","240","817","0","0","0","0","0","965","0","0","0","0","0","725","0","0","0","0","0","240","Under 1,000"
"193760","Star Career Academy-New York","2014","723","546","177","616","723","195","0","528","0","0","546","162","0","384","0","0","177","33","0","144","0","0","Under 1,000"
"193821","New York Law School","2014","1029","692","337","821","0","0","0","0","0","1029","0","0","0","0","0","692","0","0","0","0","0","337","1,000 - 4,999"
"193830","New York Medical College","2014","1482","1182","300","1297","0","0","0","0","0","1482","0","0","0","0","0","1182","0","0","0","0","0","300","1,000 - 4,999"
"193858","New York School for Medical and Dental Assistants","2014","264","264","0","264","264","142","0","122","0","0","264","142","0","122","0","0","0","0","0","0","0","0","Under 1,000"
"193894","New York Theological Seminary","2014","396","204","192","277","0","0","0","0","0","396","0","0","0","0","0","204","0","0","0","0","0","192","Under 1,000"
"193900","New York University","2014","49274","39898","9376","43494","24985","5913","880","17746","446","24289","23715","5860","783","16807","265","16183","1270","53","97","939","181","8106","20,000 and above"
"193946","Niagara County Community College","2014","6478","3994","2484","4828","6478","1419","493","3206","1360","0","3994","1311","359","2279","45","0","2484","108","134","927","1315","0","5,000 - 9,999"
"193973","Niagara University","2014","4015","3285","730","3568","3176","618","183","2329","46","839","2833","616","164","2038","15","452","343","2","19","291","31","387","1,000 - 4,999"
"193991","Empire Beauty School-Peekskill","2014","31","31","0","31","31","12","0","19","0","0","31","12","0","19","0","0","0","0","0","0","0","0","Under 1,000"
"194028","North Country Community College","2014","1962","957","1005","1294","1962","446","128","468","920","0","957","398","101","385","73","0","1005","48","27","83","847","0","1,000 - 4,999"
"194073","New York College of Podiatric Medicine","2014","381","380","1","380","0","0","0","0","0","381","0","0","0","0","0","380","0","0","0","0","0","1","Under 1,000"
"194091","New York Institute of Technology","2014","7872","6467","1405","7010","4291","712","376","3072","131","3581","3722","679","310","2629","104","2745","569","33","66","443","27","836","5,000 - 9,999"
"194116","New York School of Interior Design","2014","539","269","270","375","415","21","60","272","62","124","145","13","23","109","0","124","270","8","37","163","62","0","Under 1,000"
"194161","Nyack College","2014","2896","1944","952","2311","1705","250","239","1206","10","1191","1416","240","214","962","0","528","289","10","25","244","10","663","1,000 - 4,999"
"194189","Ohr Hameir Theological Seminary","2014","96","96","0","96","96","8","0","88","0","0","96","8","0","88","0","0","0","0","0","0","0","0","Under 1,000"
"194222","Onondaga Community College","2014","12271","6344","5927","8334","12271","2437","499","5454","3881","0","6344","2214","382","3650","98","0","5927","223","117","1804","3783","0","10,000 - 19,999"
"194240","Orange County Community College","2014","6951","3323","3628","4541","6951","1413","359","3641","1538","0","3323","1165","226","1904","28","0","3628","248","133","1737","1510","0","5,000 - 9,999"
"194259","Otsego Area BOCES-Practical Nursing Program","2014","39","39","0","39","39","13","0","26","0","0","39","13","0","26","0","0","0","0","0","0","0","0","Under 1,000"
"194310","Pace University-New York","2014","12857","9281","3576","10663","8694","2033","642","5488","531","4163","7262","1938","484","4797","43","2019","1432","95","158","691","488","2144","10,000 - 19,999"
"194392","Paul Smiths College of Arts and Science","2014","892","882","10","886","892","244","64","583","1","0","882","244","63","574","1","0","10","0","1","9","0","0","Under 1,000"
"194435","Continental School of Beauty Culture-West Seneca","2014","95","60","35","74","95","11","0","84","0","0","60","7","0","53","0","0","35","4","0","31","0","0","Under 1,000"
"194499","Plaza College","2014","716","716","0","716","716","221","82","413","0","0","716","221","82","413","0","0","0","0","0","0","0","0","Under 1,000"
"194569","Davis College","2014","396","218","178","288","396","50","26","176","144","0","218","48","22","135","13","0","178","2","4","41","131","0","Under 1,000"
"194578","Pratt Institute-Main","2014","4690","4429","261","4530","3279","734","184","2314","47","1411","3168","730","181","2216","41","1261","111","4","3","98","6","150","1,000 - 4,999"
"194657","Rabbinical Academy Mesivta Rabbi Chaim Berlin","2014","249","249","0","249","155","29","16","110","0","94","155","29","16","110","0","94","0","0","0","0","0","0","Under 1,000"
"194666","Rabbinical College Bobover Yeshiva Bnei Zion","2014","321","321","0","321","273","45","25","203","0","48","273","45","25","203","0","48","0","0","0","0","0","0","Under 1,000"
"194675","Rabbinical College of Ch'san Sofer New York","2014","45","45","0","45","34","12","0","22","0","11","34","12","0","22","0","11","0","0","0","0","0","0","Under 1,000"
"194693","Rabbinical College Beth Shraga","2014","41","41","0","41","41","20","0","21","0","0","41","20","0","21","0","0","0","0","0","0","0","0","Under 1,000"
"194736","Rabbinical College of Long Island","2014","115","115","0","115","115","0","6","109","0","0","115","0","6","109","0","0","0","0","0","0","0","0","Under 1,000"
"194763","Rabbinical Seminary of America","2014","500","500","0","500","282","111","0","171","0","218","282","111","0","171","0","218","0","0","0","0","0","0","Under 1,000"
"194824","Rensselaer Polytechnic Institute","2014","6835","6671","164","6734","5618","1331","121","4105","61","1217","5598","1331","121","4104","42","1073","20","0","0","1","19","144","5,000 - 9,999"
"194879","Ridley-Lowell Business & Technical Institute-Binghamton","2014","146","105","41","121","146","16","0","130","0","0","105","14","0","91","0","0","41","2","0","39","0","0","Under 1,000"
"194958","Roberts Wesleyan College","2014","1762","1578","184","1650","1336","256","95","984","1","426","1220","255","82","882","1","358","116","1","13","102","0","68","1,000 - 4,999"
"194967","Everest Institute-Rochester","2014","545","317","228","408","545","2","70","473","0","0","317","2","30","285","0","0","228","0","40","188","0","0","Under 1,000"
"195003","Rochester Institute of Technology","2014","16310","14421","1889","15156","13460","2678","546","9411","825","2850","12211","2677","522","8992","20","2210","1249","1","24","419","805","640","10,000 - 19,999"
"195030","University of Rochester","2014","11060","9436","1624","10060","6266","1436","112","4526","192","4794","5942","1436","112","4363","31","3494","324","0","0","163","161","1300","10,000 - 19,999"
"195049","Rockefeller University","2014","209","209","0","209","0","0","0","0","0","209","0","0","0","0","0","209","0","0","0","0","0","0","Under 1,000"
"195058","Rockland Community College","2014","7520","4204","3316","5317","7520","1527","426","4388","1179","0","4204","1380","283","2496","45","0","3316","147","143","1892","1134","0","5,000 - 9,999"
"195067","Empire Beauty School-Manhattan","2014","585","427","158","490","585","195","0","390","0","0","427","155","0","272","0","0","158","40","0","118","0","0","Under 1,000"
"195128","The Sage Colleges","2014","2878","1935","943","2298","1704","283","209","1165","47","1174","1464","283","172","1003","6","471","240","0","37","162","41","703","1,000 - 4,999"
"195155","St Bernard's School of Theology and Ministry","2014","93","5","88","39","0","0","0","0","0","93","0","0","0","0","0","5","0","0","0","0","0","88","Under 1,000"
"195164","St Bonaventure University","2014","2150","1955","195","2030","1774","435","61","1239","39","376","1728","435","59","1224","10","227","46","0","2","15","29","149","1,000 - 4,999"
"195173","St Francis College","2014","2749","2453","296","2569","2671","516","192","1953","10","78","2414","510","173","1730","1","39","257","6","19","223","9","39","1,000 - 4,999"
"195191","St Joseph's College of Nursing at St Joseph's Hospital Health Center","2014","317","285","32","298","317","4","155","158","0","0","285","4","137","144","0","0","32","0","18","14","0","0","Under 1,000"
"195216","St Lawrence University","2014","2419","2319","100","2358","2317","600","26","1656","35","102","2282","600","26","1654","2","37","35","0","0","2","33","65","1,000 - 4,999"
"195234","The College of Saint Rose","2014","4499","3187","1312","3691","2778","534","209","1871","164","1721","2533","534","198","1775","26","654","245","0","11","96","138","1067","1,000 - 4,999"
"195243","St Thomas Aquinas College","2014","1942","1190","752","1484","1780","209","77","861","633","162","1147","208","72","806","61","43","633","1","5","55","572","119","1,000 - 4,999"
"195289","Samaritan Hospital School of Nursing","2014","164","6","158","69","164","1","50","113","0","0","6","1","2","3","0","0","158","0","48","110","0","0","Under 1,000"
"195304","Sarah Lawrence College","2014","1761","1707","54","1728","1437","356","31","979","71","324","1415","356","30","965","64","292","22","0","1","14","7","32","1,000 - 4,999"
"195322","Schenectady County Community College","2014","6497","2562","3935","3883","6497","916","391","2495","2695","0","2562","765","285","1452","60","0","3935","151","106","1043","2635","0","5,000 - 9,999"
"195438","Sh'or Yoshuv Rabbinical College","2014","153","153","0","153","95","22","26","47","0","58","95","22","26","47","0","58","0","0","0","0","0","0","Under 1,000"
"195474","Siena College","2014","3179","3027","152","3087","3132","709","134","2242","47","47","2990","709","128","2147","6","37","142","0","6","95","41","10","1,000 - 4,999"
"195526","Skidmore College","2014","2646","2609","37","2623","2632","724","18","1870","20","14","2609","724","18","1855","12","0","23","0","0","15","8","14","1,000 - 4,999"
"195544","Saint Joseph's College-New York","2014","4979","3366","1613","3992","4138","511","474","3000","153","841","3260","496","381","2344","39","106","878","15","93","656","114","735","1,000 - 4,999"
"195580","Saint Vladimirs Orthodox Theological Seminary","2014","88","74","14","79","0","0","0","0","0","88","0","0","0","0","0","74","0","0","0","0","0","14","Under 1,000"
"195702","Saint Elizabeth Medical Center School of Radiography","2014","209","80","129","131","209","12","115","82","0","0","80","9","41","30","0","0","129","3","74","52","0","0","Under 1,000"
"195720","Saint John Fisher College","2014","3856","3289","567","3508","2847","597","248","1989","13","1009","2659","597","213","1849","0","630","188","0","35","140","13","379","1,000 - 4,999"
"195784","St Paul's School of Nursing-Staten Island","2014","694","538","156","600","694","74","99","521","0","0","538","74","83","381","0","0","156","0","16","140","0","0","Under 1,000"
"195793","St James Mercy Hospital School of Radiologic Science","2014","10","10","0","10","10","0","0","10","0","0","10","0","0","10","0","0","0","0","0","0","0","0","Under 1,000"
"195809","St John's University-New York","2014","20445","13349","7096","16115","15762","2795","457","7626","4884","4683","10717","2790","437","7328","162","2632","5045","5","20","298","4722","2051","20,000 and above"
"195845","New York Career Institute","2014","545","276","269","383","545","25","84","409","27","0","276","20","44","211","1","0","269","5","40","198","26","0","Under 1,000"
"195933","Branford Hall Career Institute-Bohemia Campus","2014","682","423","259","526","682","154","0","528","0","0","423","109","0","314","0","0","259","45","0","214","0","0","Under 1,000"
"195988","Sullivan County Community College","2014","1643","930","713","1169","1643","305","94","744","500","0","930","291","74","542","23","0","713","14","20","202","477","0","1,000 - 4,999"
"196006","SUNY College of Technology at Alfred","2014","3661","3329","332","3463","3661","1085","312","2210","54","0","3329","1080","264","1982","3","0","332","5","48","228","51","0","1,000 - 4,999"
"196015","SUNY College of Technology at Canton","2014","3278","2793","485","2989","3278","733","299","2108","138","0","2793","726","248","1819","0","0","485","7","51","289","138","0","1,000 - 4,999"
"196024","SUNY College of Technology at Delhi","2014","3598","2654","944","3035","3596","952","321","2134","189","2","2654","944","195","1515","0","0","942","8","126","619","189","2","1,000 - 4,999"
"196033","SUNY College of Agriculture and Technology at Cobleskill","2014","2535","2413","122","2462","2535","782","226","1504","23","0","2413","780","216","1414","3","0","122","2","10","90","20","0","1,000 - 4,999"
"196042","Farmingdale State College","2014","8394","6287","2107","7137","8394","1068","945","5755","626","0","6287","1047","741","4364","135","0","2107","21","204","1391","491","0","5,000 - 9,999"
"196051","Morrisville State College","2014","2910","2505","405","2668","2910","779","199","1750","182","0","2505","771","173","1560","1","0","405","8","26","190","181","0","1,000 - 4,999"
"196060","SUNY at Albany","2014","17273","14409","2864","15476","12929","2548","1346","8765","270","4344","12191","2546","1267","8282","96","2218","738","2","79","483","174","2126","10,000 - 19,999"
"196079","SUNY at Binghamton","2014","16695","14852","1843","15540","13412","2602","1163","9607","40","3283","12908","2528","1128","9250","2","1944","504","74","35","357","38","1339","10,000 - 19,999"
"196088","University at Buffalo","2014","29995","24588","5407","26616","19882","3517","1749","14222","394","10113","18166","3498","1654","12839","175","6422","1716","19","95","1383","219","3691","20,000 and above"
"196097","Stony Brook University","2014","24607","20640","3967","22121","16480","2855","1648","11667","310","8127","15385","2852","1534","10757","242","5255","1095","3","114","910","68","2872","20,000 and above"
"196103","SUNY College of Environmental Science and Forestry","2014","2200","1958","242","2048","1728","331","210","1177","10","472","1673","331","206","1133","3","285","55","0","4","44","7","187","1,000 - 4,999"
"196112","SUNY Institute of Technology at Utica-Rome","2014","2740","1842","898","2183","2037","347","389","1154","147","703","1648","347","339","927","35","194","389","0","50","227","112","509","1,000 - 4,999"
"196121","SUNY College at Brockport","2014","8106","6662","1444","7215","7040","1090","1012","4849","89","1066","6304","1089","898","4317","0","358","736","1","114","532","89","708","5,000 - 9,999"
"196130","Buffalo State SUNY","2014","11083","8840","2243","9699","9475","1869","992","6324","290","1608","8326","1856","892","5530","48","514","1149","13","100","794","242","1094","10,000 - 19,999"
"196149","SUNY College at Cortland","2014","6958","6430","528","6626","6317","1196","642","4473","6","641","6203","1196","639","4368","0","227","114","0","3","105","6","414","5,000 - 9,999"
"196158","SUNY at Fredonia","2014","5215","4995","220","5080","4936","1071","358","3471","36","279","4806","1060","350","3385","11","189","130","11","8","86","25","90","5,000 - 9,999"
"196167","SUNY College at Geneseo","2014","5658","5501","157","5562","5548","1236","314","3947","51","110","5455","1231","311","3872","41","46","93","5","3","75","10","64","5,000 - 9,999"
"196176","State University of New York at New Paltz","2014","7692","6581","1111","7006","6642","1079","685","4700","178","1050","6097","1077","641","4332","47","484","545","2","44","368","131","566","5,000 - 9,999"
"196185","SUNY Oneonta","2014","6101","5848","253","5944","5836","1107","530","4166","33","265","5727","1107","527","4077","16","121","109","0","3","89","17","144","5,000 - 9,999"
"196194","SUNY College at Oswego","2014","8034","7212","822","7522","7193","1417","737","4948","91","841","6880","1413","698","4721","48","332","313","4","39","227","43","509","5,000 - 9,999"
"196200","SUNY College at Potsdam","2014","3979","3767","212","3848","3681","830","257","2582","12","298","3573","820","245","2508","0","194","108","10","12","74","12","104","1,000 - 4,999"
"196219","SUNY at Purchase College","2014","4225","3833","392","3991","4124","750","397","2778","199","101","3746","744","377","2573","52","87","378","6","20","205","147","14","1,000 - 4,999"
"196228","SUNY College of Optometry","2014","363","362","1","362","0","0","0","0","0","363","0","0","0","0","0","362","0","0","0","0","0","1","Under 1,000"
"196237","SUNY College at Old Westbury","2014","4504","3788","716","4074","4315","458","671","3044","142","189","3670","457","608","2571","34","118","645","1","63","473","108","71","1,000 - 4,999"
"196246","SUNY College at Plattsburgh","2014","5968","5391","577","5617","5565","1036","541","3853","135","403","5143","1034","489","3555","65","248","422","2","52","298","70","155","5,000 - 9,999"
"196255","SUNY Downstate Medical Center","2014","1865","1365","500","1551","344","0","84","254","6","1521","216","0","35","181","0","1149","128","0","49","73","6","372","1,000 - 4,999"
"196264","SUNY Empire State College","2014","11952","4322","7630","7359","10873","349","1376","8224","924","1079","4249","185","789","3214","61","73","6624","164","587","5010","863","1006","10,000 - 19,999"
"196291","SUNY Maritime College","2014","1799","1688","111","1730","1641","349","98","1177","17","158","1591","349","98","1132","12","97","50","0","0","45","5","61","1,000 - 4,999"
"196307","Upstate Medical University","2014","1516","1240","276","1342","235","0","93","139","3","1281","174","0","80","94","0","1066","61","0","13","45","3","215","1,000 - 4,999"
"196389","Swedish Institute a College of Health Sciences","2014","792","669","123","718","792","272","2","518","0","0","669","219","2","448","0","0","123","53","0","70","0","0","Under 1,000"
"196413","Syracuse University","2014","21492","19356","2136","20180","15224","3470","408","10890","456","6268","14532","3461","373","10395","303","4824","692","9","35","495","153","1444","20,000 and above"
"196431","Talmudical Seminary Oholei Torah","2014","330","330","0","330","330","56","153","121","0","0","330","56","153","121","0","0","0","0","0","0","0","0","Under 1,000"
"196440","Talmudical Institute of Upstate New York","2014","21","19","2","20","13","5","0","8","0","8","13","5","0","8","0","6","0","0","0","0","0","2","Under 1,000"
"196468","Teachers College at Columbia University","2014","5011","2633","2378","3542","0","0","0","0","0","5011","0","0","0","0","0","2633","0","0","0","0","0","2378","5,000 - 9,999"
"196477","Technical Career Institutes","2014","2762","2385","377","2535","2762","466","351","1944","1","0","2385","458","335","1592","0","0","377","8","16","352","1","0","1,000 - 4,999"
"196565","Tompkins Cortland Community College","2014","5559","2328","3231","3413","5559","825","283","1751","2700","0","2328","772","216","1256","84","0","3231","53","67","495","2616","0","5,000 - 9,999"
"196583","Torah Temimah Talmudical Seminary","2014","102","102","0","102","102","36","2","64","0","0","102","36","2","64","0","0","0","0","0","0","0","0","Under 1,000"
"196592","Touro College","2014","12381","8087","4294","9745","6485","658","714","4498","615","5896","4849","602","600","3630","17","3238","1636","56","114","868","598","2658","10,000 - 19,999"
"196653","Trocaire College","2014","1467","671","796","984","1467","137","254","945","131","0","671","128","138","404","1","0","796","9","116","541","130","0","1,000 - 4,999"
"196680","Excelsior College","2014","41527","0","41527","16281","38426","0","17585","20841","0","3101","0","0","0","0","0","0","38426","0","17585","20841","0","3101","20,000 and above"
"196699","Ulster County Community College","2014","3594","1584","2010","2259","3594","588","141","1396","1469","0","1584","521","94","874","95","0","2010","67","47","522","1374","0","1,000 - 4,999"
"196857","Sanford-Brown Institute-New York","2014","1226","1226","0","1226","1226","85","0","1141","0","0","1226","85","0","1141","0","0","0","0","0","0","0","0","1,000 - 4,999"
"196866","Union College","2014","2242","2228","14","2233","2242","570","23","1611","38","0","2228","570","23","1609","26","0","14","0","0","2","12","0","1,000 - 4,999"
"196884","Union Theological Seminary in the City of New York","2014","233","219","14","224","0","0","0","0","0","233","0","0","0","0","0","219","0","0","0","0","0","14","Under 1,000"
"197018","United Talmudical Seminary","2014","2421","2421","0","2421","2096","513","131","1452","0","325","2096","513","131","1452","0","325","0","0","0","0","0","0","1,000 - 4,999"
"197027","United States Merchant Marine Academy","2014","961","939","22","947","939","230","31","678","0","22","939","230","31","678","0","0","0","0","0","0","0","22","Under 1,000"
"197036","United States Military Academy","2014","4414","4414","0","4414","4414","1200","0","3214","0","0","4414","1200","0","3214","0","0","0","0","0","0","0","0","1,000 - 4,999"
"197045","Utica College","2014","4249","2457","1792","3149","2921","472","374","2011","64","1328","2216","471","236","1489","20","241","705","1","138","522","44","1087","1,000 - 4,999"
"197081","Utica School of Commerce","2014","282","224","58","247","282","41","175","66","0","0","224","38","138","48","0","0","58","3","37","18","0","0","Under 1,000"
"197133","Vassar College","2014","2421","2380","41","2396","2421","663","11","1715","32","0","2380","662","11","1707","0","0","41","1","0","8","32","0","1,000 - 4,999"
"197142","Villa Maria College","2014","477","361","116","407","477","109","76","284","8","0","361","105","50","206","0","0","116","4","26","78","8","0","Under 1,000"
"197151","School of Visual Arts","2014","4397","4064","333","4194","3678","623","352","2602","101","719","3435","621","349","2465","0","629","243","2","3","137","101","90","1,000 - 4,999"
"197197","Wagner College","2014","2231","1964","267","2067","1823","441","116","1256","10","408","1762","441","108","1213","0","202","61","0","8","43","10","206","1,000 - 4,999"
"197221","Webb Institute","2014","90","90","0","90","90","24","4","62","0","0","90","24","4","62","0","0","0","0","0","0","0","0","Under 1,000"
"197230","Wells College","2014","550","524","26","534","550","163","21","341","25","0","524","163","20","336","5","0","26","0","1","5","20","0","Under 1,000"
"197285","The College of Westchester","2014","1125","892","233","984","1125","186","154","668","117","0","892","180","140","572","0","0","233","6","14","96","117","0","1,000 - 4,999"
"197294","SUNY Westchester Community College","2014","13916","7546","6370","9685","13916","2495","852","8910","1659","0","7546","2034","559","4766","187","0","6370","461","293","4144","1472","0","10,000 - 19,999"
"197337","Westchester School of Beauty Culture","2014","87","47","40","63","87","9","0","78","0","0","47","7","0","40","0","0","40","2","0","38","0","0","Under 1,000"
"197522","Wood Tobe-Coburn School","2014","411","411","0","411","411","141","55","215","0","0","411","141","55","215","0","0","0","0","0","0","0","0","Under 1,000"
"197531","Word of Life Bible Institute","2014","569","569","0","569","569","418","0","151","0","0","569","418","0","151","0","0","0","0","0","0","0","0","Under 1,000"
"197601","Yeshiva Karlin Stolin","2014","113","113","0","113","113","34","2","77","0","0","113","34","2","77","0","0","0","0","0","0","0","0","Under 1,000"
"197610","Yeshivat Mikdash Melech","2014","140","140","0","140","131","52","0","79","0","9","131","52","0","79","0","9","0","0","0","0","0","0","Under 1,000"
"197647","Yeshiva Derech Chaim","2014","151","144","7","147","104","11","18","75","0","47","104","11","18","75","0","40","0","0","0","0","0","7","Under 1,000"
"197674","Yeshiva of Nitra Rabbinical College","2014","267","267","0","267","243","83","9","151","0","24","243","83","9","151","0","24","0","0","0","0","0","0","Under 1,000"
"197692","Yeshiva Shaar Hatorah","2014","76","76","0","76","56","16","0","40","0","20","56","16","0","40","0","20","0","0","0","0","0","0","Under 1,000"
"197708","Yeshiva University","2014","6348","5394","954","5759","2814","812","16","1986","0","3534","2724","811","16","1897","0","2670","90","1","0","89","0","864","5,000 - 9,999"
"197735","Yeshivath Viznitz","2014","631","631","0","631","498","101","2","395","0","133","498","101","2","395","0","133","0","0","0","0","0","0","Under 1,000"
"197744","Yeshivath Zichron Moshe","2014","194","194","0","194","163","11","46","106","0","31","163","11","46","106","0","31","0","0","0","0","0","0","Under 1,000"
"197814","College of the Albemarle","2014","2408","1019","1389","1485","2408","515","418","1022","453","0","1019","301","169","481","68","0","1389","214","249","541","385","0","1,000 - 4,999"
"197832","The Art Institute of Charlotte","2014","1129","611","518","814","1129","311","146","672","0","0","611","119","74","418","0","0","518","192","72","254","0","0","1,000 - 4,999"
"197850","South Piedmont Community College","2014","2658","732","1926","1379","2658","391","132","1261","874","0","732","192","40","366","134","0","1926","199","92","895","740","0","1,000 - 4,999"
"197869","Appalachian State University","2014","18026","16165","1861","16878","16255","3033","1360","11723","139","1771","15312","3030","1192","11016","74","853","943","3","168","707","65","918","10,000 - 19,999"
"197887","Asheville-Buncombe Technical Community College","2014","7507","2270","5237","4028","7507","1150","346","4365","1646","0","2270","532","123","1524","91","0","5237","618","223","2841","1555","0","5,000 - 9,999"
"197911","Barton College","2014","1035","903","132","955","1010","192","128","678","12","25","892","185","107","598","2","11","118","7","21","80","10","14","1,000 - 4,999"
"197966","Beaufort County Community College","2014","2035","755","1280","1185","2035","292","302","931","510","0","755","146","102","410","97","0","1280","146","200","521","413","0","1,000 - 4,999"
"197984","Belmont Abbey College","2014","1560","1452","108","1494","1560","293","121","1131","15","0","1452","291","114","1042","5","0","108","2","7","89","10","0","1,000 - 4,999"
"197993","Bennett College","2014","633","545","88","580","633","166","18","369","80","0","545","166","18","361","0","0","88","0","0","8","80","0","Under 1,000"
"198011","Bladen Community College","2014","1334","585","749","836","1334","198","289","643","204","0","585","107","128","344","6","0","749","91","161","299","198","0","1,000 - 4,999"
"198039","Blue Ridge Community College","2014","2215","737","1478","1233","2215","339","133","1340","403","0","737","148","51","481","57","0","1478","191","82","859","346","0","1,000 - 4,999"
"198066","Brevard College","2014","705","697","8","700","705","218","61","417","9","0","697","218","61","413","5","0","8","0","0","4","4","0","Under 1,000"
"198075","Brookstone College-Charlotte","2014","115","115","0","115","115","38","0","77","0","0","115","38","0","77","0","0","0","0","0","0","0","0","Under 1,000"
"198084","Brunswick Community College","2014","1814","930","884","1227","1814","270","290","889","365","0","930","179","137","544","70","0","884","91","153","345","295","0","1,000 - 4,999"
"198109","Cabarrus College of Health Sciences","2014","448","183","265","287","438","31","109","294","4","10","173","23","44","106","0","10","265","8","65","188","4","0","Under 1,000"
"198118","Caldwell Community College and Technical Institute","2014","3876","1138","2738","2057","3876","1277","792","1713","94","0","1138","309","250","570","9","0","2738","968","542","1143","85","0","1,000 - 4,999"
"198136","Campbell University","2014","6101","5047","1054","5459","4296","879","178","3171","68","1805","3449","871","170","2405","3","1598","847","8","8","766","65","207","5,000 - 9,999"
"198154","Cape Fear Community College","2014","9062","4207","4855","5837","9062","1682","829","5879","672","0","4207","1035","500","2591","81","0","4855","647","329","3288","591","0","5,000 - 9,999"
"198190","Carolina School of Broadcasting","2014","48","33","15","39","48","22","0","26","0","0","33","15","0","18","0","0","15","7","0","8","0","0","Under 1,000"
"198206","Carteret Community College","2014","1659","576","1083","940","1659","263","339","915","142","0","576","104","129","336","7","0","1083","159","210","579","135","0","1,000 - 4,999"
"198215","Catawba College","2014","1300","1218","82","1250","1293","344","86","844","19","7","1218","344","86","788","0","0","75","0","0","56","19","7","1,000 - 4,999"
"198233","Catawba Valley Community College","2014","4742","2100","2642","2987","4742","753","1025","2075","889","0","2100","483","425","1034","158","0","2642","270","600","1041","731","0","1,000 - 4,999"
"198242","South College-Asheville","2014","283","229","54","250","283","17","46","220","0","0","229","12","25","192","0","0","54","5","21","28","0","0","Under 1,000"
"198251","Central Carolina Community College","2014","4776","2166","2610","3042","4776","865","1139","1857","915","0","2166","579","562","914","111","0","2610","286","577","943","804","0","1,000 - 4,999"
"198260","Central Piedmont Community College","2014","19957","6788","13169","11209","19957","3754","714","14128","1361","0","6788","1648","210","4709","221","0","13169","2106","504","9419","1140","0","10,000 - 19,999"
"198303","Chowan University","2014","1484","1408","76","1438","1478","531","94","853","0","6","1408","531","66","811","0","0","70","0","28","42","0","6","1,000 - 4,999"
"198321","Cleveland Community College","2014","2990","1029","1961","1687","2990","512","356","1269","853","0","1029","261","108","519","141","0","1961","251","248","750","712","0","1,000 - 4,999"
"198330","Coastal Carolina Community College","2014","4355","2220","2135","2937","4355","782","590","2750","233","0","2220","495","315","1400","10","0","2135","287","275","1350","223","0","1,000 - 4,999"
"198367","Craven Community College","2014","2991","1206","1785","1805","2991","542","120","2195","134","0","1206","231","48","913","14","0","1785","311","72","1282","120","0","1,000 - 4,999"
"198376","Davidson County Community College","2014","4102","1805","2297","2576","4102","736","207","2535","624","0","1805","471","108","1132","94","0","2297","265","99","1403","530","0","1,000 - 4,999"
"198385","Davidson College","2014","1770","1770","0","1770","1770","502","11","1252","5","0","1770","502","11","1252","5","0","0","0","0","0","0","0","1,000 - 4,999"
"198419","Duke University","2014","15856","15130","726","15408","6626","1721","13","4746","146","9230","6601","1721","13","4737","130","8529","25","0","0","9","16","701","10,000 - 19,999"
"198455","Durham Technical Community College","2014","5035","1497","3538","2685","5035","700","848","3221","266","0","1497","222","299","955","21","0","3538","478","549","2266","245","0","5,000 - 9,999"
"198464","East Carolina University","2014","27511","21352","6159","23720","22252","4226","1779","15202","1045","5259","18903","4180","1320","13296","107","2449","3349","46","459","1906","938","2810","20,000 and above"
"198491","Edgecombe Community College","2014","2552","1156","1396","1625","2552","402","662","1210","278","0","1156","222","294","619","21","0","1396","180","368","591","257","0","1,000 - 4,999"
"198507","Elizabeth City State University","2014","1867","1637","230","1727","1805","209","130","1424","42","62","1633","204","115","1303","11","4","172","5","15","121","31","58","1,000 - 4,999"
"198516","Elon University","2014","6483","6227","256","6326","5782","1497","97","4188","0","701","5638","1496","94","4048","0","589","144","1","3","140","0","112","5,000 - 9,999"
"198525","Fayetteville Beauty College","2014","68","54","14","60","68","49","0","19","0","0","54","40","0","14","0","0","14","9","0","5","0","0","Under 1,000"
"198534","Fayetteville Technical Community College","2014","12103","4878","7225","7304","12103","2167","2727","5704","1505","0","4878","1076","1165","2559","78","0","7225","1091","1562","3145","1427","0","10,000 - 19,999"
"198543","Fayetteville State University","2014","5899","4267","1632","4912","5247","476","799","3587","385","652","3935","468","567","2753","147","332","1312","8","232","834","238","320","5,000 - 9,999"
"198552","Forsyth Technical Community College","2014","9148","3726","5422","5546","9148","1284","773","6268","823","0","3726","703","364","2551","108","0","5422","581","409","3717","715","0","5,000 - 9,999"
"198561","Gardner-Webb University","2014","4470","2361","2109","3173","2710","494","438","1756","22","1760","2123","493","297","1332","1","238","587","1","141","424","21","1522","1,000 - 4,999"
"198570","Gaston College","2014","5777","1862","3915","3176","5777","1268","800","3433","276","0","1862","486","210","1143","23","0","3915","782","590","2290","253","0","5,000 - 9,999"
"198598","Greensboro College","2014","905","704","201","783","879","183","68","490","138","26","698","183","64","450","1","6","181","0","4","40","137","20","Under 1,000"
"198613","Guilford College","2014","2137","1778","359","1919","2137","359","156","1483","139","0","1778","351","123","1202","102","0","359","8","33","281","37","0","1,000 - 4,999"
"198622","Guilford Technical Community College","2014","12430","5783","6647","8015","12430","1947","1354","8512","617","0","5783","1099","740","3867","77","0","6647","848","614","4645","540","0","10,000 - 19,999"
"198640","Halifax Community College","2014","1293","681","612","886","1293","281","62","723","227","0","681","213","52","377","39","0","612","68","10","346","188","0","1,000 - 4,999"
"198668","Haywood Community College","2014","2069","571","1498","1074","2069","582","342","935","210","0","571","120","93","318","40","0","1498","462","249","617","170","0","1,000 - 4,999"
"198677","Heritage Bible College","2014","68","51","17","58","68","8","7","53","0","0","51","5","6","40","0","0","17","3","1","13","0","0","Under 1,000"
"198695","High Point University","2014","4399","4315","84","4348","4208","1386","58","2753","11","191","4165","1386","58","2721","0","150","43","0","0","32","11","41","1,000 - 4,999"
"198710","Isothermal Community College","2014","2057","859","1198","1261","2057","249","163","1011","634","0","859","202","52","516","89","0","1198","47","111","495","545","0","1,000 - 4,999"
"198729","James Sprunt Community College","2014","1213","560","653","779","1213","137","194","502","380","0","560","104","103","328","25","0","653","33","91","174","355","0","1,000 - 4,999"
"198747","Laurel University","2014","199","172","27","183","149","46","21","81","1","50","128","46","18","64","0","44","21","0","3","17","1","6","Under 1,000"
"198756","Johnson C Smith University","2014","1402","1345","57","1367","1375","268","79","1028","0","27","1318","265","77","976","0","27","57","3","2","52","0","0","1,000 - 4,999"
"198774","Johnston Community College","2014","4021","1823","2198","2561","4021","568","248","2368","837","0","1823","353","133","1219","118","0","2198","215","115","1149","719","0","1,000 - 4,999"
"198808","Lees-McRae College","2014","940","930","10","934","940","216","184","534","6","0","930","216","180","531","3","0","10","0","4","3","3","0","Under 1,000"
"198817","Lenoir Community College","2014","2959","1287","1672","1848","2959","363","597","1194","805","0","1287","274","283","635","95","0","1672","89","314","559","710","0","1,000 - 4,999"
"198835","Lenoir-Rhyne University","2014","2050","1585","465","1765","1524","347","117","913","147","526","1334","346","110","863","15","251","190","1","7","50","132","275","1,000 - 4,999"
"198844","Leons Beauty School Inc","2014","124","81","43","98","124","41","0","83","0","0","81","30","0","51","0","0","43","11","0","32","0","0","Under 1,000"
"198862","Livingstone College","2014","1301","1293","8","1296","1301","453","59","789","0","0","1293","453","59","781","0","0","8","0","0","8","0","0","1,000 - 4,999"
"198871","Louisburg College","2014","701","692","9","696","701","366","56","275","4","0","692","365","56","271","0","0","9","1","0","4","4","0","Under 1,000"
"198899","Mars Hill University","2014","1435","1352","83","1385","1418","405","100","891","22","17","1335","404","91","835","5","17","83","1","9","56","17","0","1,000 - 4,999"
"198905","Martin Community College","2014","477","244","233","322","477","89","155","233","0","0","244","46","81","117","0","0","233","43","74","116","0","0","Under 1,000"
"198914","Mayland Community College","2014","973","387","586","584","973","166","18","466","323","0","387","131","4","225","27","0","586","35","14","241","296","0","Under 1,000"
"198923","McDowell Technical Community College","2014","1056","397","659","618","1056","106","168","419","363","0","397","61","79","217","40","0","659","45","89","202","323","0","1,000 - 4,999"
"198941","Mercy School of Nursing","2014","130","8","122","49","130","2","0","128","0","0","8","1","0","7","0","0","122","1","0","121","0","0","Under 1,000"
"198950","Meredith College","2014","1886","1702","184","1773","1645","471","86","1061","27","241","1571","471","75","1024","1","131","74","0","11","37","26","110","1,000 - 4,999"
"198969","Methodist University","2014","2461","2135","326","2262","2228","532","234","1405","57","233","1994","526","191","1257","20","141","234","6","43","148","37","92","1,000 - 4,999"
"198978","Miller-Motte College-Wilmington","2014","3463","2124","1339","2650","3463","565","762","2136","0","0","2124","350","495","1279","0","0","1339","215","267","857","0","0","1,000 - 4,999"
"198987","Mitchell Community College","2014","3106","1312","1794","1914","3106","467","137","1849","653","0","1312","327","67","800","118","0","1794","140","70","1049","535","0","1,000 - 4,999"
"199005","Mitchells Hairstyling Academy-Wilson","2014","27","27","0","27","27","9","0","18","0","0","27","9","0","18","0","0","0","0","0","0","0","0","Under 1,000"
"199014","Regina's College of Beauty-Monroe","2014","45","31","14","37","45","33","0","12","0","0","31","23","0","8","0","0","14","10","0","4","0","0","Under 1,000"
"199023","Montgomery Community College","2014","863","342","521","517","863","135","194","275","259","0","342","89","105","140","8","0","521","46","89","135","251","0","Under 1,000"
"199032","Montreat College","2014","933","619","314","742","735","109","70","468","88","198","444","106","55","283","0","175","291","3","15","185","88","23","Under 1,000"
"199069","Mount Olive College","2014","3456","1398","2058","2206","3406","286","596","2376","148","50","1373","285","117","967","4","25","2033","1","479","1409","144","25","1,000 - 4,999"
"199078","College of Wilmington","2014","224","190","34","203","224","107","0","117","0","0","190","107","0","83","0","0","34","0","0","34","0","0","Under 1,000"
"199087","Nash Community College","2014","3537","1561","1976","2224","3537","504","550","1769","714","0","1561","359","259","881","62","0","1976","145","291","888","652","0","1,000 - 4,999"
"199102","North Carolina A & T State University","2014","10725","9321","1404","9861","9203","1721","676","6497","309","1522","8423","1707","614","5994","108","898","780","14","62","503","201","624","10,000 - 19,999"
"199111","University of North Carolina at Asheville","2014","3845","3188","657","3452","3804","633","367","2425","379","41","3183","628","329","2136","90","5","621","5","38","289","289","36","1,000 - 4,999"
"199120","University of North Carolina at Chapel Hill","2014","29135","24275","4860","26066","18350","3976","884","13048","442","10785","17570","3976","870","12680","44","6705","780","0","14","368","398","4080","20,000 and above"
"199139","University of North Carolina at Charlotte","2014","27238","21267","5971","23562","22216","3319","2794","16007","96","5022","18983","3299","2227","13456","1","2284","3233","20","567","2551","95","2738","20,000 and above"
"199148","University of North Carolina at Greensboro","2014","18647","14113","4534","15859","15313","2593","1681","10223","816","3334","12773","2572","1276","8767","158","1340","2540","21","405","1456","658","1994","10,000 - 19,999"
"199157","North Carolina Central University","2014","7687","6224","1463","6790","5917","925","447","4182","363","1770","5035","923","347","3649","116","1189","882","2","100","533","247","581","5,000 - 9,999"
"199184","University of North Carolina School of the Arts","2014","958","947","11","951","854","219","50","583","2","104","845","219","50","576","0","102","9","0","0","7","2","2","Under 1,000"
"199193","North Carolina State University at Raleigh","2014","33989","26965","7024","29634","24473","4499","1253","17173","1548","9516","21402","4493","1136","15654","119","5563","3071","6","117","1519","1429","3953","20,000 and above"
"199209","North Carolina Wesleyan College","2014","1872","1529","343","1664","1872","322","201","1341","8","0","1529","319","144","1063","3","0","343","3","57","278","5","0","1,000 - 4,999"
"199218","University of North Carolina Wilmington","2014","14570","12302","2268","13176","12964","2159","1715","8812","278","1606","11690","2156","1451","8025","58","612","1274","3","264","787","220","994","10,000 - 19,999"
"199263","Pamlico Community College","2014","410","179","231","257","410","99","88","148","75","0","179","58","36","77","8","0","231","41","52","71","67","0","Under 1,000"
"199272","William Peace University","2014","1077","903","174","971","1077","216","129","732","0","0","903","214","90","599","0","0","174","2","39","133","0","0","1,000 - 4,999"
"199281","University of North Carolina at Pembroke","2014","6269","4636","1633","5273","5511","1074","591","3638","208","758","4400","1050","426","2893","31","236","1111","24","165","745","177","522","5,000 - 9,999"
"199306","Pfeiffer University","2014","1784","962","822","1277","958","216","106","629","7","826","844","200","85","558","1","118","114","16","21","71","6","708","1,000 - 4,999"
"199315","Piedmont International University","2014","388","164","224","250","190","25","26","139","0","198","126","23","19","84","0","38","64","2","7","55","0","160","Under 1,000"
"199324","Piedmont Community College","2014","1475","602","873","895","1475","269","155","743","308","0","602","167","58","368","9","0","873","102","97","375","299","0","1,000 - 4,999"
"199333","Pitt Community College","2014","8872","5020","3852","6313","8872","1589","588","5718","977","0","5020","1186","378","3414","42","0","3852","403","210","2304","935","0","5,000 - 9,999"
"199412","Queens University of Charlotte","2014","2248","1503","745","1791","1665","287","174","1160","44","583","1369","287","115","956","11","134","296","0","59","204","33","449","1,000 - 4,999"
"199421","Randolph Community College","2014","2771","1036","1735","1619","2771","595","91","1904","181","0","1036","227","34","768","7","0","1735","368","57","1136","174","0","1,000 - 4,999"
"199449","Richmond Community College","2014","2531","1170","1361","1627","2531","397","152","1399","583","0","1170","205","74","767","124","0","1361","192","78","632","459","0","1,000 - 4,999"
"199458","Mid-Atlantic Christian University","2014","196","149","47","167","196","48","22","125","1","0","149","45","16","88","0","0","47","3","6","37","1","0","Under 1,000"
"199467","Roanoke-Chowan Community College","2014","1007","352","655","572","1007","102","125","494","286","0","352","61","59","206","26","0","655","41","66","288","260","0","1,000 - 4,999"
"199476","Robeson Community College","2014","1988","967","1021","1310","1988","302","383","1222","81","0","967","183","181","603","0","0","1021","119","202","619","81","0","1,000 - 4,999"
"199485","Rockingham Community College","2014","1597","718","879","1013","1597","409","78","1065","45","0","718","240","32","446","0","0","879","169","46","619","45","0","1,000 - 4,999"
"199494","Rowan-Cabarrus Community College","2014","6420","2595","3825","3879","6420","1490","1019","3027","884","0","2595","889","367","1166","173","0","3825","601","652","1861","711","0","5,000 - 9,999"
"199582","Saint Augustine's University","2014","1016","1001","15","1007","1016","268","33","715","0","0","1001","267","33","701","0","0","15","1","0","14","0","0","1,000 - 4,999"
"199607","Salem College","2014","1118","802","316","924","946","202","78","666","0","172","790","200","35","555","0","12","156","2","43","111","0","160","1,000 - 4,999"
"199625","Sampson Community College","2014","1551","706","845","990","1551","175","161","870","345","0","706","105","67","469","65","0","845","70","94","401","280","0","1,000 - 4,999"
"199634","Sandhills Community College","2014","4016","1879","2137","2596","4016","587","1125","1442","862","0","1879","411","549","821","98","0","2137","176","576","621","764","0","1,000 - 4,999"
"199643","Shaw University","2014","1802","1599","203","1678","1664","469","104","1088","3","138","1519","460","95","964","0","80","145","9","9","124","3","58","1,000 - 4,999"
"199670","Sherrill's University of Barber & Cosmetology","2014","79","79","0","79","79","0","0","79","0","0","79","0","0","79","0","0","0","0","0","0","0","0","Under 1,000"
"199689","Paul Mitchell the School-Fayetteville","2014","218","166","52","187","218","18","0","200","0","0","166","15","0","151","0","0","52","3","0","49","0","0","Under 1,000"
"199698","St Andrews University","2014","651","589","62","613","618","152","74","375","17","33","568","152","62","346","8","21","50","0","12","29","9","12","Under 1,000"
"199713","Empire Beauty School-Matthews","2014","77","77","0","77","77","38","0","39","0","0","77","38","0","39","0","0","0","0","0","0","0","0","Under 1,000"
"199722","Southeastern Community College","2014","1348","659","689","890","1348","275","174","561","338","0","659","210","67","320","62","0","689","65","107","241","276","0","1,000 - 4,999"
"199731","Southwestern Community College","2014","2528","1082","1446","1567","2528","301","481","1125","621","0","1082","191","204","553","134","0","1446","110","277","572","487","0","1,000 - 4,999"
"199740","Stanly Community College","2014","2745","1067","1678","1630","2745","379","647","1054","665","0","1067","266","242","451","108","0","1678","113","405","603","557","0","1,000 - 4,999"
"199759","Southeastern Baptist Theological Seminary","2014","2748","1535","1213","2001","516","131","81","290","14","2232","297","92","55","150","0","1238","219","39","26","140","14","994","1,000 - 4,999"
"199768","Surry Community College","2014","3294","1413","1881","2045","3294","564","216","1538","976","0","1413","414","88","763","148","0","1881","150","128","775","828","0","1,000 - 4,999"
"199786","Alamance Community College","2014","4437","1732","2705","2640","4437","708","705","2368","656","0","1732","447","236","1000","49","0","2705","261","469","1368","607","0","1,000 - 4,999"
"199795","Tri-County Community College","2014","1273","550","723","793","1273","178","142","494","459","0","550","141","85","262","62","0","723","37","57","232","397","0","1,000 - 4,999"
"199838","Vance-Granville Community College","2014","4025","1573","2452","2396","4025","440","690","1932","963","0","1573","257","262","925","129","0","2452","183","428","1007","834","0","1,000 - 4,999"
"199847","Wake Forest University","2014","7788","7474","314","7595","4867","1287","30","3544","6","2921","4804","1287","29","3487","1","2670","63","0","1","57","5","251","5,000 - 9,999"
"199856","Wake Technical Community College","2014","21384","7612","13772","12236","21384","4181","5789","9972","1442","0","7612","2045","1786","3582","199","0","13772","2136","4003","6390","1243","0","20,000 and above"
"199865","Warren Wilson College","2014","890","883","7","886","822","234","54","531","3","68","815","234","54","527","0","68","7","0","0","4","3","0","Under 1,000"
"199883","Watts School of Nursing","2014","138","138","0","138","138","0","0","138","0","0","138","0","0","138","0","0","0","0","0","0","0","0","Under 1,000"
"199892","Wayne Community College","2014","3351","1515","1836","2131","3351","575","908","1290","578","0","1515","395","425","632","63","0","1836","180","483","658","515","0","1,000 - 4,999"
"199908","Western Piedmont Community College","2014","2056","997","1059","1353","2056","361","408","1003","284","0","997","228","185","493","91","0","1059","133","223","510","193","0","1,000 - 4,999"
"199926","Wilkes Community College","2014","2718","1514","1204","1918","2718","353","206","1424","735","0","1514","298","120","1027","69","0","1204","55","86","397","666","0","1,000 - 4,999"
"199953","Wilson Community College","2014","1777","745","1032","1091","1777","244","438","625","470","0","745","172","222","333","18","0","1032","72","216","292","452","0","1,000 - 4,999"
"199962","Wingate University","2014","3034","2490","544","2698","1952","583","75","1283","11","1082","1891","583","70","1236","2","599","61","0","5","47","9","483","1,000 - 4,999"
"199971","Carolina Christian College","2014","53","53","0","53","36","2","2","32","0","17","36","2","2","32","0","17","0","0","0","0","0","0","Under 1,000"
"199980","Winston Salem Barber School","2014","44","44","0","44","44","18","0","26","0","0","44","18","0","26","0","0","0","0","0","0","0","0","Under 1,000"
"199999","Winston-Salem State University","2014","5220","4371","849","4707","4793","850","526","3367","50","427","4098","844","274","2976","4","273","695","6","252","391","46","154","5,000 - 9,999"
"200004","Western Carolina University","2014","10382","8038","2344","8945","8787","1756","832","6015","184","1595","7373","1745","503","5096","29","665","1414","11","329","919","155","930","10,000 - 19,999"
"200013","Rasmussen College-North Dakota","2014","793","426","367","570","793","36","126","606","25","0","426","23","90","313","0","0","367","13","36","293","25","0","Under 1,000"
"200022","Bismarck State College","2014","4002","2303","1699","2989","4002","876","271","2065","790","0","2303","823","178","1288","14","0","1699","53","93","777","776","0","1,000 - 4,999"
"200059","Dickinson State University","2014","1479","980","499","1181","1475","192","178","861","244","4","980","182","129","666","3","0","495","10","49","195","241","4","1,000 - 4,999"
"200086","Fort Berthold Community College","2014","158","104","54","126","158","25","9","103","21","0","104","15","9","77","3","0","54","10","0","26","18","0","Under 1,000"
"200110","Josef's School of Hair Design Inc-Grand Forks","2014","51","51","0","51","51","29","0","22","0","0","51","29","0","22","0","0","0","0","0","0","0","0","Under 1,000"
"200129","Headquarters Academy of Hair Design Inc","2014","51","51","0","51","51","29","0","22","0","0","51","29","0","22","0","0","0","0","0","0","0","0","Under 1,000"
"200156","University of Jamestown","2014","970","915","55","937","892","211","64","591","26","78","839","210","61","567","1","76","53","1","3","24","25","2","Under 1,000"
"200165","Josef's School of Hair Design Inc-Fargo Downtown","2014","49","49","0","49","49","12","0","37","0","0","49","12","0","37","0","0","0","0","0","0","0","0","Under 1,000"
"200192","Lake Region State College","2014","1988","530","1458","1020","1988","212","96","354","1326","0","530","197","66","245","22","0","1458","15","30","109","1304","0","1,000 - 4,999"
"200208","Cankdeska Cikana Community College","2014","185","88","97","121","185","32","0","113","40","0","88","26","0","62","0","0","97","6","0","51","40","0","Under 1,000"
"200217","University of Mary","2014","2809","2185","624","2427","2036","422","194","1312","108","773","1727","420","175","1132","0","458","309","2","19","180","108","315","1,000 - 4,999"
"200226","Mayville State University","2014","1081","635","446","814","1056","174","105","505","272","25","635","170","73","392","0","0","421","4","32","113","272","25","1,000 - 4,999"
"200253","Minot State University","2014","3410","2191","1219","2675","3116","341","315","1914","546","294","2075","316","251","1501","7","116","1041","25","64","413","539","178","1,000 - 4,999"
"200262","Moler Barber College","2014","12","12","0","12","12","5","0","7","0","0","12","5","0","7","0","0","0","0","0","0","0","0","Under 1,000"
"200280","University of North Dakota","2014","14906","10786","4120","12379","11537","1906","702","8370","559","3369","9079","1882","487","6670","40","1707","2458","24","215","1700","519","1662","10,000 - 19,999"
"200305","North Dakota State College of Science","2014","3033","1706","1327","2152","3033","713","179","1175","966","0","1706","682","144","873","7","0","1327","31","35","302","959","0","1,000 - 4,999"
"200314","Dakota College at Bottineau","2014","753","398","355","517","753","190","84","191","288","0","398","174","73","151","0","0","355","16","11","40","288","0","Under 1,000"
"200332","North Dakota State University-Main Campus","2014","14747","11917","2830","12993","12124","2469","711","8583","361","2623","10865","2452","615","7705","93","1052","1259","17","96","878","268","1571","10,000 - 19,999"
"200341","Williston State College","2014","883","421","462","576","883","173","112","290","308","0","421","150","74","188","9","0","462","23","38","102","299","0","Under 1,000"
"200387","JZ Trend Academy Paul Mitchell Partner School","2014","49","49","0","49","49","6","0","43","0","0","49","6","0","43","0","0","0","0","0","0","0","0","Under 1,000"
"200466","Sitting Bull College","2014","289","205","84","239","287","45","18","183","41","2","203","45","18","140","0","2","84","0","0","43","41","0","Under 1,000"
"200484","Trinity Bible College","2014","230","204","26","214","218","71","9","132","6","12","192","69","9","114","0","12","26","2","0","18","6","0","Under 1,000"
"200527","Turtle Mountain Community College","2014","520","424","96","462","520","123","11","323","63","0","424","123","10","291","0","0","96","0","1","32","63","0","Under 1,000"
"200554","United Tribes Technical College","2014","434","398","36","412","434","164","130","140","0","0","398","154","117","127","0","0","36","10","13","13","0","0","Under 1,000"
"200572","Valley City State University","2014","1378","783","595","1017","1234","190","99","663","282","144","779","168","52","503","56","4","455","22","47","160","226","140","1,000 - 4,999"
"200590","ETI Technical College","2014","152","80","72","109","152","28","48","76","0","0","80","7","20","53","0","0","72","21","28","23","0","0","Under 1,000"
"200624","The Art Institute of Cincinnati","2014","36","34","2","35","36","6","2","28","0","0","34","6","2","26","0","0","2","0","0","2","0","0","Under 1,000"
"200633","Miami-Jacobs Career College-Independence","2014","193","145","48","164","193","74","7","112","0","0","145","58","6","81","0","0","48","16","1","31","0","0","Under 1,000"
"200697","Air Force Institute of Technology-Graduate School of Engineering & Management","2014","860","767","93","801","0","0","0","0","0","860","0","0","0","0","0","767","0","0","0","0","0","93","Under 1,000"
"200785","Akron Institute of Herzing University","2014","318","190","128","240","318","44","36","235","3","0","190","39","34","117","0","0","128","5","2","118","3","0","Under 1,000"
"200800","University of Akron Main Campus","2014","23962","18035","5927","20354","19710","3780","768","13600","1562","4252","15515","3652","632","10794","437","2520","4195","128","136","2806","1125","1732","20,000 and above"
"200828","Akron School of Practical Nursing","2014","47","47","0","47","47","38","0","9","0","0","47","38","0","9","0","0","0","0","0","0","0","0","Under 1,000"
"200846","University of Akron Wayne College","2014","1779","814","965","1138","1779","351","69","813","546","0","814","299","43","374","98","0","965","52","26","439","448","0","1,000 - 4,999"
"200873","Allegheny Wesleyan College","2014","62","59","3","60","62","24","0","29","9","0","59","24","0","26","9","0","3","0","0","3","0","0","Under 1,000"
"201016","Antonelli College-Cincinnati","2014","173","170","3","171","173","22","0","151","0","0","170","22","0","148","0","0","3","0","0","3","0","0","Under 1,000"
"201034","Apollo Career Center","2014","520","153","367","276","520","304","0","61","155","0","153","92","0","61","0","0","367","212","0","0","155","0","Under 1,000"
"201061","Art Academy of Cincinnati","2014","209","198","11","202","201","53","15","133","0","8","191","50","15","126","0","7","10","3","0","7","0","1","Under 1,000"
"201098","Ashland County-West Holmes Career Center","2014","53","53","0","53","53","51","0","2","0","0","53","51","0","2","0","0","0","0","0","0","0","0","Under 1,000"
"201104","Ashland University","2014","5428","3446","1982","4216","3768","604","166","2457","541","1660","2562","604","135","1710","113","884","1206","0","31","747","428","776","5,000 - 9,999"
"201131","Ashtabula County Technical and Career Campus","2014","130","69","61","89","130","106","0","24","0","0","69","58","0","11","0","0","61","48","0","13","0","0","Under 1,000"
"201140","Athenaeum of Ohio","2014","235","90","145","146","94","7","0","59","28","141","0","0","0","0","0","90","94","7","0","59","28","51","Under 1,000"
"201159","Auburn Career Center","2014","167","107","60","127","167","127","0","40","0","0","107","79","0","28","0","0","60","48","0","12","0","0","Under 1,000"
"201177","Aultman College of Nursing and Health Sciences","2014","358","53","305","173","358","6","89","261","2","0","53","4","30","19","0","0","305","2","59","242","2","0","Under 1,000"
"201195","Baldwin Wallace University","2014","3979","3330","649","3582","3362","717","230","2329","86","617","2969","717","182","2051","19","361","393","0","48","278","67","256","1,000 - 4,999"
"201283","Belmont College","2014","1042","644","398","778","1042","183","89","713","57","0","644","156","48","433","7","0","398","27","41","280","50","0","1,000 - 4,999"
"201371","Bluffton University","2014","1094","884","210","966","997","218","50","628","101","97","796","218","50","526","2","88","201","0","0","102","99","9","1,000 - 4,999"
"201399","Fortis College-Ravenna","2014","269","209","60","233","269","46","8","215","0","0","209","37","5","167","0","0","60","9","3","48","0","0","Under 1,000"
"201432","Bowling Green State University-Firelands","2014","2287","1191","1096","1559","2287","385","132","1056","714","0","1191","336","82","632","141","0","1096","49","50","424","573","0","1,000 - 4,999"
"201441","Bowling Green State University-Main Campus","2014","16554","14337","2217","15185","14099","3030","662","10005","402","2455","12993","3020","565","9316","92","1344","1106","10","97","689","310","1111","10,000 - 19,999"
"201469","Bryant & Stratton College-Parma","2014","541","221","320","347","541","30","98","413","0","0","221","16","58","147","0","0","320","14","40","266","0","0","Under 1,000"
"201478","Buckeye Hills Career Center","2014","159","138","21","145","159","156","0","3","0","0","138","136","0","2","0","0","21","20","0","1","0","0","Under 1,000"
"201496","Butler Tech-D Russel Lee Career Center","2014","370","370","0","370","370","195","0","175","0","0","370","195","0","175","0","0","0","0","0","0","0","0","Under 1,000"
"201539","Canton City Schools Adult Career and Technical Education","2014","104","77","27","86","104","21","0","83","0","0","77","18","0","59","0","0","27","3","0","24","0","0","Under 1,000"
"201548","Capital University","2014","3494","2910","584","3136","2742","710","149","1777","106","752","2454","710","101","1592","51","456","288","0","48","185","55","296","1,000 - 4,999"
"201584","Valley Beauty School","2014","22","22","0","22","22","8","0","14","0","0","22","8","0","14","0","0","0","0","0","0","0","0","Under 1,000"
"201609","Carousel Beauty College-Middletown","2014","24","18","6","20","24","10","0","14","0","0","18","9","0","9","0","0","6","1","0","5","0","0","Under 1,000"
"201618","Carousel Beauty College-Dayton","2014","28","28","0","28","28","7","0","21","0","0","28","7","0","21","0","0","0","0","0","0","0","0","Under 1,000"
"201627","Carousel of Miami Valley Beauty College","2014","37","16","21","24","37","11","0","26","0","0","16","6","0","10","0","0","21","5","0","16","0","0","Under 1,000"
"201645","Case Western Reserve University","2014","10771","9810","961","10179","4911","1282","38","3487","104","5860","4766","1282","32","3430","22","5044","145","0","6","57","82","816","10,000 - 19,999"
"201654","Cedarville University","2014","3585","3188","397","3343","3303","787","111","2184","221","282","3028","786","107","2128","7","160","275","1","4","56","214","122","1,000 - 4,999"
"201672","Central Ohio Technical College","2014","3567","1101","2466","1929","3567","530","334","2204","499","0","1101","259","128","689","25","0","2466","271","206","1515","474","0","1,000 - 4,999"
"201681","Central School of Practical Nursing","2014","118","118","0","118","118","111","0","7","0","0","118","111","0","7","0","0","0","0","0","0","0","0","Under 1,000"
"201690","Central State University","2014","1751","1576","175","1646","1733","402","123","1203","5","18","1576","401","111","1064","0","0","157","1","12","139","5","18","1,000 - 4,999"
"201751","Chatfield College","2014","408","235","173","304","408","80","0","238","90","0","235","61","0","131","43","0","173","19","0","107","47","0","Under 1,000"
"201803","Choffin Career  and Technical Center","2014","160","108","52","125","160","152","0","8","0","0","108","103","0","5","0","0","52","49","0","3","0","0","Under 1,000"
"201821","The Christ College of Nursing and Health Sciences","2014","712","308","404","467","712","36","206","470","0","0","308","36","151","121","0","0","404","0","55","349","0","0","Under 1,000"
"201858","Cincinnati Christian University","2014","835","661","174","728","617","103","57","442","15","218","534","98","38","390","8","127","83","5","19","52","7","91","Under 1,000"
"201867","Cincinnati College of Mortuary Science","2014","85","85","0","85","85","0","42","43","0","0","85","0","42","43","0","0","0","0","0","0","0","0","Under 1,000"
"201885","University of Cincinnati-Main Campus","2014","35313","26276","9037","29696","24300","4618","1165","18012","505","11013","20682","4566","802","15210","104","5594","3618","52","363","2802","401","5419","20,000 and above"
"201928","Cincinnati State Technical and Community College","2014","10707","3581","7126","5973","10707","1261","1475","6229","1742","0","3581","748","783","1945","105","0","7126","513","692","4284","1637","0","10,000 - 19,999"
"201946","University of Cincinnati-Clermont College","2014","3246","1881","1365","2432","3246","693","201","1922","430","0","1881","549","130","1058","144","0","1365","144","71","864","286","0","1,000 - 4,999"
"201955","University of Cincinnati-Blue Ash College","2014","5024","3217","1807","3946","5024","1347","399","3044","234","0","3217","1158","257","1728","74","0","1807","189","142","1316","160","0","5,000 - 9,999"
"201964","Ohio Christian University","2014","4058","1771","2287","2668","3738","744","356","2206","432","320","1613","351","115","1124","23","158","2125","393","241","1082","409","162","1,000 - 4,999"
"201973","Clark State Community College","2014","5969","1594","4375","3063","5969","629","962","3253","1125","0","1594","239","331","948","76","0","4375","390","631","2305","1049","0","5,000 - 9,999"
"201982","Scott College of Cosmetology","2014","77","77","0","77","77","22","0","55","0","0","77","22","0","55","0","0","0","0","0","0","0","0","Under 1,000"
"202046","Cleveland Institute of Art","2014","559","551","8","554","559","139","37","375","8","0","551","139","37","371","4","0","8","0","0","4","4","0","Under 1,000"
"202055","Cleveland Institute of Dental-Medical Assistants-Cleveland","2014","89","89","0","89","89","43","0","46","0","0","89","43","0","46","0","0","0","0","0","0","0","0","Under 1,000"
"202073","Cleveland Institute of Music","2014","450","442","8","445","238","55","5","176","2","212","236","55","5","174","2","206","2","0","0","2","0","6","Under 1,000"
"202134","Cleveland State University","2014","16936","10491","6445","12954","11826","1590","1518","8200","518","5110","8673","1562","1083","5933","95","1818","3153","28","435","2267","423","3292","10,000 - 19,999"
"202152","Columbiana County Career and Technical Center","2014","135","125","10","128","135","78","0","57","0","0","125","72","0","53","0","0","10","6","0","4","0","0","Under 1,000"
"202161","Bradford School","2014","443","443","0","443","443","99","80","264","0","0","443","99","80","264","0","0","0","0","0","0","0","0","Under 1,000"
"202170","Columbus College of Art and Design","2014","1288","1183","105","1224","1255","247","65","881","62","33","1150","245","64","841","0","33","105","2","1","40","62","0","1,000 - 4,999"
"202222","Columbus State Community College","2014","24448","7930","16518","13476","24448","2748","760","9011","11929","0","7930","1381","353","2629","3567","0","16518","1367","407","6382","8362","0","20,000 and above"
"202356","Cuyahoga Community College District","2014","27084","9073","18011","15120","27084","2503","1061","10902","12618","0","9073","1513","480","3528","3552","0","18011","990","581","7374","9066","0","20,000 and above"
"202435","Davis College","2014","193","50","143","107","193","19","50","121","3","0","50","5","21","24","0","0","143","14","29","97","3","0","Under 1,000"
"202453","Dayton Barber College","2014","55","39","16","45","55","26","0","29","0","0","39","20","0","19","0","0","16","6","0","10","0","0","Under 1,000"
"202480","University of Dayton","2014","11343","9899","1444","10458","8529","2176","184","5945","224","2814","7898","2172","178","5533","15","2001","631","4","6","412","209","813","10,000 - 19,999"
"202514","Defiance College","2014","920","707","213","790","824","233","53","515","23","96","690","233","35","421","1","17","134","0","18","94","22","79","Under 1,000"
"202523","Denison University","2014","2278","2263","15","2269","2278","609","15","1641","13","0","2263","609","15","1639","0","0","15","0","0","2","13","0","1,000 - 4,999"
"202639","Eastern Hills Academy of Hair Design","2014","58","29","29","41","58","17","0","41","0","0","29","9","0","20","0","0","29","8","0","21","0","0","Under 1,000"
"202648","Edison State Community College","2014","3042","785","2257","1543","3042","347","82","1542","1071","0","785","154","25","407","199","0","2257","193","57","1135","872","0","1,000 - 4,999"
"202657","EHOVE Career Center","2014","326","272","54","290","326","104","0","222","0","0","272","87","0","185","0","0","54","17","0","37","0","0","Under 1,000"
"202684","Bryant & Stratton College-Cleveland","2014","475","191","284","303","475","47","75","353","0","0","191","30","40","121","0","0","284","17","35","232","0","0","Under 1,000"
"202736","Regency Beauty Institute-Cleveland","2014","98","98","0","98","98","25","0","73","0","0","98","25","0","73","0","0","0","0","0","0","0","0","Under 1,000"
"202763","The University of Findlay","2014","5172","3303","1869","4032","3967","619","112","2036","1200","1205","2613","619","101","1870","23","690","1354","0","11","166","1177","515","5,000 - 9,999"
"202806","Franklin University","2014","5732","2361","3371","3682","4676","58","909","3625","84","1056","1569","6","275","1284","4","792","3107","52","634","2341","80","264","5,000 - 9,999"
"202888","Gerbers Akron Beauty School","2014","60","35","25","45","60","27","0","33","0","0","35","12","0","23","0","0","25","15","0","10","0","0","Under 1,000"
"202903","Gods Bible School and College","2014","310","206","104","247","310","41","17","199","53","0","206","39","15","152","0","0","104","2","2","47","53","0","Under 1,000"
"202912","Good Samaritan College of Nursing and Health Science","2014","353","128","225","216","353","40","0","313","0","0","128","17","0","111","0","0","225","23","0","202","0","0","Under 1,000"
"202949","Great Oaks Institute of Technology and Career Development","2014","230","230","0","230","230","82","0","148","0","0","230","82","0","148","0","0","0","0","0","0","0","0","Under 1,000"
"202985","Hannah E Mullins School of Practical Nursing","2014","73","73","0","73","73","20","0","53","0","0","73","20","0","53","0","0","0","0","0","0","0","0","Under 1,000"
"203030","Adult and Community Education-Hudson","2014","109","100","9","103","109","42","0","67","0","0","100","39","0","61","0","0","9","3","0","6","0","0","Under 1,000"
"203067","Hebrew Union College-Jewish Institute of Religion","2014","346","238","108","279","0","0","0","0","0","346","0","0","0","0","0","238","0","0","0","0","0","108","Under 1,000"
"203085","Heidelberg University","2014","1230","1103","127","1152","1098","364","36","696","2","132","1064","363","35","666","0","39","34","1","1","30","2","93","1,000 - 4,999"
"203128","Hiram College","2014","1259","1070","189","1144","1235","276","68","873","18","24","1068","274","38","752","4","2","167","2","30","121","14","22","1,000 - 4,999"
"203146","Hobart Institute of Welding Technology","2014","322","322","0","322","322","140","0","182","0","0","322","140","0","182","0","0","0","0","0","0","0","0","Under 1,000"
"203155","Hocking College","2014","3474","2697","777","2958","3474","906","337","2102","129","0","2697","870","305","1506","16","0","777","36","32","596","113","0","1,000 - 4,999"
"203225","American School of Technology","2014","280","280","0","280","280","45","0","235","0","0","280","45","0","235","0","0","0","0","0","0","0","0","Under 1,000"
"203234","Ross Medical Education Center-Cincinnati","2014","122","122","0","122","122","47","0","75","0","0","122","47","0","75","0","0","0","0","0","0","0","0","Under 1,000"
"203289","International College of Broadcasting","2014","74","74","0","74","74","4","7","63","0","0","74","4","7","63","0","0","0","0","0","0","0","0","Under 1,000"
"203313","ITT Technical Institute-Dayton","2014","309","219","90","254","309","51","1","257","0","0","219","48","1","170","0","0","90","3","0","87","0","0","Under 1,000"
"203331","Eastern Gateway Community College","2014","3182","1504","1678","2067","3182","766","93","1655","668","0","1504","557","53","837","57","0","1678","209","40","818","611","0","1,000 - 4,999"
"203368","John Carroll University","2014","3688","3259","429","3424","3113","799","98","2172","44","575","3010","798","95","2117","0","249","103","1","3","55","44","326","1,000 - 4,999"
"203386","Hondros College","2014","1924","1361","563","1582","1924","97","539","1288","0","0","1361","97","395","869","0","0","563","0","144","419","0","0","1,000 - 4,999"
"203438","Casal Aveda Institute","2014","60","26","34","39","60","31","0","29","0","0","26","13","0","13","0","0","34","18","0","16","0","0","Under 1,000"
"203447","Kent State University at Ashtabula","2014","2281","529","1752","1236","2278","221","110","1797","150","3","529","175","49","291","14","0","1749","46","61","1506","136","3","1,000 - 4,999"
"203456","Kent State University at East Liverpool","2014","1481","204","1277","719","1481","86","68","1216","111","0","204","64","21","115","4","0","1277","22","47","1101","107","0","1,000 - 4,999"
"203465","Kent State University at Stark","2014","4678","2001","2677","3080","4639","631","390","3428","190","39","2000","534","176","1288","2","1","2639","97","214","2140","188","38","1,000 - 4,999"
"203474","Kent State University at Trumbull","2014","2799","797","2002","1605","2796","326","182","2203","85","3","797","270","90","424","13","0","1999","56","92","1779","72","3","1,000 - 4,999"
"203483","Kent State University at Tuscarawas","2014","2301","797","1504","1402","2266","276","104","1562","324","35","797","223","51","443","80","0","1469","53","53","1119","244","35","1,000 - 4,999"
"203492","Kent State University at Salem","2014","1799","658","1141","1118","1797","205","129","1352","111","2","658","182","80","379","17","0","1139","23","49","973","94","2","1,000 - 4,999"
"203517","Kent State University at Kent","2014","29477","22288","7189","25075","23328","4272","1050","17208","798","6149","18873","4238","861","13440","334","3415","4455","34","189","3768","464","2734","20,000 and above"
"203526","Kent State University at Geauga","2014","2725","620","2105","1469","2725","340","178","1973","234","0","620","263","61","286","10","0","2105","77","117","1687","224","0","1,000 - 4,999"
"203535","Kenyon College","2014","1662","1650","12","1655","1662","448","11","1192","11","0","1650","446","11","1191","2","0","12","2","0","1","9","0","1,000 - 4,999"
"203544","Kettering College","2014","760","446","314","569","682","62","94","512","14","78","368","55","45","267","1","78","314","7","49","245","13","0","Under 1,000"
"203580","Lake Erie College","2014","1155","852","303","969","938","186","45","530","177","217","806","186","44","517","59","46","132","0","1","13","118","171","1,000 - 4,999"
"203599","Lakeland Community College","2014","8250","2905","5345","4700","8250","1268","435","4488","2059","0","2905","726","192","1244","743","0","5345","542","243","3244","1316","0","5,000 - 9,999"
"203614","O C Collins Career Center","2014","452","423","29","433","452","243","0","209","0","0","423","218","0","205","0","0","29","25","0","4","0","0","Under 1,000"
"203678","James A Rhodes State College","2014","3657","1310","2347","2098","3657","557","189","1881","1030","0","1310","425","103","730","52","0","2347","132","86","1151","978","0","1,000 - 4,999"
"203720","Ohio Business College-Sheffield","2014","420","310","110","354","420","55","122","243","0","0","310","50","102","158","0","0","110","5","20","85","0","0","Under 1,000"
"203739","Ohio Business College-Sandusky","2014","264","170","94","207","264","29","82","153","0","0","170","26","59","85","0","0","94","3","23","68","0","0","Under 1,000"
"203748","Lorain County Community College","2014","11569","3230","8339","6030","11569","1776","577","7430","1786","0","3230","925","185","1897","223","0","8339","851","392","5533","1563","0","10,000 - 19,999"
"203757","Lourdes University","2014","1780","1251","529","1458","1482","162","113","1174","33","298","1016","154","78","776","8","235","466","8","35","398","25","63","1,000 - 4,999"
"203775","Malone University","2014","1962","1406","556","1621","1565","314","115","1067","69","397","1332","311","99","917","5","74","233","3","16","150","64","323","1,000 - 4,999"
"203845","Marietta College","2014","1500","1365","135","1418","1371","357","35","944","35","129","1283","357","35","891","0","82","88","0","0","53","35","47","1,000 - 4,999"
"203881","Marion Technical College","2014","2468","742","1726","1321","2468","271","121","1400","676","0","742","103","50","564","25","0","1726","168","71","836","651","0","1,000 - 4,999"
"203942","Medina County Career Center","2014","81","54","27","63","81","51","0","30","0","0","54","28","0","26","0","0","27","23","0","4","0","0","Under 1,000"
"203960","Mercy College of Ohio","2014","1196","489","707","767","1196","44","371","778","3","0","489","34","116","339","0","0","707","10","255","439","3","0","1,000 - 4,999"
"203997","Methodist Theological School in Ohio","2014","175","143","32","155","0","0","0","0","0","175","0","0","0","0","0","143","0","0","0","0","0","32","Under 1,000"
"204006","Miami University-Hamilton","2014","3386","2358","1028","2773","3386","745","192","2250","199","0","2358","649","126","1554","29","0","1028","96","66","696","170","0","1,000 - 4,999"
"204015","Miami University-Middletown","2014","2062","1248","814","1576","2062","398","97","1112","455","0","1248","332","68","761","87","0","814","66","29","351","368","0","1,000 - 4,999"
"204024","Miami University-Oxford","2014","18620","16337","2283","17184","15813","3644","240","11570","359","2807","15311","3641","235","11153","282","1026","502","3","5","417","77","1781","10,000 - 19,999"
"204060","Miami-Jacobs Career College-Dayton","2014","159","113","46","131","159","28","30","101","0","0","113","20","21","72","0","0","46","8","9","29","0","0","Under 1,000"
"204121","Moler Hollywood Beauty Academy","2014","89","50","39","65","89","42","0","47","0","0","50","23","0","27","0","0","39","19","0","20","0","0","Under 1,000"
"204158","Miami Valley Career Technology Center","2014","280","280","0","280","280","143","0","137","0","0","280","143","0","137","0","0","0","0","0","0","0","0","Under 1,000"
"204176","Mount Carmel College of Nursing","2014","1084","690","394","844","927","83","130","713","1","157","622","79","44","499","0","68","305","4","86","214","1","89","1,000 - 4,999"
"204185","University of Mount Union","2014","2262","2186","76","2216","2174","635","54","1455","30","88","2126","635","54","1430","7","60","48","0","0","25","23","28","1,000 - 4,999"
"204194","Mount Vernon Nazarene University","2014","2137","1582","555","1798","1768","311","45","1350","62","369","1392","311","43","1032","6","190","376","0","2","318","56","179","1,000 - 4,999"
"204200","College of Mount St Joseph","2014","2219","1345","874","1684","1657","297","66","1100","194","562","1142","292","49","801","0","203","515","5","17","299","194","359","1,000 - 4,999"
"204255","Zane State College","2014","4009","1042","2967","2038","4009","629","98","1336","1946","0","1042","270","53","558","161","0","2967","359","45","778","1785","0","1,000 - 4,999"
"204264","Muskingum University","2014","2074","1445","629","1689","1724","384","92","1122","126","350","1387","384","61","916","26","58","337","0","31","206","100","292","1,000 - 4,999"
"204307","Fortis College-Cuyahoga Falls","2014","526","449","77","480","526","116","16","394","0","0","449","106","11","332","0","0","77","10","5","62","0","0","Under 1,000"
"204316","Brown Mackie College-North Canton","2014","471","471","0","471","471","141","10","320","0","0","471","141","10","320","0","0","0","0","0","0","0","0","Under 1,000"
"204334","National Beauty College","2014","46","46","0","46","46","18","0","28","0","0","46","18","0","28","0","0","0","0","0","0","0","0","Under 1,000"
"204422","North Central State College","2014","2937","750","2187","1484","2937","424","250","1568","695","0","750","212","104","328","106","0","2187","212","146","1240","589","0","1,000 - 4,999"
"204431","Northern Institute of Cosmetology","2014","37","37","0","37","37","12","0","25","0","0","37","12","0","25","0","0","0","0","0","0","0","0","Under 1,000"
"204440","Northwest State Community College","2014","3612","713","2899","1686","3612","300","129","1299","1884","0","713","166","52","352","143","0","2899","134","77","947","1741","0","1,000 - 4,999"
"204459","Toledo Public Schools Adult and Continuing Education","2014","123","123","0","123","123","26","0","97","0","0","123","26","0","97","0","0","0","0","0","0","0","0","Under 1,000"
"204468","Notre Dame College","2014","2281","1374","907","1728","2055","338","192","1290","235","226","1374","336","110","913","15","0","681","2","82","377","220","226","1,000 - 4,999"
"204477","Northeast Ohio Medical University","2014","893","878","15","883","0","0","0","0","0","893","0","0","0","0","0","878","0","0","0","0","0","15","Under 1,000"
"204486","University of Northwestern Ohio","2014","4111","3669","442","3842","4045","1245","209","2580","11","66","3628","1186","184","2258","0","41","417","59","25","322","11","25","1,000 - 4,999"
"204501","Oberlin College","2014","2978","2937","41","2953","2961","797","28","2136","0","17","2920","797","26","2097","0","17","41","0","2","39","0","0","1,000 - 4,999"
"204592","Ohio College of Massotherapy Inc","2014","72","58","14","64","72","17","0","55","0","0","58","14","0","44","0","0","14","3","0","11","0","0","Under 1,000"
"204608","Ohio Technical College","2014","1073","1073","0","1073","1073","342","0","731","0","0","1073","342","0","731","0","0","0","0","0","0","0","0","1,000 - 4,999"
"204617","Ohio Dominican University","2014","2707","1865","842","2193","1865","228","90","1032","515","842","1292","226","70","959","37","573","573","2","20","73","478","269","1,000 - 4,999"
"204626","Kaplan College-Dayton","2014","317","317","0","317","317","25","53","239","0","0","317","25","53","239","0","0","0","0","0","0","0","0","Under 1,000"
"204635","Ohio Northern University","2014","3695","3098","597","3332","2854","628","59","1547","620","841","2262","628","56","1501","77","836","592","0","3","46","543","5","1,000 - 4,999"
"204662","Ohio State University Agricultural Technical Institute","2014","702","621","81","648","702","318","32","338","14","0","621","317","30","274","0","0","81","1","2","64","14","0","Under 1,000"
"204671","Ohio State University-Lima Campus","2014","1056","874","182","947","1041","432","50","506","53","15","874","417","39","412","6","0","167","15","11","94","47","15","1,000 - 4,999"
"204680","Ohio State University-Mansfield Campus","2014","1188","968","220","1056","1155","477","64","551","63","33","960","470","51","437","2","8","195","7","13","114","61","25","1,000 - 4,999"
"204699","Ohio State University-Marion Campus","2014","1204","955","249","1055","1192","446","76","624","46","12","955","422","58","472","3","0","237","24","18","152","43","12","1,000 - 4,999"
"204705","Ohio State University-Newark Campus","2014","2396","1998","398","2158","2384","1234","142","935","73","12","1993","1179","108","701","5","5","391","55","34","234","68","7","1,000 - 4,999"
"204714","Ohio State Beauty Academy","2014","148","148","0","148","148","34","0","114","0","0","148","34","0","114","0","0","0","0","0","0","0","0","Under 1,000"
"204723","Ohio State College of Barber Styling","2014","197","197","0","197","197","53","0","144","0","0","197","53","0","144","0","0","0","0","0","0","0","0","Under 1,000"
"204769","The Spa School","2014","89","89","0","89","89","66","0","23","0","0","89","66","0","23","0","0","0","0","0","0","0","0","Under 1,000"
"204778","Ohio State School of Cosmetology-Canal Winchester","2014","131","131","0","131","131","52","0","79","0","0","131","52","0","79","0","0","0","0","0","0","0","0","Under 1,000"
"204796","Ohio State University-Main Campus","2014","58322","50624","7698","53581","44741","7079","2865","33789","1008","13581","40613","7070","2559","30823","161","10011","4128","9","306","2966","847","3570","20,000 and above"
"204802","Ohio University-Eastern Campus","2014","1078","419","659","685","1078","96","70","787","125","0","419","90","23","240","66","0","659","6","47","547","59","0","1,000 - 4,999"
"204820","Ohio University-Chillicothe Campus","2014","2308","1108","1200","1592","2308","376","119","1687","126","0","1108","352","40","681","35","0","1200","24","79","1006","91","0","1,000 - 4,999"
"204839","Ohio University-Southern Campus","2014","2018","1009","1009","1416","2018","249","149","1454","166","0","1009","225","71","665","48","0","1009","24","78","789","118","0","1,000 - 4,999"
"204848","Ohio University-Lancaster Campus","2014","2464","1204","1260","1712","2464","474","114","1668","208","0","1204","407","57","670","70","0","1260","67","57","998","138","0","1,000 - 4,999"
"204857","Ohio University-Main Campus","2014","29217","19869","9348","23524","23571","4377","1604","17409","181","5646","17019","4367","673","11946","33","2850","6552","10","931","5463","148","2796","20,000 and above"
"204866","Ohio University-Zanesville Campus","2014","2116","902","1214","1392","2116","294","154","1496","172","0","902","288","55","520","39","0","1214","6","99","976","133","0","1,000 - 4,999"
"204884","Ohio Valley College of Technology","2014","146","130","16","136","146","30","48","68","0","0","130","30","43","57","0","0","16","0","5","11","0","0","Under 1,000"
"204893","Trinity Health System School of Nursing","2014","98","98","0","98","98","1","0","97","0","0","98","1","0","97","0","0","0","0","0","0","0","0","Under 1,000"
"204909","Ohio Wesleyan University","2014","1734","1717","17","1724","1734","458","26","1241","9","0","1717","458","26","1231","2","0","17","0","0","10","7","0","1,000 - 4,999"
"204936","Otterbein University","2014","2791","2167","624","2408","2342","563","94","1614","71","449","2128","560","80","1470","18","39","214","3","14","144","53","410","1,000 - 4,999"
"204945","Owens Community College","2014","12561","4247","8314","7038","12561","1745","793","8825","1198","0","4247","1061","387","2774","25","0","8314","684","406","6051","1173","0","10,000 - 19,999"
"204963","Paramount Beauty Academy","2014","97","59","38","74","97","90","0","7","0","0","59","56","0","3","0","0","38","34","0","4","0","0","Under 1,000"
"204981","Cuyahoga Valley Career Center","2014","106","15","91","46","106","24","0","82","0","0","15","3","0","12","0","0","91","21","0","70","0","0","Under 1,000"
"204990","Payne Theological Seminary","2014","125","74","51","93","0","0","0","0","0","125","0","0","0","0","0","74","0","0","0","0","0","51","Under 1,000"
"205027","Pontifical College Josephinum","2014","226","211","15","217","129","19","32","78","0","97","129","19","32","78","0","82","0","0","0","0","0","15","Under 1,000"
"205054","Professional Skills Institute","2014","286","286","0","286","286","31","84","171","0","0","286","31","84","171","0","0","0","0","0","0","0","0","Under 1,000"
"205090","Firelands Regional Medical Center School of Nursing","2014","89","63","26","73","89","0","0","89","0","0","63","0","0","63","0","0","26","0","0","26","0","0","Under 1,000"
"205124","Rabbinical College Telshe","2014","88","88","0","88","48","12","2","34","0","40","48","12","2","34","0","40","0","0","0","0","0","0","Under 1,000"
"205142","Raphael's School of Beauty Culture Inc-Niles","2014","109","81","28","92","109","15","0","94","0","0","81","14","0","67","0","0","28","1","0","27","0","0","Under 1,000"
"205179","Fortis College-Centerville","2014","1645","1645","0","1645","1645","312","0","1333","0","0","1645","312","0","1333","0","0","0","0","0","0","0","0","1,000 - 4,999"
"205203","University of Rio Grande","2014","2202","1739","463","1920","2147","366","103","860","818","55","1721","341","75","680","625","18","426","25","28","180","193","37","1,000 - 4,999"
"205391","Advertising Art Educational Services DBA School of Advertising Art","2014","139","137","2","138","139","69","11","59","0","0","137","69","11","57","0","0","2","0","0","2","0","0","Under 1,000"
"205443","Shawnee State University","2014","4247","3407","840","3745","4114","955","230","2568","361","133","3309","900","203","2145","61","98","805","55","27","423","300","35","1,000 - 4,999"
"205470","Sinclair Community College","2014","19093","5211","13882","9872","19093","3285","1710","11095","3003","0","5211","1483","615","2748","365","0","13882","1802","1095","8347","2638","0","10,000 - 19,999"
"205513","Gallipolis Career College","2014","96","48","48","67","96","18","0","78","0","0","48","16","0","32","0","0","48","2","0","46","0","0","Under 1,000"
"205522","Daymar College-New Boston","2014","52","33","19","41","52","0","4","48","0","0","33","0","3","30","0","0","19","0","1","18","0","0","Under 1,000"
"205531","Daymar College-Jackson","2014","34","31","3","32","34","4","3","27","0","0","31","4","3","24","0","0","3","0","0","3","0","0","Under 1,000"
"205559","Daymar College-Lancaster","2014","45","39","6","41","45","3","11","31","0","0","39","3","9","27","0","0","6","0","2","4","0","0","Under 1,000"
"205568","Daymar College-Chillicothe","2014","38","27","11","31","38","5","8","25","0","0","27","5","5","17","0","0","11","0","3","8","0","0","Under 1,000"
"205610","Brown Mackie College-Cincinnati","2014","918","918","0","918","918","153","119","646","0","0","918","153","119","646","0","0","0","0","0","0","0","0","Under 1,000"
"205647","Brown Mackie College-Akron","2014","533","533","0","533","533","46","81","406","0","0","533","46","81","406","0","0","0","0","0","0","0","0","Under 1,000"
"205841","Stark State College","2014","14097","4111","9986","7464","14097","2175","1070","8074","2778","0","4111","1131","472","2318","190","0","9986","1044","598","5756","2588","0","10,000 - 19,999"
"205887","Stautzenberger College-Maumee","2014","708","311","397","469","708","75","196","437","0","0","311","50","98","163","0","0","397","25","98","274","0","0","Under 1,000"
"205957","Franciscan University of Steubenville","2014","2714","2169","545","2379","2135","464","134","1467","70","579","2002","463","130","1404","5","167","133","1","4","63","65","412","1,000 - 4,999"
"205966","Southern State Community College","2014","2462","1135","1327","1581","2462","570","117","1265","510","0","1135","357","64","577","137","0","1327","213","53","688","373","0","1,000 - 4,999"
"206002","Ohio Mid-Western College","2014","129","34","95","71","129","34","0","56","39","0","34","4","0","30","0","0","95","30","0","26","39","0","Under 1,000"
"206011","Terra State Community College","2014","2603","822","1781","1420","2603","371","216","1428","588","0","822","158","91","478","95","0","1781","213","125","950","493","0","1,000 - 4,999"
"206039","Tiffin Academy of Hair Design","2014","56","56","0","56","56","31","0","25","0","0","56","31","0","25","0","0","0","0","0","0","0","0","Under 1,000"
"206048","Tiffin University","2014","4100","2118","1982","2887","3016","520","218","1865","413","1084","1966","500","143","1313","10","152","1050","20","75","552","403","932","1,000 - 4,999"
"206084","University of Toledo","2014","20626","15903","4723","17749","16090","3436","1044","10702","908","4536","12806","3359","794","8546","107","3097","3284","77","250","2156","801","1439","20,000 and above"
"206093","Kaplan Career Institute-Cleveland","2014","91","91","0","91","91","0","0","91","0","0","91","0","0","91","0","0","0","0","0","0","0","0","Under 1,000"
"206154","Tri-State Bible College","2014","67","23","44","40","67","3","11","48","5","0","23","2","3","18","0","0","44","1","8","30","5","0","Under 1,000"
"206172","Tri-County Adult Career Center","2014","105","105","0","105","105","51","0","54","0","0","105","51","0","54","0","0","0","0","0","0","0","0","Under 1,000"
"206181","Tri-Rivers Career Center","2014","142","123","19","129","142","24","0","118","0","0","123","24","0","99","0","0","19","0","0","19","0","0","Under 1,000"
"206215","Trinity Lutheran Seminary","2014","111","68","43","84","0","0","0","0","0","111","0","0","0","0","0","68","0","0","0","0","0","43","Under 1,000"
"206224","Trumbull Business College","2014","192","139","53","160","192","28","23","141","0","0","139","23","20","96","0","0","53","5","3","45","0","0","Under 1,000"
"206279","Union Institute & University","2014","1567","803","764","1101","1085","13","307","736","29","482","560","0","173","384","3","243","525","13","134","352","26","239","1,000 - 4,999"
"206288","United Theological Seminary","2014","638","438","200","514","0","0","0","0","0","638","0","0","0","0","0","438","0","0","0","0","0","200","Under 1,000"
"206321","Upper Valley Career Center","2014","323","56","267","146","323","60","0","48","215","0","56","31","0","25","0","0","267","29","0","23","215","0","Under 1,000"
"206330","Urbana University","2014","1922","665","1257","1157","1717","327","244","297","849","205","632","241","169","222","0","33","1085","86","75","75","849","172","1,000 - 4,999"
"206349","Ursuline College","2014","1236","568","668","826","706","92","60","542","12","530","485","92","39","354","0","83","221","0","21","188","12","447","1,000 - 4,999"
"206358","Valley Beauty School","2014","10","10","0","10","10","8","0","2","0","0","10","8","0","2","0","0","0","0","0","0","0","0","Under 1,000"
"206394","Virginia Marti College of Art and Design","2014","166","104","62","129","166","18","15","129","4","0","104","17","11","76","0","0","62","1","4","53","4","0","Under 1,000"
"206437","Walsh University","2014","2919","2121","798","2430","2325","447","108","1702","68","594","1903","447","70","1376","10","218","422","0","38","326","58","376","1,000 - 4,999"
"206446","Washington State Community College","2014","1623","726","897","1027","1623","296","297","543","487","0","726","188","152","311","75","0","897","108","145","232","412","0","1,000 - 4,999"
"206482","Western Hills School of Beauty and Hair Design","2014","206","118","88","153","206","43","0","163","0","0","118","19","0","99","0","0","88","24","0","64","0","0","Under 1,000"
"206491","Wilberforce University","2014","387","370","17","377","364","33","7","324","0","23","348","33","7","308","0","22","16","0","0","16","0","1","Under 1,000"
"206507","Wilmington College","2014","1200","1110","90","1145","1200","389","118","689","4","0","1110","383","54","673","0","0","90","6","64","16","4","0","1,000 - 4,999"
"206516","Winebrenner Theological Seminary","2014","64","29","35","42","0","0","0","0","0","64","0","0","0","0","0","29","0","0","0","0","0","35","Under 1,000"
"206525","Wittenberg University","2014","1964","1850","114","1895","1948","516","40","1340","52","16","1850","516","40","1281","13","0","98","0","0","59","39","16","1,000 - 4,999"
"206589","The College of Wooster","2014","2049","2024","25","2034","2049","547","0","1482","20","0","2024","547","0","1467","10","0","25","0","0","15","10","0","1,000 - 4,999"
"206604","Wright State University-Main Campus","2014","16842","11553","5289","13581","12682","2359","1099","8632","592","4160","9937","2307","807","6778","45","1616","2745","52","292","1854","547","2544","10,000 - 19,999"
"206613","Wright State University-Lake Campus","2014","1147","783","364","929","1115","242","73","639","161","32","761","226","53","482","0","22","354","16","20","157","161","10","1,000 - 4,999"
"206622","Xavier University","2014","6508","4832","1676","5476","4621","1214","77","3173","157","1887","4270","1210","55","2974","31","562","351","4","22","199","126","1325","5,000 - 9,999"
"206631","ITT Technical Institute-Youngstown","2014","511","392","119","439","511","81","4","426","0","0","392","75","3","314","0","0","119","6","1","112","0","0","Under 1,000"
"206695","Youngstown State University","2014","12503","9410","3093","10633","11267","1764","567","8364","572","1236","8772","1704","378","6611","79","638","2495","60","189","1753","493","598","10,000 - 19,999"
"206783","American Broadcasting School-Oklahoma City","2014","23","23","0","23","23","8","0","15","0","0","23","8","0","15","0","0","0","0","0","0","0","0","Under 1,000"
"206817","Bacone College","2014","968","861","107","903","968","215","160","564","29","0","861","205","140","487","29","0","107","10","20","77","0","0","Under 1,000"
"206835","Oklahoma Wesleyan University","2014","1345","603","742","893","1205","197","174","782","52","140","602","186","54","360","2","1","603","11","120","422","50","139","1,000 - 4,999"
"206862","Southern Nazarene University","2014","2254","2148","106","2190","1737","270","101","1333","33","517","1634","270","93","1271","0","514","103","0","8","62","33","3","1,000 - 4,999"
"206880","Broken Arrow Beauty College-Broken Arrow","2014","39","36","3","37","39","15","0","24","0","0","36","15","0","21","0","0","3","0","0","3","0","0","Under 1,000"
"206905","Pontotoc Technology Center","2014","106","76","30","86","106","13","0","93","0","0","76","1","0","75","0","0","30","12","0","18","0","0","Under 1,000"
"206914","Cameron University","2014","5537","3565","1972","4348","5054","816","426","3474","338","483","3399","720","293","2378","8","166","1655","96","133","1096","330","317","5,000 - 9,999"
"206923","Carl Albert State College","2014","2241","1440","801","1709","2241","827","134","1040","240","0","1440","682","86","664","8","0","801","145","48","376","232","0","1,000 - 4,999"
"206932","Central State Beauty Academy","2014","136","85","51","105","136","25","0","111","0","0","85","10","0","75","0","0","51","15","0","36","0","0","Under 1,000"
"206941","University of Central Oklahoma","2014","16840","11383","5457","13536","14998","2149","1633","10946","270","1842","10726","2006","1145","7417","158","657","4272","143","488","3529","112","1185","10,000 - 19,999"
"206969","Claremore Beauty College","2014","15","15","0","15","15","8","0","7","0","0","15","8","0","7","0","0","0","0","0","0","0","0","Under 1,000"
"206996","Connors State College","2014","2278","1412","866","1703","2278","569","162","1083","464","0","1412","463","86","714","149","0","866","106","76","369","315","0","1,000 - 4,999"
"207041","East Central University","2014","4428","3229","1199","3691","3637","605","312","2719","1","791","2972","581","249","2142","0","257","665","24","63","577","1","534","1,000 - 4,999"
"207050","Eastern Oklahoma State College","2014","1673","869","804","1139","1673","333","179","813","348","0","869","289","94","478","8","0","804","44","85","335","340","0","1,000 - 4,999"
"207069","Redlands Community College","2014","2661","692","1969","1353","2661","451","409","428","1373","0","692","313","142","223","14","0","1969","138","267","205","1359","0","1,000 - 4,999"
"207087","Enid Beauty College","2014","38","38","0","38","38","5","0","33","0","0","38","5","0","33","0","0","0","0","0","0","0","0","Under 1,000"
"207102","Eves College of Hairstyling","2014","79","79","0","79","79","38","0","41","0","0","79","38","0","41","0","0","0","0","0","0","0","0","Under 1,000"
"207157","Hillsdale Free Will Baptist College","2014","234","191","43","208","226","70","0","156","0","8","186","47","0","139","0","5","40","23","0","17","0","3","Under 1,000"
"207166","Hollywood Cosmetology Center","2014","6","6","0","6","6","4","0","2","0","0","6","4","0","2","0","0","0","0","0","0","0","0","Under 1,000"
"207209","Langston University","2014","2482","2003","479","2185","2060","584","420","1046","10","422","1851","582","287","981","1","152","209","2","133","65","9","270","1,000 - 4,999"
"207236","Murray State College","2014","2473","1149","1324","1594","2473","672","177","989","635","0","1149","502","80","533","34","0","1324","170","97","456","601","0","1,000 - 4,999"
"207254","Spartan College of Aeronautics and Technology","2014","849","849","0","849","849","361","0","488","0","0","849","361","0","488","0","0","0","0","0","0","0","0","Under 1,000"
"207263","Northeastern State University","2014","8310","5506","2804","6606","7094","935","1210","4769","180","1216","5045","906","721","3418","0","461","2049","29","489","1351","180","755","5,000 - 9,999"
"207272","Beauty Technical College Inc","2014","29","29","0","29","29","16","0","13","0","0","29","16","0","13","0","0","0","0","0","0","0","0","Under 1,000"
"207281","Northern Oklahoma College","2014","4766","2115","2651","3005","4766","1042","315","2026","1383","0","2115","853","135","1098","29","0","2651","189","180","928","1354","0","1,000 - 4,999"
"207290","Northeastern Oklahoma A&M College","2014","2274","1629","645","1846","2274","739","174","1108","253","0","1629","677","121","812","19","0","645","62","53","296","234","0","1,000 - 4,999"
"207306","Northwestern Oklahoma State University","2014","2166","1481","685","1751","1957","397","279","1200","81","209","1415","370","153","892","0","66","542","27","126","308","81","143","1,000 - 4,999"
"207315","Oklahoma State University Center for Health Sciences","2014","664","490","174","553","0","0","0","0","0","664","0","0","0","0","0","490","0","0","0","0","0","174","Under 1,000"
"207324","Oklahoma Christian University","2014","2475","2125","350","2260","1968","503","336","1099","30","507","1868","500","302","1057","9","257","100","3","34","42","21","250","1,000 - 4,999"
"207342","University of Oklahoma-Health Sciences Center","2014","3499","2929","570","3137","828","0","336","492","0","2671","774","0","330","444","0","2155","54","0","6","48","0","516","1,000 - 4,999"
"207351","Oklahoma Panhandle State University","2014","1298","964","334","1099","1298","238","22","876","162","0","964","232","20","707","5","0","334","6","2","169","157","0","1,000 - 4,999"
"207388","Oklahoma State University-Main Campus","2014","25962","20129","5833","22354","20952","4056","1657","14923","316","5010","18201","3871","1335","12915","80","1928","2751","185","322","2008","236","3082","20,000 and above"
"207397","Oklahoma State University-Oklahoma City","2014","6712","2175","4537","4006","6712","910","1468","3808","526","0","2175","481","312","1363","19","0","4537","429","1156","2445","507","0","5,000 - 9,999"
"207403","Oklahoma Baptist University","2014","1979","1842","137","1896","1921","483","92","1249","97","58","1808","483","84","1218","23","34","113","0","8","31","74","24","1,000 - 4,999"
"207449","Oklahoma City Community College","2014","13444","4555","8889","7539","13444","2392","1037","8938","1077","0","4555","1259","344","2926","26","0","8889","1133","693","6012","1051","0","10,000 - 19,999"
"207458","Oklahoma City University","2014","3035","2425","610","2660","1808","295","426","1072","15","1227","1630","294","373","959","4","795","178","1","53","113","11","432","1,000 - 4,999"
"207500","University of Oklahoma-Norman Campus","2014","27261","21089","6172","23447","21011","4176","1144","15218","473","6250","18006","3882","876","12953","295","3083","3005","294","268","2265","178","3167","20,000 and above"
"207537","Oklahoma School of Photography","2014","28","28","0","28","28","8","0","20","0","0","28","8","0","20","0","0","0","0","0","0","0","0","Under 1,000"
"207564","Oklahoma State University Institute of Technology","2014","3379","1995","1384","2554","3379","695","238","1493","953","0","1995","427","176","1121","271","0","1384","268","62","372","682","0","1,000 - 4,999"
"207582","Oral Roberts University","2014","3481","2816","665","3075","2947","403","236","2308","0","534","2500","400","218","1882","0","316","447","3","18","426","0","218","1,000 - 4,999"
"207607","Tulsa Technology Center-Peoria Campus","2014","553","131","422","273","553","43","0","510","0","0","131","24","0","107","0","0","422","19","0","403","0","0","Under 1,000"
"207625","Platt College-Central OKC","2014","134","134","0","134","134","20","37","77","0","0","134","20","37","77","0","0","0","0","0","0","0","0","Under 1,000"
"207661","Rogers State University","2014","4030","2411","1619","3064","4018","698","369","2544","407","12","2406","611","232","1553","10","5","1612","87","137","991","397","7","1,000 - 4,999"
"207670","Rose State College","2014","6891","2684","4207","4096","6891","1317","862","3888","824","0","2684","869","271","1498","46","0","4207","448","591","2390","778","0","5,000 - 9,999"
"207689","Saint Gregory's University","2014","649","531","118","577","620","107","106","383","24","29","503","102","86","312","3","28","117","5","20","71","21","1","Under 1,000"
"207704","Standard Beauty College of Oklahoma","2014","85","85","0","85","85","17","0","68","0","0","85","17","0","68","0","0","0","0","0","0","0","0","Under 1,000"
"207722","University of Science and Arts of Oklahoma","2014","904","801","103","843","904","168","104","573","59","0","801","168","97","525","11","0","103","0","7","48","48","0","Under 1,000"
"207740","Seminole State College","2014","1895","939","956","1260","1895","516","180","814","385","0","939","380","95","444","20","0","956","136","85","370","365","0","1,000 - 4,999"
"207786","Southern School of Beauty Inc","2014","28","28","0","28","28","27","0","1","0","0","28","27","0","1","0","0","0","0","0","0","0","0","Under 1,000"
"207847","Southeastern Oklahoma State University","2014","3878","2864","1014","3264","3519","500","673","2199","147","359","2718","486","484","1747","1","146","801","14","189","452","146","213","1,000 - 4,999"
"207856","Southwestern Christian University","2014","813","611","202","690","778","155","115","504","4","35","586","126","70","390","0","25","192","29","45","114","4","10","Under 1,000"
"207865","Southwestern Oklahoma State University","2014","4994","3867","1127","4310","4240","914","344","2793","189","754","3396","896","270","2219","11","471","844","18","74","574","178","283","1,000 - 4,999"
"207935","Tulsa Community College","2014","17861","5964","11897","9958","17861","3666","3473","8454","2268","0","5964","2058","973","2853","80","0","11897","1608","2500","5601","2188","0","10,000 - 19,999"
"207962","Tulsa Welding School-Tulsa","2014","1054","1054","0","1054","1054","397","0","657","0","0","1054","397","0","657","0","0","0","0","0","0","0","0","1,000 - 4,999"
"207971","University of Tulsa","2014","4682","4195","487","4382","3473","764","141","2536","32","1209","3362","761","128","2452","21","833","111","3","13","84","11","376","1,000 - 4,999"
"208017","Virgil's Beauty College","2014","22","22","0","22","22","4","0","18","0","0","22","4","0","18","0","0","0","0","0","0","0","0","Under 1,000"
"208026","Indian Capital Technology Center-Tahlequah","2014","309","122","187","185","309","248","0","61","0","0","122","67","0","55","0","0","187","181","0","6","0","0","Under 1,000"
"208035","Western Oklahoma State College","2014","1460","579","881","875","1460","302","128","748","282","0","579","238","41","296","4","0","881","64","87","452","278","0","1,000 - 4,999"
"208044","Woodward Beauty College","2014","39","39","0","39","39","24","0","15","0","0","39","24","0","15","0","0","0","0","0","0","0","0","Under 1,000"
"208053","High Plains Technology Center","2014","262","41","221","115","262","58","0","19","185","0","41","36","0","5","0","0","221","22","0","14","185","0","Under 1,000"
"208080","Academy of Hair Design-Salem","2014","58","58","0","58","58","13","0","45","0","0","58","13","0","45","0","0","0","0","0","0","0","0","Under 1,000"
"208123","Abdill Career College Inc","2014","41","41","0","41","41","11","0","30","0","0","41","11","0","30","0","0","0","0","0","0","0","0","Under 1,000"
"208187","Paul Mitchell the School-Portland","2014","150","150","0","150","150","28","0","122","0","0","150","28","0","122","0","0","0","0","0","0","0","0","Under 1,000"
"208239","The Art Institute of Portland","2014","1111","781","330","911","1111","144","172","795","0","0","781","117","138","526","0","0","330","27","34","269","0","0","1,000 - 4,999"
"208248","Beau Monde College of Hair Design","2014","136","136","0","136","136","13","0","123","0","0","136","13","0","123","0","0","0","0","0","0","0","0","Under 1,000"
"208275","Blue Mountain Community College","2014","1731","844","887","1142","1731","354","283","751","343","0","844","248","172","410","14","0","887","106","111","341","329","0","1,000 - 4,999"
"208318","Central Oregon Community College","2014","6312","2736","3576","3937","6312","852","477","4438","545","0","2736","473","253","1994","16","0","3576","379","224","2444","529","0","5,000 - 9,999"
"208390","Chemeketa Community College","2014","11101","5610","5491","7454","11101","1351","218","7994","1538","0","5610","785","123","4097","605","0","5491","566","95","3897","933","0","10,000 - 19,999"
"208406","Clackamas Community College","2014","7302","2818","4484","4323","7302","1494","1121","3485","1202","0","2818","701","424","1490","203","0","4484","793","697","1995","999","0","5,000 - 9,999"
"208415","Clatsop Community College","2014","857","372","485","535","857","110","47","462","238","0","372","67","23","230","52","0","485","43","24","232","186","0","Under 1,000"
"208433","College of Hair Design Careers","2014","61","61","0","61","61","14","0","47","0","0","61","14","0","47","0","0","0","0","0","0","0","0","Under 1,000"
"208479","Concorde Career College-Portland","2014","804","804","0","804","804","211","0","593","0","0","804","211","0","593","0","0","0","0","0","0","0","0","Under 1,000"
"208488","Concordia University-Portland","2014","7435","6259","1176","6710","1257","200","196","847","14","6178","1075","198","161","714","2","5184","182","2","35","133","12","994","5,000 - 9,999"
"208512","Sumner College","2014","262","261","1","261","262","17","0","245","0","0","261","17","0","244","0","0","1","0","0","1","0","0","Under 1,000"
"208637","East West College of the Healing Arts","2014","245","0","245","97","245","140","0","105","0","0","0","0","0","0","0","0","245","140","0","105","0","0","Under 1,000"
"208646","Eastern Oregon University","2014","3653","1994","1659","2655","3348","312","533","2152","351","305","1895","282","320","1291","2","99","1453","30","213","861","349","206","1,000 - 4,999"
"208655","Phagans School of Hair Design-Portland","2014","135","135","0","135","135","20","0","115","0","0","135","20","0","115","0","0","0","0","0","0","0","0","Under 1,000"
"208725","New Hope Christian College-Eugene","2014","162","142","20","150","162","31","23","108","0","0","142","26","22","94","0","0","20","5","1","14","0","0","Under 1,000"
"208822","George Fox University","2014","3786","2672","1114","3100","2509","629","239","1626","15","1277","2251","627","186","1438","0","421","258","2","53","188","15","856","1,000 - 4,999"
"208859","Phagans Grants Pass College of Beauty","2014","46","46","0","46","46","35","0","11","0","0","46","35","0","11","0","0","0","0","0","0","0","0","Under 1,000"
"208965","ITT Technical Institute-Portland","2014","565","395","170","462","565","57","5","503","0","0","395","52","4","339","0","0","170","5","1","164","0","0","Under 1,000"
"209038","Lane Community College","2014","9236","4047","5189","5789","9236","1026","933","6411","866","0","4047","555","430","2847","215","0","5189","471","503","3564","651","0","5,000 - 9,999"
"209056","Lewis & Clark College","2014","3504","3044","460","3220","2179","563","60","1416","140","1325","2156","562","59","1411","124","888","23","1","1","5","16","437","1,000 - 4,999"
"209065","Linfield College-McMinnville Campus","2014","1683","1644","39","1659","1683","464","74","1105","40","0","1644","461","73","1081","29","0","39","3","1","24","11","0","1,000 - 4,999"
"209074","Linn-Benton Community College","2014","5314","2395","2919","3375","5314","978","1093","3142","101","0","2395","625","365","1367","38","0","2919","353","728","1775","63","0","5,000 - 9,999"
"209083","Northwest College-Beaverton","2014","145","145","0","145","145","9","0","136","0","0","145","9","0","136","0","0","0","0","0","0","0","0","Under 1,000"
"209108","Marylhurst University","2014","1273","281","992","666","696","0","152","445","99","577","169","0","56","113","0","112","527","0","96","332","99","465","1,000 - 4,999"
"209153","Phagans Medford Beauty School","2014","54","54","0","54","54","35","0","19","0","0","54","35","0","19","0","0","0","0","0","0","0","0","Under 1,000"
"209205","Northwest College-Clackamas","2014","200","200","0","200","200","14","0","186","0","0","200","14","0","186","0","0","0","0","0","0","0","0","Under 1,000"
"209241","Mount Angel Seminary","2014","152","137","15","143","61","8","0","53","0","91","61","8","0","53","0","76","0","0","0","0","0","15","Under 1,000"
"209250","Mt Hood Community College","2014","9276","3933","5343","5727","9276","1478","1018","6040","740","0","3933","897","565","2366","105","0","5343","581","453","3674","635","0","5,000 - 9,999"
"209287","Multnomah University","2014","753","603","150","661","418","48","33","337","0","335","355","44","29","282","0","248","63","4","4","55","0","87","Under 1,000"
"209296","National College of Natural Medicine","2014","613","576","37","590","0","0","0","0","0","613","0","0","0","0","0","576","0","0","0","0","0","37","Under 1,000"
"209348","Northwest Nannies Institute","2014","20","20","0","20","20","14","0","6","0","0","20","14","0","6","0","0","0","0","0","0","0","0","Under 1,000"
"209409","Northwest Christian University","2014","705","578","127","628","496","78","56","358","4","209","395","78","56","259","2","183","101","0","0","99","2","26","Under 1,000"
"209490","Oregon Health & Science University","2014","2861","1608","1253","2088","847","0","385","462","0","2014","202","0","153","49","0","1406","645","0","232","413","0","608","1,000 - 4,999"
"209506","Oregon Institute of Technology","2014","4260","2337","1923","3112","4205","359","616","2482","748","55","2300","328","355","1600","17","37","1905","31","261","882","731","18","1,000 - 4,999"
"209533","Oregon College of Art and Craft","2014","174","146","28","157","147","29","28","89","1","27","122","26","22","74","0","24","25","3","6","15","1","3","Under 1,000"
"209542","Oregon State University","2014","28886","22052","6834","24751","23903","3751","1976","17198","978","4983","18477","3453","1361","13188","475","3575","5426","298","615","4010","503","1408","20,000 and above"
"209551","University of Oregon","2014","24096","21585","2511","22572","20559","3961","1363","14928","307","3537","18673","3896","1181","13577","19","2912","1886","65","182","1351","288","625","20,000 and above"
"209603","Pacific Northwest College of Art","2014","519","476","43","493","409","74","61","274","0","110","367","73","57","237","0","109","42","1","4","37","0","1","Under 1,000"
"209612","Pacific University","2014","3640","3426","214","3508","1840","459","146","1197","38","1800","1797","459","140","1185","13","1629","43","0","6","12","25","171","1,000 - 4,999"
"209667","Phagans Beauty College","2014","56","56","0","56","56","39","0","17","0","0","56","39","0","17","0","0","0","0","0","0","0","0","Under 1,000"
"209676","Phagans Central Oregon Beauty College","2014","117","117","0","117","117","79","0","38","0","0","117","79","0","38","0","0","0","0","0","0","0","0","Under 1,000"
"209694","Phagans School of Beauty","2014","42","42","0","42","42","31","0","11","0","0","42","31","0","11","0","0","0","0","0","0","0","0","Under 1,000"
"209700","Phagans School of Hair Design","2014","181","181","0","181","181","26","0","155","0","0","181","26","0","155","0","0","0","0","0","0","0","0","Under 1,000"
"209719","Phagans Tigard Beauty School","2014","17","17","0","17","17","2","0","15","0","0","17","2","0","15","0","0","0","0","0","0","0","0","Under 1,000"
"209746","Portland Community College","2014","30929","12564","18365","18730","30929","2032","1958","24559","2380","0","12564","1043","797","10332","392","0","18365","989","1161","14227","1988","0","20,000 and above"
"209807","Portland State University","2014","27696","17330","10366","21396","22136","1703","3290","14669","2474","5560","14561","1571","2296","10047","647","2769","7575","132","994","4622","1827","2791","20,000 and above"
"209825","University of Portland","2014","4143","3726","417","3886","3674","1082","65","2501","26","469","3609","1082","63","2463","1","117","65","0","2","38","25","352","1,000 - 4,999"
"209922","Reed College","2014","1394","1339","55","1360","1374","347","23","965","39","20","1339","346","23","958","12","0","35","1","0","7","27","20","1,000 - 4,999"
"209940","Rogue Community College","2014","5099","1928","3171","2993","5099","730","182","3404","783","0","1928","313","82","1349","184","0","3171","417","100","2055","599","0","5,000 - 9,999"
"209986","Roseburg Beauty College","2014","48","48","0","48","48","13","0","35","0","0","48","13","0","35","0","0","0","0","0","0","0","0","Under 1,000"
"210076","Pioneer Pacific College","2014","1195","786","409","947","1195","132","801","257","5","0","786","114","509","162","1","0","409","18","292","95","4","0","1,000 - 4,999"
"210100","Springfield College of Beauty","2014","71","71","0","71","71","8","0","63","0","0","71","8","0","63","0","0","0","0","0","0","0","0","Under 1,000"
"210146","Southern Oregon University","2014","5954","3800","2154","4655","5406","663","671","3063","1009","548","3581","630","491","2318","142","219","1825","33","180","745","867","329","5,000 - 9,999"
"210155","Southwestern Oregon Community College","2014","2316","1089","1227","1501","2316","530","97","1023","666","0","1089","466","57","549","17","0","1227","64","40","474","649","0","1,000 - 4,999"
"210234","Treasure Valley Community College","2014","2396","1095","1301","1532","2396","577","127","1401","291","0","1095","382","99","604","10","0","1301","195","28","797","281","0","1,000 - 4,999"
"210270","Umpqua Community College","2014","2045","971","1074","1332","2045","169","7","893","976","0","971","115","6","380","470","0","1074","54","1","513","506","0","1,000 - 4,999"
"210304","Warner Pacific College","2014","554","524","30","536","552","142","80","329","1","2","522","133","78","310","1","2","30","9","2","19","0","0","Under 1,000"
"210331","Corban University","2014","1125","921","204","1000","937","220","66","638","13","188","853","220","56","567","10","68","84","0","10","71","3","120","1,000 - 4,999"
"210340","College of Cosmetology","2014","62","62","0","62","62","12","0","50","0","0","62","12","0","50","0","0","0","0","0","0","0","0","Under 1,000"
"210359","Everest College-Portland","2014","161","58","103","99","161","12","17","132","0","0","58","12","11","35","0","0","103","0","6","97","0","0","Under 1,000"
"210368","Western Seminary","2014","743","82","661","335","0","0","0","0","0","743","0","0","0","0","0","82","0","0","0","0","0","661","Under 1,000"
"210401","Willamette University","2014","2780","2608","172","2675","2166","553","33","1423","157","614","2008","552","32","1404","20","600","158","1","1","19","137","14","1,000 - 4,999"
"210429","Western Oregon University","2014","6049","4444","1605","5059","4986","875","575","3473","63","1063","4155","834","438","2882","1","289","831","41","137","591","62","774","5,000 - 9,999"
"210438","University of Western States","2014","690","438","252","535","80","25","38","0","17","610","0","0","0","0","0","438","80","25","38","0","17","172","Under 1,000"
"210456","Abington Memorial Hospital Dixon School of Nursing","2014","224","224","0","224","224","0","0","224","0","0","224","0","0","224","0","0","0","0","0","0","0","0","Under 1,000"
"210474","Jolie Hair and Beauty Academy-Hazleton","2014","81","60","21","68","81","13","0","68","0","0","60","11","0","49","0","0","21","2","0","19","0","0","Under 1,000"
"210483","Keystone Technical Institute","2014","341","341","0","341","341","40","30","271","0","0","341","40","30","271","0","0","0","0","0","0","0","0","Under 1,000"
"210492","Bryn Athyn College of the New Church","2014","281","270","11","274","273","85","16","170","2","8","265","85","16","163","1","5","8","0","0","7","1","3","Under 1,000"
"210508","Academy of Vocal Arts","2014","28","28","0","28","0","0","0","0","0","28","0","0","0","0","0","28","0","0","0","0","0","0","Under 1,000"
"210571","Albright College","2014","2393","2330","63","2354","2360","540","185","1615","20","33","2330","540","185","1605","0","0","30","0","0","10","20","33","1,000 - 4,999"
"210599","All-State Career School-Lester","2014","314","314","0","314","314","124","0","190","0","0","314","124","0","190","0","0","0","0","0","0","0","0","Under 1,000"
"210605","Community College of Allegheny County","2014","17153","6012","11141","9752","17153","3811","706","11486","1150","0","6012","2108","334","3487","83","0","11141","1703","372","7999","1067","0","10,000 - 19,999"
"210669","Allegheny College","2014","2023","1979","44","1996","2023","476","25","1467","55","0","1979","473","25","1457","24","0","44","3","0","10","31","0","1,000 - 4,999"
"210711","The Vision Academy","2014","43","43","0","43","43","36","0","7","0","0","43","36","0","7","0","0","0","0","0","0","0","0","Under 1,000"
"210739","DeSales University","2014","3190","2067","1123","2502","2383","408","77","1898","0","807","1794","406","77","1311","0","273","589","2","0","587","0","534","1,000 - 4,999"
"210748","Altoona Beauty School Inc","2014","60","35","25","45","60","14","0","46","0","0","35","11","0","24","0","0","25","3","0","22","0","0","Under 1,000"
"210775","Alvernia University","2014","2917","1931","986","2315","2442","376","90","1806","170","475","1798","376","84","1337","1","133","644","0","6","469","169","342","1,000 - 4,999"
"210784","Magnolia School","2014","115","92","23","101","115","75","0","40","0","0","92","61","0","31","0","0","23","14","0","9","0","0","Under 1,000"
"210809","American College of Financial Services","2014","20911","0","20911","8205","19961","0","0","19901","60","950","0","0","0","0","0","0","19961","0","0","19901","60","950","20,000 and above"
"210890","Antonelli Institute","2014","188","188","0","188","188","85","20","83","0","0","188","85","20","83","0","0","0","0","0","0","0","0","Under 1,000"
"210906","The Art Institutes of York-PA","2014","369","271","98","309","369","83","20","265","1","0","271","53","10","208","0","0","98","30","10","57","1","0","Under 1,000"
"210942","The Art Institute of Philadelphia","2014","1953","1229","724","1513","1953","489","97","1367","0","0","1229","367","67","795","0","0","724","122","30","572","0","0","1,000 - 4,999"
"210951","Career Training Academy-New Kensington","2014","171","171","0","171","171","28","13","130","0","0","171","28","13","130","0","0","0","0","0","0","0","0","Under 1,000"
"210960","The Art Institute of Pittsburgh","2014","1280","846","434","1016","1280","340","74","865","1","0","846","229","46","571","0","0","434","111","28","294","1","0","1,000 - 4,999"
"211006","Automotive Training Center-Exton","2014","372","342","30","354","372","58","0","314","0","0","342","54","0","288","0","0","30","4","0","26","0","0","Under 1,000"
"211024","Baptist Bible College & Seminary of Pennsylvania","2014","836","555","281","664","578","97","57","416","8","258","411","88","44","278","1","144","167","9","13","138","7","114","Under 1,000"
"211079","Community College of Beaver County","2014","2255","964","1291","1397","2255","493","288","1204","270","0","964","325","93","535","11","0","1291","168","195","669","259","0","1,000 - 4,999"
"211088","Arcadia University","2014","3939","2874","1065","3283","2594","674","130","1678","112","1345","2367","673","118","1575","1","507","227","1","12","103","111","838","1,000 - 4,999"
"211130","Biblical Theological Seminary","2014","282","139","143","194","0","0","0","0","0","282","0","0","0","0","0","139","0","0","0","0","0","143","Under 1,000"
"211149","Bidwell Training Center Inc","2014","169","169","0","169","169","20","30","119","0","0","169","20","30","119","0","0","0","0","0","0","0","0","Under 1,000"
"211158","Bloomsburg University of Pennsylvania","2014","9998","8962","1036","9366","9319","2171","428","6510","210","679","8630","2162","388","6045","35","332","689","9","40","465","175","347","5,000 - 9,999"
"211200","Bradford School","2014","413","413","0","413","413","199","50","164","0","0","413","199","50","164","0","0","0","0","0","0","0","0","Under 1,000"
"211273","Bryn Mawr College","2014","1709","1629","80","1660","1308","351","6","946","5","401","1291","351","6","932","2","338","17","0","0","14","3","63","1,000 - 4,999"
"211291","Bucknell University","2014","3624","3581","43","3598","3565","939","30","2559","37","59","3538","939","30","2553","16","43","27","0","0","6","21","16","1,000 - 4,999"
"211307","Bucks County Community College","2014","8979","3047","5932","5039","8979","2151","1066","5315","447","0","3047","1127","365","1532","23","0","5932","1024","701","3783","424","0","5,000 - 9,999"
"211316","Buck's County School of Beauty Culture Inc","2014","84","68","16","74","84","17","0","67","0","0","68","12","0","56","0","0","16","5","0","11","0","0","Under 1,000"
"211334","Butler Beauty Academy","2014","23","23","0","23","23","14","0","9","0","0","23","14","0","9","0","0","0","0","0","0","0","0","Under 1,000"
"211343","Butler County Community College","2014","3570","1684","1886","2317","3570","969","290","1958","353","0","1684","703","144","834","3","0","1886","266","146","1124","350","0","1,000 - 4,999"
"211352","Cabrini College","2014","2203","1394","809","1704","1406","392","56","886","72","797","1283","392","51","840","0","111","123","0","5","46","72","686","1,000 - 4,999"
"211361","California University of Pennsylvania","2014","7978","6191","1787","6869","6076","1023","703","4305","45","1902","5330","1015","583","3730","2","861","746","8","120","575","43","1041","5,000 - 9,999"
"211398","Cambria-Rowe Business College-Johnstown","2014","136","135","1","135","136","29","5","102","0","0","135","29","4","102","0","0","1","0","1","0","0","0","Under 1,000"
"211431","Carlow University","2014","2201","1650","551","1864","1345","203","187","933","22","856","1013","198","124","680","11","637","332","5","63","253","11","219","1,000 - 4,999"
"211440","Carnegie Mellon University","2014","12587","11520","1067","11930","5888","1474","61","4284","69","6699","5699","1474","61","4161","3","5821","189","0","0","123","66","878","10,000 - 19,999"
"211468","Cedar Crest College","2014","1531","764","767","1064","1342","170","185","955","32","189","719","170","75","474","0","45","623","0","110","481","32","144","1,000 - 4,999"
"211477","Central Penn College","2014","1330","726","604","963","1282","132","0","1150","0","48","713","98","0","615","0","13","569","34","0","535","0","35","1,000 - 4,999"
"211556","Chatham University","2014","2134","1406","728","1688","930","104","50","443","333","1204","562","102","49","349","62","844","368","2","1","94","271","360","1,000 - 4,999"
"211583","Chestnut Hill College","2014","2063","1418","645","1668","1491","193","194","1041","63","572","1180","186","155","822","17","238","311","7","39","219","46","334","1,000 - 4,999"
"211608","Cheyney University of Pennsylvania","2014","1022","942","80","973","997","231","60","706","0","25","936","229","54","653","0","6","61","2","6","53","0","19","1,000 - 4,999"
"211617","Kaplan Career Institute-Franklin Mills","2014","640","640","0","640","640","145","30","465","0","0","640","145","30","465","0","0","0","0","0","0","0","0","Under 1,000"
"211635","Citizens School of Nursing","2014","168","168","0","168","168","0","0","168","0","0","168","0","0","168","0","0","0","0","0","0","0","0","Under 1,000"
"211644","Clarion University of Pennsylvania","2014","5712","4194","1518","4780","4911","984","433","3327","167","801","4018","937","257","2821","3","176","893","47","176","506","164","625","5,000 - 9,999"
"211802","Conemaugh Valley Memorial Hospital","2014","242","221","21","229","242","62","0","180","0","0","221","43","0","178","0","0","21","19","0","2","0","0","Under 1,000"
"211820","Consolidated School of Business-York","2014","107","106","1","106","107","19","9","79","0","0","106","19","9","78","0","0","1","0","0","1","0","0","Under 1,000"
"211893","Curtis Institute of Music","2014","176","176","0","176","132","26","2","104","0","44","132","26","2","104","0","44","0","0","0","0","0","0","Under 1,000"
"211909","Dean Institute of Technology","2014","166","119","47","138","166","67","0","99","0","0","119","51","0","68","0","0","47","16","0","31","0","0","Under 1,000"
"211927","Delaware County Community College","2014","12459","4341","8118","7067","12459","2374","974","9111","0","0","4341","1085","340","2916","0","0","8118","1289","634","6195","0","0","10,000 - 19,999"
"211981","Delaware Valley College","2014","2137","1710","427","1875","1860","489","138","1196","37","277","1682","489","122","1071","0","28","178","0","16","125","37","249","1,000 - 4,999"
"212009","Dickinson College","2014","2364","2332","32","2345","2364","619","15","1681","49","0","2332","619","15","1674","24","0","32","0","0","7","25","0","1,000 - 4,999"
"212018","The Dickinson School of Law of the Pennsylvania State University","2014","153","153","0","153","0","0","0","0","0","153","0","0","0","0","0","153","0","0","0","0","0","0","Under 1,000"
"212045","Douglas Education Center","2014","267","263","4","265","267","83","65","119","0","0","263","79","65","119","0","0","4","4","0","0","0","0","Under 1,000"
"212054","Drexel University","2014","26359","19202","7157","21964","16896","2928","1406","12347","215","9463","14365","2925","959","10462","19","4837","2531","3","447","1885","196","4626","20,000 and above"
"212072","Du Bois Business College-Du Bois","2014","90","87","3","88","90","23","10","57","0","0","87","23","10","54","0","0","3","0","0","3","0","0","Under 1,000"
"212090","Everest Institute-Pittsburgh","2014","526","424","102","464","526","44","76","406","0","0","424","43","62","319","0","0","102","1","14","87","0","0","Under 1,000"
"212106","Duquesne University","2014","9648","8817","831","9137","5995","1343","163","4463","26","3653","5747","1332","142","4269","4","3070","248","11","21","194","22","583","5,000 - 9,999"
"212115","East Stroudsburg University of Pennsylvania","2014","6819","5942","877","6283","6203","1286","611","4228","78","616","5642","1263","557","3792","30","300","561","23","54","436","48","316","5,000 - 9,999"
"212133","Eastern University","2014","3762","2624","1138","3063","2402","446","254","1681","21","1360","1992","410","121","1461","0","632","410","36","133","220","21","728","1,000 - 4,999"
"212160","Edinboro University of Pennsylvania","2014","6837","5604","1233","6071","5595","1239","333","3922","101","1242","5088","1212","304","3564","8","516","507","27","29","358","93","726","5,000 - 9,999"
"212197","Elizabethtown College","2014","1822","1783","39","1798","1788","447","33","1274","34","34","1749","447","31","1264","7","34","39","0","2","10","27","0","1,000 - 4,999"
"212212","Empire Beauty School-State College","2014","30","30","0","30","30","16","0","14","0","0","30","16","0","14","0","0","0","0","0","0","0","0","Under 1,000"
"212230","Empire Beauty School-Lebanon","2014","44","44","0","44","44","23","0","21","0","0","44","23","0","21","0","0","0","0","0","0","0","0","Under 1,000"
"212267","Empire Beauty School-York","2014","135","92","43","109","135","49","0","86","0","0","92","39","0","53","0","0","43","10","0","33","0","0","Under 1,000"
"212276","Empire Beauty School-Lancaster","2014","83","61","22","70","83","38","0","45","0","0","61","34","0","27","0","0","22","4","0","18","0","0","Under 1,000"
"212285","Empire Beauty School-Williamsport","2014","33","33","0","33","33","21","0","12","0","0","33","21","0","12","0","0","0","0","0","0","0","0","Under 1,000"
"212294","Empire Beauty School-Shamokin Dam","2014","45","45","0","45","45","23","0","22","0","0","45","23","0","22","0","0","0","0","0","0","0","0","Under 1,000"
"212300","Empire Beauty School-Pottsville","2014","50","50","0","50","50","17","0","33","0","0","50","17","0","33","0","0","0","0","0","0","0","0","Under 1,000"
"212328","Empire Beauty  School-Lehigh Valley","2014","122","79","43","96","122","47","0","75","0","0","79","32","0","47","0","0","43","15","0","28","0","0","Under 1,000"
"212337","Empire Beauty School-Gwinnett","2014","147","120","27","131","147","32","0","115","0","0","120","27","0","93","0","0","27","5","0","22","0","0","Under 1,000"
"212355","Empire Beauty School-Wyoming Valley","2014","150","127","23","136","150","77","0","73","0","0","127","66","0","61","0","0","23","11","0","12","0","0","Under 1,000"
"212373","Empire Beauty School-Warminster","2014","64","41","23","50","64","26","0","38","0","0","41","20","0","21","0","0","23","6","0","17","0","0","Under 1,000"
"212382","Empire Beauty School-Harrisburg","2014","133","93","40","109","133","47","0","86","0","0","93","39","0","54","0","0","40","8","0","32","0","0","Under 1,000"
"212391","Empire Beauty School-Reading","2014","111","71","40","87","111","48","0","63","0","0","71","37","0","34","0","0","40","11","0","29","0","0","Under 1,000"
"212434","Erie Institute of Technology Inc","2014","232","232","0","232","232","82","0","150","0","0","232","82","0","150","0","0","0","0","0","0","0","0","Under 1,000"
"212443","Evangelical Theological Seminary","2014","123","32","91","67","0","0","0","0","0","123","0","0","0","0","0","32","0","0","0","0","0","91","Under 1,000"
"212452","Faith Theological Seminary","2014","142","107","35","121","70","13","0","57","0","72","56","9","0","47","0","51","14","4","0","10","0","21","Under 1,000"
"212568","Aria Health School of Nursing","2014","217","217","0","217","217","10","0","207","0","0","217","10","0","207","0","0","0","0","0","0","0","0","Under 1,000"
"212577","Franklin and Marshall College","2014","2209","2174","35","2188","2209","592","22","1568","27","0","2174","591","22","1560","1","0","35","1","0","8","26","0","1,000 - 4,999"
"212601","Gannon University","2014","4410","3252","1158","3701","3205","596","141","2026","442","1205","2593","594","104","1895","0","659","612","2","37","131","442","546","1,000 - 4,999"
"212656","Geneva College","2014","1717","1523","194","1598","1417","315","66","1023","13","300","1350","312","60","972","6","173","67","3","6","51","7","127","1,000 - 4,999"
"212674","Gettysburg College","2014","2447","2431","16","2437","2447","720","9","1708","10","0","2431","720","9","1695","7","0","16","0","0","13","3","0","1,000 - 4,999"
"212683","Empire Beauty School-Exton","2014","67","48","19","56","67","25","0","42","0","0","48","19","0","29","0","0","19","6","0","13","0","0","Under 1,000"
"212708","Empire Beauty School-Laurel Springs","2014","94","61","33","74","94","32","0","62","0","0","61","25","0","36","0","0","33","7","0","26","0","0","Under 1,000"
"212753","Empire Beauty School-NE Philadelphia","2014","168","129","39","144","168","83","0","85","0","0","129","67","0","62","0","0","39","16","0","23","0","0","Under 1,000"
"212771","Gratz College","2014","612","33","579","254","8","0","0","7","1","604","0","0","0","0","0","33","8","0","0","7","1","571","Under 1,000"
"212805","Grove City College","2014","2509","2465","44","2482","2509","637","42","1793","37","0","2465","637","42","1782","4","0","44","0","0","11","33","0","1,000 - 4,999"
"212832","Gwynedd Mercy University","2014","2459","2213","246","2309","1983","205","295","1441","42","476","1808","205","257","1331","15","405","175","0","38","110","27","71","1,000 - 4,999"
"212869","Harcum College","2014","1588","1045","543","1261","1588","253","289","963","83","0","1045","235","133","656","21","0","543","18","156","307","62","0","1,000 - 4,999"
"212878","Harrisburg Area Community College-Harrisburg","2014","20230","6136","14094","10868","20230","3914","866","13569","1881","0","6136","2063","387","3646","40","0","14094","1851","479","9923","1841","0","20,000 and above"
"212911","Haverford College","2014","1194","1189","5","1191","1194","338","5","844","7","0","1189","338","5","841","5","0","5","0","0","3","2","0","1,000 - 4,999"
"212975","Commonwealth Technical Institute","2014","222","220","2","221","222","76","0","146","0","0","220","75","0","145","0","0","2","1","0","1","0","0","Under 1,000"
"212984","Holy Family University","2014","2658","1402","1256","1889","1985","251","200","1346","188","673","1337","250","143","940","4","65","648","1","57","406","184","608","1,000 - 4,999"
"212993","Hussian School of Art","2014","79","79","0","79","79","14","16","49","0","0","79","14","16","49","0","0","0","0","0","0","0","0","Under 1,000"
"213002","Kaplan Career Institute-Pittsburgh","2014","444","444","0","444","444","35","74","335","0","0","444","35","74","335","0","0","0","0","0","0","0","0","Under 1,000"
"213011","Immaculata University","2014","3299","1282","2017","2064","2138","224","139","1649","126","1161","1107","220","66","821","0","175","1031","4","73","828","126","986","1,000 - 4,999"
"213020","Indiana University of Pennsylvania-Main Campus","2014","14534","12329","2205","13162","12295","2825","564","8643","263","2239","11452","2805","516","8064","67","877","843","20","48","579","196","1362","10,000 - 19,999"
"213163","Jameson Health System","2014","84","84","0","84","84","0","0","84","0","0","84","0","0","84","0","0","0","0","0","0","0","0","Under 1,000"
"213181","Great Lakes Institute of Technology","2014","427","427","0","427","427","115","57","255","0","0","427","115","57","255","0","0","0","0","0","0","0","0","Under 1,000"
"213215","Jolie Hair and Beauty Academy-Wilkes-Barre","2014","142","122","20","130","142","35","0","107","0","0","122","33","0","89","0","0","20","2","0","18","0","0","Under 1,000"
"213233","Johnson College","2014","455","432","23","441","455","178","87","190","0","0","432","178","80","174","0","0","23","0","7","16","0","0","Under 1,000"
"213251","Juniata College","2014","1632","1558","74","1587","1615","423","28","1066","98","17","1547","423","28","1062","34","11","68","0","0","4","64","6","1,000 - 4,999"
"213303","Keystone College","2014","1484","1238","246","1334","1459","314","100","1017","28","25","1230","307","88","835","0","8","229","7","12","182","28","17","1,000 - 4,999"
"213321","King's College","2014","2308","1886","422","2049","2002","487","59","1319","137","306","1811","484","59","1264","4","75","191","3","0","55","133","231","1,000 - 4,999"
"213330","Kittanning Beauty School","2014","27","27","0","27","27","17","0","10","0","0","27","17","0","10","0","0","0","0","0","0","0","0","Under 1,000"
"213349","Kutztown University of Pennsylvania","2014","9218","8319","899","8666","8562","1781","612","6123","46","656","8041","1779","569","5685","8","278","521","2","43","438","38","378","5,000 - 9,999"
"213358","La Roche College","2014","1412","1108","304","1227","1305","223","151","895","36","107","1065","223","113","729","0","43","240","0","38","166","36","64","1,000 - 4,999"
"213367","La Salle University","2014","6242","3971","2271","4847","4322","918","196","3008","200","1920","3583","918","146","2496","23","388","739","0","50","512","177","1532","5,000 - 9,999"
"213376","Lackawanna College","2014","1490","1127","363","1271","1490","417","135","853","85","0","1127","374","103","647","3","0","363","43","32","206","82","0","1,000 - 4,999"
"213385","Lafayette College","2014","2503","2446","57","2468","2503","648","22","1801","32","0","2446","648","22","1776","0","0","57","0","0","25","32","0","1,000 - 4,999"
"213400","Lancaster Bible College","2014","2011","895","1116","1328","1407","246","252","838","71","604","835","211","71","553","0","60","572","35","181","285","71","544","1,000 - 4,999"
"213446","Lancaster Theological Seminary","2014","118","64","54","85","0","0","0","0","0","118","0","0","0","0","0","64","0","0","0","0","0","54","Under 1,000"
"213455","Lancaster School of Cosmetology","2014","230","43","187","117","230","168","0","62","0","0","43","33","0","10","0","0","187","135","0","52","0","0","Under 1,000"
"213473","Lansdale School of Business","2014","344","173","171","241","344","66","0","278","0","0","173","44","0","129","0","0","171","22","0","149","0","0","Under 1,000"
"213491","Lansdale School of Cosmetology Inc","2014","65","22","43","39","65","37","0","28","0","0","22","13","0","9","0","0","43","24","0","19","0","0","Under 1,000"
"213507","Lebanon Valley College","2014","1901","1657","244","1751","1683","413","44","1170","56","218","1573","413","40","1117","3","84","110","0","4","53","53","134","1,000 - 4,999"
"213525","Lehigh Carbon Community College","2014","6779","2525","4254","3953","6779","1463","590","3853","873","0","2525","994","200","1322","9","0","4254","469","390","2531","864","0","5,000 - 9,999"
"213534","Berks Technical Institute","2014","985","706","279","817","985","334","58","593","0","0","706","244","39","423","0","0","279","90","19","170","0","0","Under 1,000"
"213543","Lehigh University","2014","7119","6237","882","6575","5062","1299","29","3706","28","2057","4984","1299","29","3635","21","1253","78","0","0","71","7","804","5,000 - 9,999"
"213552","Levittown Beauty Academy","2014","82","54","28","65","82","43","0","39","0","0","54","30","0","24","0","0","28","13","0","15","0","0","Under 1,000"
"213570","Lincoln Technical Institute-Allentown","2014","540","540","0","540","540","108","1","431","0","0","540","108","1","431","0","0","0","0","0","0","0","0","Under 1,000"
"213589","Lincoln Technical Institute-Philadelphia","2014","360","290","70","318","360","99","4","257","0","0","290","87","2","201","0","0","70","12","2","56","0","0","Under 1,000"
"213598","Lincoln University of Pennsylvania","2014","1819","1572","247","1668","1589","318","100","1158","13","230","1428","301","86","1034","7","144","161","17","14","124","6","86","1,000 - 4,999"
"213613","Lock Haven University","2014","4917","4381","536","4590","4521","935","233","3280","73","396","4165","913","200","3025","27","216","356","22","33","255","46","180","1,000 - 4,999"
"213622","St Margaret School of Nursing","2014","203","153","50","173","203","15","0","188","0","0","153","15","0","138","0","0","50","0","0","50","0","0","Under 1,000"
"213631","Lutheran Theological Seminary at Gettysburg","2014","178","120","58","142","0","0","0","0","0","178","0","0","0","0","0","120","0","0","0","0","0","58","Under 1,000"
"213640","Lutheran Theological Seminary at Philadelphia","2014","200","79","121","125","0","0","0","0","0","200","0","0","0","0","0","79","0","0","0","0","0","121","Under 1,000"
"213659","Luzerne County Community College","2014","6049","2793","3256","3886","6049","1396","313","3857","483","0","2793","992","164","1631","6","0","3256","404","149","2226","477","0","5,000 - 9,999"
"213668","Lycoming College","2014","1353","1331","22","1340","1353","394","31","915","13","0","1331","394","31","901","5","0","22","0","0","14","8","0","1,000 - 4,999"
"213774","Manor College","2014","780","471","309","594","780","200","115","434","31","0","471","157","76","238","0","0","309","43","39","196","31","0","Under 1,000"
"213783","Mansfield University of Pennsylvania","2014","2752","2354","398","2508","2587","550","138","1830","69","165","2342","541","120","1671","10","12","245","9","18","159","59","153","1,000 - 4,999"
"213826","Marywood University","2014","3056","2711","345","2845","2003","373","130","1375","125","1053","1836","368","115","1304","49","875","167","5","15","71","76","178","1,000 - 4,999"
"213914","Vet Tech Institute","2014","372","372","0","372","372","102","77","193","0","0","372","102","77","193","0","0","0","0","0","0","0","0","Under 1,000"
"213932","Roxborough Memorial Hospital School of Nursing","2014","143","143","0","143","143","0","0","143","0","0","143","0","0","143","0","0","0","0","0","0","0","0","Under 1,000"
"213987","Mercyhurst University","2014","2871","2601","270","2705","2572","614","79","1846","33","299","2469","611","79","1770","9","132","103","3","0","76","24","167","1,000 - 4,999"
"213996","Messiah College","2014","3234","2762","472","2944","2789","696","81","1936","76","445","2680","696","78","1904","2","82","109","0","3","32","74","363","1,000 - 4,999"
"214023","Metropolitan Career Center Computer Technology Institute","2014","31","22","9","26","31","12","8","8","3","0","22","10","8","1","3","0","9","2","0","7","0","0","Under 1,000"
"214041","Millersville University of Pennsylvania","2014","8047","6604","1443","7160","7171","1358","594","5118","101","876","6358","1347","475","4507","29","246","813","11","119","611","72","630","5,000 - 9,999"
"214069","Misericordia University","2014","3054","2053","1001","2443","2465","447","184","1776","58","589","1773","438","90","1245","0","280","692","9","94","531","58","309","1,000 - 4,999"
"214111","Montgomery County Community College","2014","12805","4343","8462","7184","12805","2397","938","7633","1837","0","4343","1493","402","2359","89","0","8462","904","536","5274","1748","0","10,000 - 19,999"
"214148","Moore College of Art and Design","2014","453","419","34","432","412","87","34","291","0","41","393","87","33","273","0","26","19","0","1","18","0","15","Under 1,000"
"214157","Moravian College","2014","1970","1557","413","1716","1612","386","136","1042","48","358","1481","386","135","952","8","76","131","0","1","90","40","282","1,000 - 4,999"
"214166","Mount Aloysius College","2014","1867","1296","571","1520","1794","386","97","1082","229","73","1251","370","74","803","4","45","543","16","23","279","225","28","1,000 - 4,999"
"214175","Muhlenberg College","2014","2440","2299","141","2354","2440","589","20","1723","108","0","2299","589","16","1652","42","0","141","0","4","71","66","0","1,000 - 4,999"
"214254","Kaplan Career Institute-Philadelphia","2014","610","610","0","610","610","170","28","412","0","0","610","170","28","412","0","0","0","0","0","0","0","0","Under 1,000"
"214272","Neumann University","2014","3047","2099","948","2467","2562","416","131","1917","98","485","1992","415","112","1446","19","107","570","1","19","471","79","378","1,000 - 4,999"
"214290","New Castle School of Trades","2014","825","825","0","825","825","302","0","523","0","0","825","302","0","523","0","0","0","0","0","0","0","0","Under 1,000"
"214379","Northampton County Area Community College","2014","10531","4519","6012","6537","10531","2135","918","6910","568","0","4519","1425","398","2661","35","0","6012","710","520","4249","533","0","10,000 - 19,999"
"214476","Pittsburgh's Ohio Valley Hospital School of Nursing","2014","56","36","20","44","56","11","0","45","0","0","36","5","0","31","0","0","20","6","0","14","0","0","Under 1,000"
"214528","Orleans Technical Institute","2014","332","222","110","266","332","63","43","226","0","0","222","58","39","125","0","0","110","5","4","101","0","0","Under 1,000"
"214546","Pennsylvania Academy of Cosmetology Arts and Sciences-Johnstown","2014","24","17","7","20","24","8","0","16","0","0","17","8","0","9","0","0","7","0","0","7","0","0","Under 1,000"
"214564","Salus University","2014","1124","1001","123","1048","0","0","0","0","0","1124","0","0","0","0","0","1001","0","0","0","0","0","123","1,000 - 4,999"
"214582","Pennsylvania Institute of Technology","2014","661","444","217","530","661","369","0","292","0","0","444","269","0","175","0","0","217","100","0","117","0","0","Under 1,000"
"214591","Pennsylvania State University-Penn State Erie-Behrend College","2014","4138","3799","339","3931","4001","1186","140","2565","110","137","3773","1178","132","2422","41","26","228","8","8","143","69","111","1,000 - 4,999"
"214607","Pennsylvania State University-Penn State Great Valley","2014","469","86","383","225","0","0","0","0","0","469","0","0","0","0","0","86","0","0","0","0","0","383","Under 1,000"
"214616","Pennsylvania State University-College of Medicine","2014","842","800","42","815","0","0","0","0","0","842","0","0","0","0","0","800","0","0","0","0","0","42","Under 1,000"
"214625","Pennsylvania State University-Penn State New Kensington","2014","665","548","117","595","665","185","56","386","38","0","548","185","37","307","19","0","117","0","19","79","19","0","Under 1,000"
"214634","Pennsylvania State University-Penn State Shenango","2014","539","309","230","402","539","79","48","341","71","0","309","74","16","201","18","0","230","5","32","140","53","0","Under 1,000"
"214643","Pennsylvania State University-Penn State Wilkes-Barre","2014","545","485","60","509","536","137","33","323","43","9","485","137","30","307","11","0","51","0","3","16","32","9","Under 1,000"
"214652","Pennsylvania State University-Penn State Worthington Scranton","2014","1126","926","200","1007","1126","268","58","747","53","0","926","263","43","598","22","0","200","5","15","149","31","0","1,000 - 4,999"
"214670","Pennsylvania State University-Penn State Lehigh Valley","2014","913","716","197","794","881","215","73","487","106","32","716","212","61","417","26","0","165","3","12","70","80","32","Under 1,000"
"214689","Pennsylvania State University-Penn State Altoona","2014","3903","3725","178","3797","3903","1487","122","2220","74","0","3725","1482","117","2091","35","0","178","5","5","129","39","0","1,000 - 4,999"
"214698","Pennsylvania State University-Penn State Beaver","2014","720","645","75","675","720","218","33","414","55","0","645","216","30","385","14","0","75","2","3","29","41","0","Under 1,000"
"214704","Pennsylvania State University-Penn State Berks","2014","2839","2480","359","2624","2828","855","149","1695","129","11","2480","846","113","1496","25","0","348","9","36","199","104","11","1,000 - 4,999"
"214713","Pennsylvania State University-Penn State Harrisburg","2014","4519","3464","1055","3864","3691","794","335","2466","96","828","3250","792","278","2147","33","214","441","2","57","319","63","614","1,000 - 4,999"
"214731","Pennsylvania State University-Penn State Brandywine","2014","1488","1272","216","1359","1488","389","63","882","154","0","1272","382","55","767","68","0","216","7","8","115","86","0","1,000 - 4,999"
"214740","Pennsylvania State University-Penn State Dubois","2014","615","467","148","527","615","153","21","316","125","0","467","150","16","272","29","0","148","3","5","44","96","0","Under 1,000"
"214759","Pennsylvania State University-Penn State Fayette- Eberly","2014","717","578","139","634","717","196","51","419","51","0","578","194","32","342","10","0","139","2","19","77","41","0","Under 1,000"
"214768","Pennsylvania State University-Penn State Hazleton","2014","850","758","92","795","850","304","51","448","47","0","758","304","33","417","4","0","92","0","18","31","43","0","Under 1,000"
"214777","Pennsylvania State University-Main Campus","2014","47040","45191","1849","45909","40541","8183","455","31320","583","6499","39357","8166","445","30466","280","5834","1184","17","10","854","303","665","20,000 and above"
"214786","Pennsylvania State University-Penn State Greater Allegheny","2014","604","536","68","563","604","183","26","345","50","0","536","182","23","314","17","0","68","1","3","31","33","0","Under 1,000"
"214795","Pennsylvania State University-Penn State Mont Alto","2014","940","679","261","784","940","276","42","519","103","0","679","267","22","379","11","0","261","9","20","140","92","0","Under 1,000"
"214801","Pennsylvania State University-Penn State Abington","2014","3952","3117","835","3454","3947","896","237","2372","442","5","3117","893","193","1974","57","0","830","3","44","398","385","5","1,000 - 4,999"
"214810","Pennsylvania State University-Penn State Schuylkill","2014","796","653","143","711","796","250","38","467","41","0","653","247","29","355","22","0","143","3","9","112","19","0","Under 1,000"
"214829","Pennsylvania State University-Penn State York","2014","1172","839","333","971","1126","310","51","587","178","46","838","298","38","463","39","1","288","12","13","124","139","45","1,000 - 4,999"
"214838","Pace Institute","2014","5","5","0","5","5","0","0","5","0","0","5","0","0","5","0","0","0","0","0","0","0","0","Under 1,000"
"214883","Peirce College","2014","1833","354","1479","934","1771","116","250","1377","28","62","347","32","44","271","0","7","1424","84","206","1106","28","55","1,000 - 4,999"
"214892","Penn Commercial Business/Technical School","2014","335","335","0","335","335","109","0","226","0","0","335","109","0","226","0","0","0","0","0","0","0","0","Under 1,000"
"214944","Pennco Tech-Bristol","2014","500","345","155","407","500","152","2","346","0","0","345","119","2","224","0","0","155","33","0","122","0","0","Under 1,000"
"214962","Pennsylvania Academy of Cosmetology Arts and Sciences-Du Bois","2014","47","40","7","43","47","30","0","17","0","0","40","26","0","14","0","0","7","4","0","3","0","0","Under 1,000"
"214971","Pennsylvania Academy of the Fine Arts","2014","258","254","4","256","169","21","28","120","0","89","165","21","27","117","0","89","4","0","1","3","0","0","Under 1,000"
"215008","Pennsylvania Gunsmith School","2014","70","70","0","70","70","15","0","55","0","0","70","15","0","55","0","0","0","0","0","0","0","0","Under 1,000"
"215026","Pennsylvania Institute of Taxidermy Inc","2014","12","12","0","12","12","6","0","6","0","0","12","6","0","6","0","0","0","0","0","0","0","0","Under 1,000"
"215044","Cortiva Institute-Pennsylvania School of Muscle Therapy","2014","161","95","66","121","161","57","0","104","0","0","95","32","0","63","0","0","66","25","0","41","0","0","Under 1,000"
"215053","Pennsylvania College of Art and Design","2014","200","193","7","196","200","59","11","130","0","0","193","59","11","123","0","0","7","0","0","7","0","0","Under 1,000"
"215062","University of Pennsylvania","2014","24806","21441","3365","22739","11548","2413","229","8036","870","13258","10406","2350","225","7630","201","11035","1142","63","4","406","669","2223","20,000 and above"
"215099","Philadelphia University","2014","3762","3001","761","3296","2911","661","192","2032","26","851","2555","607","129","1810","9","446","356","54","63","222","17","405","1,000 - 4,999"
"215105","The University of the Arts","2014","1894","1808","86","1841","1754","374","102","1250","28","140","1711","373","101","1221","16","97","43","1","1","29","12","43","1,000 - 4,999"
"215114","Cairn University-Langhorne","2014","1058","818","240","910","813","159","73","573","8","245","767","159","68","539","1","51","46","0","5","34","7","194","1,000 - 4,999"
"215123","Philadelphia College of Osteopathic Medicine","2014","2806","2549","257","2647","0","0","0","0","0","2806","0","0","0","0","0","2549","0","0","0","0","0","257","1,000 - 4,999"
"215132","University of the Sciences","2014","2748","2482","266","2584","1628","360","23","1243","2","1120","1607","360","23","1224","0","875","21","0","0","19","2","245","1,000 - 4,999"
"215239","Community College of Philadelphia","2014","19119","4832","14287","9629","19119","4289","177","13711","942","0","4832","1346","70","3380","36","0","14287","2943","107","10331","906","0","10,000 - 19,999"
"215266","University of Pittsburgh-Bradford","2014","1499","1385","114","1431","1499","392","103","971","33","0","1385","391","90","897","7","0","114","1","13","74","26","0","1,000 - 4,999"
"215275","University of Pittsburgh-Greensburg","2014","1578","1477","101","1518","1578","423","106","1049","0","0","1477","423","91","963","0","0","101","0","15","86","0","0","1,000 - 4,999"
"215284","University of Pittsburgh-Johnstown","2014","2869","2787","82","2820","2869","799","124","1941","5","0","2787","799","119","1868","1","0","82","0","5","73","4","0","1,000 - 4,999"
"215293","University of Pittsburgh-Pittsburgh Campus","2014","28617","25283","3334","26533","18757","3847","881","13746","283","9860","17694","3845","791","12991","67","7589","1063","2","90","755","216","2271","20,000 and above"
"215309","University of Pittsburgh-Titusville","2014","371","303","68","326","371","153","38","176","4","0","303","153","22","127","1","0","68","0","16","49","3","0","Under 1,000"
"215336","Beaver Falls Beauty Academy","2014","43","43","0","43","43","22","0","21","0","0","43","22","0","21","0","0","0","0","0","0","0","0","Under 1,000"
"215381","Pittsburgh Institute of Aeronautics","2014","382","382","0","382","382","120","50","212","0","0","382","120","50","212","0","0","0","0","0","0","0","0","Under 1,000"
"215390","Pittsburgh Institute of Mortuary Science Inc","2014","217","101","116","147","217","75","0","142","0","0","101","53","0","48","0","0","116","22","0","94","0","0","Under 1,000"
"215415","Pittsburgh Technical Institute","2014","2045","2045","0","2045","2045","832","308","894","11","0","2045","832","308","894","11","0","0","0","0","0","0","0","1,000 - 4,999"
"215424","Pittsburgh Theological Seminary","2014","219","169","50","188","0","0","0","0","0","219","0","0","0","0","0","169","0","0","0","0","0","50","Under 1,000"
"215433","Prism Career Institute-Upper Darby","2014","543","513","30","525","543","379","0","32","132","0","513","356","0","32","125","0","30","23","0","0","7","0","Under 1,000"
"215442","Point Park University","2014","3737","2833","904","3184","3162","635","375","2090","62","575","2616","629","289","1698","0","217","546","6","86","392","62","358","1,000 - 4,999"
"215479","Joseph F McCloskey School of Nursing at Schuylkill Health","2014","60","60","0","60","60","0","0","60","0","0","60","0","0","60","0","0","0","0","0","0","0","0","Under 1,000"
"215530","The Salon Professional Academy-Altoona","2014","43","34","9","38","43","22","0","21","0","0","34","20","0","14","0","0","9","2","0","7","0","0","Under 1,000"
"215585","Reading Area Community College","2014","4198","913","3285","2016","4198","803","325","2544","526","0","913","230","90","572","21","0","3285","573","235","1972","505","0","1,000 - 4,999"
"215594","Reading Hospital School of Health Sciences","2014","345","155","190","230","345","21","0","324","0","0","155","21","0","134","0","0","190","0","0","190","0","0","Under 1,000"
"215619","Reconstructionist Rabbinical College","2014","45","43","2","44","0","0","0","0","0","45","0","0","0","0","0","43","0","0","0","0","0","2","Under 1,000"
"215628","Reformed Presbyterian Theological Seminary","2014","76","38","38","53","2","1","0","1","0","74","0","0","0","0","0","38","2","1","0","1","0","36","Under 1,000"
"215637","The Restaurant School at Walnut Hill College","2014","396","396","0","396","396","339","12","45","0","0","396","339","12","45","0","0","0","0","0","0","0","0","Under 1,000"
"215646","Kaplan Career Institute-Broomall","2014","337","337","0","337","337","67","30","232","8","0","337","67","30","232","8","0","0","0","0","0","0","0","Under 1,000"
"215655","Robert Morris University","2014","5555","3969","1586","4581","4574","861","1313","2372","28","981","3969","858","836","2272","3","0","605","3","477","100","25","981","5,000 - 9,999"
"215682","Rosedale Technical Institute","2014","440","440","0","440","440","138","0","302","0","0","440","138","0","302","0","0","0","0","0","0","0","0","Under 1,000"
"215691","Rosemont College","2014","890","550","340","681","522","124","40","352","6","368","442","124","40","278","0","108","80","0","0","74","6","260","Under 1,000"
"215743","Saint Francis University","2014","2667","1809","858","2141","1991","393","119","1420","59","676","1584","392","109","1067","16","225","407","1","10","353","43","451","1,000 - 4,999"
"215770","Saint Joseph's University","2014","8974","5223","3751","6665","5512","1361","199","3818","134","3462","4671","1351","111","3202","7","552","841","10","88","616","127","2910","5,000 - 9,999"
"215798","Saint Vincent College","2014","1829","1673","156","1733","1626","449","43","1072","62","203","1560","449","42","1054","15","113","66","0","1","18","47","90","1,000 - 4,999"
"215813","Saint Vincent Seminary","2014","45","39","6","41","0","0","0","0","0","45","0","0","0","0","0","39","0","0","0","0","0","6","Under 1,000"
"215886","Schuylkill Technology Center","2014","84","82","2","83","84","62","0","22","0","0","82","61","0","21","0","0","2","1","0","1","0","0","Under 1,000"
"215929","University of Scranton","2014","5589","4307","1282","4798","3998","1067","66","2776","89","1591","3844","1062","58","2698","26","463","154","5","8","78","63","1128","5,000 - 9,999"
"215947","Seton Hill University","2014","2247","1673","574","1897","1869","330","114","1125","300","378","1409","330","89","990","0","264","460","0","25","135","300","114","1,000 - 4,999"
"215974","University of Pittsburgh Medical Center-Shadyside School of Nursing","2014","265","219","46","237","265","9","0","256","0","0","219","8","0","211","0","0","46","1","0","45","0","0","Under 1,000"
"215983","Sharon Regional Health System School of Nursing","2014","42","42","0","42","42","29","0","13","0","0","42","29","0","13","0","0","0","0","0","0","0","0","Under 1,000"
"215992","Laurel Technical Institute","2014","157","141","16","147","157","59","31","67","0","0","141","54","25","62","0","0","16","5","6","5","0","0","Under 1,000"
"216010","Shippensburg University of Pennsylvania","2014","7355","6255","1100","6667","6305","1484","356","4406","59","1050","5956","1478","334","4123","21","299","349","6","22","283","38","751","5,000 - 9,999"
"216038","Slippery Rock University of Pennsylvania","2014","8495","7471","1024","7863","7587","1586","600","5343","58","908","7059","1586","524","4928","21","412","528","0","76","415","37","496","5,000 - 9,999"
"216047","Saint Charles Borromeo Seminary-Overbrook","2014","204","120","84","152","73","13","16","44","0","131","53","13","7","33","0","67","20","0","9","11","0","64","Under 1,000"
"216074","South Hills Beauty Academy Inc","2014","99","50","49","69","99","75","0","24","0","0","50","45","0","5","0","0","49","30","0","19","0","0","Under 1,000"
"216083","South Hills School of Business & Technology","2014","630","574","56","596","630","213","96","319","2","0","574","201","81","292","0","0","56","12","15","27","2","0","Under 1,000"
"216162","St Lukes Hospital School of Nursing","2014","103","103","0","103","103","0","0","103","0","0","103","0","0","103","0","0","0","0","0","0","0","0","Under 1,000"
"216223","Stroudsburg School of Cosmetology","2014","45","40","5","42","45","32","0","13","0","0","40","28","0","12","0","0","5","4","0","1","0","0","Under 1,000"
"216278","Susquehanna University","2014","2093","2010","83","2043","2093","575","29","1418","71","0","2010","575","28","1402","5","0","83","0","1","16","66","0","1,000 - 4,999"
"216287","Swarthmore College","2014","1542","1534","8","1537","1542","407","10","1113","12","0","1534","407","10","1113","4","0","8","0","0","0","8","0","1,000 - 4,999"
"216296","Thaddeus Stevens College of Technology","2014","913","867","46","882","913","396","68","427","22","0","867","388","67","412","0","0","46","8","1","15","22","0","Under 1,000"
"216311","Talmudical Yeshiva of Philadelphia","2014","120","120","0","120","120","36","1","83","0","0","120","36","1","83","0","0","0","0","0","0","0","0","Under 1,000"
"216339","Temple University","2014","37485","31807","5678","33999","28287","4485","2531","20653","618","9198","24990","4472","2219","18096","203","6817","3297","13","312","2557","415","2381","20,000 and above"
"216357","Thiel College","2014","1074","1039","35","1053","1074","280","15","730","49","0","1039","280","15","714","30","0","35","0","0","16","19","0","1,000 - 4,999"
"216366","Thomas Jefferson University","2014","3606","2628","978","3004","891","0","436","269","186","2715","649","0","420","227","2","1979","242","0","16","42","184","736","1,000 - 4,999"
"216418","Fortis Institute-Erie","2014","652","442","210","525","652","37","52","563","0","0","442","37","36","369","0","0","210","0","16","194","0","0","Under 1,000"
"216427","Triangle Tech Inc-Erie","2014","46","46","0","46","46","15","0","31","0","0","46","15","0","31","0","0","0","0","0","0","0","0","Under 1,000"
"216436","Triangle Tech Inc-Pittsburgh","2014","226","226","0","226","226","85","33","108","0","0","226","85","33","108","0","0","0","0","0","0","0","0","Under 1,000"
"216445","Triangle Tech Inc-Greensburg","2014","186","186","0","186","186","78","25","83","0","0","186","78","25","83","0","0","0","0","0","0","0","0","Under 1,000"
"216454","Triangle Tech Inc-Dubois","2014","147","147","0","147","147","66","11","70","0","0","147","66","11","70","0","0","0","0","0","0","0","0","Under 1,000"
"216463","Trinity Episcopal School for Ministry","2014","173","62","111","104","0","0","0","0","0","173","0","0","0","0","0","62","0","0","0","0","0","111","Under 1,000"
"216524","Ursinus College","2014","1681","1662","19","1669","1681","497","10","1149","25","0","1662","497","10","1147","8","0","19","0","0","2","17","0","1,000 - 4,999"
"216542","Valley Forge Christian College","2014","885","610","275","718","850","121","44","546","139","35","603","113","35","444","11","7","247","8","9","102","128","28","Under 1,000"
"216551","Valley Forge Military College","2014","322","322","0","322","322","170","15","137","0","0","322","170","15","137","0","0","0","0","0","0","0","0","Under 1,000"
"216579","Venus Beauty Academy","2014","105","105","0","105","105","47","0","58","0","0","105","47","0","58","0","0","0","0","0","0","0","0","Under 1,000"
"216597","Villanova University","2014","10735","7852","2883","8960","7118","1669","124","5102","223","3617","6554","1668","78","4793","15","1298","564","1","46","309","208","2319","10,000 - 19,999"
"216630","Washington Hospital School of Nursing","2014","68","68","0","68","68","0","0","68","0","0","68","0","0","68","0","0","0","0","0","0","0","0","Under 1,000"
"216649","Washington Hospital School of Radiography","2014","21","21","0","21","21","0","0","21","0","0","21","0","0","21","0","0","0","0","0","0","0","0","Under 1,000"
"216667","Washington & Jefferson College","2014","1362","1354","8","1357","1362","399","19","905","39","0","1354","399","19","898","38","0","8","0","0","7","1","0","1,000 - 4,999"
"216694","Waynesburg University","2014","2039","1541","498","1732","1528","335","29","1137","27","511","1414","335","29","1046","4","127","114","0","0","91","23","384","1,000 - 4,999"
"216746","Welder Training and Testing Institute","2014","90","71","19","79","90","34","0","56","0","0","71","27","0","44","0","0","19","7","0","12","0","0","Under 1,000"
"216764","West Chester University of Pennsylvania","2014","16086","13403","2683","14427","13844","2351","1304","9955","234","2242","12558","2344","1151","9041","22","845","1286","7","153","914","212","1397","10,000 - 19,999"
"216773","Western Pennsylvania Hospital School of Nursing","2014","117","117","0","117","117","18","0","99","0","0","117","18","0","99","0","0","0","0","0","0","0","0","Under 1,000"
"216782","Sanford-Brown Institute-Pittsburgh","2014","114","40","74","69","114","16","0","98","0","0","40","7","0","33","0","0","74","9","0","65","0","0","Under 1,000"
"216807","Westminster College","2014","1307","1119","188","1191","1159","281","21","840","17","148","1116","278","20","817","1","3","43","3","1","23","16","145","1,000 - 4,999"
"216816","Westminster Theological Seminary","2014","560","291","269","394","0","0","0","0","0","560","0","0","0","0","0","291","0","0","0","0","0","269","Under 1,000"
"216825","Westmoreland County Community College","2014","5638","2679","2959","3672","5638","1400","184","3502","552","0","2679","982","115","1515","67","0","2959","418","69","1987","485","0","5,000 - 9,999"
"216852","Widener University-Main Campus","2014","4912","3564","1348","4084","3350","737","126","2281","206","1562","2861","733","111","1989","28","703","489","4","15","292","178","859","1,000 - 4,999"
"216931","Wilkes University","2014","4562","2702","1860","3414","2360","559","173","1584","44","2202","2217","557","167","1490","3","485","143","2","6","94","41","1717","1,000 - 4,999"
"217013","Wilson College","2014","771","377","394","530","618","107","26","383","102","153","376","107","26","221","22","1","242","0","0","162","80","152","Under 1,000"
"217040","Yeshivath Beth Moshe","2014","55","55","0","55","55","17","0","38","0","0","55","17","0","38","0","0","0","0","0","0","0","0","Under 1,000"
"217059","York College Pennsylvania","2014","5067","4378","689","4647","4853","1091","213","3416","133","214","4340","1088","181","3066","5","38","513","3","32","350","128","176","5,000 - 9,999"
"217077","YTI Career Institute-York","2014","1677","1677","0","1677","1677","491","196","990","0","0","1677","491","196","990","0","0","0","0","0","0","0","0","1,000 - 4,999"
"217086","Yorktowne Business Institute","2014","105","98","7","101","105","33","13","59","0","0","98","33","12","53","0","0","7","0","1","6","0","0","Under 1,000"
"217095","Empire Beauty School-Providence","2014","113","82","31","94","113","32","0","81","0","0","82","21","0","61","0","0","31","11","0","20","0","0","Under 1,000"
"217156","Brown University","2014","9181","8756","425","8922","6548","1559","55","4650","284","2633","6255","1559","55","4627","14","2501","293","0","0","23","270","132","5,000 - 9,999"
"217165","Bryant University","2014","3462","3288","174","3355","3320","826","103","2373","18","142","3232","826","99","2307","0","56","88","0","4","66","18","86","1,000 - 4,999"
"217235","Johnson & Wales University-Providence","2014","9955","9190","765","9489","9173","1898","519","6429","327","782","8529","1878","451","5917","283","661","644","20","68","512","44","121","5,000 - 9,999"
"217305","New England Institute of Technology","2014","2922","2461","461","2642","2841","490","138","2213","0","81","2417","490","138","1789","0","44","424","0","0","424","0","37","1,000 - 4,999"
"217323","New England Tractor Trailer Training School of Rhode Island","2014","135","135","0","135","135","128","0","7","0","0","135","128","0","7","0","0","0","0","0","0","0","0","Under 1,000"
"217350","Newport School of Hairdressing-Main Campus","2014","39","0","39","15","39","6","0","33","0","0","0","0","0","0","0","0","39","6","0","33","0","0","Under 1,000"
"217402","Providence College","2014","4533","3934","599","4166","4022","1032","104","2800","86","511","3717","1030","43","2632","12","217","305","2","61","168","74","294","1,000 - 4,999"
"217420","Rhode Island College","2014","8641","5811","2830","6914","7518","1094","698","5479","247","1123","5616","1072","494","3977","73","195","1902","22","204","1502","174","928","5,000 - 9,999"
"217475","Community College of Rhode Island","2014","17553","5272","12281","9395","17553","3155","4670","8819","909","0","5272","1634","1149","2402","87","0","12281","1521","3521","6417","822","0","10,000 - 19,999"
"217484","University of Rhode Island","2014","16571","14024","2547","15006","13589","3149","550","9506","384","2982","12139","3123","444","8458","114","1885","1450","26","106","1048","270","1097","10,000 - 19,999"
"217493","Rhode Island School of Design","2014","2449","2449","0","2449","2014","462","60","1492","0","435","2014","462","60","1492","0","435","0","0","0","0","0","0","1,000 - 4,999"
"217518","Roger Williams University","2014","4884","4172","712","4450","4610","1152","192","3256","10","274","4030","1149","125","2750","6","142","580","3","67","506","4","132","1,000 - 4,999"
"217536","Salve Regina University","2014","2739","2090","649","2340","2121","630","34","1417","40","618","1959","623","33","1303","0","131","162","7","1","114","40","487","1,000 - 4,999"
"217572","St Joseph School of Nursing","2014","114","114","0","114","114","3","0","111","0","0","114","3","0","111","0","0","0","0","0","0","0","0","Under 1,000"
"217581","Empire Beauty School-Warwick","2014","63","44","19","52","63","17","0","46","0","0","44","14","0","30","0","0","19","3","0","16","0","0","Under 1,000"
"217606","Northpoint Bible College","2014","312","265","47","283","303","49","30","221","3","9","259","45","26","188","0","6","44","4","4","33","3","3","Under 1,000"
"217615","Aiken Technical College","2014","2351","884","1467","1377","2351","529","216","1525","81","0","884","306","94","480","4","0","1467","223","122","1045","77","0","1,000 - 4,999"
"217624","Allen University","2014","660","642","18","649","660","189","61","410","0","0","642","189","59","394","0","0","18","0","2","16","0","0","Under 1,000"
"217633","Anderson University","2014","3112","2312","800","2623","2780","648","128","1724","280","332","2286","646","105","1535","0","26","494","2","23","189","280","306","1,000 - 4,999"
"217688","Charleston Southern University","2014","3367","2704","663","2961","2967","652","312","1985","18","400","2638","652","262","1724","0","66","329","0","50","261","18","334","1,000 - 4,999"
"217712","Technical College of the Lowcountry","2014","2529","734","1795","1337","2529","475","286","1483","285","0","734","198","93","375","68","0","1795","277","193","1108","217","0","1,000 - 4,999"
"217721","Benedict College","2014","2444","2405","39","2420","2444","548","105","1791","0","0","2405","542","102","1761","0","0","39","6","3","30","0","0","1,000 - 4,999"
"217749","Bob Jones University","2014","3108","2617","491","2807","2725","614","84","1855","172","383","2497","599","84","1813","1","120","228","15","0","42","171","263","1,000 - 4,999"
"217776","Southern Wesleyan University","2014","1778","1713","65","1739","1418","191","138","1037","52","360","1353","190","137","1026","0","360","65","1","1","11","52","0","1,000 - 4,999"
"217794","Charleston Cosmetology Institute","2014","95","73","22","82","95","38","0","57","0","0","73","32","0","41","0","0","22","6","0","16","0","0","Under 1,000"
"217819","College of Charleston","2014","11456","9873","1583","10480","10440","2166","690","7213","371","1016","9608","2161","631","6728","88","265","832","5","59","485","283","751","10,000 - 19,999"
"217828","Charzanne Beauty College","2014","58","46","12","51","58","48","0","10","0","0","46","39","0","7","0","0","12","9","0","3","0","0","Under 1,000"
"217837","Northeastern Technical College","2014","1090","566","524","742","1090","263","72","665","90","0","566","179","35","349","3","0","524","84","37","316","87","0","1,000 - 4,999"
"217864","Citadel Military College of South Carolina","2014","3592","2660","932","3007","2763","618","87","1983","75","829","2531","618","69","1844","0","129","232","0","18","139","75","700","1,000 - 4,999"
"217873","Claflin University","2014","1866","1799","67","1825","1803","389","105","1285","24","63","1751","389","101","1256","5","48","52","0","4","29","19","15","1,000 - 4,999"
"217882","Clemson University","2014","21857","19462","2395","20357","17260","3475","1293","12315","177","4597","16572","3470","1241","11818","43","2890","688","5","52","497","134","1707","20,000 and above"
"217891","Clinton College","2014","194","186","8","189","194","105","26","63","0","0","186","105","26","55","0","0","8","0","0","8","0","0","Under 1,000"
"217907","Coker College","2014","1219","967","252","1065","1165","239","129","770","27","54","967","229","106","632","0","0","198","10","23","138","27","54","1,000 - 4,999"
"217925","Columbia International University","2014","1103","728","375","872","560","104","68","380","8","543","497","104","60","333","0","231","63","0","8","47","8","312","1,000 - 4,999"
"217934","Columbia College","2014","1221","891","330","1021","1120","136","154","827","3","101","794","136","68","590","0","97","326","0","86","237","3","4","1,000 - 4,999"
"217961","Converse College","2014","1389","873","516","1071","822","234","41","547","0","567","749","233","41","475","0","124","73","1","0","72","0","443","1,000 - 4,999"
"217989","Denmark Technical College","2014","1678","1422","256","1508","1678","351","25","1292","10","0","1422","301","23","1091","7","0","256","50","2","201","3","0","1,000 - 4,999"
"217998","Erskine College","2014","753","608","145","663","591","188","11","388","4","162","582","187","11","384","0","26","9","1","0","4","4","136","Under 1,000"
"218025","Florence-Darlington Technical College","2014","6215","2751","3464","3914","6215","1757","393","4015","50","0","2751","915","188","1647","1","0","3464","842","205","2368","49","0","5,000 - 9,999"
"218043","Forrest College","2014","111","83","28","94","111","18","19","74","0","0","83","15","18","50","0","0","28","3","1","24","0","0","Under 1,000"
"218061","Francis Marion University","2014","3944","3242","702","3514","3605","758","230","2261","356","339","3168","756","219","2126","67","74","437","2","11","135","289","265","1,000 - 4,999"
"218070","Furman University","2014","2973","2755","218","2840","2810","726","36","2034","14","163","2696","723","27","1940","6","59","114","3","9","94","8","104","1,000 - 4,999"
"218113","Greenville Technical College","2014","12592","4873","7719","7465","12592","2145","694","8347","1406","0","4873","1418","309","3104","42","0","7719","727","385","5243","1364","0","10,000 - 19,999"
"218140","Horry-Georgetown Technical College","2014","7335","2973","4362","4437","7335","1047","541","4945","802","0","2973","640","295","1943","95","0","4362","407","246","3002","707","0","5,000 - 9,999"
"218159","Kenneth Shuler School of Cosmetology-North Augusta","2014","129","81","48","100","129","16","0","113","0","0","81","11","0","70","0","0","48","5","0","43","0","0","Under 1,000"
"218195","Kenneth Shuler School of Cosmetology and Nails-Columbia","2014","95","64","31","76","95","16","0","79","0","0","64","12","0","52","0","0","31","4","0","27","0","0","Under 1,000"
"218229","Lander University","2014","2787","2528","259","2630","2717","554","203","1913","47","70","2524","553","188","1780","3","4","193","1","15","133","44","66","1,000 - 4,999"
"218238","Limestone College","2014","3214","2311","903","2665","3137","477","312","2250","98","77","2307","448","220","1638","1","4","830","29","92","612","97","73","1,000 - 4,999"
"218265","Lenoir-Rhyne University-Lutheran Theological Southern Seminary","2014","92","63","29","74","0","0","0","0","0","92","0","0","0","0","0","63","0","0","0","0","0","29","Under 1,000"
"218335","Medical University of South Carolina","2014","2898","2689","209","2765","293","0","145","148","0","2605","281","0","139","142","0","2408","12","0","6","6","0","197","1,000 - 4,999"
"218353","Midlands Technical College","2014","11424","5252","6172","7324","11424","2508","1088","7383","445","0","5252","1676","606","2945","25","0","6172","832","482","4438","420","0","10,000 - 19,999"
"218399","Morris College","2014","780","770","10","774","780","225","43","512","0","0","770","224","42","504","0","0","10","1","1","8","0","0","Under 1,000"
"218414","Newberry College","2014","1093","1049","44","1066","1093","277","84","715","17","0","1049","277","81","689","2","0","44","0","3","26","15","0","1,000 - 4,999"
"218441","North Greenville University","2014","2569","2224","345","2358","2359","584","141","1458","176","210","2113","583","135","1394","1","111","246","1","6","64","175","99","1,000 - 4,999"
"218487","Orangeburg Calhoun Technical College","2014","3060","1326","1734","1908","3060","533","280","1530","717","0","1326","389","148","685","104","0","1734","144","132","845","613","0","1,000 - 4,999"
"218520","Piedmont Technical College","2014","5694","2134","3560","3329","5694","1007","289","3616","782","0","2134","584","122","1351","77","0","3560","423","167","2265","705","0","5,000 - 9,999"
"218539","Presbyterian College","2014","1460","1391","69","1418","1146","275","25","732","114","314","1078","275","25","726","52","313","68","0","0","6","62","1","1,000 - 4,999"
"218645","University of South Carolina-Aiken","2014","3444","2514","930","2882","3256","643","309","2071","233","188","2493","595","214","1684","0","21","763","48","95","387","233","167","1,000 - 4,999"
"218654","University of South Carolina-Beaufort","2014","1794","1435","359","1580","1794","402","243","1145","4","0","1435","377","173","885","0","0","359","25","70","260","4","0","1,000 - 4,999"
"218663","University of South Carolina-Columbia","2014","32971","28903","4068","30445","24866","4980","1587","18056","243","8105","23179","4943","1394","16615","227","5724","1687","37","193","1441","16","2381","20,000 and above"
"218672","University of South Carolina-Lancaster","2014","1738","700","1038","1048","1738","336","69","558","775","0","700","312","45","337","6","0","1038","24","24","221","769","0","1,000 - 4,999"
"218681","University of South Carolina-Salkehatchie","2014","1076","542","534","721","1076","269","100","354","353","0","542","233","60","245","4","0","534","36","40","109","349","0","1,000 - 4,999"
"218690","University of South Carolina-Sumter","2014","878","523","355","642","878","216","106","407","149","0","523","201","62","260","0","0","355","15","44","147","149","0","Under 1,000"
"218706","University of South Carolina-Union","2014","679","254","425","397","679","141","17","136","385","0","254","131","7","87","29","0","425","10","10","49","356","0","Under 1,000"
"218724","Coastal Carolina University","2014","9976","8684","1292","9187","9364","2375","834","5849","306","612","8502","2374","764","5332","32","182","862","1","70","517","274","430","5,000 - 9,999"
"218733","South Carolina State University","2014","3331","2801","530","3001","2791","641","141","1971","38","540","2581","632","127","1822","0","220","210","9","14","149","38","320","1,000 - 4,999"
"218742","University of South Carolina-Upstate","2014","5585","4229","1356","4769","5397","801","848","3407","341","188","4218","775","651","2740","52","11","1179","26","197","667","289","177","5,000 - 9,999"
"218751","Sherman College of Straight Chiropractic","2014","346","346","0","346","0","0","0","0","0","346","0","0","0","0","0","346","0","0","0","0","0","0","Under 1,000"
"218821","Spartanburg Methodist College","2014","793","776","17","783","793","464","36","290","3","0","776","464","34","278","0","0","17","0","2","12","3","0","Under 1,000"
"218830","Spartanburg Community College","2014","5495","2594","2901","3568","5495","1169","447","3078","801","0","2594","874","225","1485","10","0","2901","295","222","1593","791","0","5,000 - 9,999"
"218858","Central Carolina Technical College","2014","3963","1207","2756","2132","3963","659","224","2517","563","0","1207","402","86","710","9","0","2756","257","138","1807","554","0","1,000 - 4,999"
"218867","Sumter Beauty College","2014","24","24","0","24","24","2","0","22","0","0","24","2","0","22","0","0","0","0","0","0","0","0","Under 1,000"
"218885","Tri-County Technical College","2014","6386","3564","2822","4511","6386","2042","358","3181","805","0","3564","1857","207","1475","25","0","2822","185","151","1706","780","0","5,000 - 9,999"
"218894","Trident Technical College","2014","16136","7183","8953","10189","16136","2403","98","11700","1935","0","7183","1520","56","5469","138","0","8953","883","42","6231","1797","0","10,000 - 19,999"
"218919","Voorhees College","2014","468","452","16","458","468","138","23","307","0","0","452","136","23","293","0","0","16","2","0","14","0","0","Under 1,000"
"218955","Williamsburg Technical College","2014","717","216","501","384","717","257","39","368","53","0","216","49","13","151","3","0","501","208","26","217","50","0","Under 1,000"
"218964","Winthrop University","2014","6024","4915","1109","5339","4974","1019","333","3301","321","1050","4421","1018","320","3070","13","494","553","1","13","231","308","556","5,000 - 9,999"
"218973","Wofford College","2014","1658","1643","15","1649","1658","487","9","1158","4","0","1643","487","9","1147","0","0","15","0","0","11","4","0","1,000 - 4,999"
"218991","York Technical College","2014","5061","2482","2579","3348","5061","1101","427","3219","314","0","2482","765","248","1454","15","0","2579","336","179","1765","299","0","5,000 - 9,999"
"219000","Augustana College","2014","1825","1594","231","1683","1673","396","56","1167","54","152","1592","396","50","1122","24","2","81","0","6","45","30","150","1,000 - 4,999"
"219037","Black Hills Beauty College","2014","109","109","0","109","109","27","0","82","0","0","109","27","0","82","0","0","0","0","0","0","0","0","Under 1,000"
"219046","Black Hills State University","2014","4489","2311","2178","3172","4020","507","309","2094","1110","469","2279","461","224","1522","72","32","1741","46","85","572","1038","437","1,000 - 4,999"
"219055","Kilian Community College","2014","224","30","194","107","224","41","26","124","33","0","30","9","5","16","0","0","194","32","21","108","33","0","Under 1,000"
"219082","Dakota State University","2014","3047","1241","1806","1960","2736","291","259","1220","966","311","1154","269","119","762","4","87","1582","22","140","458","962","224","1,000 - 4,999"
"219091","Dakota Wesleyan University","2014","870","697","173","765","813","142","94","529","48","57","675","141","81","453","0","22","138","1","13","76","48","35","Under 1,000"
"219125","Headlines Academy Inc","2014","69","69","0","69","69","22","0","47","0","0","69","22","0","47","0","0","0","0","0","0","0","0","Under 1,000"
"219143","Lake Area Technical Institute","2014","1654","1400","254","1485","1654","699","0","916","39","0","1400","651","0","748","1","0","254","48","0","168","38","0","1,000 - 4,999"
"219170","Avera McKennan Hospital School of Radiologic Technology","2014","20","20","0","20","20","0","0","20","0","0","20","0","0","20","0","0","0","0","0","0","0","0","Under 1,000"
"219189","Mitchell Technical Institute","2014","1245","894","351","1012","1245","360","125","626","134","0","894","348","118","428","0","0","351","12","7","198","134","0","1,000 - 4,999"
"219198","Mount Marty College","2014","1236","639","597","873","1108","122","56","456","474","128","530","112","44","371","3","109","578","10","12","85","471","19","1,000 - 4,999"
"219204","National American University-Rapid City","2014","1479","172","1307","685","1479","46","376","1052","5","0","172","12","37","123","0","0","1307","34","339","929","5","0","1,000 - 4,999"
"219213","National American University-Sioux Falls","2014","595","78","517","281","595","34","96","464","1","0","78","0","12","66","0","0","517","34","84","398","1","0","Under 1,000"
"219240","Sioux Falls Seminary","2014","195","69","126","117","0","0","0","0","0","195","0","0","0","0","0","69","0","0","0","0","0","126","Under 1,000"
"219259","Northern State University","2014","3531","1533","1998","2319","3001","363","126","1204","1308","530","1477","347","93","936","101","56","1524","16","33","268","1207","474","1,000 - 4,999"
"219277","Oglala Lakota College","2014","1427","797","630","1049","1381","162","28","1125","66","46","794","117","19","653","5","3","587","45","9","472","61","43","1,000 - 4,999"
"219295","Presentation College","2014","729","503","226","592","729","104","156","445","24","0","503","104","94","305","0","0","226","0","62","140","24","0","Under 1,000"
"219338","Avera Sacred Heart Hospital","2014","18","18","0","18","18","0","0","18","0","0","18","0","0","18","0","0","0","0","0","0","0","0","Under 1,000"
"219347","South Dakota School of Mines and Technology","2014","2798","2287","511","2488","2471","599","119","1618","135","327","2079","593","100","1359","27","208","392","6","19","259","108","119","1,000 - 4,999"
"219356","South Dakota State University","2014","12543","9149","3394","10474","10937","2282","561","7160","934","1606","8620","2159","398","6035","28","529","2317","123","163","1125","906","1077","10,000 - 19,999"
"219374","Sinte Gleska University","2014","641","305","336","436","575","63","0","512","0","66","301","38","0","263","0","4","274","25","0","249","0","62","Under 1,000"
"219383","University of Sioux Falls","2014","1419","915","504","1110","1108","245","86","751","26","311","901","238","73","585","5","14","207","7","13","166","21","297","1,000 - 4,999"
"219392","Sanford Medical Center","2014","24","24","0","24","24","0","0","24","0","0","24","0","0","24","0","0","0","0","0","0","0","0","Under 1,000"
"219408","Sisseton Wahpeton College","2014","165","101","64","122","165","31","1","118","15","0","101","24","1","76","0","0","64","7","0","42","15","0","Under 1,000"
"219426","Southeast Technical Institute","2014","2332","1551","781","1813","2332","453","387","1378","114","0","1551","395","268","883","5","0","781","58","119","495","109","0","1,000 - 4,999"
"219453","Stewart School","2014","116","116","0","116","116","72","0","44","0","0","116","72","0","44","0","0","0","0","0","0","0","0","Under 1,000"
"219471","University of South Dakota","2014","10061","6136","3925","7667","7541","1247","597","4487","1210","2520","4876","1147","349","3357","23","1260","2665","100","248","1130","1187","1260","10,000 - 19,999"
"219480","Western Dakota Technical Institute","2014","840","680","160","734","840","153","153","503","31","0","680","141","126","403","10","0","160","12","27","100","21","0","Under 1,000"
"219505","American Baptist College","2014","157","110","47","128","157","14","24","119","0","0","110","11","20","79","0","0","47","3","4","40","0","0","Under 1,000"
"219578","Aquinas College","2014","472","210","262","313","415","30","96","280","9","57","191","30","56","102","3","19","224","0","40","178","6","38","Under 1,000"
"219587","Arnolds Beauty School","2014","66","66","0","66","66","24","0","42","0","0","66","24","0","42","0","0","0","0","0","0","0","0","Under 1,000"
"219596","Tennessee College of Applied Technology-Athens","2014","237","237","0","237","237","69","0","168","0","0","237","69","0","168","0","0","0","0","0","0","0","0","Under 1,000"
"219602","Austin Peay State University","2014","10111","7097","3014","8290","9246","1494","823","6686","243","865","6798","1184","507","5101","6","299","2448","310","316","1585","237","566","10,000 - 19,999"
"219639","Baptist Memorial College of Health Sciences","2014","1170","526","644","779","1170","73","234","862","1","0","526","73","134","319","0","0","644","0","100","543","1","0","1,000 - 4,999"
"219709","Belmont University","2014","7244","6399","845","6726","5837","1396","466","3916","59","1407","5440","1392","404","3624","20","959","397","4","62","292","39","448","5,000 - 9,999"
"219718","Bethel University","2014","6229","4434","1795","5134","4792","515","504","3619","154","1437","3445","467","419","2557","2","989","1347","48","85","1062","152","448","5,000 - 9,999"
"219790","Bryan College-Dayton","2014","1599","1080","519","1284","1506","188","32","904","382","93","997","188","32","753","24","83","509","0","0","151","358","10","1,000 - 4,999"
"219806","Carson-Newman University","2014","2362","1812","550","2023","1757","491","104","1106","56","605","1686","488","101","1063","34","126","71","3","3","43","22","479","1,000 - 4,999"
"219824","Chattanooga State Community College","2014","9332","3618","5714","5536","9332","1558","673","5344","1757","0","3618","1058","306","2105","149","0","5714","500","367","3239","1608","0","5,000 - 9,999"
"219833","Christian Brothers University","2014","1667","1305","362","1445","1296","351","119","822","4","371","1183","351","93","739","0","122","113","0","26","83","4","249","1,000 - 4,999"
"219842","Pentecostal Theological Seminary","2014","244","112","132","162","0","0","0","0","0","244","0","0","0","0","0","112","0","0","0","0","0","132","Under 1,000"
"219879","Cleveland State Community College","2014","3522","1785","1737","2368","3522","756","182","1796","788","0","1785","684","108","981","12","0","1737","72","74","815","776","0","1,000 - 4,999"
"219888","Columbia State Community College","2014","5117","2092","3025","3108","5117","1010","334","2785","988","0","2092","731","164","1178","19","0","3025","279","170","1607","969","0","5,000 - 9,999"
"219903","Concorde Career College-Memphis","2014","1310","1310","0","1310","1310","301","0","1009","0","0","1310","301","0","1009","0","0","0","0","0","0","0","0","1,000 - 4,999"
"219921","Tennessee College of Applied Technology-Covington","2014","244","136","108","172","244","108","0","136","0","0","136","75","0","61","0","0","108","33","0","75","0","0","Under 1,000"
"219949","Cumberland University","2014","1481","1034","447","1208","1254","178","220","769","87","227","984","178","157","649","0","50","270","0","63","120","87","177","1,000 - 4,999"
"219976","Lipscomb University","2014","4489","3390","1099","3813","2883","630","205","2040","8","1606","2583","626","162","1793","2","807","300","4","43","247","6","799","1,000 - 4,999"
"219994","Tennessee College of Applied Technology-Dickson","2014","430","416","14","421","430","171","0","259","0","0","416","168","0","248","0","0","14","3","0","11","0","0","Under 1,000"
"220002","Daymar Institute-Nashville","2014","89","64","25","74","89","4","14","71","0","0","64","4","9","51","0","0","25","0","5","20","0","0","Under 1,000"
"220057","Dyersburg State Community College","2014","2847","1141","1706","1714","2847","539","170","1292","846","0","1141","390","80","646","25","0","1706","149","90","646","821","0","1,000 - 4,999"
"220075","East Tennessee State University","2014","14434","11377","3057","12565","11550","2055","1057","8050","388","2884","9574","2025","830","6685","34","1803","1976","30","227","1365","354","1081","10,000 - 19,999"
"220118","Chattanooga College Medical Dental and Technical Careers","2014","347","347","0","347","347","82","0","265","0","0","347","82","0","265","0","0","0","0","0","0","0","0","Under 1,000"
"220127","Tennessee College of Applied Technology-Elizabethton","2014","477","391","86","420","477","138","0","337","2","0","391","101","0","290","0","0","86","37","0","47","2","0","Under 1,000"
"220136","Emmanuel Christian Seminary","2014","111","66","45","83","0","0","0","0","0","111","0","0","0","0","0","66","0","0","0","0","0","45","Under 1,000"
"220163","Fayetteville College of Cosmetology Arts and Sciences","2014","62","24","38","39","62","34","0","28","0","0","24","19","0","5","0","0","38","15","0","23","0","0","Under 1,000"
"220181","Fisk University","2014","772","735","37","749","729","227","87","407","8","43","705","221","82","394","8","30","24","6","5","13","0","13","Under 1,000"
"220206","Welch College","2014","329","241","88","276","329","56","34","187","52","0","241","51","28","162","0","0","88","5","6","25","52","0","Under 1,000"
"220215","Freed-Hardeman University","2014","1867","1384","483","1570","1405","344","73","893","95","462","1274","340","63","869","2","110","131","4","10","24","93","352","1,000 - 4,999"
"220251","Tennessee College of Applied Technology-Harriman","2014","216","205","11","209","216","198","0","18","0","0","205","188","0","17","0","0","11","10","0","1","0","0","Under 1,000"
"220279","Tennessee College of Applied Technology-Hartsville","2014","593","212","381","340","593","139","0","135","319","0","212","114","0","98","0","0","381","25","0","37","319","0","Under 1,000"
"220312","Hiwassee College","2014","424","240","184","312","424","84","40","133","167","0","240","83","37","120","0","0","184","1","3","13","167","0","Under 1,000"
"220321","Tennessee College of Applied Technology-Hohenwald","2014","353","265","88","295","353","56","0","297","0","0","265","53","0","212","0","0","88","3","0","85","0","0","Under 1,000"
"220394","Tennessee College of Applied Technology-Jacksboro","2014","260","205","55","223","260","136","0","124","0","0","205","87","0","118","0","0","55","49","0","6","0","0","Under 1,000"
"220400","Jackson State Community College","2014","4924","1987","2937","2973","4924","933","223","2087","1681","0","1987","778","149","1036","24","0","2937","155","74","1051","1657","0","1,000 - 4,999"
"220464","John A Gupton College","2014","129","67","62","92","129","17","33","79","0","0","67","12","26","29","0","0","62","5","7","50","0","0","Under 1,000"
"220473","Johnson University","2014","1124","936","188","1009","894","192","56","638","8","230","827","187","51","588","1","109","67","5","5","50","7","121","1,000 - 4,999"
"220491","Paul Mitchell the School-Nashville","2014","91","78","13","83","91","2","0","89","0","0","78","1","0","77","0","0","13","1","0","12","0","0","Under 1,000"
"220516","King University","2014","2897","2646","251","2744","2427","189","548","1607","83","470","2272","188","534","1543","7","374","155","1","14","64","76","96","1,000 - 4,999"
"220552","South College","2014","1241","1241","0","1241","702","149","0","546","7","539","702","149","0","546","7","539","0","0","0","0","0","0","1,000 - 4,999"
"220570","Knoxville Institute of Hair Design","2014","48","38","10","42","48","11","0","37","0","0","38","10","0","28","0","0","10","1","0","9","0","0","Under 1,000"
"220598","Lane College","2014","1262","1249","13","1254","1262","312","85","865","0","0","1249","312","85","852","0","0","13","0","0","13","0","0","1,000 - 4,999"
"220604","Le Moyne-Owen College","2014","1006","892","114","937","1006","162","112","715","17","0","892","149","100","641","2","0","114","13","12","74","15","0","1,000 - 4,999"
"220613","Lee University","2014","4965","3942","1023","4342","4574","756","345","3016","457","391","3769","746","302","2718","3","173","805","10","43","298","454","218","1,000 - 4,999"
"220631","Lincoln Memorial University","2014","3735","2910","825","3230","1699","260","248","1114","77","2036","1298","254","180","858","6","1612","401","6","68","256","71","424","1,000 - 4,999"
"220640","Tennessee College of Applied Technology-Livingston","2014","475","190","285","286","475","86","0","213","176","0","190","71","0","119","0","0","285","15","0","94","176","0","Under 1,000"
"220701","Martin Methodist College","2014","1087","970","117","1016","1087","454","184","449","0","0","970","447","170","353","0","0","117","7","14","96","0","0","1,000 - 4,999"
"220710","Maryville College","2014","1213","1166","47","1184","1213","334","103","776","0","0","1166","334","65","767","0","0","47","0","38","9","0","0","1,000 - 4,999"
"220756","Tennessee College of Applied Technology-McKenzie","2014","154","148","6","150","154","51","0","100","3","0","148","50","0","98","0","0","6","1","0","2","3","0","Under 1,000"
"220765","Genesis Career College-Cookeville","2014","422","382","40","398","422","118","0","304","0","0","382","111","0","271","0","0","40","7","0","33","0","0","Under 1,000"
"220792","Meharry Medical College","2014","802","802","0","802","0","0","0","0","0","802","0","0","0","0","0","802","0","0","0","0","0","0","Under 1,000"
"220808","Memphis College of Art","2014","435","360","75","389","366","100","27","238","1","69","332","96","24","212","0","28","34","4","3","26","1","41","Under 1,000"
"220853","Tennessee College of Applied Technology-Memphis","2014","1051","940","111","977","1051","320","0","731","0","0","940","253","0","687","0","0","111","67","0","44","0","0","1,000 - 4,999"
"220862","University of Memphis","2014","21059","14372","6687","16987","17073","2319","1454","12320","980","3986","12372","2266","1029","9028","49","2000","4701","53","425","3292","931","1986","20,000 and above"
"220871","Memphis Theological Seminary","2014","279","170","109","212","0","0","0","0","0","279","0","0","0","0","0","170","0","0","0","0","0","109","Under 1,000"
"220978","Middle Tennessee State University","2014","22729","17487","5242","19535","20262","2932","1809","15187","334","2467","16627","2873","1462","12236","56","860","3635","59","347","2951","278","1607","20,000 and above"
"220996","Middle Tennessee School of Anesthesia Inc","2014","141","136","5","138","0","0","0","0","0","141","0","0","0","0","0","136","0","0","0","0","0","5","Under 1,000"
"221014","Milligan College","2014","1164","1016","148","1074","953","181","83","616","73","211","828","181","67","579","1","188","125","0","16","37","72","23","1,000 - 4,999"
"221050","Tennessee College of Applied Technology-Morristown","2014","592","471","121","512","592","178","0","401","13","0","471","143","0","316","12","0","121","35","0","85","1","0","Under 1,000"
"221096","Motlow State Community College","2014","4758","2093","2665","2988","4758","1107","324","2391","936","0","2093","870","138","1045","40","0","2665","237","186","1346","896","0","1,000 - 4,999"
"221102","Tennessee College of Applied Technology-Murfreesboro","2014","361","273","88","303","361","293","0","68","0","0","273","212","0","61","0","0","88","81","0","7","0","0","Under 1,000"
"221148","Lincoln College of Technology-Nashville","2014","1782","1782","0","1782","1782","113","2","1667","0","0","1782","113","2","1667","0","0","0","0","0","0","0","0","1,000 - 4,999"
"221157","Nashville College of Medical Careers","2014","141","141","0","141","141","49","0","92","0","0","141","49","0","92","0","0","0","0","0","0","0","0","Under 1,000"
"221184","Nashville State Community College","2014","10044","3462","6582","5672","10044","1644","832","5833","1735","0","3462","1043","359","1979","81","0","6582","601","473","3854","1654","0","10,000 - 19,999"
"221236","Tennessee College of Applied Technology-Newbern","2014","340","229","111","266","340","148","0","128","64","0","229","102","0","127","0","0","111","46","0","1","64","0","Under 1,000"
"221254","O'More College of Design","2014","172","144","28","155","172","33","16","120","3","0","144","25","15","103","1","0","28","8","1","17","2","0","Under 1,000"
"221281","Tennessee College of Applied Technology-Paris","2014","332","265","67","287","332","90","0","219","23","0","265","83","0","182","0","0","67","7","0","37","23","0","Under 1,000"
"221290","Plaza Beauty School","2014","136","80","56","102","136","27","0","109","0","0","80","21","0","59","0","0","56","6","0","50","0","0","Under 1,000"
"221333","Tennessee College of Applied Technology-Pulaski","2014","830","151","679","379","830","57","0","145","628","0","151","48","0","103","0","0","679","9","0","42","628","0","Under 1,000"
"221351","Rhodes College","2014","2054","2039","15","2045","2031","507","17","1483","24","23","2016","507","17","1480","12","23","15","0","0","3","12","0","1,000 - 4,999"
"221388","Tennessee College of Applied Technology-Ripley","2014","146","86","60","106","146","43","0","52","51","0","86","38","0","48","0","0","60","5","0","4","51","0","Under 1,000"
"221397","Roane State Community College","2014","5832","2358","3474","3524","5832","1213","310","3103","1206","0","2358","824","112","1386","36","0","3474","389","198","1717","1170","0","5,000 - 9,999"
"221430","Tennessee College of Applied Technology-Crump","2014","251","203","48","219","251","86","0","128","37","0","203","84","0","119","0","0","48","2","0","9","37","0","Under 1,000"
"221485","Southwest Tennessee Community College","2014","10227","4243","5984","6252","10227","2208","612","6781","626","0","4243","1362","312","2528","41","0","5984","846","300","4253","585","0","10,000 - 19,999"
"221494","Tennessee College of Applied Technology-Shelbyville","2014","468","361","107","397","468","193","0","275","0","0","361","161","0","200","0","0","107","32","0","75","0","0","Under 1,000"
"221519","Sewanee-The University of the South","2014","1714","1697","17","1704","1631","466","21","1129","15","83","1620","466","21","1129","4","77","11","0","0","0","11","6","1,000 - 4,999"
"221582","Tennessee College of Applied Technology-Oneida-Huntsville","2014","345","154","191","218","345","40","0","117","188","0","154","39","0","115","0","0","191","1","0","2","188","0","Under 1,000"
"221591","Tennessee College of Applied Technology-Crossville","2014","315","281","34","292","315","171","0","144","0","0","281","153","0","128","0","0","34","18","0","16","0","0","Under 1,000"
"221607","Tennessee College of Applied Technology-McMinnville","2014","343","138","205","207","343","50","0","131","162","0","138","33","0","105","0","0","205","17","0","26","162","0","Under 1,000"
"221616","Tennessee College of Applied Technology-Jackson","2014","384","379","5","381","384","163","0","220","1","0","379","163","0","216","0","0","5","0","0","4","1","0","Under 1,000"
"221625","Tennessee College of Applied Technology-Knoxville","2014","1300","778","522","953","1300","735","0","565","0","0","778","425","0","353","0","0","522","310","0","212","0","0","1,000 - 4,999"
"221634","Tennessee College of Applied Technology-Whiteville","2014","222","182","40","195","222","82","0","112","28","0","182","80","0","102","0","0","40","2","0","10","28","0","Under 1,000"
"221643","Pellissippi State Community College","2014","10099","5030","5069","6732","10099","2143","613","5375","1968","0","5030","1829","345","2806","50","0","5069","314","268","2569","1918","0","10,000 - 19,999"
"221661","Southern Adventist University","2014","3175","2421","754","2714","2728","559","144","1900","125","447","2252","553","111","1588","0","169","476","6","33","312","125","278","1,000 - 4,999"
"221670","Southern College of Optometry","2014","527","527","0","527","0","0","0","0","0","527","0","0","0","0","0","527","0","0","0","0","0","0","Under 1,000"
"221731","Tennessee Wesleyan College","2014","1006","919","87","953","992","198","188","595","11","14","919","197","165","556","1","0","73","1","23","39","10","14","1,000 - 4,999"
"221740","The University of Tennessee-Chattanooga","2014","11670","9632","2038","10425","10315","2160","804","7249","102","1355","8985","2144","617","6205","19","647","1330","16","187","1044","83","708","10,000 - 19,999"
"221759","The University of Tennessee-Knoxville","2014","30386","26728","3658","28107","21664","4701","1423","15272","268","8722","20337","4689","1280","14209","159","6391","1327","12","143","1063","109","2331","20,000 and above"
"221768","The University of Tennessee-Martin","2014","7042","5784","1258","6278","6677","1181","438","4768","290","365","5738","1172","355","4203","8","46","939","9","83","565","282","319","5,000 - 9,999"
"221795","Fountainhead College of Technology","2014","123","123","0","123","123","88","11","24","0","0","123","88","11","24","0","0","0","0","0","0","0","0","Under 1,000"
"221829","Tennessee School of Beauty of Knoxville Inc","2014","195","195","0","195","195","71","0","124","0","0","195","71","0","124","0","0","0","0","0","0","0","0","Under 1,000"
"221838","Tennessee State University","2014","9027","6528","2499","7490","7073","1377","610","4981","105","1954","5678","1331","399","3937","11","850","1395","46","211","1044","94","1104","5,000 - 9,999"
"221847","Tennessee Technological University","2014","11339","9646","1693","10302","10314","1879","725","7435","275","1025","9264","1875","632","6752","5","382","1050","4","93","683","270","643","10,000 - 19,999"
"221856","Tennessee Temple University","2014","730","412","318","535","498","78","59","359","2","232","322","62","35","225","0","90","176","16","24","134","2","142","Under 1,000"
"221892","Trevecca Nazarene University","2014","2606","1858","748","2149","1677","320","87","1202","68","929","1176","318","85","768","5","682","501","2","2","434","63","247","1,000 - 4,999"
"221908","Northeast State Community College","2014","5865","3129","2736","4048","5865","1274","275","3439","877","0","3129","1077","186","1842","24","0","2736","197","89","1597","853","0","5,000 - 9,999"
"221953","Tusculum College","2014","1921","1719","202","1798","1746","287","67","1392","0","175","1608","286","67","1255","0","111","138","1","0","137","0","64","1,000 - 4,999"
"221971","Union University","2014","3846","2860","986","3245","2717","395","719","1327","276","1129","1976","328","492","1156","0","884","741","67","227","171","276","245","1,000 - 4,999"
"221980","New Concepts School of Cosmetology","2014","101","14","87","49","101","80","0","21","0","0","14","4","0","10","0","0","87","76","0","11","0","0","Under 1,000"
"221999","Vanderbilt University","2014","12686","11872","814","12184","6851","1605","207","5006","33","5835","6778","1604","206","4965","3","5094","73","1","1","41","30","741","10,000 - 19,999"
"222026","Volunteer Beauty Academy-Dyersburg","2014","57","30","27","41","57","6","0","51","0","0","30","4","0","26","0","0","27","2","0","25","0","0","Under 1,000"
"222053","Volunteer State Community College","2014","7664","3377","4287","4816","7664","1602","441","4006","1615","0","3377","1164","231","1908","74","0","4287","438","210","2098","1541","0","5,000 - 9,999"
"222062","Walters State Community College","2014","6005","3106","2899","4079","6005","1409","211","2916","1469","0","3106","1238","130","1693","45","0","2899","171","81","1223","1424","0","5,000 - 9,999"
"222099","West Tennessee Business College","2014","211","211","0","211","211","101","0","110","0","0","211","101","0","110","0","0","0","0","0","0","0","0","Under 1,000"
"222105","William Moore College of Technology","2014","249","81","168","148","249","109","0","140","0","0","81","37","0","44","0","0","168","72","0","96","0","0","Under 1,000"
"222178","Abilene Christian University","2014","4427","3761","666","4018","3650","974","122","2476","78","777","3417","974","118","2313","12","344","233","0","4","163","66","433","1,000 - 4,999"
"222567","Alvin Community College","2014","4837","1369","3468","2533","4837","1263","1555","1864","155","0","1369","370","420","557","22","0","3468","893","1135","1307","133","0","1,000 - 4,999"
"222576","Amarillo College","2014","10336","3067","7269","5507","10336","1274","282","7790","990","0","3067","801","124","1952","190","0","7269","473","158","5838","800","0","10,000 - 19,999"
"222628","Amberton University","2014","1381","97","1284","590","245","0","66","179","0","1136","21","0","7","14","0","76","224","0","59","165","0","1060","1,000 - 4,999"
"222822","Angelina College","2014","5148","1709","3439","2864","5148","994","213","2618","1323","0","1709","595","102","986","26","0","3439","399","111","1632","1297","0","5,000 - 9,999"
"222831","Angelo State University","2014","6494","5147","1347","5666","5359","1316","396","3578","69","1135","4608","1281","335","2992","0","539","751","35","61","586","69","596","5,000 - 9,999"
"222877","Arlington Baptist College","2014","250","190","60","214","233","40","35","139","19","17","178","40","27","111","0","12","55","0","8","28","19","5","Under 1,000"
"222886","Arlington Career Institute","2014","204","146","58","169","204","145","0","59","0","0","146","107","0","39","0","0","58","38","0","20","0","0","Under 1,000"
"222938","The Art Institute of Houston","2014","1887","1233","654","1490","1887","319","292","1276","0","0","1233","197","158","878","0","0","654","122","134","398","0","0","1,000 - 4,999"
"222983","Austin College","2014","1301","1294","7","1297","1278","357","46","869","6","23","1271","357","46","867","1","23","7","0","0","2","5","0","1,000 - 4,999"
"222992","Austin Community College District","2014","40949","9040","31909","19753","40949","5640","4477","22464","8368","0","9040","2225","1523","4919","373","0","31909","3415","2954","17545","7995","0","20,000 and above"
"223001","Austin Presbyterian Theological Seminary","2014","145","113","32","125","0","0","0","0","0","145","0","0","0","0","0","113","0","0","0","0","0","32","Under 1,000"
"223056","Baldwin Beauty School-South Austin","2014","69","69","0","69","69","66","0","3","0","0","69","66","0","3","0","0","0","0","0","0","0","0","Under 1,000"
"223083","Baptist Health System School of Health Professions","2014","500","500","0","500","500","0","160","340","0","0","500","0","160","340","0","0","0","0","0","0","0","0","Under 1,000"
"223117","Baptist Missionary Association Theological Seminary","2014","137","31","106","72","58","5","8","41","4","79","14","0","3","11","0","17","44","5","5","30","4","62","Under 1,000"
"223223","Baylor College of Medicine","2014","1584","1584","0","1584","0","0","0","0","0","1584","0","0","0","0","0","1584","0","0","0","0","0","0","1,000 - 4,999"
"223232","Baylor University","2014","16263","15624","639","15871","13859","3625","454","9722","58","2404","13613","3622","446","9509","36","2011","246","3","8","213","22","393","10,000 - 19,999"
"223320","Coastal Bend College","2014","3759","1429","2330","2211","3759","1300","499","1414","546","0","1429","395","246","751","37","0","2330","905","253","663","509","0","1,000 - 4,999"
"223427","Blinn College","2014","18850","9865","8985","12882","18850","8086","938","8071","1755","0","9865","5276","406","4083","100","0","8985","2810","532","3988","1655","0","10,000 - 19,999"
"223463","Remington College-Dallas Campus","2014","822","822","0","822","822","291","23","508","0","0","822","291","23","508","0","0","0","0","0","0","0","0","Under 1,000"
"223472","Vet Tech Institute of Houston","2014","216","216","0","216","216","21","42","153","0","0","216","21","42","153","0","0","0","0","0","0","0","0","Under 1,000"
"223506","Brazosport College","2014","4155","881","3274","2202","4155","594","210","2360","991","0","881","236","59","556","30","0","3274","358","151","1804","961","0","1,000 - 4,999"
"223524","Brookhaven College","2014","12403","2162","10241","5600","12403","1294","970","7896","2243","0","2162","523","239","1166","234","0","10241","771","731","6730","2009","0","10,000 - 19,999"
"223773","Cedar Valley College","2014","6759","1474","5285","3248","6759","715","455","4792","797","0","1474","348","133","864","129","0","5285","367","322","3928","668","0","5,000 - 9,999"
"223816","Central Texas College","2014","20547","4789","15758","10080","20547","2958","1645","9806","6138","0","4789","802","423","2283","1281","0","15758","2156","1222","7523","4857","0","20,000 and above"
"223852","Charles and Sues School of Hair Design","2014","19","19","0","19","19","14","0","5","0","0","19","14","0","5","0","0","0","0","0","0","0","0","Under 1,000"
"223898","Cisco College","2014","3608","1638","1970","2299","3608","1058","328","2094","128","0","1638","437","175","982","44","0","1970","621","153","1112","84","0","1,000 - 4,999"
"223922","Clarendon College","2014","1394","669","725","912","1394","572","120","702","0","0","669","305","28","336","0","0","725","267","92","366","0","0","1,000 - 4,999"
"224004","Concordia University-Texas","2014","2504","1221","1283","1715","1567","242","219","1064","42","937","1192","228","180","767","17","29","375","14","39","297","25","908","1,000 - 4,999"
"224013","Conlee's College of Cosmetology","2014","70","41","29","53","70","43","0","27","0","0","41","21","0","20","0","0","29","22","0","7","0","0","Under 1,000"
"224110","North Central Texas College","2014","10169","3520","6649","5752","10169","2406","1263","6204","296","0","3520","897","474","2100","49","0","6649","1509","789","4104","247","0","10,000 - 19,999"
"224147","Texas A & M University-Corpus Christi","2014","11256","8016","3240","9269","9076","2029","956","6089","2","2180","7130","1940","665","4525","0","886","1946","89","291","1564","2","1294","10,000 - 19,999"
"224156","Cosmetology Career Center LLC","2014","248","248","0","248","248","54","0","194","0","0","248","54","0","194","0","0","0","0","0","0","0","0","Under 1,000"
"224183","Court Reporting Institute of Dallas","2014","38","38","0","38","38","0","0","38","0","0","38","0","0","38","0","0","0","0","0","0","0","0","Under 1,000"
"224226","Dallas Baptist University","2014","5445","3062","2383","3984","3457","494","280","2583","100","1988","2397","492","228","1652","25","665","1060","2","52","931","75","1323","5,000 - 9,999"
"224244","Dallas Christian College","2014","309","232","77","262","309","62","55","192","0","0","232","51","45","136","0","0","77","11","10","56","0","0","Under 1,000"
"224271","Dallas Institute of Funeral Service","2014","128","128","0","128","128","34","85","9","0","0","128","34","85","9","0","0","0","0","0","0","0","0","Under 1,000"
"224305","Dallas Theological Seminary","2014","2088","861","1227","1330","0","0","0","0","0","2088","0","0","0","0","0","861","0","0","0","0","0","1227","1,000 - 4,999"
"224323","University of Dallas","2014","2548","1719","829","2036","1327","342","36","946","3","1221","1313","342","36","934","1","406","14","0","0","12","2","815","1,000 - 4,999"
"224350","Del Mar College","2014","10439","2831","7608","5385","10439","1247","557","8635","0","0","2831","540","218","2073","0","0","7608","707","339","6562","0","0","10,000 - 19,999"
"224439","Career Point College","2014","1208","1208","0","1208","1208","529","0","0","679","0","1208","529","0","0","679","0","0","0","0","0","0","0","1,000 - 4,999"
"224527","East Texas Baptist University","2014","1299","1139","160","1201","1231","364","108","711","48","68","1113","363","101","647","2","26","118","1","7","64","46","42","1,000 - 4,999"
"224545","Texas A & M University-Texarkana","2014","1865","1065","800","1372","1393","174","266","946","7","472","978","166","195","617","0","87","415","8","71","329","7","385","1,000 - 4,999"
"224554","Texas A & M University-Commerce","2014","12111","6791","5320","8794","7374","1030","1272","5056","16","4737","5482","1016","876","3582","8","1309","1892","14","396","1474","8","3428","10,000 - 19,999"
"224572","Eastfield College","2014","15112","3358","11754","7304","15112","1754","729","9691","2938","0","3358","749","209","1935","465","0","11754","1005","520","7756","2473","0","10,000 - 19,999"
"224615","El Centro College","2014","10549","1764","8785","4713","10549","992","665","7139","1753","0","1764","308","126","1184","146","0","8785","684","539","5955","1607","0","10,000 - 19,999"
"224642","El Paso Community College","2014","28308","9329","18979","15701","28308","4948","1584","20946","830","0","9329","2815","713","5753","48","0","18979","2133","871","15193","782","0","20,000 and above"
"224660","Western Technical College","2014","529","413","116","459","529","72","21","436","0","0","413","63","18","332","0","0","116","9","3","104","0","0","Under 1,000"
"224679","Western Technical College","2014","990","756","234","849","990","183","24","783","0","0","756","168","21","567","0","0","234","15","3","216","0","0","Under 1,000"
"224712","Episcopal Theological Seminary of the Southwest","2014","98","46","52","66","0","0","0","0","0","98","0","0","0","0","0","46","0","0","0","0","0","52","Under 1,000"
"224758","Exposito School of Hair Design","2014","46","34","12","39","46","29","0","17","0","0","34","22","0","12","0","0","12","7","0","5","0","0","Under 1,000"
"224776","South University-The Art Institute of Dallas","2014","1155","932","223","1019","1139","249","191","699","0","16","932","220","155","557","0","0","207","29","36","142","0","16","1,000 - 4,999"
"224828","Fort Worth Beauty School","2014","27","20","7","23","27","25","0","2","0","0","20","19","0","1","0","0","7","6","0","1","0","0","Under 1,000"
"224891","Frank Phillips College","2014","1348","568","780","830","1348","101","36","314","897","0","568","98","35","177","258","0","780","3","1","137","639","0","1,000 - 4,999"
"224961","Galveston College","2014","2048","539","1509","1046","2048","234","285","1250","279","0","539","128","118","292","1","0","1509","106","167","958","278","0","1,000 - 4,999"
"225070","Grayson College","2014","4636","1903","2733","2821","4636","721","234","2592","1089","0","1903","511","135","1226","31","0","2733","210","99","1366","1058","0","1,000 - 4,999"
"225201","Hallmark College","2014","372","372","0","372","365","71","0","294","0","7","365","71","0","294","0","7","0","0","0","0","0","0","Under 1,000"
"225247","Hardin-Simmons University","2014","2084","1711","373","1855","1630","339","138","1099","54","454","1468","339","135","994","0","243","162","0","3","105","54","211","1,000 - 4,999"
"225308","Trinity Valley Community College","2014","4983","2330","2653","3221","4983","1243","633","2844","263","0","2330","909","265","1087","69","0","2653","334","368","1757","194","0","1,000 - 4,999"
"225371","Hill College","2014","4020","1591","2429","2407","4020","660","311","2018","1031","0","1591","513","172","864","42","0","2429","147","139","1154","989","0","1,000 - 4,999"
"225399","Houston Baptist University","2014","3128","2475","653","2726","2288","615","195","1469","9","840","2137","615","186","1335","1","338","151","0","9","134","8","502","1,000 - 4,999"
"225414","University of Houston-Clear Lake","2014","8665","4464","4201","6097","5077","234","1256","3582","5","3588","2374","202","620","1551","1","2090","2703","32","636","2031","4","1498","5,000 - 9,999"
"225423","Houston Community College","2014","58276","17288","40988","31049","58276","8260","4750","45074","192","0","17288","3544","1853","11874","17","0","40988","4716","2897","33200","175","0","20,000 and above"
"225432","University of Houston-Downtown","2014","14439","7136","7303","10060","13830","993","2424","10245","168","609","7069","914","1123","5015","17","67","6761","79","1301","5230","151","542","10,000 - 19,999"
"225502","University of Houston-Victoria","2014","4407","1917","2490","2879","3012","340","445","2206","21","1395","1540","333","199","1006","2","377","1472","7","246","1200","19","1018","1,000 - 4,999"
"225511","University of Houston","2014","40914","29743","11171","34163","33037","4048","4672","22923","1394","7877","23974","3908","3112","16575","379","5769","9063","140","1560","6348","1015","2108","20,000 and above"
"225520","Howard College","2014","3756","1055","2701","1962","3756","479","86","3101","90","0","1055","333","45","640","37","0","2701","146","41","2461","53","0","1,000 - 4,999"
"225548","Howard Payne University","2014","1137","968","169","1034","1073","302","76","659","36","64","945","300","59","586","0","23","128","2","17","73","36","41","1,000 - 4,999"
"225575","Huston-Tillotson University","2014","1031","927","104","967","975","206","74","692","3","56","927","203","69","654","1","0","48","3","5","38","2","56","1,000 - 4,999"
"225627","University of the Incarnate Word","2014","8745","5412","3333","6709","6496","946","769","4610","171","2249","4324","913","324","3032","55","1088","2172","33","445","1578","116","1161","5,000 - 9,999"
"225779","International Business College-El Paso","2014","72","72","0","72","72","70","0","2","0","0","72","70","0","2","0","0","0","0","0","0","0","0","Under 1,000"
"225788","International Business College-El Paso","2014","121","121","0","121","121","118","0","3","0","0","121","118","0","3","0","0","0","0","0","0","0","0","Under 1,000"
"225849","ITT Technical Institute-Arlington","2014","595","469","126","518","595","143","9","443","0","0","469","131","6","332","0","0","126","12","3","111","0","0","Under 1,000"
"225858","ITT Technical Institute-Houston West","2014","615","555","60","579","615","86","4","525","0","0","555","77","4","474","0","0","60","9","0","51","0","0","Under 1,000"
"225876","Jacksonville College-Main Campus","2014","543","269","274","378","543","137","38","124","244","0","269","133","33","103","0","0","274","4","5","21","244","0","Under 1,000"
"225885","Jarvis Christian College","2014","763","701","62","725","763","190","142","384","47","0","701","186","138","377","0","0","62","4","4","7","47","0","Under 1,000"
"225991","KD College Conservatory of Film and Dramatic Arts","2014","162","162","0","162","162","37","39","86","0","0","162","37","39","86","0","0","0","0","0","0","0","0","Under 1,000"
"226019","Kilgore College","2014","5768","2586","3182","3654","5768","1127","365","4276","0","0","2586","819","219","1548","0","0","3182","308","146","2728","0","0","5,000 - 9,999"
"226091","Lamar University","2014","14895","7539","7356","10318","9279","1479","690","6874","236","5616","6460","1415","373","4670","2","1079","2819","64","317","2204","234","4537","10,000 - 19,999"
"226107","Lamar State College-Orange","2014","2259","1015","1244","1433","2259","407","141","1293","418","0","1015","341","74","600","0","0","1244","66","67","693","418","0","1,000 - 4,999"
"226116","Lamar State College-Port Arthur","2014","2077","898","1179","1294","2077","232","89","965","791","0","898","172","47","353","326","0","1179","60","42","612","465","0","1,000 - 4,999"
"226125","Laredo Beauty College Inc","2014","148","148","0","148","148","48","0","100","0","0","148","48","0","100","0","0","0","0","0","0","0","0","Under 1,000"
"226134","Laredo Community College","2014","8307","3024","5283","4798","8307","1698","132","5755","722","0","3024","959","56","1813","196","0","5283","739","76","3942","526","0","5,000 - 9,999"
"226152","Texas A & M International University","2014","7554","4492","3062","5703","6741","1010","494","5202","35","813","4279","970","299","2992","18","213","2462","40","195","2210","17","600","5,000 - 9,999"
"226204","Lee College","2014","6481","1391","5090","3100","6481","1132","348","4852","149","0","1391","327","112","938","14","0","5090","805","236","3914","135","0","5,000 - 9,999"
"226231","LeTourneau University","2014","2667","1399","1268","1893","2250","367","279","1369","235","417","1341","325","96","895","25","58","909","42","183","474","210","359","1,000 - 4,999"
"226277","Lincoln College of Technology-Grand Prairie","2014","947","947","0","947","947","165","7","775","0","0","947","165","7","775","0","0","0","0","0","0","0","0","Under 1,000"
"226374","Lubbock Hair Academy","2014","50","50","0","50","50","10","0","40","0","0","50","10","0","40","0","0","0","0","0","0","0","0","Under 1,000"
"226383","Lubbock Christian University","2014","1902","1266","636","1511","1439","264","191","951","33","463","1222","264","161","797","0","44","217","0","30","154","33","419","1,000 - 4,999"
"226408","College of the Mainland","2014","3858","992","2866","1954","3858","239","185","3434","0","0","992","113","68","811","0","0","2866","126","117","2623","0","0","1,000 - 4,999"
"226471","University of Mary Hardin-Baylor","2014","3740","3190","550","3403","3110","711","245","2083","71","630","2840","706","210","1918","6","350","270","5","35","165","65","280","1,000 - 4,999"
"226578","McLennan Community College","2014","8294","3566","4728","5153","8294","1311","531","5131","1321","0","3566","983","282","2263","38","0","4728","328","249","2868","1283","0","5,000 - 9,999"
"226587","McMurry University","2014","1007","848","159","910","1003","208","72","673","50","4","848","207","58","581","2","0","155","1","14","92","48","4","1,000 - 4,999"
"226675","Covenant School of Nursing and Allied Health","2014","327","327","0","327","327","2","0","325","0","0","327","2","0","325","0","0","0","0","0","0","0","0","Under 1,000"
"226772","Metroplex Beauty School","2014","46","28","18","35","46","13","0","33","0","0","28","6","0","22","0","0","18","7","0","11","0","0","Under 1,000"
"226806","Midland College","2014","4618","1495","3123","2755","4618","810","283","2366","1159","0","1495","477","130","798","90","0","3123","333","153","1568","1069","0","1,000 - 4,999"
"226833","Midwestern State University","2014","5874","4026","1848","4748","5144","843","525","3774","2","730","3864","828","355","2681","0","162","1280","15","170","1093","2","568","5,000 - 9,999"
"226860","Mims Classic Beauty College","2014","41","41","0","41","41","8","0","33","0","0","41","8","0","33","0","0","0","0","0","0","0","0","Under 1,000"
"226879","Wade College","2014","207","159","48","178","207","68","10","129","0","0","159","62","5","92","0","0","48","6","5","37","0","0","Under 1,000"
"226903","Southern Careers Institute-Austin","2014","354","354","0","354","354","318","0","36","0","0","354","318","0","36","0","0","0","0","0","0","0","0","Under 1,000"
"226930","Mountain View College","2014","8950","1962","6988","4308","8950","1137","416","5747","1650","0","1962","626","96","1016","224","0","6988","511","320","4731","1426","0","5,000 - 9,999"
"227003","Everest Institute-San Antonio","2014","464","464","0","464","464","94","0","370","0","0","464","94","0","370","0","0","0","0","0","0","0","0","Under 1,000"
"227058","Tint School of Makeup and Cosmetology-Irving","2014","95","92","3","93","95","39","0","56","0","0","92","38","0","54","0","0","3","1","0","2","0","0","Under 1,000"
"227146","Navarro College","2014","9999","3944","6055","5977","9999","1865","855","7279","0","0","3944","1313","375","2256","0","0","6055","552","480","5023","0","0","5,000 - 9,999"
"227155","Neilson Beauty College","2014","48","14","34","27","48","29","0","19","0","0","14","0","0","14","0","0","34","29","0","5","0","0","Under 1,000"
"227182","Lone Star College System","2014","69395","19234","50161","36075","69395","12499","4291","43130","9475","0","19234","5420","1562","11812","440","0","50161","7079","2729","31318","9035","0","20,000 and above"
"227191","North Lake College","2014","10744","2356","8388","5172","10744","1177","813","6882","1872","0","2356","567","245","1324","220","0","8388","610","568","5558","1652","0","10,000 - 19,999"
"227216","University of North Texas","2014","36486","26798","9688","30553","29758","4454","4002","21302","0","6728","23762","4339","3054","16369","0","3036","5996","115","948","4933","0","3692","20,000 and above"
"227225","Northeast Texas Community College","2014","3186","1663","1523","2174","3186","673","151","1564","798","0","1663","583","87","864","129","0","1523","90","64","700","669","0","1,000 - 4,999"
"227243","Northwood University-Texas","2014","330","166","164","230","278","3","36","238","1","52","159","1","16","142","0","7","119","2","20","96","1","45","Under 1,000"
"227289","Oblate School of Theology","2014","132","80","52","100","0","0","0","0","0","132","0","0","0","0","0","80","0","0","0","0","0","52","Under 1,000"
"227298","Ocean Corporation","2014","298","298","0","298","298","127","0","171","0","0","298","127","0","171","0","0","0","0","0","0","0","0","Under 1,000"
"227304","Odessa College","2014","5059","1423","3636","2644","5059","891","777","2284","1107","0","1423","424","272","724","3","0","3636","467","505","1560","1104","0","5,000 - 9,999"
"227313","Ogle School Hair Skin Nails-Arlington","2014","135","87","48","106","135","131","0","4","0","0","87","85","0","2","0","0","48","46","0","2","0","0","Under 1,000"
"227322","Ogle School Hair Skin Nails-Ft Worth","2014","152","102","50","122","152","150","0","2","0","0","102","101","0","1","0","0","50","49","0","1","0","0","Under 1,000"
"227331","Our Lady of the Lake University","2014","3173","2742","431","2909","1595","357","219","980","39","1578","1359","357","193","797","12","1383","236","0","26","183","27","195","1,000 - 4,999"
"227368","The University of Texas-Pan American","2014","21015","14600","6415","17105","17858","3483","1189","13139","47","3157","13455","3155","761","9536","3","1145","4403","328","428","3603","44","2012","20,000 and above"
"227377","The University of Texas at Brownsville","2014","11943","5838","6105","8268","10938","1642","491","7840","965","1005","5633","1185","206","3998","244","205","5305","457","285","3842","721","800","10,000 - 19,999"
"227386","Panola College","2014","2564","1316","1248","1735","2564","431","300","1325","508","0","1316","382","201","721","12","0","1248","49","99","604","496","0","1,000 - 4,999"
"227401","Paris Junior College","2014","5086","2229","2857","3188","5086","1027","325","2523","1211","0","2229","799","154","1259","17","0","2857","228","171","1264","1194","0","5,000 - 9,999"
"227429","Paul Quinn College","2014","273","260","13","265","273","89","41","142","1","0","260","88","40","132","0","0","13","1","1","10","1","0","Under 1,000"
"227526","Prairie View A & M University","2014","8429","6895","1534","7475","6905","1609","502","4794","0","1524","6313","1608","412","4293","0","582","592","1","90","501","0","942","5,000 - 9,999"
"227687","Ranger College","2014","2031","1086","945","1403","2031","745","243","851","192","0","1086","388","176","463","59","0","945","357","67","388","133","0","1,000 - 4,999"
"227748","Aviation Institute of Maintenance-Houston","2014","236","231","5","233","236","37","0","199","0","0","231","35","0","196","0","0","5","2","0","3","0","0","Under 1,000"
"227757","Rice University","2014","6621","6351","270","6455","3926","949","30","2909","38","2695","3872","946","30","2867","29","2479","54","3","0","42","9","216","5,000 - 9,999"
"227766","Richland College","2014","19343","4591","14752","9544","19343","2168","1076","12621","3478","0","4591","935","250","2923","483","0","14752","1233","826","9698","2995","0","10,000 - 19,999"
"227836","Kaplan College-McAllen","2014","519","519","0","519","519","150","6","346","17","0","519","150","6","346","17","0","0","0","0","0","0","0","Under 1,000"
"227845","Saint Edward's University","2014","4686","3625","1061","4036","4003","811","333","2847","12","683","3436","810","271","2355","0","189","567","1","62","492","12","494","1,000 - 4,999"
"227854","St Philip's College","2014","10514","1622","8892","4607","10514","1228","534","6510","2242","0","1622","426","93","979","124","0","8892","802","441","5531","2118","0","10,000 - 19,999"
"227863","University of St Thomas","2014","3448","1608","1840","2315","1604","227","168","1168","41","1844","1271","223","147","892","9","337","333","4","21","276","32","1507","1,000 - 4,999"
"227881","Sam Houston State University","2014","19573","14265","5308","16322","16819","2542","2511","11766","0","2754","13552","2448","1797","9307","0","713","3267","94","714","2459","0","2041","10,000 - 19,999"
"227924","San Antonio College","2014","21280","4659","16621","10239","21280","2759","1110","14075","3336","0","4659","1049","267","3041","302","0","16621","1710","843","11034","3034","0","20,000 and above"
"227979","San Jacinto Community College","2014","27911","7087","20824","14078","27911","5449","1279","17153","4030","0","7087","2414","367","3727","579","0","20824","3035","912","13426","3451","0","20,000 and above"
"228042","Schreiner University","2014","1128","1067","61","1091","1062","273","83","645","61","66","1011","273","62","627","49","56","51","0","21","18","12","10","1,000 - 4,999"
"228088","Seguin Beauty School-Seguin","2014","37","37","0","37","37","11","0","26","0","0","37","11","0","26","0","0","0","0","0","0","0","0","Under 1,000"
"228149","St Mary's University","2014","3712","3201","511","3397","2322","469","132","1708","13","1390","2211","469","117","1621","4","990","111","0","15","87","9","400","1,000 - 4,999"
"228158","South Plains College","2014","9661","4754","4907","6401","9661","1769","964","5226","1702","0","4754","1394","615","2733","12","0","4907","375","349","2493","1690","0","5,000 - 9,999"
"228185","South Texas Barber College Inc","2014","40","37","3","38","40","35","0","5","0","0","37","33","0","4","0","0","3","2","0","1","0","0","Under 1,000"
"228194","South Texas College of Law","2014","1116","850","266","952","0","0","0","0","0","1116","0","0","0","0","0","850","0","0","0","0","0","266","1,000 - 4,999"
"228200","South Texas Vo-Tech Institute","2014","317","317","0","317","317","207","0","110","0","0","317","207","0","110","0","0","0","0","0","0","0","0","Under 1,000"
"228219","South Texas Vocational Technical Institute-McAllen","2014","358","358","0","358","358","198","0","160","0","0","358","198","0","160","0","0","0","0","0","0","0","0","Under 1,000"
"228246","Southern Methodist University","2014","11272","8742","2530","9711","6391","1459","287","4594","51","4881","6193","1455","279","4455","4","2549","198","4","8","139","47","2332","10,000 - 19,999"
"228282","Southwest School of Business and Technical Careers-San Antonio","2014","144","144","0","144","144","82","0","62","0","0","144","82","0","62","0","0","0","0","0","0","0","0","Under 1,000"
"228316","Southwest Texas Junior College","2014","5572","1963","3609","3175","5572","778","114","3058","1622","0","1963","493","51","1320","99","0","3609","285","63","1738","1523","0","5,000 - 9,999"
"228325","Southwestern Assemblies of God University","2014","1984","1495","489","1684","1666","319","267","1070","10","318","1445","308","233","904","0","50","221","11","34","166","10","268","1,000 - 4,999"
"228343","Southwestern University","2014","1538","1517","21","1525","1538","382","55","1099","2","0","1517","382","55","1079","1","0","21","0","0","20","1","0","1,000 - 4,999"
"228431","Stephen F Austin State University","2014","12801","9933","2868","11041","11024","2216","900","7576","332","1777","9335","2178","775","6366","16","598","1689","38","125","1210","316","1179","10,000 - 19,999"
"228459","Texas State University","2014","36739","28860","7879","31959","32177","5558","3842","22777","0","4562","26234","5234","3121","17879","0","2626","5943","324","721","4898","0","1936","20,000 and above"
"228468","Southwestern Adventist University","2014","810","687","123","735","797","165","79","482","71","13","678","164","64","434","16","9","119","1","15","48","55","4","Under 1,000"
"228486","Southwestern Christian College","2014","164","153","11","157","164","63","13","88","0","0","153","63","13","77","0","0","11","0","0","11","0","0","Under 1,000"
"228501","Sul Ross State University","2014","2873","1400","1473","1966","2020","332","296","1390","2","853","1238","328","150","759","1","162","782","4","146","631","1","691","1,000 - 4,999"
"228529","Tarleton State University","2014","11681","8413","3268","9686","10217","2073","1227","6914","3","1464","8055","2013","751","5289","2","358","2162","60","476","1625","1","1106","10,000 - 19,999"
"228547","Tarrant County College District","2014","50595","15764","34831","27458","50595","8233","2199","31757","8406","0","15764","4065","819","9662","1218","0","34831","4168","1380","22095","7188","0","20,000 and above"
"228608","Temple College","2014","5200","1769","3431","2921","5200","608","350","4055","187","0","1769","331","111","1270","57","0","3431","277","239","2785","130","0","5,000 - 9,999"
"228635","University of Texas Southwestern Medical Center","2014","2341","1730","611","1951","5","0","0","5","0","2336","5","0","0","5","0","1725","0","0","0","0","0","611","1,000 - 4,999"
"228644","The University of Texas Health Science Center at San Antonio","2014","3147","2803","344","2929","825","0","271","554","0","2322","780","0","258","522","0","2023","45","0","13","32","0","299","1,000 - 4,999"
"228653","The University of Texas Medical Branch","2014","3211","2385","826","2689","708","0","281","427","0","2503","586","0","237","349","0","1799","122","0","44","78","0","704","1,000 - 4,999"
"228680","Texas State Technical College-Waco","2014","4114","2734","1380","3197","4114","971","1240","1536","367","0","2734","816","839","1070","9","0","1380","155","401","466","358","0","1,000 - 4,999"
"228699","Texarkana College","2014","4061","1506","2555","2364","4061","558","161","1982","1360","0","1506","408","90","849","159","0","2555","150","71","1133","1201","0","1,000 - 4,999"
"228705","Texas A & M University-Kingsville","2014","13246","8171","5075","10152","9744","1110","1337","6368","929","3502","6270","1088","826","4326","30","1901","3474","22","511","2042","899","1601","10,000 - 19,999"
"228723","Texas A & M University-College Station","2014","61642","53817","7825","56855","47093","10835","2574","33532","152","14549","42129","9489","2474","30054","112","11688","4964","1346","100","3478","40","2861","20,000 and above"
"228769","The University of Texas at Arlington","2014","39740","19941","19799","27685","29883","2736","5651","21229","267","9857","15957","2683","2390","10852","32","3984","13926","53","3261","10377","235","5873","20,000 and above"
"228778","The University of Texas at Austin","2014","51313","46993","4320","48690","39523","7285","2307","29322","609","11790","36309","7036","2197","26839","237","10684","3214","249","110","2483","372","1106","20,000 and above"
"228787","The University of Texas at Dallas","2014","23095","17592","5503","19694","14300","2520","2162","9618","0","8795","11630","2480","1512","7638","0","5962","2670","40","650","1980","0","2833","20,000 and above"
"228796","The University of Texas at El Paso","2014","23079","14392","8687","17815","19817","3256","1915","14443","203","3262","13106","2908","1108","8986","104","1286","6711","348","807","5457","99","1976","20,000 and above"
"228802","The University of Texas at Tyler","2014","8036","4906","3130","6104","5849","692","807","4051","299","2187","4282","678","580","3022","2","624","1567","14","227","1029","297","1563","5,000 - 9,999"
"228866","Texas Chiropractic College Foundation Inc","2014","260","240","20","248","0","0","0","0","0","260","0","0","0","0","0","240","0","0","0","0","0","20","Under 1,000"
"228875","Texas Christian University","2014","10033","9552","481","9739","8647","1891","374","6335","47","1386","8338","1888","366","6072","12","1214","309","3","8","263","35","172","10,000 - 19,999"
"228884","Texas College","2014","813","778","35","792","813","176","87","550","0","0","778","176","85","517","0","0","35","0","2","33","0","0","Under 1,000"
"228909","University of North Texas Health Science Center","2014","2243","2082","161","2140","0","0","0","0","0","2243","0","0","0","0","0","2082","0","0","0","0","0","161","1,000 - 4,999"
"228981","Texas Lutheran University","2014","1320","1241","79","1272","1306","309","53","908","36","14","1229","309","52","867","1","12","77","0","1","41","35","2","1,000 - 4,999"
"229018","The University of Texas of the Permian Basin","2014","5560","2241","3319","3552","4661","427","603","2281","1350","899","2023","409","318","1286","10","218","2638","18","285","995","1340","681","5,000 - 9,999"
"229027","The University of Texas at San Antonio","2014","28628","22230","6398","24713","24285","4983","2167","16665","470","4343","20248","4948","1780","13358","162","1982","4037","35","387","3307","308","2361","20,000 and above"
"229036","Texas School of Business-North Campus","2014","334","334","0","334","334","66","0","268","0","0","334","66","0","268","0","0","0","0","0","0","0","0","Under 1,000"
"229063","Texas Southern University","2014","9233","7436","1797","8131","6915","1532","941","4407","35","2318","5842","1434","757","3651","0","1594","1073","98","184","756","35","724","5,000 - 9,999"
"229115","Texas Tech University","2014","35158","29850","5308","31897","28632","5619","2920","19739","354","6526","25589","5519","2686","17326","58","4261","3043","100","234","2413","296","2265","20,000 and above"
"229151","Texas Vocational Schools Inc","2014","38","38","0","38","38","12","0","26","0","0","38","12","0","26","0","0","0","0","0","0","0","0","Under 1,000"
"229160","Texas Wesleyan University","2014","2376","1881","495","2073","1687","313","302","1061","11","689","1424","310","250","864","0","457","263","3","52","197","11","232","1,000 - 4,999"
"229179","Texas Woman's University","2014","15071","8832","6239","11209","9680","1183","1403","6741","353","5391","6796","1153","920","4720","3","2036","2884","30","483","2021","350","3355","10,000 - 19,999"
"229267","Trinity University","2014","2432","2344","88","2378","2241","655","25","1543","18","191","2203","655","25","1521","2","141","38","0","0","22","16","50","1,000 - 4,999"
"229300","The University of Texas Health Science Center at Houston","2014","4556","3267","1289","3738","657","0","57","600","0","3899","539","0","47","492","0","2728","118","0","10","108","0","1171","1,000 - 4,999"
"229319","Texas State Technical College-Harlingen","2014","5225","2128","3097","3168","5225","702","241","2380","1902","0","2128","383","122","1036","587","0","3097","319","119","1344","1315","0","5,000 - 9,999"
"229328","Texas State Technical College-West Texas","2014","1453","579","874","872","1453","146","550","488","269","0","579","112","87","235","145","0","874","34","463","253","124","0","1,000 - 4,999"
"229337","Texas Tech University Health Sciences Center","2014","4931","3778","1153","4205","1467","0","487","980","0","3464","1238","0","422","816","0","2540","229","0","65","164","0","924","1,000 - 4,999"
"229355","Tyler Junior College","2014","11168","6243","4925","7897","11168","2845","631","7652","40","0","6243","2466","354","3405","18","0","4925","379","277","4247","22","0","10,000 - 19,999"
"229416","Universal Technical Institute of Texas Inc.","2014","1998","1998","0","1998","1998","472","0","1526","0","0","1998","472","0","1526","0","0","0","0","0","0","0","0","1,000 - 4,999"
"229425","University of Cosmetology Arts & Sciences-McAllen","2014","223","67","156","129","223","27","0","196","0","0","67","7","0","60","0","0","156","20","0","136","0","0","Under 1,000"
"229504","Vernon College","2014","2989","1074","1915","1717","2989","518","240","1802","429","0","1074","340","142","592","0","0","1915","178","98","1210","429","0","1,000 - 4,999"
"229522","Victoria Beauty College Inc","2014","127","10","117","56","127","89","0","38","0","0","10","5","0","5","0","0","117","84","0","33","0","0","Under 1,000"
"229540","Victoria College","2014","4146","1165","2981","2166","4146","696","198","2622","630","0","1165","346","74","736","9","0","2981","350","124","1886","621","0","1,000 - 4,999"
"229656","Vogue College of Cosmetology-McAllen","2014","198","172","26","182","198","85","0","113","0","0","172","65","0","107","0","0","26","20","0","6","0","0","Under 1,000"
"229780","Wayland Baptist University","2014","5536","1151","4385","2858","3981","315","312","3089","265","1555","1069","282","95","691","1","82","2912","33","217","2398","264","1473","5,000 - 9,999"
"229799","Weatherford College","2014","5613","2193","3420","3341","5613","1031","474","3913","195","0","2193","771","223","1184","15","0","3420","260","251","2729","180","0","5,000 - 9,999"
"229814","West Texas A & M University","2014","8972","6231","2741","7284","7133","1342","983","4796","12","1839","5654","1323","704","3625","2","577","1479","19","279","1171","10","1262","5,000 - 9,999"
"229832","Western Texas College","2014","2067","576","1491","1077","2067","546","40","425","1056","0","576","283","39","223","31","0","1491","263","1","202","1025","0","1,000 - 4,999"
"229841","Wharton County Junior College","2014","7152","2776","4376","4245","7152","1579","440","4052","1081","0","2776","1165","155","1448","8","0","4376","414","285","2604","1073","0","5,000 - 9,999"
"229887","Wiley College","2014","1351","1259","92","1295","1351","234","129","988","0","0","1259","229","113","917","0","0","92","5","16","71","0","0","1,000 - 4,999"
"229957","AmeriTech College-Provo","2014","131","131","0","131","131","66","0","65","0","0","131","66","0","65","0","0","0","0","0","0","0","0","Under 1,000"
"230010","Bridgerland Applied Technology College","2014","751","261","490","426","751","129","0","622","0","0","261","46","0","215","0","0","490","83","0","407","0","0","Under 1,000"
"230038","Brigham Young University-Provo","2014","30484","26476","4008","28036","27163","4060","677","22426","0","3321","24499","4014","629","19856","0","1977","2664","46","48","2570","0","1344","20,000 and above"
"230047","Brigham Young University-Hawaii","2014","2787","2429","358","2570","2787","520","141","1861","265","0","2429","518","138","1734","39","0","358","2","3","127","226","0","1,000 - 4,999"
"230056","Broadview University-West Jordan","2014","219","136","83","169","215","27","38","132","18","4","132","21","31","77","3","4","83","6","7","55","15","0","Under 1,000"
"230065","Cameo College of Essential Beauty","2014","284","107","177","177","284","257","0","27","0","0","107","102","0","5","0","0","177","155","0","22","0","0","Under 1,000"
"230135","Sherman Kendall Academy-Salt Lake City","2014","60","60","0","60","60","30","0","30","0","0","60","30","0","30","0","0","0","0","0","0","0","0","Under 1,000"
"230144","Sherman Kendall Academy-Midvale","2014","63","63","0","63","63","32","0","31","0","0","63","32","0","31","0","0","0","0","0","0","0","0","Under 1,000"
"230162","Davis Applied Technology College","2014","3345","542","2803","1483","3345","577","0","1203","1565","0","542","177","0","357","8","0","2803","400","0","846","1557","0","1,000 - 4,999"
"230171","Dixie State University","2014","8570","5299","3271","6619","8570","1929","502","5012","1127","0","5299","1620","338","3268","73","0","3271","309","164","1744","1054","0","5,000 - 9,999"
"230199","Evans Hairstyling College-Cedar City","2014","31","31","0","31","31","22","0","9","0","0","31","22","0","9","0","0","0","0","0","0","0","0","Under 1,000"
"230205","Evans Hairstyling College-St George","2014","35","32","3","33","35","19","0","16","0","0","32","17","0","15","0","0","3","2","0","1","0","0","Under 1,000"
"230214","Paul Mitchell the School-Salt Lake City","2014","250","145","105","187","250","46","0","204","0","0","145","31","0","114","0","0","105","15","0","90","0","0","Under 1,000"
"230366","Eagle Gate College-Murray","2014","238","112","126","161","238","91","3","124","20","0","112","31","1","61","19","0","126","60","2","63","1","0","Under 1,000"
"230384","ITT Technical Institute-Murray","2014","417","329","88","364","417","58","1","358","0","0","329","53","1","275","0","0","88","5","0","83","0","0","Under 1,000"
"230418","Latter-day Saints Business College","2014","2006","1331","675","1599","2006","414","244","1348","0","0","1331","318","171","842","0","0","675","96","73","506","0","0","1,000 - 4,999"
"230472","Everest College-Salt Lake City","2014","217","156","61","180","217","0","0","217","0","0","156","0","0","156","0","0","61","0","0","61","0","0","Under 1,000"
"230490","Ogden-Weber Applied Technology College","2014","2615","544","2071","1239","2615","217","0","1378","1020","0","544","63","0","395","86","0","2071","154","0","983","934","0","1,000 - 4,999"
"230597","Snow College","2014","4779","3128","1651","3794","4779","1588","39","1767","1385","0","3128","1475","32","1459","162","0","1651","113","7","308","1223","0","1,000 - 4,999"
"230603","Southern Utah University","2014","7656","5301","2355","6229","6953","1198","374","3942","1439","703","5131","1168","311","3475","177","170","1822","30","63","467","1262","533","5,000 - 9,999"
"230621","Stevens-Henager College-Ogden","2014","321","321","0","321","321","27","1","293","0","0","321","27","1","293","0","0","0","0","0","0","0","0","Under 1,000"
"230630","Stevens-Henager College of Business-Provo","2014","270","270","0","270","270","20","0","250","0","0","270","20","0","250","0","0","0","0","0","0","0","0","Under 1,000"
"230676","Uintah Basin Applied Technology College","2014","1389","235","1154","622","1389","110","0","360","919","0","235","62","0","173","0","0","1154","48","0","187","919","0","1,000 - 4,999"
"230728","Utah State University","2014","27662","16953","10709","21180","24271","4071","1753","15263","3184","3391","15823","3696","1231","10801","95","1130","8448","375","522","4462","3089","2261","20,000 and above"
"230737","Utah Valley University","2014","31332","16296","15036","22358","31163","3523","2042","18981","6617","169","16259","2637","1421","11482","719","37","14904","886","621","7499","5898","132","20,000 and above"
"230746","Salt Lake Community College","2014","30248","7894","22354","15399","30248","2810","1382","19320","6736","0","7894","1206","515","5704","469","0","22354","1604","867","13616","6267","0","20,000 and above"
"230764","University of Utah","2014","31515","22994","8521","26359","23907","3151","1703","17950","1103","7608","17137","2871","1229","12812","225","5857","6770","280","474","5138","878","1751","20,000 and above"
"230782","Weber State University","2014","25954","11330","14624","17215","25316","2865","2433","12115","7903","638","11084","2168","1355","7169","392","246","14232","697","1078","4946","7511","392","20,000 and above"
"230807","Westminster College","2014","2991","2577","414","2737","2233","485","192","1511","45","758","2075","482","164","1407","22","502","158","3","28","104","23","256","1,000 - 4,999"
"230816","Bennington College","2014","755","722","33","735","660","192","7","432","29","95","629","192","7","429","1","93","31","0","0","3","28","2","Under 1,000"
"230825","Burlington College","2014","224","176","48","195","195","33","27","118","17","29","170","32","25","106","7","6","25","1","2","12","10","23","Under 1,000"
"230834","Castleton State College","2014","2183","1736","447","1909","1985","374","146","1370","95","198","1719","372","99","1247","1","17","266","2","47","123","94","181","1,000 - 4,999"
"230852","Champlain College","2014","3585","2357","1228","2835","3124","630","205","2083","206","461","2309","630","85","1582","12","48","815","0","120","501","194","413","1,000 - 4,999"
"230861","Community College of Vermont","2014","6019","866","5153","2596","6019","869","422","2754","1974","0","866","234","119","477","36","0","5153","635","303","2277","1938","0","5,000 - 9,999"
"230889","Goddard College","2014","538","521","17","528","191","5","48","129","9","347","186","5","47","125","9","335","5","0","1","4","0","12","Under 1,000"
"230898","Green Mountain College","2014","833","817","16","823","573","131","56","371","15","260","557","131","56","360","10","260","16","0","0","11","5","0","Under 1,000"
"230913","Johnson State College","2014","1613","970","643","1223","1410","221","135","1007","47","203","925","221","63","640","1","45","485","0","72","367","46","158","1,000 - 4,999"
"230931","Lyndon State College","2014","1430","1163","267","1269","1392","297","69","900","126","38","1159","289","64","806","0","4","233","8","5","94","126","34","1,000 - 4,999"
"230940","Marlboro College","2014","230","200","30","212","230","47","18","134","31","0","200","47","18","132","3","0","30","0","0","2","28","0","Under 1,000"
"230959","Middlebury College","2014","2533","2492","41","2508","2526","580","10","1908","28","7","2492","580","10","1885","17","0","34","0","0","23","11","7","1,000 - 4,999"
"230977","New England Culinary Institute","2014","422","338","84","371","422","90","43","251","38","0","338","83","26","229","0","0","84","7","17","22","38","0","Under 1,000"
"230995","Norwich University","2014","3672","3228","444","3402","2648","661","247","1676","64","1024","2271","659","107","1494","11","957","377","2","140","182","53","67","1,000 - 4,999"
"231004","O'Briens Aveda Institute","2014","46","46","0","46","46","42","0","4","0","0","46","42","0","4","0","0","0","0","0","0","0","0","Under 1,000"
"231059","Saint Michael's College","2014","2618","2115","503","2308","2123","574","36","1428","85","495","2065","574","35","1407","49","50","58","0","1","21","36","445","1,000 - 4,999"
"231068","SIT Graduate Institute","2014","414","164","250","260","0","0","0","0","0","414","0","0","0","0","0","164","0","0","0","0","0","250","Under 1,000"
"231077","College of St Joseph","2014","332","242","90","277","246","84","44","102","16","86","207","84","41","82","0","35","39","0","3","20","16","51","Under 1,000"
"231086","Southern Vermont College","2014","457","426","31","438","455","90","39","312","14","2","426","90","38","298","0","0","29","0","1","14","14","2","Under 1,000"
"231095","Sterling College","2014","116","106","10","110","116","19","18","76","3","0","106","19","18","69","0","0","10","0","0","7","3","0","Under 1,000"
"231147","Vermont Law School","2014","642","587","55","608","0","0","0","0","0","642","0","0","0","0","0","587","0","0","0","0","0","55","Under 1,000"
"231165","Vermont Technical College","2014","1542","996","546","1216","1542","201","285","850","206","0","996","195","228","572","1","0","546","6","57","278","205","0","1,000 - 4,999"
"231174","University of Vermont","2014","12856","11152","1704","11814","10992","2310","449","7199","1034","1864","9898","2286","414","6901","297","1254","1094","24","35","298","737","610","10,000 - 19,999"
"231280","Bar Palma Beauty Careers Academy","2014","71","58","13","63","71","65","0","6","0","0","58","54","0","4","0","0","13","11","0","2","0","0","Under 1,000"
"231411","Advanced Technology Institute","2014","717","717","0","717","717","236","18","463","0","0","717","236","18","463","0","0","0","0","0","0","0","0","Under 1,000"
"231420","Averett University","2014","872","827","45","845","852","213","95","528","16","20","817","213","90","514","0","10","35","0","5","14","16","10","Under 1,000"
"231536","Blue Ridge Community College","2014","4388","1680","2708","2589","4388","906","344","2301","837","0","1680","552","195","884","49","0","2708","354","149","1417","788","0","1,000 - 4,999"
"231554","Bluefield College","2014","944","813","131","864","928","158","215","524","31","16","799","158","203","429","9","14","129","0","12","95","22","2","Under 1,000"
"231581","Bridgewater College","2014","1785","1766","19","1773","1785","488","52","1228","17","0","1766","488","52","1219","7","0","19","0","0","9","10","0","1,000 - 4,999"
"231624","College of William and Mary","2014","8437","7883","554","8087","6299","1511","157","4588","43","2138","6214","1511","155","4544","4","1669","85","0","2","44","39","469","5,000 - 9,999"
"231651","Regent University","2014","5914","2469","3445","3795","2374","222","609","1442","101","3540","1455","202","325","926","2","1014","919","20","284","516","99","2526","5,000 - 9,999"
"231688","Central School of Practical Nursing","2014","15","8","7","10","15","12","0","3","0","0","8","6","0","2","0","0","7","6","0","1","0","0","Under 1,000"
"231697","Central Virginia Community College","2014","4519","1513","3006","2522","4519","754","226","1789","1750","0","1513","431","111","629","342","0","3006","323","115","1160","1408","0","1,000 - 4,999"
"231712","Christopher Newport University","2014","5221","5082","139","5137","5096","1228","167","3689","12","125","4990","1228","165","3596","1","92","106","0","2","93","11","33","5,000 - 9,999"
"231721","Suffolk Beauty Academy","2014","43","12","31","24","43","8","0","35","0","0","12","4","0","8","0","0","31","4","0","27","0","0","Under 1,000"
"231785","Bryant & Stratton College-Virginia Beach","2014","586","286","300","404","586","67","69","448","2","0","286","58","43","185","0","0","300","9","26","263","2","0","Under 1,000"
"231828","Bryant & Stratton College-Richmond","2014","626","322","304","441","626","80","76","470","0","0","322","66","49","207","0","0","304","14","27","263","0","0","Under 1,000"
"231837","Jefferson College of Health Sciences","2014","1131","952","179","1022","876","79","187","607","3","255","739","79","163","497","0","213","137","0","24","110","3","42","1,000 - 4,999"
"231873","Dabney S Lancaster Community College","2014","1257","410","847","694","1257","154","56","496","551","0","410","113","26","229","42","0","847","41","30","267","509","0","1,000 - 4,999"
"231882","Danville Community College","2014","3982","1407","2575","2272","3982","514","108","1621","1739","0","1407","381","48","821","157","0","2575","133","60","800","1582","0","1,000 - 4,999"
"231970","Eastern Virginia Medical School","2014","1049","963","86","994","0","0","0","0","0","1049","0","0","0","0","0","963","0","0","0","0","0","86","1,000 - 4,999"
"232016","Centura College-Virginia Beach","2014","181","104","77","134","181","13","0","168","0","0","104","10","0","94","0","0","77","3","0","74","0","0","Under 1,000"
"232025","Emory & Henry College","2014","1038","1000","38","1015","1012","284","75","638","15","26","994","284","74","634","2","6","18","0","1","4","13","20","1,000 - 4,999"
"232043","Eastern Mennonite University","2014","1695","1267","428","1432","1227","240","134","824","29","468","1124","240","133","750","1","143","103","0","1","74","28","325","1,000 - 4,999"
"232052","Eastern Shore Community College","2014","839","228","611","433","839","138","25","416","260","0","228","63","4","135","26","0","611","75","21","281","234","0","Under 1,000"
"232089","Ferrum College","2014","1451","1432","19","1439","1451","499","75","873","4","0","1432","499","75","858","0","0","19","0","0","15","4","0","1,000 - 4,999"
"232186","George Mason University","2014","33729","21962","11767","26408","22349","3080","2465","16133","671","11380","17818","3046","1902","12765","105","4144","4531","34","563","3368","566","7236","20,000 and above"
"232195","Germanna Community College","2014","7282","2415","4867","4049","7282","1332","393","3874","1683","0","2415","799","144","1347","125","0","4867","533","249","2527","1558","0","5,000 - 9,999"
"232256","Hampden-Sydney College","2014","1105","1104","1","1104","1105","322","21","762","0","0","1104","322","21","761","0","0","1","0","0","1","0","0","1,000 - 4,999"
"232265","Hampton University","2014","4393","3925","468","4106","3503","882","107","2467","47","890","3276","855","74","2333","14","649","227","27","33","134","33","241","1,000 - 4,999"
"232308","Hollins University","2014","770","628","142","682","596","165","42","381","8","174","580","165","41","370","4","48","16","0","1","11","4","126","Under 1,000"
"232414","J Sargeant Reynolds Community College","2014","11861","3312","8549","6182","11861","1709","1011","7414","1727","0","3312","772","340","2028","172","0","8549","937","671","5386","1555","0","10,000 - 19,999"
"232423","James Madison University","2014","20855","19123","1732","19795","19144","4364","677","13656","447","1711","18057","4358","620","12992","87","1066","1087","6","57","664","360","645","20,000 and above"
"232450","John Tyler Community College","2014","9875","2697","7178","5107","9875","1435","574","4394","3472","0","2697","889","238","1395","175","0","7178","546","336","2999","3297","0","5,000 - 9,999"
"232502","Everest College-Newport News","2014","433","326","107","368","433","29","39","365","0","0","326","28","27","271","0","0","107","1","12","94","0","0","Under 1,000"
"232557","Liberty University","2014","81459","38303","43156","55032","49744","4714","6645","37981","404","31715","27408","3485","3713","20144","66","10895","22336","1229","2932","17837","338","20820","20,000 and above"
"232566","Longwood University","2014","5096","4336","760","4627","4574","1097","213","3090","174","522","4183","1077","198","2903","5","153","391","20","15","187","169","369","5,000 - 9,999"
"232575","Lord Fairfax Community College","2014","6996","1952","5044","3645","6996","1074","286","3101","2535","0","1952","589","85","1001","277","0","5044","485","201","2100","2258","0","5,000 - 9,999"
"232609","Lynchburg College","2014","2736","2237","499","2429","2161","512","128","1439","82","575","1996","512","117","1364","3","241","165","0","11","75","79","334","1,000 - 4,999"
"232618","Lynchburg General Hospital School of Nursing","2014","151","30","121","78","151","0","40","111","0","0","30","0","16","14","0","0","121","0","24","97","0","0","Under 1,000"
"232672","Mary Baldwin College","2014","1754","1162","592","1393","1423","257","124","915","127","331","988","257","87","596","48","174","435","0","37","319","79","157","1,000 - 4,999"
"232681","University of Mary Washington","2014","4535","3786","749","4078","4167","853","305","2943","66","368","3666","840","237","2583","6","120","501","13","68","360","60","248","1,000 - 4,999"
"232706","Marymount University","2014","3441","2680","761","2973","2363","353","211","1779","20","1078","2127","350","186","1587","4","553","236","3","25","192","16","525","1,000 - 4,999"
"232724","Danville Regional Medical Center School of Health Professions","2014","7","7","0","7","7","0","0","7","0","0","7","0","0","7","0","0","0","0","0","0","0","0","Under 1,000"
"232788","Mountain Empire Community College","2014","2718","1185","1533","1700","2718","449","70","1202","997","0","1185","386","37","649","113","0","1533","63","33","553","884","0","1,000 - 4,999"
"232797","American National University","2014","1337","539","798","852","1293","70","156","1053","14","44","513","40","72","401","0","26","780","30","84","652","14","18","1,000 - 4,999"
"232867","New River Community College","2014","4585","1870","2715","2782","4585","651","270","1903","1761","0","1870","449","142","985","294","0","2715","202","128","918","1467","0","1,000 - 4,999"
"232885","Sentara College of Health Sciences","2014","367","226","141","281","367","0","67","300","0","0","226","0","16","210","0","0","141","0","51","90","0","0","Under 1,000"
"232919","Tidewater Tech-Trades","2014","301","222","79","253","301","118","0","183","0","0","222","83","0","139","0","0","79","35","0","44","0","0","Under 1,000"
"232937","Norfolk State University","2014","6027","4870","1157","5328","5356","572","466","4246","72","671","4416","557","330","3519","10","454","940","15","136","727","62","217","5,000 - 9,999"
"232946","Northern Virginia Community College","2014","51487","18742","32745","29736","51487","9141","2474","32254","7618","0","18742","5818","990","11440","494","0","32745","3323","1484","20814","7124","0","20,000 and above"
"232982","Old Dominion University","2014","24932","16977","7955","20057","20115","2795","2319","14728","273","4817","15261","2764","1561","10889","47","1716","4854","31","758","3839","226","3101","20,000 and above"
"233019","Patrick Henry Community College","2014","2853","1437","1416","1912","2853","485","136","1380","852","0","1437","366","78","697","296","0","1416","119","58","683","556","0","1,000 - 4,999"
"233037","Paul D Camp Community College","2014","1259","399","860","688","1259","152","104","546","457","0","399","93","47","233","26","0","860","59","57","313","431","0","1,000 - 4,999"
"233082","Southside Regional Medical Center Professional Schools","2014","123","11","112","55","123","2","44","77","0","0","11","0","1","10","0","0","112","2","43","67","0","0","Under 1,000"
"233091","Miller-Motte Technical College-Lynchburg","2014","409","268","141","324","409","65","61","283","0","0","268","51","45","172","0","0","141","14","16","111","0","0","Under 1,000"
"233116","Piedmont Virginia Community College","2014","5554","1234","4320","2684","5554","710","307","2544","1993","0","1234","353","117","597","167","0","4320","357","190","1947","1826","0","5,000 - 9,999"
"233277","Radford University","2014","9798","9081","717","9356","8885","2015","698","6130","42","913","8507","2013","645","5828","21","574","378","2","53","302","21","339","5,000 - 9,999"
"233286","Sylvain Melloul International Hair Academy","2014","82","82","0","82","82","54","0","28","0","0","82","54","0","28","0","0","0","0","0","0","0","0","Under 1,000"
"233295","Randolph-Macon College","2014","1394","1366","28","1377","1394","427","22","928","17","0","1366","427","22","909","8","0","28","0","0","19","9","0","1,000 - 4,999"
"233301","Randolph College","2014","693","673","20","681","675","191","27","440","17","18","657","191","25","437","4","16","18","0","2","3","13","2","Under 1,000"
"233310","Rappahannock Community College","2014","3569","802","2767","1731","3569","421","119","1110","1919","0","802","196","30","326","250","0","2767","225","89","784","1669","0","1,000 - 4,999"
"233329","Fortis College-Norfolk","2014","315","315","0","315","315","44","36","235","0","0","315","44","36","235","0","0","0","0","0","0","0","0","Under 1,000"
"233338","Richard Bland College of the College of William and Mary","2014","1525","927","598","1128","1525","437","84","535","469","0","927","427","63","417","20","0","598","10","21","118","449","0","1,000 - 4,999"
"233356","Bon Secours Memorial College of Nursing","2014","489","239","250","337","489","0","42","447","0","0","239","0","14","225","0","0","250","0","28","222","0","0","Under 1,000"
"233374","University of Richmond","2014","4182","3553","629","3796","3346","817","125","2281","123","836","3055","814","74","2075","92","498","291","3","51","206","31","338","1,000 - 4,999"
"233408","Riverside School of Health Careers","2014","270","245","25","255","270","3","0","267","0","0","245","3","0","242","0","0","25","0","0","25","0","0","Under 1,000"
"233426","Roanoke College","2014","2050","1978","72","2006","2050","562","78","1346","64","0","1978","562","77","1314","25","0","72","0","1","32","39","0","1,000 - 4,999"
"233480","Bon Secours St Mary's Hospital School of Medical Imaging","2014","25","25","0","25","25","0","0","25","0","0","25","0","0","25","0","0","0","0","0","0","0","0","Under 1,000"
"233541","Shenandoah University","2014","3693","2734","959","3101","1892","417","158","1300","17","1801","1823","417","152","1254","0","911","69","0","6","46","17","890","1,000 - 4,999"
"233611","Southern Virginia University","2014","705","683","22","692","705","224","84","395","2","0","683","224","82","376","1","0","22","0","2","19","1","0","Under 1,000"
"233639","Southside Virginia Community College","2014","5352","1737","3615","2951","5352","606","124","1938","2684","0","1737","377","71","691","598","0","3615","229","53","1247","2086","0","5,000 - 9,999"
"233648","Southwest Virginia Community College","2014","2546","1212","1334","1660","2546","562","93","1103","788","0","1212","472","43","631","66","0","1334","90","50","472","722","0","1,000 - 4,999"
"233657","Springfield Beauty Academy","2014","57","44","13","49","57","13","0","44","0","0","44","9","0","35","0","0","13","4","0","9","0","0","Under 1,000"
"233666","Staunton School of Cosmetology","2014","28","16","12","21","28","25","0","3","0","0","16","14","0","2","0","0","12","11","0","1","0","0","Under 1,000"
"233684","Strayer University-Virginia","2014","6850","2137","4713","3973","4504","430","374","3644","56","2346","1241","81","147","1011","2","896","3263","349","227","2633","54","1450","5,000 - 9,999"
"233718","Sweet Briar College","2014","700","671","29","682","691","154","15","392","130","9","664","154","15","387","108","7","27","0","0","5","22","2","Under 1,000"
"233754","Thomas Nelson Community College","2014","10436","3284","7152","5685","10436","1625","796","6500","1515","0","3284","857","286","2034","107","0","7152","768","510","4466","1408","0","10,000 - 19,999"
"233772","Tidewater Community College","2014","27646","10491","17155","16251","27646","4897","1912","17822","3015","0","10491","2649","742","6804","296","0","17155","2248","1170","11018","2719","0","20,000 and above"
"233842","Union Presbyterian Seminary","2014","180","97","83","129","0","0","0","0","0","180","0","0","0","0","0","97","0","0","0","0","0","83","Under 1,000"
"233897","The University of Virginia's College at Wise","2014","2183","1408","775","1721","2183","309","116","1052","706","0","1408","304","112","975","17","0","775","5","4","77","689","0","1,000 - 4,999"
"233903","Virginia Highlands Community College","2014","2505","1095","1410","1568","2505","484","122","1097","802","0","1095","386","64","549","96","0","1410","98","58","548","706","0","1,000 - 4,999"
"233921","Virginia Polytechnic Institute and State University","2014","31224","28504","2720","29511","24247","5494","958","17739","56","6977","23685","5474","937","17242","32","4819","562","20","21","497","24","2158","20,000 and above"
"233949","Virginia Western Community College","2014","8632","2527","6105","4577","8632","1376","266","3622","3368","0","2527","974","114","1341","98","0","6105","402","152","2281","3270","0","5,000 - 9,999"
"234030","Virginia Commonwealth University","2014","30848","25031","5817","27286","23661","3531","2283","16466","1381","7187","20056","3522","1993","14172","369","4975","3605","9","290","2294","1012","2212","20,000 and above"
"234076","University of Virginia-Main Campus","2014","23732","21640","2092","22433","16483","3724","665","11126","968","7249","15622","3706","579","10654","683","6018","861","18","86","472","285","1231","20,000 and above"
"234085","Virginia Military Institute","2014","1700","1700","0","1700","1700","452","34","1214","0","0","1700","452","34","1214","0","0","0","0","0","0","0","0","1,000 - 4,999"
"234119","Virginia School of Hair Design","2014","87","42","45","60","87","81","0","6","0","0","42","40","0","2","0","0","45","41","0","4","0","0","Under 1,000"
"234137","Virginia University of Lynchburg","2014","324","201","123","249","251","56","4","191","0","73","134","48","4","82","0","67","117","8","0","109","0","6","Under 1,000"
"234155","Virginia State University","2014","5025","4529","496","4717","4498","907","295","3279","17","527","4284","906","265","3109","4","245","214","1","30","170","13","282","5,000 - 9,999"
"234164","Virginia Union University","2014","1715","1657","58","1680","1323","421","89","812","1","392","1286","420","83","782","1","371","37","1","6","30","0","21","1,000 - 4,999"
"234173","Virginia Wesleyan College","2014","1501","1420","81","1452","1501","406","88","998","9","0","1420","406","78","935","1","0","81","0","10","63","8","0","1,000 - 4,999"
"234191","Wards Corner Beauty Academy-Norfolk","2014","113","113","0","113","113","10","0","103","0","0","113","10","0","103","0","0","0","0","0","0","0","0","Under 1,000"
"234207","Washington and Lee University","2014","2264","2256","8","2259","1890","471","2","1407","10","374","1882","471","2","1403","6","374","8","0","0","4","4","0","1,000 - 4,999"
"234216","Sanford-Brown College-Tysons Corner","2014","29","28","1","28","29","0","0","29","0","0","28","0","0","28","0","0","1","0","0","1","0","0","Under 1,000"
"234225","Washington County Adult Skill Center","2014","89","89","0","89","89","63","0","26","0","0","89","63","0","26","0","0","0","0","0","0","0","0","Under 1,000"
"234359","Woodrow Wilson Rehabilitation Center","2014","161","161","0","161","161","71","0","90","0","0","161","71","0","90","0","0","0","0","0","0","0","0","Under 1,000"
"234377","Wytheville Community College","2014","3302","1218","2084","1918","3302","533","137","1414","1218","0","1218","428","68","579","143","0","2084","105","69","835","1075","0","1,000 - 4,999"
"234401","Beauty Academy","2014","68","68","0","68","68","24","0","44","0","0","68","24","0","44","0","0","0","0","0","0","0","0","Under 1,000"
"234492","The Art Institute of Seattle","2014","1378","947","431","1116","1378","194","256","928","0","0","947","158","202","587","0","0","431","36","54","341","0","0","1,000 - 4,999"
"234650","Evergreen Beauty and Barber College-Bellevue","2014","90","90","0","90","90","5","0","85","0","0","90","5","0","85","0","0","0","0","0","0","0","0","Under 1,000"
"234669","Bellevue College","2014","13469","6556","6913","9346","13469","737","2094","2515","8123","0","6556","502","901","1284","3869","0","6913","235","1193","1231","4254","0","10,000 - 19,999"
"234696","Bellingham Technical College","2014","2301","1363","938","1678","2301","49","339","336","1577","0","1363","42","232","238","851","0","938","7","107","98","726","0","1,000 - 4,999"
"234711","Big Bend Community College","2014","2016","1458","558","1645","2016","364","260","990","402","0","1458","332","178","740","208","0","558","32","82","250","194","0","1,000 - 4,999"
"234739","Everest College-Bremerton","2014","232","232","0","232","232","40","19","173","0","0","232","40","19","173","0","0","0","0","0","0","0","0","Under 1,000"
"234784","Everest College-Renton","2014","342","342","0","342","342","45","0","297","0","0","342","45","0","297","0","0","0","0","0","0","0","0","Under 1,000"
"234827","Central Washington University","2014","11799","9214","2585","10242","10964","1362","1333","7056","1213","835","8753","1340","1118","6183","112","461","2211","22","215","873","1101","374","10,000 - 19,999"
"234845","Centralia College","2014","3317","1705","1612","2356","3317","360","454","864","1639","0","1705","324","310","657","414","0","1612","36","144","207","1225","0","1,000 - 4,999"
"234915","City University of Seattle","2014","2545","972","1573","1586","1364","198","255","836","75","1181","202","0","36","166","0","770","1162","198","219","670","75","411","1,000 - 4,999"
"234924","Lucas Marc Academy","2014","123","123","0","123","123","25","0","98","0","0","123","25","0","98","0","0","0","0","0","0","0","0","Under 1,000"
"234933","Clark College","2014","10911","5254","5657","7153","10911","1436","2007","5940","1528","0","5254","950","909","2986","409","0","5657","486","1098","2954","1119","0","10,000 - 19,999"
"234951","Clover Park Technical College","2014","3682","2353","1329","2889","3682","323","754","715","1890","0","2353","290","628","596","839","0","1329","33","126","119","1051","0","1,000 - 4,999"
"234979","Columbia Basin College","2014","6385","3565","2820","4703","6385","880","1893","2445","1167","0","3565","705","969","1593","298","0","2820","175","924","852","869","0","5,000 - 9,999"
"235024","Cornish College of the Arts","2014","767","754","13","759","765","161","85","519","0","2","752","161","85","506","0","2","13","0","0","13","0","0","Under 1,000"
"235088","Divers Institute of Technology","2014","232","232","0","232","232","166","0","66","0","0","232","166","0","66","0","0","0","0","0","0","0","0","Under 1,000"
"235097","Eastern Washington University","2014","13453","10831","2622","11878","12411","1598","1336","9468","9","1042","10061","1581","1201","7278","1","770","2350","17","135","2190","8","272","10,000 - 19,999"
"235103","Edmonds Community College","2014","8993","4120","4873","5756","8993","467","1392","2462","4672","0","4120","334","723","1399","1664","0","4873","133","669","1063","3008","0","5,000 - 9,999"
"235149","Everett Community College","2014","7516","3979","3537","5167","7516","887","1036","2877","2716","0","3979","579","527","1576","1297","0","3537","308","509","1301","1419","0","5,000 - 9,999"
"235158","Paroba College of Cosmetology","2014","93","93","0","93","93","7","0","86","0","0","93","7","0","86","0","0","0","0","0","0","0","0","Under 1,000"
"235167","The Evergreen State College","2014","4219","3787","432","3957","3878","543","721","2538","76","341","3555","527","656","2366","6","232","323","16","65","172","70","109","1,000 - 4,999"
"235237","Pierce College at Fort Steilacoom","2014","5927","2835","3092","3873","5927","534","1512","2312","1569","0","2835","358","750","1113","614","0","3092","176","762","1199","955","0","5,000 - 9,999"
"235307","Glen Dow Academy of Hair Design","2014","151","149","2","150","151","46","0","105","0","0","149","45","0","104","0","0","2","1","0","1","0","0","Under 1,000"
"235316","Gonzaga University","2014","7352","5338","2014","6108","4837","1048","138","3568","83","2515","4752","1048","135","3510","59","586","85","0","3","58","24","1929","5,000 - 9,999"
"235334","Grays Harbor College","2014","2006","1351","655","1571","2006","301","238","582","885","0","1351","285","178","454","434","0","655","16","60","128","451","0","1,000 - 4,999"
"235343","Green River Community College","2014","7915","5052","2863","6207","7915","791","1171","3266","2687","0","5052","594","712","2160","1586","0","2863","197","459","1106","1101","0","5,000 - 9,999"
"235352","Toni & Guy Hairdressing Academy-Shoreline","2014","35","35","0","35","35","9","0","26","0","0","35","9","0","26","0","0","0","0","0","0","0","0","Under 1,000"
"235422","Heritage University","2014","1241","865","376","1010","861","122","152","563","24","380","724","121","138","465","0","141","137","1","14","98","24","239","1,000 - 4,999"
"235431","Highline Community College","2014","6443","3734","2709","4827","6443","579","988","1943","2933","0","3734","360","542","1203","1629","0","2709","219","446","740","1304","0","5,000 - 9,999"
"235495","Interface College-Spokane","2014","91","91","0","91","91","7","17","67","0","0","91","7","17","67","0","0","0","0","0","0","0","0","Under 1,000"
"235501","International Air and Hospitality Academy","2014","435","435","0","435","435","250","0","185","0","0","435","250","0","185","0","0","0","0","0","0","0","0","Under 1,000"
"235510","ITT Technical Institute-Seattle","2014","414","331","83","364","414","52","9","353","0","0","331","48","8","275","0","0","83","4","1","78","0","0","Under 1,000"
"235529","ITT Technical Institute-Spokane Valley","2014","295","240","55","262","295","35","2","258","0","0","240","34","1","205","0","0","55","1","1","53","0","0","Under 1,000"
"235547","Bastyr University","2014","1202","1088","114","1132","279","0","131","115","33","923","211","0","116","95","0","877","68","0","15","20","33","46","1,000 - 4,999"
"235583","Gene Juarez Academy of Beauty-Mountlake Terrace","2014","197","197","0","197","197","25","0","172","0","0","197","25","0","172","0","0","0","0","0","0","0","0","Under 1,000"
"235671","Bates Technical College","2014","2907","1590","1317","2032","2907","127","507","347","1926","0","1590","120","458","310","702","0","1317","7","49","37","1224","0","1,000 - 4,999"
"235699","Lake Washington Institute of Technology","2014","3660","1776","1884","2536","3660","190","1081","756","1633","0","1776","152","678","475","471","0","1884","38","403","281","1162","0","1,000 - 4,999"
"235750","Lower Columbia College","2014","3208","1681","1527","2194","3208","315","341","755","1797","0","1681","255","167","425","834","0","1527","60","174","330","963","0","1,000 - 4,999"
"235769","Trinity Lutheran College","2014","211","199","12","204","211","68","23","118","2","0","199","68","23","108","0","0","12","0","0","10","2","0","Under 1,000"
"235954","Cascade Beauty College","2014","28","28","0","28","28","5","0","23","0","0","28","5","0","23","0","0","0","0","0","0","0","0","Under 1,000"
"236018","BJ's Beauty & Barber College","2014","98","98","0","98","98","31","0","67","0","0","98","31","0","67","0","0","0","0","0","0","0","0","Under 1,000"
"236027","Northwest Hair Academy","2014","144","144","0","144","144","12","0","132","0","0","144","12","0","132","0","0","0","0","0","0","0","0","Under 1,000"
"236072","Seattle Community College-North Campus","2014","6493","2292","4201","3987","6493","193","1530","1260","3510","0","2292","113","653","720","806","0","4201","80","877","540","2704","0","5,000 - 9,999"
"236133","Northwest University","2014","1862","1534","328","1662","1518","260","269","924","65","344","1287","239","228","806","14","247","231","21","41","118","51","97","1,000 - 4,999"
"236188","Olympic College","2014","7349","4108","3241","5416","7349","633","1203","2960","2553","0","4108","443","698","1929","1038","0","3241","190","505","1031","1515","0","5,000 - 9,999"
"236212","Perry Technical Institute","2014","791","791","0","791","791","156","0","635","0","0","791","156","0","635","0","0","0","0","0","0","0","0","Under 1,000"
"236230","Pacific Lutheran University","2014","3242","3018","224","3105","2926","574","230","2070","52","316","2822","574","227","1992","29","196","104","0","3","78","23","120","1,000 - 4,999"
"236258","Peninsula College","2014","2342","1344","998","1747","2342","220","324","817","981","0","1344","184","210","551","399","0","998","36","114","266","582","0","1,000 - 4,999"
"236328","University of Puget Sound","2014","2826","2731","95","2768","2553","663","60","1827","3","273","2525","663","59","1801","2","206","28","0","1","26","1","67","1,000 - 4,999"
"236382","Renton Technical College","2014","3359","1249","2110","1957","3359","196","611","511","2041","0","1249","139","420","347","343","0","2110","57","191","164","1698","0","1,000 - 4,999"
"236452","Saint Martin's University","2014","1801","1175","626","1418","1456","154","226","936","140","345","1096","154","185","749","8","79","360","0","41","187","132","266","1,000 - 4,999"
"236504","Seattle Community College-South Campus","2014","5535","2087","3448","3478","5535","228","865","832","3610","0","2087","188","437","529","933","0","3448","40","428","303","2677","0","5,000 - 9,999"
"236513","Seattle Central College","2014","6773","3862","2911","5037","6773","235","1565","1648","3325","0","3862","175","927","1191","1569","0","2911","60","638","457","1756","0","5,000 - 9,999"
"236531","Everest College-Seattle","2014","123","123","0","123","123","15","0","108","0","0","123","15","0","108","0","0","0","0","0","0","0","0","Under 1,000"
"236577","Seattle Pacific University","2014","4217","3482","735","3765","3264","685","206","2362","11","953","3107","683","205","2218","1","375","157","2","1","144","10","578","1,000 - 4,999"
"236595","Seattle University","2014","7273","5638","1635","6265","4437","931","390","3094","22","2836","4224","925","382","2916","1","1414","213","6","8","178","21","1422","5,000 - 9,999"
"236610","Shoreline Community College","2014","6015","3153","2862","4114","6015","346","1239","1379","3051","0","3153","272","695","849","1337","0","2862","74","544","530","1714","0","5,000 - 9,999"
"236638","Skagit Valley College","2014","4993","2489","2504","3499","4993","571","721","1531","2170","0","2489","422","433","921","713","0","2504","149","288","610","1457","0","1,000 - 4,999"
"236656","South Puget Sound Community College","2014","4881","2799","2082","3498","4881","566","968","1513","1834","0","2799","421","555","892","931","0","2082","145","413","621","903","0","1,000 - 4,999"
"236692","Spokane Community College","2014","9974","4757","5217","6509","9974","773","1671","2538","4992","0","4757","684","1088","1861","1124","0","5217","89","583","677","3868","0","5,000 - 9,999"
"236708","Spokane Falls Community College","2014","5970","4299","1671","4860","5970","1057","1116","2477","1320","0","4299","925","759","1839","776","0","1671","132","357","638","544","0","5,000 - 9,999"
"236744","Stylemaster College of Hair Design","2014","77","77","0","77","77","30","0","47","0","0","77","30","0","47","0","0","0","0","0","0","0","0","Under 1,000"
"236753","Tacoma Community College","2014","7189","4270","2919","5250","7189","645","1724","2802","2018","0","4270","503","1065","1744","958","0","2919","142","659","1058","1060","0","5,000 - 9,999"
"236887","Walla Walla Community College","2014","4851","2751","2100","3456","4851","467","704","1390","2290","0","2751","437","509","988","817","0","2100","30","195","402","1473","0","1,000 - 4,999"
"236896","Walla Walla University","2014","1887","1773","114","1818","1689","364","84","1191","50","198","1589","364","79","1138","8","184","100","0","5","53","42","14","1,000 - 4,999"
"236939","Washington State University","2014","28686","24243","4443","25977","23867","4457","2454","16674","282","4819","20843","4357","1936","14478","72","3400","3024","100","518","2196","210","1419","20,000 and above"
"236948","University of Washington-Seattle Campus","2014","44784","39171","5613","41323","30672","6272","1927","21269","1204","14112","27764","6208","1695","19830","31","11407","2908","64","232","1439","1173","2705","20,000 and above"
"236975","Wenatchee Valley College","2014","3510","2578","932","2891","3510","527","456","1629","898","0","2578","443","330","1213","592","0","932","84","126","416","306","0","1,000 - 4,999"
"236993","Everest College-Vancouver","2014","247","247","0","247","247","31","36","180","0","0","247","31","36","180","0","0","0","0","0","0","0","0","Under 1,000"
"237011","Western Washington University","2014","15060","13565","1495","14152","14152","2786","1108","10160","98","908","13050","2763","1035","9231","21","515","1102","23","73","929","77","393","10,000 - 19,999"
"237039","Whatcom Community College","2014","4176","2267","1909","2908","4176","434","825","1593","1324","0","2267","321","427","917","602","0","1909","113","398","676","722","0","1,000 - 4,999"
"237057","Whitman College","2014","1498","1467","31","1479","1498","395","21","1064","18","0","1467","395","21","1050","1","0","31","0","0","14","17","0","1,000 - 4,999"
"237066","Whitworth University","2014","2654","2394","260","2494","2370","619","79","1642","30","284","2320","617","78","1603","22","74","50","2","1","39","8","210","1,000 - 4,999"
"237109","Yakima Valley Community College","2014","3950","2888","1062","3317","3950","393","536","1628","1393","0","2888","334","403","1205","946","0","1062","59","133","423","447","0","1,000 - 4,999"
"237118","Alderson Broaddus University","2014","1108","1063","45","1081","1038","346","60","618","14","70","993","346","51","592","4","70","45","0","9","26","10","0","1,000 - 4,999"
"237127","Appalachian Beauty School","2014","21","21","0","21","21","7","0","14","0","0","21","7","0","14","0","0","0","0","0","0","0","0","Under 1,000"
"237136","Appalachian Bible College","2014","302","211","91","247","295","35","20","141","99","7","210","34","18","132","26","1","85","1","2","9","73","6","Under 1,000"
"237145","B M Spurr School of Practical Nursing","2014","31","31","0","31","31","6","0","25","0","0","31","6","0","25","0","0","0","0","0","0","0","0","Under 1,000"
"237172","Ben Franklin Career Center","2014","435","92","343","207","435","424","0","11","0","0","92","89","0","3","0","0","343","335","0","8","0","0","Under 1,000"
"237181","Bethany College","2014","757","745","12","750","727","246","25","445","11","30","719","246","25","441","7","26","8","0","0","4","4","4","Under 1,000"
"237215","Bluefield State College","2014","1563","1251","312","1377","1563","242","200","1087","34","0","1251","236","149","862","4","0","312","6","51","225","30","0","1,000 - 4,999"
"237242","Cabell County Career Technology Center","2014","103","41","62","62","103","65","0","38","0","0","41","25","0","16","0","0","62","40","0","22","0","0","Under 1,000"
"237303","Charleston School of Beauty Culture","2014","121","121","0","121","121","46","0","75","0","0","121","46","0","75","0","0","0","0","0","0","0","0","Under 1,000"
"237312","University of Charleston","2014","2111","1895","216","1980","1549","335","301","877","36","562","1355","332","239","780","4","540","194","3","62","97","32","22","1,000 - 4,999"
"237321","Clarksburg Beauty Academy and School of Massage Therapy","2014","122","122","0","122","122","76","0","46","0","0","122","76","0","46","0","0","0","0","0","0","0","0","Under 1,000"
"237330","Concord University","2014","2545","2108","437","2275","2243","427","145","1662","9","302","2031","417","131","1483","0","77","212","10","14","179","9","225","1,000 - 4,999"
"237358","Davis & Elkins College","2014","846","825","21","833","846","212","42","585","7","0","825","212","37","576","0","0","21","0","5","9","7","0","Under 1,000"
"237367","Fairmont State University","2014","4035","3389","646","3645","3797","689","351","2659","98","238","3271","680","295","2259","37","118","526","9","56","400","61","120","1,000 - 4,999"
"237385","Glenville State College","2014","1802","1038","764","1346","1802","344","143","891","424","0","1038","264","80","684","10","0","764","80","63","207","414","0","1,000 - 4,999"
"237437","Huntington Junior College","2014","648","605","43","622","648","111","90","441","6","0","605","110","87","406","2","0","43","1","3","35","4","0","Under 1,000"
"237473","James Rumsey Technical Institute","2014","134","134","0","134","134","100","0","34","0","0","134","100","0","34","0","0","0","0","0","0","0","0","Under 1,000"
"237491","Ralph R Willis Career and Technical Center","2014","36","36","0","36","36","13","0","23","0","0","36","13","0","23","0","0","0","0","0","0","0","0","Under 1,000"
"237525","Marshall University","2014","13381","10067","3314","11324","9536","1848","658","6365","665","3845","8142","1833","546","5673","90","1925","1394","15","112","692","575","1920","10,000 - 19,999"
"237543","Mercer County Technical Education Center","2014","204","79","125","121","204","151","0","53","0","0","79","77","0","2","0","0","125","74","0","51","0","0","Under 1,000"
"237552","Meredith Manor International Equestrian Center","2014","120","120","0","120","120","33","0","87","0","0","120","33","0","87","0","0","0","0","0","0","0","0","Under 1,000"
"237561","Monongalia County Technical Education Center","2014","81","73","8","76","81","30","0","51","0","0","73","22","0","51","0","0","8","8","0","0","0","0","Under 1,000"
"237570","Morgantown Beauty College Inc","2014","67","67","0","67","67","9","0","58","0","0","67","9","0","58","0","0","0","0","0","0","0","0","Under 1,000"
"237598","Mountain State College","2014","158","147","11","151","158","7","0","151","0","0","147","6","0","141","0","0","11","1","0","10","0","0","Under 1,000"
"237604","Everest Institute-Cross Lanes","2014","63","63","0","63","63","0","0","63","0","0","63","0","0","63","0","0","0","0","0","0","0","0","Under 1,000"
"237613","Opportunities Industrialization Center","2014","64","64","0","64","64","30","0","34","0","0","64","30","0","34","0","0","0","0","0","0","0","0","Under 1,000"
"237640","Ohio Valley University","2014","431","377","54","398","400","88","48","251","13","31","375","88","48","239","0","2","25","0","0","12","13","29","Under 1,000"
"237686","West Virginia University at Parkersburg","2014","2985","1674","1311","2203","2985","442","196","1936","411","0","1674","288","123","1261","2","0","1311","154","73","675","409","0","1,000 - 4,999"
"237701","Potomac State College of West Virginia University","2014","1540","1235","305","1358","1540","639","40","631","230","0","1235","632","36","567","0","0","305","7","4","64","230","0","1,000 - 4,999"
"237729","Academy of Careers and Technology","2014","204","105","99","138","204","95","0","109","0","0","105","37","0","68","0","0","99","58","0","41","0","0","Under 1,000"
"237783","Salem International University","2014","536","536","0","536","402","116","59","227","0","134","402","116","59","227","0","134","0","0","0","0","0","0","Under 1,000"
"237792","Shepherd University","2014","4041","3180","861","3520","3776","642","322","2525","287","265","3093","634","253","2203","3","87","683","8","69","322","284","178","1,000 - 4,999"
"237817","Southern West Virginia Community and Technical College","2014","1859","1234","625","1444","1859","490","56","1135","178","0","1234","437","38","758","1","0","625","53","18","377","177","0","1,000 - 4,999"
"237844","Fred W Eberle Technical Center","2014","109","76","33","87","109","107","0","2","0","0","76","75","0","1","0","0","33","32","0","1","0","0","Under 1,000"
"237880","West Virginia School of Osteopathic Medicine","2014","815","815","0","815","0","0","0","0","0","815","0","0","0","0","0","815","0","0","0","0","0","0","Under 1,000"
"237899","West Virginia State University","2014","2884","1978","906","2343","2836","409","268","1560","599","48","1950","397","231","1295","27","28","886","12","37","265","572","20","1,000 - 4,999"
"237905","West Virginia University Hospital Departments of Rad Tech and Nutrition","2014","53","53","0","53","46","0","0","46","0","7","46","0","0","46","0","7","0","0","0","0","0","0","Under 1,000"
"237932","West Liberty University","2014","2694","2175","519","2381","2530","468","187","1609","266","164","2099","466","145","1468","20","76","431","2","42","141","246","88","1,000 - 4,999"
"237950","West Virginia University Institute of Technology","2014","1261","978","283","1092","1261","264","97","754","146","0","978","260","93","625","0","0","283","4","4","129","146","0","1,000 - 4,999"
"237969","West Virginia Wesleyan College","2014","1511","1462","49","1481","1390","416","40","919","15","121","1357","415","38","900","4","105","33","1","2","19","11","16","1,000 - 4,999"
"237978","West Virginia Business College-Wheeling","2014","125","125","0","125","125","28","0","97","0","0","125","28","0","97","0","0","0","0","0","0","0","0","Under 1,000"
"237987","West Virginia Junior College-Charleston","2014","162","141","21","149","162","46","30","86","0","0","141","44","28","69","0","0","21","2","2","17","0","0","Under 1,000"
"237996","West Virginia Junior College-Morgantown","2014","373","373","0","373","373","52","105","216","0","0","373","52","105","216","0","0","0","0","0","0","0","0","Under 1,000"
"238005","International Beauty School 4","2014","87","87","0","87","87","39","0","48","0","0","87","39","0","48","0","0","0","0","0","0","0","0","Under 1,000"
"238014","West Virginia Northern Community College","2014","1923","932","991","1265","1923","364","240","1050","269","0","932","277","132","518","5","0","991","87","108","532","264","0","1,000 - 4,999"
"238032","West Virginia University","2014","29175","25612","3563","26972","22563","4868","944","16133","618","6612","20863","4850","872","15141","0","4749","1700","18","72","992","618","1863","20,000 and above"
"238078","Wheeling Jesuit University","2014","1575","1116","459","1294","1187","252","47","832","56","388","964","252","46","665","1","152","223","0","1","167","55","236","1,000 - 4,999"
"238096","Wood County School of Practical Nursing","2014","39","39","0","39","39","8","0","31","0","0","39","8","0","31","0","0","0","0","0","0","0","0","Under 1,000"
"238166","Advanced Institute of Hair Design-Glendale","2014","82","82","0","82","82","12","0","70","0","0","82","12","0","70","0","0","0","0","0","0","0","0","Under 1,000"
"238175","VICI Aveda Institute","2014","125","125","0","125","125","32","0","93","0","0","125","32","0","93","0","0","0","0","0","0","0","0","Under 1,000"
"238193","Alverno College","2014","2389","1672","717","1951","1723","198","119","1372","34","666","1284","193","100","977","14","388","439","5","19","395","20","278","1,000 - 4,999"
"238263","Madison Area Technical College","2014","16759","4983","11776","9733","16698","2645","979","8993","4081","61","4961","1234","442","3090","195","22","11737","1411","537","5903","3886","39","10,000 - 19,999"
"238324","Bellin College","2014","351","227","124","275","305","26","18","261","0","46","227","26","10","191","0","0","78","0","8","70","0","46","Under 1,000"
"238333","Beloit College","2014","1303","1249","54","1270","1303","299","26","900","78","0","1249","299","26","894","30","0","54","0","0","6","48","0","1,000 - 4,999"
"238397","Blackhawk Technical College","2014","2471","944","1527","1457","2471","448","0","2023","0","0","944","254","0","690","0","0","1527","194","0","1333","0","0","1,000 - 4,999"
"238430","Cardinal Stritch University","2014","3811","3259","552","3472","2308","188","247","1869","4","1503","2157","188","241","1728","0","1102","151","0","6","141","4","401","1,000 - 4,999"
"238458","Carroll University","2014","3446","2926","520","3128","3015","762","106","2066","81","431","2706","758","93","1837","18","220","309","4","13","229","63","211","1,000 - 4,999"
"238476","Carthage College","2014","2948","2615","333","2745","2856","713","115","2007","21","92","2599","704","103","1789","3","16","257","9","12","218","18","76","1,000 - 4,999"
"238573","Columbia College of Nursing","2014","151","141","10","145","147","0","40","107","0","4","137","0","40","97","0","4","10","0","0","10","0","0","Under 1,000"
"238616","Concordia University-Wisconsin","2014","8161","4877","3284","6145","4377","640","518","3122","97","3784","3112","639","209","2264","0","1765","1265","1","309","858","97","2019","5,000 - 9,999"
"238661","Edgewood College","2014","2980","1760","1220","2229","1935","290","194","1379","72","1045","1647","289","164","1175","19","113","288","1","30","204","53","932","1,000 - 4,999"
"238722","Fox Valley Technical College","2014","10519","2704","7815","5328","10519","1035","1941","4065","3478","0","2704","432","691","1374","207","0","7815","603","1250","2691","3271","0","10,000 - 19,999"
"238759","Gateway Technical College","2014","7410","1421","5989","3432","7410","1366","697","4462","885","0","1421","330","188","852","51","0","5989","1036","509","3610","834","0","5,000 - 9,999"
"238786","Gill-Tech Academy of Hair Design","2014","109","79","30","91","109","12","0","97","0","0","79","9","0","70","0","0","30","3","0","27","0","0","Under 1,000"
"238810","The Salon Professional Academy-Eau Claire","2014","71","60","11","64","71","31","0","40","0","0","60","29","0","31","0","0","11","2","0","9","0","0","Under 1,000"
"238892","ITT Technical Institute-Greenfield","2014","422","337","85","370","422","57","2","363","0","0","337","52","2","283","0","0","85","5","0","80","0","0","Under 1,000"
"238980","Lakeland College","2014","3973","1009","2964","2165","3138","149","341","1742","906","835","918","136","112","645","25","91","2220","13","229","1097","881","744","1,000 - 4,999"
"239008","Lakeshore Technical College","2014","3008","779","2229","1527","3008","292","556","1448","712","0","779","114","157","495","13","0","2229","178","399","953","699","0","1,000 - 4,999"
"239017","Lawrence University","2014","1511","1473","38","1488","1511","385","28","1070","28","0","1473","380","27","1042","24","0","38","5","1","28","4","0","1,000 - 4,999"
"239071","Maranatha Baptist University","2014","1064","695","369","839","947","193","57","510","187","117","676","181","41","449","5","19","271","12","16","61","182","98","1,000 - 4,999"
"239080","Marian University","2014","2130","1332","798","1641","1628","250","193","1145","40","502","1293","250","105","938","0","39","335","0","88","207","40","463","1,000 - 4,999"
"239105","Marquette University","2014","11745","10210","1535","10800","8410","1992","151","6069","198","3335","8078","1989","136","5919","34","2132","332","3","15","150","164","1203","10,000 - 19,999"
"239132","Empire Beauty School-Madison","2014","25","24","1","24","25","3","0","22","0","0","24","3","0","21","0","0","1","0","0","1","0","0","Under 1,000"
"239169","Medical College of Wisconsin","2014","1209","1019","190","1092","0","0","0","0","0","1209","0","0","0","0","0","1019","0","0","0","0","0","190","1,000 - 4,999"
"239220","Mid-State Technical College","2014","2779","1020","1759","1611","2779","470","39","2022","248","0","1020","244","19","738","19","0","1759","226","20","1284","229","0","1,000 - 4,999"
"239248","Milwaukee Area Technical College","2014","16712","5261","11451","9106","16712","1256","185","13550","1721","0","5261","655","94","4280","232","0","11451","601","91","9270","1489","0","10,000 - 19,999"
"239309","Milwaukee Institute of Art & Design","2014","622","609","13","614","622","145","52","425","0","0","609","144","52","413","0","0","13","1","0","12","0","0","Under 1,000"
"239318","Milwaukee School of Engineering","2014","2810","2516","294","2630","2596","578","200","1814","4","214","2434","558","191","1685","0","82","162","20","9","129","4","132","1,000 - 4,999"
"239372","Moraine Park Technical College","2014","6280","1021","5259","2787","6280","325","0","2818","3137","0","1021","142","0","851","28","0","5259","183","0","1967","3109","0","5,000 - 9,999"
"239390","Mount Mary University","2014","1385","1011","374","1156","802","155","63","498","86","583","648","154","57","437","0","363","154","1","6","61","86","220","1,000 - 4,999"
"239424","Nashotah House","2014","100","68","32","80","0","0","0","0","0","100","0","0","0","0","0","68","0","0","0","0","0","32","Under 1,000"
"239442","Nicolet Area Technical College","2014","1139","427","712","666","1139","300","40","707","92","0","427","141","18","262","6","0","712","159","22","445","86","0","1,000 - 4,999"
"239460","Northcentral Technical College","2014","4377","1641","2736","2560","4377","892","0","2807","678","0","1641","398","0","1179","64","0","2736","494","0","1628","614","0","1,000 - 4,999"
"239488","Northeast Wisconsin Technical College","2014","10406","3193","7213","5615","10406","1079","358","5176","3793","0","3193","606","165","1981","441","0","7213","473","193","3195","3352","0","10,000 - 19,999"
"239503","Northland International University","2014","194","149","45","166","153","28","9","113","3","41","138","27","9","102","0","11","15","1","0","11","3","30","Under 1,000"
"239512","Northland College","2014","584","567","17","574","584","150","46","379","9","0","567","150","46","371","0","0","17","0","0","8","9","0","Under 1,000"
"239628","Ripon College","2014","840","820","20","828","840","211","16","593","20","0","820","211","16","587","6","0","20","0","0","6","14","0","Under 1,000"
"239637","Sacred Heart School of Theology","2014","98","89","9","92","0","0","0","0","0","98","0","0","0","0","0","89","0","0","0","0","0","9","Under 1,000"
"239716","Saint Norbert College","2014","2169","2048","121","2095","2112","536","36","1480","60","57","2048","536","33","1458","21","0","64","0","3","22","39","57","1,000 - 4,999"
"239743","Silver Lake College of the Holy Family","2014","629","229","400","384","436","45","24","227","140","193","218","45","13","147","13","11","218","0","11","80","127","182","Under 1,000"
"239877","State College of Beauty Culture Inc","2014","49","44","5","46","49","21","0","28","0","0","44","21","0","23","0","0","5","0","0","5","0","0","Under 1,000"
"239910","Southwest Wisconsin Technical College","2014","2334","771","1563","1296","2334","399","397","560","978","0","771","281","171","316","3","0","1563","118","226","244","975","0","1,000 - 4,999"
"239929","Bryant & Stratton College-Milwaukee","2014","847","299","548","514","847","155","106","586","0","0","299","94","53","152","0","0","548","61","53","434","0","0","Under 1,000"
"240055","University of Wisconsin Colleges","2014","14045","7300","6745","9565","14045","3883","741","6906","2515","0","7300","3243","384","3587","86","0","6745","640","357","3319","2429","0","10,000 - 19,999"
"240107","Viterbo University","2014","2804","1922","882","2264","2034","322","294","1403","15","770","1539","319","180","1040","0","383","495","3","114","363","15","387","1,000 - 4,999"
"240116","Chippewa Valley Technical College","2014","6074","2299","3775","3566","6074","812","334","3359","1569","0","2299","543","175","1506","75","0","3775","269","159","1853","1494","0","5,000 - 9,999"
"240125","Waukesha County Technical College","2014","8692","1729","6963","4067","8692","486","400","4418","3388","0","1729","237","188","1219","85","0","6963","249","212","3199","3303","0","5,000 - 9,999"
"240170","Western Technical College","2014","4130","1890","2240","2642","4130","1209","159","2567","195","0","1890","819","70","998","3","0","2240","390","89","1569","192","0","1,000 - 4,999"
"240189","University of Wisconsin-Whitewater","2014","12176","10414","1762","11092","10988","2151","706","7676","455","1188","10017","2141","654","7106","116","397","971","10","52","570","339","791","10,000 - 19,999"
"240198","Wisconsin Indianhead Technical College","2014","3045","1221","1824","1833","3045","446","19","2177","403","0","1221","265","9","935","12","0","1824","181","10","1242","391","0","1,000 - 4,999"
"240213","Wisconsin School of Professional Psychology","2014","91","40","51","59","0","0","0","0","0","91","0","0","0","0","0","40","0","0","0","0","0","51","Under 1,000"
"240240","Paul Mitchell the School-Green Bay","2014","166","166","0","166","166","30","0","136","0","0","166","30","0","136","0","0","0","0","0","0","0","0","Under 1,000"
"240268","University of Wisconsin-Eau Claire","2014","10721","9396","1325","9913","10196","2100","478","7409","209","525","9282","2096","426","6759","1","114","914","4","52","650","208","411","10,000 - 19,999"
"240277","University of Wisconsin-Green Bay","2014","6927","4293","2634","5348","6674","770","611","4293","1000","253","4233","756","374","3067","36","60","2441","14","237","1226","964","193","5,000 - 9,999"
"240329","University of Wisconsin-La Crosse","2014","10669","9745","924","10101","9820","1986","531","6975","328","849","9292","1985","509","6680","118","453","528","1","22","295","210","396","10,000 - 19,999"
"240338","Wisconsin Lutheran College","2014","1179","983","196","1059","1074","220","88","752","14","105","980","220","76","684","0","3","94","0","12","68","14","102","1,000 - 4,999"
"240365","University of Wisconsin-Oshkosh","2014","14541","9200","5341","11311","13311","1709","896","7732","2974","1230","9018","1688","698","6550","82","182","4293","21","198","1182","2892","1048","10,000 - 19,999"
"240374","University of Wisconsin-Parkside","2014","4543","3366","1177","3837","4407","630","424","3220","133","136","3336","577","308","2447","4","30","1071","53","116","773","129","106","1,000 - 4,999"
"240392","Herzing University-Madison","2014","2649","1122","1527","1720","2369","255","136","1959","19","280","993","142","78","773","0","129","1376","113","58","1186","19","151","1,000 - 4,999"
"240417","University of Wisconsin-Stout","2014","9394","7179","2215","8037","8279","1469","713","5912","185","1115","6922","1453","503","4869","97","257","1357","16","210","1043","88","858","5,000 - 9,999"
"240426","University of Wisconsin-Superior","2014","2600","1989","611","2232","2466","331","280","1742","113","134","1934","326","219","1377","12","55","532","5","61","365","101","79","1,000 - 4,999"
"240444","University of Wisconsin-Madison","2014","42598","38149","4449","39858","30694","6264","771","22267","1392","11904","28306","6243","721","20903","439","9843","2388","21","50","1364","953","2061","20,000 and above"
"240453","University of Wisconsin-Milwaukee","2014","27596","21421","6175","23817","22674","3454","1767","16356","1097","4922","18793","3374","1487","13587","345","2628","3881","80","280","2769","752","2294","20,000 and above"
"240462","University of Wisconsin-Platteville","2014","8901","7250","1651","7885","8047","1705","467","5716","159","854","7147","1684","378","5044","41","103","900","21","89","672","118","751","5,000 - 9,999"
"240471","University of Wisconsin-River Falls","2014","6198","5352","846","5680","5740","1015","449","3917","359","458","5209","998","408","3558","245","143","531","17","41","359","114","315","5,000 - 9,999"
"240480","University of Wisconsin-Stevens Point","2014","9330","8455","875","8799","9006","1631","718","6531","126","324","8343","1614","639","6079","11","112","663","17","79","452","115","212","5,000 - 9,999"
"240505","Casper College","2014","3824","1705","2119","2416","3824","578","101","1770","1375","0","1705","519","73","1061","52","0","2119","59","28","709","1323","0","1,000 - 4,999"
"240514","Central Wyoming College","2014","2082","741","1341","1191","2082","335","330","434","983","0","741","215","168","235","123","0","1341","120","162","199","860","0","1,000 - 4,999"
"240596","Eastern Wyoming College","2014","1704","660","1044","1011","1704","189","134","358","1023","0","660","158","68","232","202","0","1044","31","66","126","821","0","1,000 - 4,999"
"240620","Laramie County Community College","2014","4388","1815","2573","2679","4388","442","195","2533","1218","0","1815","347","109","1270","89","0","2573","95","86","1263","1129","0","1,000 - 4,999"
"240657","Northwest College","2014","1652","1022","630","1234","1652","388","53","997","214","0","1022","366","53","577","26","0","630","22","0","420","188","0","1,000 - 4,999"
"240666","Sheridan College","2014","4374","1399","2975","2398","4374","490","88","1398","2398","0","1399","421","53","789","136","0","2975","69","35","609","2262","0","1,000 - 4,999"
"240693","Western Wyoming Community College","2014","3472","1135","2337","1920","3472","403","121","2244","704","0","1135","330","69","707","29","0","2337","73","52","1537","675","0","1,000 - 4,999"
"240709","Cheeks International Academy of Beauty Culture-Cheyenne","2014","52","37","15","43","52","41","0","11","0","0","37","29","0","8","0","0","15","12","0","3","0","0","Under 1,000"
"240718","Wyotech-Laramie","2014","1085","1085","0","1085","1085","282","54","749","0","0","1085","282","54","749","0","0","0","0","0","0","0","0","1,000 - 4,999"
"240727","University of Wyoming","2014","12820","9824","2996","10985","10124","1567","1053","7290","214","2696","8272","1554","786","5932","0","1552","1852","13","267","1358","214","1144","10,000 - 19,999"
"240736","American Samoa Community College","2014","1276","716","560","942","1276","450","2","824","0","0","716","322","2","392","0","0","560","128","0","432","0","0","1,000 - 4,999"
"240745","Guam Community College","2014","2458","989","1469","1482","2458","202","30","1778","448","0","989","103","15","796","75","0","1469","99","15","982","373","0","1,000 - 4,999"
"240754","University of Guam","2014","3958","2919","1039","3331","3660","602","117","2888","53","298","2801","527","92","2171","11","118","859","75","25","717","42","180","1,000 - 4,999"
"240790","Northern Marianas College","2014","1186","984","202","1066","1186","302","17","801","66","0","984","274","15","662","33","0","202","28","2","139","33","0","1,000 - 4,999"
"240879","Institute of Beauty Careers","2014","152","152","0","152","152","149","0","3","0","0","152","149","0","3","0","0","0","0","0","0","0","0","Under 1,000"
"240985","Educational Technical College-Recinto de Bayamon","2014","497","497","0","497","497","284","0","213","0","0","497","284","0","213","0","0","0","0","0","0","0","0","Under 1,000"
"241100","American University of Puerto Rico","2014","832","701","131","752","749","136","15","591","7","83","679","135","15","526","3","22","70","1","0","65","4","61","Under 1,000"
"241128","American University of Puerto Rico","2014","939","799","140","854","896","181","50","658","7","43","783","179","50","550","4","16","113","2","0","108","3","27","Under 1,000"
"241146","American Educational College","2014","669","663","6","665","669","435","0","234","0","0","663","435","0","228","0","0","6","0","0","6","0","0","Under 1,000"
"241182","Antilles School of Technical Careers","2014","545","545","0","545","545","246","0","299","0","0","545","246","0","299","0","0","0","0","0","0","0","0","Under 1,000"
"241191","Universidad Adventista de las Antillas","2014","1360","1229","131","1280","1249","193","100","930","26","111","1145","190","98","857","0","84","104","3","2","73","26","27","1,000 - 4,999"
"241216","Atlantic University College","2014","1496","1055","441","1228","1425","306","99","1020","0","71","1029","267","87","675","0","26","396","39","12","345","0","45","1,000 - 4,999"
"241225","Bayamon Central University","2014","2360","1520","840","1847","1797","285","157","1352","3","563","1249","238","122","886","3","271","548","47","35","466","0","292","1,000 - 4,999"
"241304","Columbia Centro Universitario-Caguas","2014","1864","786","1078","1209","1750","243","248","1259","0","114","743","227","106","410","0","43","1007","16","142","849","0","71","1,000 - 4,999"
"241331","Carlos Albizu University-San Juan","2014","1063","888","175","956","173","37","0","71","65","890","86","30","0","42","14","802","87","7","0","29","51","88","1,000 - 4,999"
"241377","Caribbean University-Bayamon","2014","1959","1346","613","1585","1621","298","44","1271","8","338","1190","267","35","887","1","156","431","31","9","384","7","182","1,000 - 4,999"
"241386","Caribbean University-Carolina","2014","657","420","237","512","576","49","42","484","1","81","397","39","35","323","0","23","179","10","7","161","1","58","Under 1,000"
"241395","Pontifical Catholic University of Puerto Rico-Arecibo","2014","1000","836","164","899","650","84","67","465","34","350","573","84","65","420","4","263","77","0","2","45","30","87","1,000 - 4,999"
"241410","Pontifical Catholic University of Puerto Rico-Ponce","2014","8079","6835","1244","7317","5865","1003","199","4528","135","2214","5276","1000","195","4056","25","1559","589","3","4","472","110","655","5,000 - 9,999"
"241517","Centro de Estudios Multidisciplinarios-San Juan","2014","892","788","104","829","892","125","121","646","0","0","788","125","116","547","0","0","104","0","5","99","0","0","Under 1,000"
"241614","Universidad Teologica del Caribe","2014","250","107","143","163","209","11","47","141","10","41","107","3","23","77","4","0","102","8","24","64","6","41","Under 1,000"
"241720","Colegio Universitario de San Juan","2014","1405","1228","177","1299","1405","225","254","926","0","0","1228","222","232","774","0","0","177","3","22","152","0","0","1,000 - 4,999"
"241739","Universidad Metropolitana","2014","13773","10151","3622","11561","11529","2243","581","8705","0","2244","9081","2084","386","6611","0","1070","2448","159","195","2094","0","1174","10,000 - 19,999"
"241766","Puerto Rico Conservatory of Music","2014","481","320","161","384","435","69","41","304","21","46","287","18","10","245","14","33","148","51","31","59","7","13","Under 1,000"
"241793","Center for Advanced Studies On Puerto Rico and the Caribbean","2014","489","325","164","388","0","0","0","0","0","489","0","0","0","0","0","325","0","0","0","0","0","164","Under 1,000"
"241836","EDP University of Puerto Rico Inc-San Sebastian","2014","1068","701","367","845","1068","187","76","804","1","0","701","131","53","517","0","0","367","56","23","287","1","0","1,000 - 4,999"
"241906","Emma's Beauty Academy-Mayaguez","2014","388","388","0","388","388","109","0","279","0","0","388","109","0","279","0","0","0","0","0","0","0","0","Under 1,000"
"241951","Escuela de Artes Plasticas de Puerto Rico","2014","555","408","147","467","555","91","35","429","0","0","408","91","29","288","0","0","147","0","6","141","0","0","Under 1,000"
"242042","Instituto Tecnologico de Puerto Rico-Recinto de Manati","2014","713","659","54","677","713","337","16","360","0","0","659","332","13","314","0","0","54","5","3","46","0","0","Under 1,000"
"242112","Huertas College","2014","1184","986","198","1065","1184","267","227","690","0","0","986","266","199","521","0","0","198","1","28","169","0","0","1,000 - 4,999"
"242121","Humacao Community College","2014","639","472","167","538","639","155","19","465","0","0","472","152","17","303","0","0","167","3","2","162","0","0","Under 1,000"
"242130","ICPR Junior College-Arecibo","2014","576","510","66","536","576","223","47","306","0","0","510","213","44","253","0","0","66","10","3","53","0","0","Under 1,000"
"242149","ICPR Junior College-Mayaguez","2014","490","411","79","442","490","193","0","297","0","0","411","181","0","230","0","0","79","12","0","67","0","0","Under 1,000"
"242316","Instituto de Educacion Tecnica Ocupacional La Reine-Manati","2014","307","307","0","307","307","278","0","29","0","0","307","278","0","29","0","0","0","0","0","0","0","0","Under 1,000"
"242413","Hispanic American College","2014","482","482","0","482","482","77","0","405","0","0","482","77","0","405","0","0","0","0","0","0","0","0","Under 1,000"
"242422","Instituto de Banca y Comercio Inc","2014","19014","19014","0","19014","19014","8377","0","10637","0","0","19014","8377","0","10637","0","0","0","0","0","0","0","0","10,000 - 19,999"
"242556","Instituto Tecnologico de Puerto Rico-Recinto de Guayama","2014","662","624","38","637","662","342","7","313","0","0","624","342","7","275","0","0","38","0","0","38","0","0","Under 1,000"
"242565","Instituto Tecnologico de Puerto Rico-Recinto de Ponce","2014","601","493","108","529","601","141","0","460","0","0","493","141","0","352","0","0","108","0","0","108","0","0","Under 1,000"
"242583","Instituto Tecnologico de Puerto Rico-Recinto de San Juan","2014","632","517","115","556","632","280","29","323","0","0","517","267","20","230","0","0","115","13","9","93","0","0","Under 1,000"
"242617","Inter American University of Puerto Rico-San German","2014","5223","4494","729","4777","4453","991","67","3337","58","770","4003","972","60","2963","8","491","450","19","7","374","50","279","5,000 - 9,999"
"242626","Inter American University of Puerto Rico-Aguadilla","2014","4668","4014","654","4270","4357","951","108","3241","57","311","3744","932","93","2714","5","270","613","19","15","527","52","41","1,000 - 4,999"
"242635","Inter American University of Puerto Rico-Arecibo","2014","4713","4031","682","4298","4248","906","136","3160","46","465","3659","894","122","2641","2","372","589","12","14","519","44","93","1,000 - 4,999"
"242644","Inter American University of Puerto Rico-Barranquitas","2014","2146","1952","194","2028","2110","582","39","1486","3","36","1925","570","37","1318","0","27","185","12","2","168","3","9","1,000 - 4,999"
"242653","Inter American University of Puerto Rico-Metro","2014","9649","7584","2065","8388","7016","877","513","5357","269","2633","5647","850","433","4326","38","1937","1369","27","80","1031","231","696","5,000 - 9,999"
"242662","Inter American University of Puerto Rico-Ponce","2014","5788","5000","788","5309","5363","1026","146","4133","58","425","4637","1015","134","3485","3","363","726","11","12","648","55","62","5,000 - 9,999"
"242680","Inter American University of Puerto Rico-Fajardo","2014","2272","1935","337","2067","2099","458","40","1578","23","173","1773","446","38","1287","2","162","326","12","2","291","21","11","1,000 - 4,999"
"242699","Inter American University of Puerto Rico-Guayama","2014","2151","1851","300","1969","2069","348","79","1632","10","82","1784","337","69","1378","0","67","285","11","10","254","10","15","1,000 - 4,999"
"242705","Inter American University of Puerto Rico-Bayamon","2014","4826","4215","611","4455","4698","1093","129","3457","19","128","4111","1079","117","2913","2","104","587","14","12","544","17","24","1,000 - 4,999"
"242723","Inter American University of Puerto Rico-School of Law","2014","849","464","385","611","0","0","0","0","0","849","0","0","0","0","0","464","0","0","0","0","0","385","Under 1,000"
"242750","International Technical College","2014","112","112","0","112","112","28","0","84","0","0","112","28","0","84","0","0","0","0","0","0","0","0","Under 1,000"
"242820","Liceo de Arte y Tecnologia","2014","1604","1604","0","1604","1604","741","0","863","0","0","1604","741","0","863","0","0","0","0","0","0","0","0","1,000 - 4,999"
"242884","MBTI Business Training Institute","2014","3872","3868","4","3870","3872","1769","0","2103","0","0","3868","1769","0","2099","0","0","4","0","0","4","0","0","1,000 - 4,999"
"242945","Modern Hairstyling Institute-Bayamon","2014","231","191","40","207","231","191","0","40","0","0","191","156","0","35","0","0","40","35","0","5","0","0","Under 1,000"
"242954","Modern Hairstyling Institute-Arecibo","2014","43","40","3","41","43","39","0","4","0","0","40","37","0","3","0","0","3","2","0","1","0","0","Under 1,000"
"242972","National University College-Bayamon","2014","5320","2973","2347","3892","4998","707","749","3527","15","322","2956","540","517","1898","1","17","2042","167","232","1629","14","305","5,000 - 9,999"
"242981","National University College-Arecibo","2014","1460","960","500","1156","1451","210","138","1102","1","9","960","199","114","647","0","0","491","11","24","455","1","9","1,000 - 4,999"
"243072","Ponce Paramedical College Inc","2014","2607","2494","113","2539","2607","500","557","1550","0","0","2494","492","526","1476","0","0","113","8","31","74","0","0","1,000 - 4,999"
"243081","Ponce School of Medicine and Health Sciences","2014","701","701","0","701","0","0","0","0","0","701","0","0","0","0","0","701","0","0","0","0","0","0","Under 1,000"
"243106","University of Puerto Rico-Aguadilla","2014","2927","2696","231","2789","2927","740","32","2077","78","0","2696","740","29","1906","21","0","231","0","3","171","57","0","1,000 - 4,999"
"243115","University of Puerto Rico-Arecibo","2014","3790","3493","297","3613","3790","914","15","2800","61","0","3493","913","15","2563","2","0","297","1","0","237","59","0","1,000 - 4,999"
"243133","University of Puerto Rico-Bayamon","2014","4974","4275","699","4557","4974","1192","121","3510","151","0","4275","1188","79","2976","32","0","699","4","42","534","119","0","1,000 - 4,999"
"243142","University of Puerto Rico-Carolina","2014","3843","3005","838","3343","3843","904","113","2704","122","0","3005","901","94","1997","13","0","838","3","19","707","109","0","1,000 - 4,999"
"243151","University of Puerto Rico-Cayey","2014","3687","3432","255","3535","3687","788","101","2797","1","0","3432","787","92","2553","0","0","255","1","9","244","1","0","1,000 - 4,999"
"243179","University of Puerto Rico-Humacao","2014","3628","3258","370","3407","3628","886","67","2544","131","0","3258","877","62","2278","41","0","370","9","5","266","90","0","1,000 - 4,999"
"243188","University of Puerto Rico-Utuado","2014","1385","1301","84","1335","1385","510","20","815","40","0","1301","510","18","764","9","0","84","0","2","51","31","0","1,000 - 4,999"
"243197","University of Puerto Rico-Mayaguez","2014","12130","11241","889","11597","11133","2137","270","8507","219","997","10319","2135","266","7867","51","922","814","2","4","640","168","75","10,000 - 19,999"
"243203","University of Puerto Rico-Medical Sciences","2014","2221","2102","119","2146","453","0","187","266","0","1768","435","0","187","248","0","1667","18","0","0","18","0","101","1,000 - 4,999"
"243212","University of Puerto Rico-Ponce","2014","3230","3028","202","3110","3230","813","75","2342","0","0","3028","812","75","2141","0","0","202","1","0","201","0","0","1,000 - 4,999"
"243221","University of Puerto Rico-Rio Piedras","2014","15659","13662","1997","14441","12362","2328","443","9315","276","3297","11015","2287","413","8152","163","2647","1347","41","30","1163","113","650","10,000 - 19,999"
"243346","Universidad Del Este","2014","13331","9259","4072","10851","12198","2338","554","9306","0","1133","8801","2038","349","6414","0","458","3397","300","205","2892","0","675","10,000 - 19,999"
"243407","Ryder Memorial School for Practical Nursing","2014","14","14","0","14","14","13","0","1","0","0","14","13","0","1","0","0","0","0","0","0","0","0","Under 1,000"
"243443","Universidad del Sagrado Corazon","2014","5261","3995","1266","4486","4643","646","372","3578","47","618","3986","595","319","3044","28","9","657","51","53","534","19","609","5,000 - 9,999"
"243498","Seminario Evangelico de Puerto Rico","2014","231","46","185","117","0","0","0","0","0","231","0","0","0","0","0","46","0","0","0","0","0","185","Under 1,000"
"243568","Universidad Central Del Caribe","2014","467","436","31","448","140","10","0","130","0","327","109","10","0","99","0","327","31","0","0","31","0","0","Under 1,000"
"243577","Universidad Politecnica de Puerto Rico","2014","4507","2255","2252","3137","3788","431","215","3113","29","719","1795","411","120","1246","18","460","1993","20","95","1867","11","259","1,000 - 4,999"
"243586","Pontifical Catholic University of Puerto Rico-Mayaguez","2014","1536","1284","252","1382","1416","235","124","1032","25","120","1231","235","123","870","3","53","185","0","1","162","22","67","1,000 - 4,999"
"243601","Universidad Del Turabo","2014","17325","12145","5180","14165","14596","2634","614","11348","0","2729","10836","2426","411","7999","0","1309","3760","208","203","3349","0","1420","10,000 - 19,999"
"243638","College of Micronesia-FSM","2014","2344","1604","740","1852","2344","558","0","1786","0","0","1604","431","0","1173","0","0","740","127","0","613","0","0","1,000 - 4,999"
"243647","Palau Community College","2014","604","368","236","447","604","164","4","434","2","0","368","117","3","248","0","0","236","47","1","186","2","0","Under 1,000"
"243665","University of the Virgin Islands","2014","2280","1413","867","1758","2110","393","89","1489","139","170","1369","355","68","945","1","44","741","38","21","544","138","126","1,000 - 4,999"
"243744","Stanford University","2014","16963","15751","1212","16214","7019","1677","29","5312","1","9944","7019","1677","29","5312","1","8732","0","0","0","0","0","1212","10,000 - 19,999"
"243780","Purdue University-Main Campus","2014","39752","34653","5099","36573","30237","6569","930","22478","260","9515","28419","6533","822","21027","37","6234","1818","36","108","1451","223","3281","20,000 and above"
"243799","Blue Hills Regional Technical School","2014","56","56","0","56","56","6","0","50","0","0","56","6","0","50","0","0","0","0","0","0","0","0","Under 1,000"
"243823","Parker University","2014","977","870","107","912","229","20","61","148","0","748","156","9","27","120","0","714","73","11","34","28","0","34","Under 1,000"
"243832","EDP Univeristy of Puerto Rico Inc-San Juan","2014","1568","1013","555","1231","1466","114","328","1020","4","102","922","93","214","615","0","91","544","21","114","405","4","11","1,000 - 4,999"
"243841","ICPR Junior College-General Institutional","2014","688","550","138","605","688","324","5","359","0","0","550","300","3","247","0","0","138","24","2","112","0","0","Under 1,000"
"244011","ITT Technical Institute-Sylmar","2014","607","480","127","530","607","91","3","513","0","0","480","79","2","399","0","0","127","12","1","114","0","0","Under 1,000"
"244154","ITT Technical Institute-Westminster","2014","212","158","54","179","212","33","2","177","0","0","158","30","0","128","0","0","54","3","2","49","0","0","Under 1,000"
"244190","Widener University-Delaware Campus","2014","742","642","100","681","93","16","3","70","4","649","22","5","1","16","0","620","71","11","2","54","4","29","Under 1,000"
"244233","City College-Fort Lauderdale","2014","575","338","237","431","575","46","88","437","4","0","338","29","52","257","0","0","237","17","36","180","4","0","Under 1,000"
"244279","Meridian College","2014","182","182","0","182","182","34","11","137","0","0","182","34","11","137","0","0","0","0","0","0","0","0","Under 1,000"
"244437","Georgia Perimeter College","2014","21371","7987","13384","12481","21371","3534","2300","13191","2346","0","7987","2090","1027","4512","358","0","13384","1444","1273","8679","1988","0","20,000 and above"
"244446","Georgia Piedmont Technical College","2014","4050","1026","3024","2041","4050","480","1447","1482","641","0","1026","168","432","395","31","0","3024","312","1015","1087","610","0","1,000 - 4,999"
"244491","Toni & Guy Hairdressing Academy-Coeur D Alene","2014","92","92","0","92","92","14","0","78","0","0","92","14","0","78","0","0","0","0","0","0","0","0","Under 1,000"
"244561","Cortiva Institute-Chicago","2014","139","103","36","117","139","49","0","90","0","0","103","38","0","65","0","0","36","11","0","25","0","0","Under 1,000"
"244613","ETI School of Skilled Trades","2014","294","212","82","245","294","184","0","110","0","0","212","134","0","78","0","0","82","50","0","32","0","0","Under 1,000"
"245069","Trend Setters' Academy of Beauty Culture-Elizabethtown","2014","69","34","35","48","69","37","0","32","0","0","34","16","0","18","0","0","35","21","0","14","0","0","Under 1,000"
"245281","Traxlers School of Hair","2014","41","41","0","41","41","10","0","31","0","0","41","10","0","31","0","0","0","0","0","0","0","0","Under 1,000"
"245290","Infinity Career College","2014","111","80","31","92","111","43","0","68","0","0","80","30","0","50","0","0","31","13","0","18","0","0","Under 1,000"
"245342","Vatterott College-Berkeley","2014","1287","1287","0","1287","1287","98","164","1025","0","0","1287","98","164","1025","0","0","0","0","0","0","0","0","1,000 - 4,999"
"245421","Metro Business College-Rolla","2014","76","70","6","72","76","15","39","22","0","0","70","15","33","22","0","0","6","0","6","0","0","0","Under 1,000"
"245430","Metro Business College-Jefferson City","2014","125","96","29","108","125","20","39","66","0","0","96","18","34","44","0","0","29","2","5","22","0","0","Under 1,000"
"245625","Warren County Community College","2014","2573","810","1763","1402","2573","481","201","1017","874","0","810","273","70","437","30","0","1763","208","131","580","844","0","1,000 - 4,999"
"245652","St John's College","2014","397","385","12","390","340","76","0","264","0","57","337","76","0","261","0","48","3","0","0","3","0","9","Under 1,000"
"245731","Yeshiva and Kollel Harbotzas Torah","2014","52","52","0","52","31","0","19","12","0","21","31","0","19","12","0","21","0","0","0","0","0","0","Under 1,000"
"245777","Bais Medrash Elyon","2014","97","97","0","97","67","0","24","43","0","30","67","0","24","43","0","30","0","0","0","0","0","0","Under 1,000"
"245838","Antioch University-Los Angeles","2014","1017","631","386","782","389","0","35","132","222","628","74","0","18","56","0","557","315","0","17","76","222","71","1,000 - 4,999"
"245847","Antioch University-Santa Barbara","2014","423","309","114","354","192","0","50","115","27","231","99","0","32","67","0","210","93","0","18","48","27","21","Under 1,000"
"245865","Antioch University-New England","2014","705","526","179","594","0","0","0","0","0","705","0","0","0","0","0","526","0","0","0","0","0","179","Under 1,000"
"245883","Antioch University-Seattle","2014","809","437","372","581","164","0","23","141","0","645","24","0","0","24","0","413","140","0","23","117","0","232","Under 1,000"
"245892","Antioch University-Midwest","2014","256","107","149","164","81","0","14","67","0","175","30","0","5","25","0","77","51","0","9","42","0","98","Under 1,000"
"245953","Mid-America Christian University","2014","2688","1990","698","2263","2182","136","332","1576","138","506","1605","110","252","1208","35","385","577","26","80","368","103","121","1,000 - 4,999"
"245962","Platt College-Tulsa","2014","276","276","0","276","276","26","62","188","0","0","276","26","62","188","0","0","0","0","0","0","0","0","Under 1,000"
"245980","Ponca City Beauty College","2014","72","72","0","72","72","45","0","27","0","0","72","45","0","27","0","0","0","0","0","0","0","0","Under 1,000"
"245999","Francis Tuttle Technology Center","2014","2201","525","1676","1088","2201","373","0","604","1224","0","525","176","0","349","0","0","1676","197","0","255","1224","0","1,000 - 4,999"
"246008","Career Point College","2014","465","465","0","465","465","141","0","95","229","0","465","141","0","95","229","0","0","0","0","0","0","0","Under 1,000"
"246017","Central Technology Center","2014","192","120","72","144","192","92","0","100","0","0","120","36","0","84","0","0","72","56","0","16","0","0","Under 1,000"
"246035","Carrington College-Portland","2014","100","97","3","98","100","0","71","29","0","0","97","0","71","26","0","0","3","0","0","3","0","0","Under 1,000"
"246071","Career Technology Center of Lackawanna County","2014","76","76","0","76","76","20","0","56","0","0","76","20","0","56","0","0","0","0","0","0","0","0","Under 1,000"
"246202","Kaplan Career Institute-Nashville","2014","369","369","0","369","369","55","77","236","1","0","369","55","77","236","1","0","0","0","0","0","0","0","Under 1,000"
"246266","Kaplan College-El Paso","2014","576","576","0","576","576","147","16","403","10","0","576","147","16","403","10","0","0","0","0","0","0","0","Under 1,000"
"246345","Houston Graduate School of Theology","2014","167","85","82","116","0","0","0","0","0","167","0","0","0","0","0","85","0","0","0","0","0","82","Under 1,000"
"246354","Palo Alto College","2014","8376","1533","6843","3830","8376","1379","375","4924","1698","0","1533","497","68","937","31","0","6843","882","307","3987","1667","0","5,000 - 9,999"
"246406","Sebring Career Schools-Huntsville","2014","38","38","0","38","38","26","0","12","0","0","38","26","0","12","0","0","0","0","0","0","0","0","Under 1,000"
"246415","University of Cosmetology Arts & Sciences-San Antonio Perrin","2014","69","19","50","39","69","8","0","61","0","0","19","2","0","17","0","0","50","6","0","44","0","0","Under 1,000"
"246460","Central Texas Beauty College-Round Rock","2014","78","78","0","78","78","72","0","6","0","0","78","72","0","6","0","0","0","0","0","0","0","0","Under 1,000"
"246594","Empire Beauty School-Manitowoc","2014","58","58","0","58","58","17","0","41","0","0","58","17","0","41","0","0","0","0","0","0","0","0","Under 1,000"
"246789","Unification Theological Seminary","2014","122","92","30","104","37","12","3","18","4","85","29","11","3","14","1","63","8","1","0","4","3","22","Under 1,000"
"246813","Athens Technical College","2014","4336","1115","3221","2196","4336","777","489","2736","334","0","1115","308","153","604","50","0","3221","469","336","2132","284","0","1,000 - 4,999"
"246895","Maricopa Skill Center","2014","833","499","334","611","833","369","0","427","37","0","499","143","0","319","37","0","334","226","0","108","0","0","Under 1,000"
"246974","Carrington College California-San Leandro","2014","509","461","48","480","509","45","70","394","0","0","461","37","48","376","0","0","48","8","22","18","0","0","Under 1,000"
"247010","Headmasters School of Hair Design","2014","38","38","0","38","38","30","0","8","0","0","38","30","0","8","0","0","0","0","0","0","0","0","Under 1,000"
"247047","Razzle Dazzle College of Hair Design Inc","2014","100","100","0","100","100","16","0","84","0","0","100","16","0","84","0","0","0","0","0","0","0","0","Under 1,000"
"247065","Beckfield College-Florence","2014","712","381","331","511","712","45","87","580","0","0","381","29","48","304","0","0","331","16","39","276","0","0","Under 1,000"
"247153","Dorsey Business Schools-Wayne","2014","139","139","0","139","139","33","0","106","0","0","139","33","0","106","0","0","0","0","0","0","0","0","Under 1,000"
"247162","Ecumenical Theological Seminary","2014","103","59","44","76","24","5","0","19","0","79","0","0","0","0","0","59","24","5","0","19","0","20","Under 1,000"
"247409","Ross Medical Education Center-Saginaw","2014","167","167","0","167","167","54","0","113","0","0","167","54","0","113","0","0","0","0","0","0","0","0","Under 1,000"
"247603","Sussex County Community College","2014","3064","1616","1448","2102","3064","649","153","1886","376","0","1616","508","91","975","42","0","1448","141","62","911","334","0","1,000 - 4,999"
"247649","Landmark College","2014","518","405","113","449","518","119","79","302","18","0","405","102","60","243","0","0","113","17","19","59","18","0","Under 1,000"
"247700","National American University-Independence","2014","646","34","612","274","646","35","128","420","63","0","34","1","7","26","0","0","612","34","121","394","63","0","Under 1,000"
"247773","Yeshiva Gedolah of Greater Detroit","2014","70","66","4","68","62","19","6","37","0","8","60","19","5","36","0","6","2","0","1","1","0","2","Under 1,000"
"247825","Austin Graduate School of Theology","2014","40","3","37","17","17","0","0","17","0","23","1","0","0","1","0","2","16","0","0","16","0","21","Under 1,000"
"247834","Collin County Community College District","2014","27991","9899","18092","15973","27991","5294","2019","17219","3459","0","9899","3247","865","5746","41","0","18092","2047","1154","11473","3418","0","20,000 and above"
"247940","Owensboro Community and Technical College","2014","4156","1637","2519","2483","4156","671","127","2215","1143","0","1637","523","57","1027","30","0","2519","148","70","1188","1113","0","1,000 - 4,999"
"248165","Heads West Kentucky Beauty College","2014","68","45","23","54","68","35","0","33","0","0","45","26","0","19","0","0","23","9","0","14","0","0","Under 1,000"
"248192","Jenny Lea Academy of Cosmetology","2014","26","15","11","19","26","18","0","8","0","0","15","11","0","4","0","0","11","7","0","4","0","0","Under 1,000"
"248305","Empire Beauty School-Hurstborne","2014","118","97","21","105","118","41","0","77","0","0","97","37","0","60","0","0","21","4","0","17","0","0","Under 1,000"
"248314","Southeast School of Cosmetology","2014","35","34","1","34","35","32","0","3","0","0","34","32","0","2","0","0","1","0","0","1","0","0","Under 1,000"
"248527","Cloyd's Beauty School 3 Inc","2014","46","46","0","46","46","36","0","10","0","0","46","36","0","10","0","0","0","0","0","0","0","0","Under 1,000"
"248606","Moore Norman Technology Center","2014","1036","234","802","503","1036","111","0","317","608","0","234","58","0","176","0","0","802","53","0","141","608","0","1,000 - 4,999"
"248624","Fayette County Career & Technical Institute Practical Nursing Program","2014","118","118","0","118","118","27","0","91","0","0","118","27","0","91","0","0","0","0","0","0","0","0","Under 1,000"
"248633","Franklin County Career and Technology Center","2014","58","58","0","58","58","34","0","24","0","0","58","34","0","24","0","0","0","0","0","0","0","0","Under 1,000"
"248660","Paul Mitchell the School-Knoxville","2014","148","116","32","129","148","23","0","125","0","0","116","21","0","95","0","0","32","2","0","30","0","0","Under 1,000"
"248703","Ogle School Hair Skin Nails-Hurst","2014","120","76","44","93","120","115","0","5","0","0","76","73","0","3","0","0","44","42","0","2","0","0","Under 1,000"
"248846","Fashion Institute of Design & Merchandising-San Diego","2014","142","133","9","137","142","67","36","39","0","0","133","64","35","34","0","0","9","3","1","5","0","0","Under 1,000"
"248882","National American University-Albuquerque","2014","352","65","287","178","352","12","61","279","0","0","65","2","13","50","0","0","287","10","48","229","0","0","Under 1,000"
"248925","Tennessee College of Applied Technology-Nashville","2014","894","659","235","738","894","284","0","520","90","0","659","229","0","430","0","0","235","55","0","90","90","0","Under 1,000"
"248934","ECPI University","2014","10932","10302","630","10549","10888","1609","1386","7263","630","44","10258","1609","1386","7263","0","44","630","0","0","0","630","0","10,000 - 19,999"
"249140","Anthem Institute-Jersey City","2014","251","251","0","251","251","233","0","18","0","0","251","233","0","18","0","0","0","0","0","0","0","0","Under 1,000"
"249238","Paul Mitchell the School-Houston","2014","328","240","88","275","328","129","0","199","0","0","240","122","0","118","0","0","88","7","0","81","0","0","Under 1,000"
"249566","TDDS Technical Institute","2014","226","226","0","226","226","187","0","39","0","0","226","187","0","39","0","0","0","0","0","0","0","0","Under 1,000"
"249609","Fortis Institute-Forty Fort","2014","186","186","0","186","186","38","9","139","0","0","186","38","9","139","0","0","0","0","0","0","0","0","Under 1,000"
"250027","Laurel Business Institute","2014","233","233","0","233","233","78","0","155","0","0","233","78","0","155","0","0","0","0","0","0","0","0","Under 1,000"
"250072","Antonelli Medical and Professional Institute","2014","128","97","31","109","128","61","0","67","0","0","97","51","0","46","0","0","31","10","0","21","0","0","Under 1,000"
"250285","Aviation Institute of Maintenance-Philadelphia","2014","320","305","15","311","320","43","0","277","0","0","305","42","0","263","0","0","15","1","0","14","0","0","Under 1,000"
"250498","Fortis Institute-Mulberry","2014","44","44","0","44","44","0","0","44","0","0","44","0","0","44","0","0","0","0","0","0","0","0","Under 1,000"
"250601","Carrington College-Phoenix Westside","2014","503","380","123","429","503","18","10","475","0","0","380","18","10","352","0","0","123","0","0","123","0","0","Under 1,000"
"250744","Dorsey Business Schools-Roseville","2014","480","480","0","480","480","95","0","385","0","0","480","95","0","385","0","0","0","0","0","0","0","0","Under 1,000"
"250902","Moler-Pickens Beauty Academy","2014","78","40","38","55","78","68","0","10","0","0","40","34","0","6","0","0","38","34","0","4","0","0","Under 1,000"
"250993","Red River Technology Center","2014","480","107","373","232","480","45","0","102","333","0","107","27","0","80","0","0","373","18","0","22","333","0","Under 1,000"
"251075","Kaplan Career Institute-Harrisburg","2014","217","217","0","217","217","34","22","161","0","0","217","34","22","161","0","0","0","0","0","0","0","0","Under 1,000"
"251251","ITT Technical Institute-Newburgh","2014","222","153","69","180","222","46","1","175","0","0","153","38","1","114","0","0","69","8","0","61","0","0","Under 1,000"
"251260","Southern Union State Community College","2014","4727","2727","2000","3398","4727","1174","576","2737","240","0","2727","1028","361","1326","12","0","2000","146","215","1411","228","0","1,000 - 4,999"
"251312","South University-Columbia","2014","1464","726","738","1013","1022","29","225","768","0","442","536","22","117","397","0","190","486","7","108","371","0","252","1,000 - 4,999"
"260293","Everest University-Brandon","2014","2460","1293","1167","1750","2290","37","93","2160","0","170","1240","36","61","1143","0","53","1050","1","32","1017","0","117","1,000 - 4,999"
"260336","Clinton Technical School","2014","22","22","0","22","22","4","0","18","0","0","22","4","0","18","0","0","0","0","0","0","0","0","Under 1,000"
"260354","Consolidated School of Business-Lancaster","2014","99","95","4","97","99","18","9","72","0","0","95","18","9","68","0","0","4","0","0","4","0","0","Under 1,000"
"260363","Greene County Career and Technology Center","2014","31","31","0","31","31","0","0","31","0","0","31","0","0","31","0","0","0","0","0","0","0","0","Under 1,000"
"260372","Lac Courte Oreilles Ojibwa Community College","2014","352","194","158","247","352","102","19","176","55","0","194","46","10","125","13","0","158","56","9","51","42","0","Under 1,000"
"260664","Diesel Driving Academy-Shreveport","2014","242","242","0","242","242","143","0","99","0","0","242","143","0","99","0","0","0","0","0","0","0","0","Under 1,000"
"260691","Pima Medical Institute-Mesa","2014","1038","1038","0","1038","1038","343","0","695","0","0","1038","343","0","695","0","0","0","0","0","0","0","0","1,000 - 4,999"
"260789","Platt College-Los Angeles","2014","661","661","0","661","661","84","53","524","0","0","661","84","53","524","0","0","0","0","0","0","0","0","Under 1,000"
"260813","Platt College-Aurora","2014","209","209","0","209","209","1","11","197","0","0","209","1","11","197","0","0","0","0","0","0","0","0","Under 1,000"
"260901","Kaplan University-Davenport Campus","2014","52018","11390","40628","27295","40477","3805","9420","27110","142","11541","5020","41","656","4321","2","6370","35457","3764","8764","22789","140","5171","20,000 and above"
"260910","Kaplan University-Cedar Falls Campus","2014","403","263","140","318","347","14","73","260","0","56","219","11","46","162","0","44","128","3","27","98","0","12","Under 1,000"
"260929","Paul Mitchell the School-Boise","2014","142","109","33","122","142","12","0","130","0","0","109","11","0","98","0","0","33","1","0","32","0","0","Under 1,000"
"260947","Christian Life College","2014","38","18","20","26","38","3","16","19","0","0","18","3","4","11","0","0","20","0","12","8","0","0","Under 1,000"
"260956","Knowledge Systems Institute","2014","193","191","2","192","0","0","0","0","0","193","0","0","0","0","0","191","0","0","0","0","0","2","Under 1,000"
"260965","Educators of Beauty College of Cosmetology-Rockford","2014","63","63","0","63","63","7","0","56","0","0","63","7","0","56","0","0","0","0","0","0","0","0","Under 1,000"
"260974","ITT Technical Institute-Arlington Heights","2014","233","168","65","194","233","35","6","192","0","0","168","33","4","131","0","0","65","2","2","61","0","0","Under 1,000"
"260992","Northwestern College-Southwestern Campus","2014","743","256","487","449","743","127","38","572","6","0","256","51","11","192","2","0","487","76","27","380","4","0","Under 1,000"
"261375","Tulsa Technology Center-Lemley Campus","2014","1287","346","941","662","1287","106","0","1181","0","0","346","74","0","272","0","0","941","32","0","909","0","0","1,000 - 4,999"
"261384","Tulsa Technology Center-Riverside Campus","2014","666","128","538","309","666","68","0","598","0","0","128","65","0","63","0","0","538","3","0","535","0","0","Under 1,000"
"261393","Tulsa Technology Center-Broken Arrow Campus","2014","734","180","554","366","734","120","0","614","0","0","180","95","0","85","0","0","554","25","0","529","0","0","Under 1,000"
"261436","Douglas J Aveda Institute","2014","826","826","0","826","826","508","0","318","0","0","826","508","0","318","0","0","0","0","0","0","0","0","Under 1,000"
"261472","ITT Technical Institute-Troy","2014","466","383","83","416","466","57","0","409","0","0","383","53","0","330","0","0","83","4","0","79","0","0","Under 1,000"
"261676","Ross Medical Education Center-Brighton","2014","131","131","0","131","131","52","0","79","0","0","131","52","0","79","0","0","0","0","0","0","0","0","Under 1,000"
"261685","Ross Medical Education Center-Ann Arbor","2014","126","126","0","126","126","56","0","70","0","0","126","56","0","70","0","0","0","0","0","0","0","0","Under 1,000"
"261719","Taylortown School of Beauty Inc","2014","172","172","0","172","172","32","0","140","0","0","172","32","0","140","0","0","0","0","0","0","0","0","Under 1,000"
"261773","Pike-Lincoln Technical Center","2014","22","19","3","20","22","18","0","4","0","0","19","16","0","3","0","0","3","2","0","1","0","0","Under 1,000"
"261861","Pennsylvania Institute of Health and Technology","2014","104","104","0","104","104","24","11","69","0","0","104","24","11","69","0","0","0","0","0","0","0","0","Under 1,000"
"261931","Skyline College-Roanoke","2014","191","191","0","191","191","22","31","138","0","0","191","22","31","138","0","0","0","0","0","0","0","0","Under 1,000"
"262022","Bethel Seminary-San Diego","2014","176","47","129","96","0","0","0","0","0","176","0","0","0","0","0","47","0","0","0","0","0","129","Under 1,000"
"262031","St Charles Community College","2014","7153","3466","3687","4704","7153","1675","526","4364","588","0","3466","1217","336","1822","91","0","3687","458","190","2542","497","0","5,000 - 9,999"
"262086","Brandman University","2014","7795","2986","4809","4850","3990","47","847","2861","235","3805","1478","29","303","1121","25","1508","2512","18","544","1740","210","2297","5,000 - 9,999"
"262129","New College of Florida","2014","834","834","0","834","834","236","43","555","0","0","834","236","43","555","0","0","0","0","0","0","0","0","Under 1,000"
"262165","Montana Bible College","2014","81","49","32","62","81","15","9","53","4","0","49","14","7","28","0","0","32","1","2","25","4","0","Under 1,000"
"262235","Arizona Academy of Beauty-North","2014","49","49","0","49","49","9","0","40","0","0","49","9","0","40","0","0","0","0","0","0","0","0","Under 1,000"
"262299","Empire Beauty School-Prescott","2014","72","52","20","60","72","16","0","56","0","0","52","13","0","39","0","0","20","3","0","17","0","0","Under 1,000"
"262332","Le Cordon Bleu College of Culinary Arts-Scottsdale","2014","1567","1567","0","1567","1567","118","170","1278","1","0","1567","118","170","1278","1","0","0","0","0","0","0","0","1,000 - 4,999"
"262341","Conservatory of Recording Arts and Sciences","2014","673","673","0","673","673","294","0","379","0","0","673","294","0","379","0","0","0","0","0","0","0","0","Under 1,000"
"262369","Adrian's College of Beauty Turlock","2014","133","133","0","133","133","95","0","38","0","0","133","95","0","38","0","0","0","0","0","0","0","0","Under 1,000"
"262402","California Career School","2014","136","136","0","136","136","73","0","63","0","0","136","73","0","63","0","0","0","0","0","0","0","0","Under 1,000"
"262466","Rolf Institute of Structural Integration","2014","61","0","61","24","61","0","0","61","0","0","0","0","0","0","0","0","61","0","0","61","0","0","Under 1,000"
"262509","Heritage College-Denver","2014","482","482","0","482","482","126","26","330","0","0","482","126","26","330","0","0","0","0","0","0","0","0","Under 1,000"
"262660","Empire Beauty School-Highland","2014","48","43","5","45","48","18","0","30","0","0","43","18","0","25","0","0","5","0","0","5","0","0","Under 1,000"
"362700","Sunstate Academy","2014","342","328","14","334","342","43","0","299","0","0","328","41","0","287","0","0","14","2","0","12","0","0","Under 1,000"
"362782","Elizabeth Grady School of Esthetics and Massage Therapy","2014","183","135","48","154","183","12","0","171","0","0","135","9","0","126","0","0","48","3","0","45","0","0","Under 1,000"
"363013","Ross Medical Education Center-Port Huron","2014","77","77","0","77","77","27","0","50","0","0","77","27","0","50","0","0","0","0","0","0","0","0","Under 1,000"
"363077","Capri Institute of Hair Design-Clifton","2014","241","117","124","166","241","31","0","210","0","0","117","14","0","103","0","0","124","17","0","107","0","0","Under 1,000"
"363147","Raphael's School of Beauty Culture Inc-Alliance","2014","110","84","26","94","110","17","0","93","0","0","84","15","0","69","0","0","26","2","0","24","0","0","Under 1,000"
"363165","Metro Technology Centers","2014","1106","481","625","691","1106","463","0","643","0","0","481","108","0","373","0","0","625","355","0","270","0","0","1,000 - 4,999"
"363387","Heald College-Roseville","2014","1049","882","167","948","1049","80","70","895","4","0","882","49","40","792","1","0","167","31","30","103","3","0","1,000 - 4,999"
"363439","Daymar College-Bowling Green","2014","239","182","57","204","239","8","12","219","0","0","182","8","9","165","0","0","57","0","3","54","0","0","Under 1,000"
"363590","Everest College-Everett","2014","410","399","11","403","410","53","45","312","0","0","399","53","45","301","0","0","11","0","0","11","0","0","Under 1,000"
"363633","Luna Community College","2014","1440","433","1007","771","1440","111","16","627","686","0","433","81","7","317","28","0","1007","30","9","310","658","0","1,000 - 4,999"
"363679","Grabber School of Hair Design","2014","156","122","34","135","156","69","0","87","0","0","122","55","0","67","0","0","34","14","0","20","0","0","Under 1,000"
"363712","Yeshivah Gedolah Rabbinical College","2014","52","52","0","52","52","19","17","16","0","0","52","19","17","16","0","0","0","0","0","0","0","0","Under 1,000"
"363721","University of the District of Columbia-David A Clarke School of Law","2014","312","168","144","220","0","0","0","0","0","312","0","0","0","0","0","168","0","0","0","0","0","144","Under 1,000"
"363882","Raphael's School of Beauty Culture Inc-Brunswick","2014","57","37","20","45","57","6","0","51","0","0","37","4","0","33","0","0","20","2","0","18","0","0","Under 1,000"
"363907","Caribbean University-Ponce","2014","1340","920","420","1083","1038","113","55","869","1","302","791","106","45","640","0","129","247","7","10","229","1","173","1,000 - 4,999"
"363916","Caribbean University-Vega Baja","2014","530","377","153","437","461","84","33","343","1","69","354","81","25","248","0","23","107","3","8","95","1","46","Under 1,000"
"363934","University of Advancing Technology","2014","819","819","0","819","784","98","66","620","0","35","784","98","66","620","0","35","0","0","0","0","0","0","Under 1,000"
"364016","Paradise Valley Community College","2014","8909","2559","6350","4691","8909","1198","755","4562","2394","0","2559","695","177","1395","292","0","6350","503","578","3167","2102","0","5,000 - 9,999"
"364025","Chandler-Gilbert Community College","2014","14500","4236","10264","7682","14500","1895","940","8007","3658","0","4236","1110","281","2408","437","0","10264","785","659","5599","3221","0","10,000 - 19,999"
"364122","St John's Hospital School of Clinical Lab Science","2014","6","6","0","6","6","0","0","6","0","0","6","0","0","6","0","0","0","0","0","0","0","0","Under 1,000"
"364168","Madison Media Institute","2014","372","268","104","309","372","122","57","192","1","0","268","84","38","145","1","0","104","38","19","47","0","0","Under 1,000"
"364326","Sanford-Brown Institute-White Plains","2014","47","47","0","47","47","0","0","47","0","0","47","0","0","47","0","0","0","0","0","0","0","0","Under 1,000"
"364335","Sanford-Brown Institute-Garden City","2014","717","717","0","717","717","96","0","621","0","0","717","96","0","621","0","0","0","0","0","0","0","0","Under 1,000"
"364548","Great Plains Technology Center","2014","240","184","56","203","240","219","0","21","0","0","184","164","0","20","0","0","56","55","0","1","0","0","Under 1,000"
"364575","Roane-Jackson Technical Center","2014","33","33","0","33","33","17","0","16","0","0","33","17","0","16","0","0","0","0","0","0","0","0","Under 1,000"
"364584","Total Cosmetology Training Center","2014","67","33","34","46","67","3","0","64","0","0","33","2","0","31","0","0","34","1","0","33","0","0","Under 1,000"
"364627","Pioneer Technology Center","2014","436","87","349","204","436","60","0","72","304","0","87","49","0","38","0","0","349","11","0","34","304","0","Under 1,000"
"364636","Portage Lakes Career Center","2014","102","89","13","93","102","38","0","64","0","0","89","32","0","57","0","0","13","6","0","7","0","0","Under 1,000"
"364751","Eastern College of Health Vocations-New Orleans","2014","153","153","0","153","153","54","0","99","0","0","153","54","0","99","0","0","0","0","0","0","0","0","Under 1,000"
"364760","Bell Mar Beauty College","2014","76","31","45","49","76","49","0","27","0","0","31","20","0","11","0","0","45","29","0","16","0","0","Under 1,000"
"364812","Cannella School of Hair Design-Chicago","2014","50","5","45","23","50","21","0","29","0","0","5","1","0","4","0","0","45","20","0","25","0","0","Under 1,000"
"364946","Caddo Kiowa Technology Center","2014","187","54","133","99","187","101","0","86","0","0","54","24","0","30","0","0","133","77","0","56","0","0","Under 1,000"
"364955","Kaplan College-San Antonio-San Pedro","2014","574","574","0","574","574","148","24","402","0","0","574","148","24","402","0","0","0","0","0","0","0","0","Under 1,000"
"364964","Oswego County BOCES","2014","95","72","23","80","95","38","0","57","0","0","72","27","0","45","0","0","23","11","0","12","0","0","Under 1,000"
"364973","Le Cordon Bleu College of Culinary Arts-Austin","2014","643","643","0","643","643","121","44","478","0","0","643","121","44","478","0","0","0","0","0","0","0","0","Under 1,000"
"365055","The Art Institute of New York City","2014","898","685","213","770","898","191","89","618","0","0","685","162","73","450","0","0","213","29","16","168","0","0","Under 1,000"
"365073","Paris II Educational Center","2014","101","73","28","84","101","36","0","65","0","0","73","27","0","46","0","0","28","9","0","19","0","0","Under 1,000"
"365091","International School of Skin Nailcare & Massage Therapy","2014","293","293","0","293","293","23","0","270","0","0","293","23","0","270","0","0","0","0","0","0","0","0","Under 1,000"
"365125","Palomar Institute of Cosmetology","2014","121","121","0","121","121","17","0","104","0","0","121","17","0","104","0","0","0","0","0","0","0","0","Under 1,000"
"365198","Southern Oklahoma Technology Center","2014","734","87","647","304","734","19","0","112","603","0","87","14","0","73","0","0","647","5","0","39","603","0","Under 1,000"
"365204","Vista College","2014","2951","2951","0","2951","2951","2616","329","6","0","0","2951","2616","329","6","0","0","0","0","0","0","0","0","1,000 - 4,999"
"365213","Autry Technology Center","2014","572","95","477","255","572","90","0","213","269","0","95","13","0","82","0","0","477","77","0","131","269","0","Under 1,000"
"365240","Greene County Vocational School District","2014","33","33","0","33","33","9","0","24","0","0","33","9","0","24","0","0","0","0","0","0","0","0","Under 1,000"
"365374","Canadian Valley Technology Center","2014","1517","260","1257","682","1517","100","0","285","1132","0","260","54","0","206","0","0","1257","46","0","79","1132","0","1,000 - 4,999"
"365383","Wilkes-Barre Area Career and Technical Center Practical Nursing","2014","116","116","0","116","116","110","0","6","0","0","116","110","0","6","0","0","0","0","0","0","0","0","Under 1,000"
"365426","Mayo Graduate School","2014","291","184","107","225","0","0","0","0","0","291","0","0","0","0","0","184","0","0","0","0","0","107","Under 1,000"
"365480","Meridian Technology Center","2014","851","169","682","398","851","149","0","169","533","0","169","50","0","119","0","0","682","99","0","50","533","0","Under 1,000"
"365505","Waynesville Career Center","2014","54","54","0","54","54","53","0","1","0","0","54","53","0","1","0","0","0","0","0","0","0","0","Under 1,000"
"365569","Connecticut Institute of Hair Design","2014","24","11","13","16","24","18","0","6","0","0","11","10","0","1","0","0","13","8","0","5","0","0","Under 1,000"
"365693","Capitol School of Hairstyling and Esthetics","2014","116","96","20","104","116","86","0","30","0","0","96","71","0","25","0","0","20","15","0","5","0","0","Under 1,000"
"365763","Morris County Vocational School District","2014","55","55","0","55","55","9","0","41","5","0","55","9","0","41","5","0","0","0","0","0","0","0","Under 1,000"
"365824","Ross Medical Education Center-Roosevelt Park","2014","169","169","0","169","169","56","0","113","0","0","169","56","0","113","0","0","0","0","0","0","0","0","Under 1,000"
"365833","Ross Medical Education Center-Kentwood","2014","221","221","0","221","221","72","0","149","0","0","221","72","0","149","0","0","0","0","0","0","0","0","Under 1,000"
"366003","South Florida Bible College and Theological Seminary","2014","116","30","86","64","100","26","4","62","8","16","21","8","3","8","2","9","79","18","1","54","6","7","Under 1,000"
"366155","Cloyd's Barber School 2 Inc","2014","25","25","0","25","25","15","0","10","0","0","25","15","0","10","0","0","0","0","0","0","0","0","Under 1,000"
"366191","Universal Technical Institute of Illinois Inc","2014","1403","1403","0","1403","1403","344","0","1059","0","0","1403","344","0","1059","0","0","0","0","0","0","0","0","1,000 - 4,999"
"366252","Pennsylvania College of Technology","2014","5623","4772","851","5115","5623","1287","435","3843","58","0","4772","1262","366","3140","4","0","851","25","69","703","54","0","5,000 - 9,999"
"366261","Commonwealth Institute of Funeral Service","2014","228","208","20","216","228","24","32","172","0","0","208","24","22","162","0","0","20","0","10","10","0","0","Under 1,000"
"366270","Delta College of Arts & Technology","2014","414","414","0","414","414","37","104","273","0","0","414","37","104","273","0","0","0","0","0","0","0","0","Under 1,000"
"366289","InterCoast Colleges-Orange","2014","357","357","0","357","357","56","0","0","301","0","357","56","0","0","301","0","0","0","0","0","0","0","Under 1,000"
"366340","Stone Child College","2014","458","190","268","280","458","68","0","191","199","0","190","37","0","152","1","0","268","31","0","39","198","0","Under 1,000"
"366368","New York Academy of Art","2014","108","108","0","108","0","0","0","0","0","108","0","0","0","0","0","108","0","0","0","0","0","0","Under 1,000"
"366395","Suffolk County Community College","2014","26600","14318","12282","18442","26600","5425","929","15868","4378","0","14318","4598","647","9048","25","0","12282","827","282","6820","4353","0","20,000 and above"
"366401","Las Positas College","2014","8835","2854","5981","4862","8835","1630","889","5625","691","0","2854","820","154","1845","35","0","5981","810","735","3780","656","0","5,000 - 9,999"
"366438","Blades School of Hair Design","2014","99","38","61","62","99","74","0","25","0","0","38","28","0","10","0","0","61","46","0","15","0","0","Under 1,000"
"366465","Ogeechee Technical College","2014","2340","767","1573","1295","2340","346","658","1213","123","0","767","119","244","403","1","0","1573","227","414","810","122","0","1,000 - 4,999"
"366535","Remington College-Mobile Campus","2014","518","518","0","518","518","187","13","318","0","0","518","187","13","318","0","0","0","0","0","0","0","0","Under 1,000"
"366544","Everest College-Aurora","2014","328","255","73","284","328","27","36","265","0","0","255","23","26","206","0","0","73","4","10","59","0","0","Under 1,000"
"366553","Southwest Florida College","2014","1259","883","376","1031","1259","131","246","881","1","0","883","107","163","613","0","0","376","24","83","268","1","0","1,000 - 4,999"
"366571","Mercy-St Luke's School of Radiologic Technology","2014","23","23","0","23","23","0","0","23","0","0","23","0","0","23","0","0","0","0","0","0","0","0","Under 1,000"
"366580","ITT Technical Institute-Norwood","2014","455","370","85","403","455","56","8","391","0","0","370","55","7","308","0","0","85","1","1","83","0","0","Under 1,000"
"366605","Southwest Acupuncture College-Santa Fe","2014","48","38","10","42","0","0","0","0","0","48","0","0","0","0","0","38","0","0","0","0","0","10","Under 1,000"
"366623","Northwest Technology Center-Alva","2014","107","16","91","47","107","9","0","98","0","0","16","4","0","12","0","0","91","5","0","86","0","0","Under 1,000"
"366632","Mercer County Career Center","2014","39","39","0","39","39","20","0","19","0","0","39","20","0","19","0","0","0","0","0","0","0","0","Under 1,000"
"366650","ITT Technical Institute-Knoxville","2014","294","229","65","255","294","45","8","241","0","0","229","41","7","181","0","0","65","4","1","60","0","0","Under 1,000"
"366678","ITT Technical Institute-Austin","2014","438","356","82","388","438","79","0","359","0","0","356","72","0","284","0","0","82","7","0","75","0","0","Under 1,000"
"366696","ITT Technical Institute-Houston North","2014","645","569","76","599","645","102","3","540","0","0","569","95","2","472","0","0","76","7","1","68","0","0","Under 1,000"
"366711","California State University-San Marcos","2014","12154","10052","2102","10892","11559","2167","1636","7703","53","595","9666","2127","1210","6293","36","386","1893","40","426","1410","17","209","10,000 - 19,999"
"366748","Argosy University-Hawaii","2014","933","456","477","640","431","27","80","312","12","502","265","22","64","171","8","191","166","5","16","141","4","311","Under 1,000"
"366793","Baptist Theological Seminary at Richmond","2014","78","47","31","59","0","0","0","0","0","78","0","0","0","0","0","47","0","0","0","0","0","31","Under 1,000"
"366960","Kaplan College-Modesto","2014","429","429","0","429","429","79","16","313","21","0","429","79","16","313","21","0","0","0","0","0","0","0","Under 1,000"
"367024","Kaplan University-Des Moines Campus","2014","874","522","352","660","784","37","148","597","2","90","470","29","92","348","1","52","314","8","56","249","1","38","Under 1,000"
"367051","Hairmasters Institute of Cosmetology","2014","106","57","49","76","106","46","0","60","0","0","57","20","0","37","0","0","49","26","0","23","0","0","Under 1,000"
"367088","Hair Arts Academy","2014","65","65","0","65","65","18","0","47","0","0","65","18","0","47","0","0","0","0","0","0","0","0","Under 1,000"
"367097","Pinnacle Career Institute-Lawrence","2014","113","113","0","113","113","70","0","43","0","0","113","70","0","43","0","0","0","0","0","0","0","0","Under 1,000"
"367103","Interactive College of Technology-Newport","2014","63","63","0","63","63","18","0","45","0","0","63","18","0","45","0","0","0","0","0","0","0","0","Under 1,000"
"367112","Career Technical College-Monroe","2014","623","428","195","505","623","152","70","401","0","0","428","113","51","264","0","0","195","39","19","137","0","0","Under 1,000"
"367130","Empire Beauty School-Lowell","2014","98","76","22","85","98","42","0","56","0","0","76","37","0","39","0","0","22","5","0","17","0","0","Under 1,000"
"367158","Ross Medical Education Center-Taylor","2014","89","89","0","89","89","19","0","70","0","0","89","19","0","70","0","0","0","0","0","0","0","0","Under 1,000"
"367194","McNally Smith College of Music","2014","518","404","114","449","497","90","32","351","24","21","385","86","30","259","10","19","112","4","2","92","14","2","Under 1,000"
"367334","National Tractor Trailer School Inc-Liverpool","2014","146","98","48","117","146","96","0","50","0","0","98","67","0","31","0","0","48","29","0","19","0","0","Under 1,000"
"367361","Interactive Learning Systems-Houston","2014","41","40","1","40","41","16","0","24","1","0","40","16","0","24","0","0","1","0","0","0","1","0","Under 1,000"
"367398","Star Career Academy–Brick","2014","374","218","156","280","374","332","0","42","0","0","218","191","0","27","0","0","156","141","0","15","0","0","Under 1,000"
"367431","New Castle Beauty Academy","2014","39","39","0","39","39","25","0","14","0","0","39","25","0","14","0","0","0","0","0","0","0","0","Under 1,000"
"367459","NorthWest Arkansas Community College","2014","8098","2679","5419","4498","8098","1596","591","4381","1530","0","2679","953","238","1437","51","0","5419","643","353","2944","1479","0","5,000 - 9,999"
"367662","Madera Beauty College","2014","37","8","29","20","37","35","0","2","0","0","8","7","0","1","0","0","29","28","0","1","0","0","Under 1,000"
"367839","Colorado Heights University","2014","154","138","16","144","107","28","12","67","0","47","98","24","7","67","0","40","9","4","5","0","0","7","Under 1,000"
"367875","Brewster Technical Center","2014","195","195","0","195","195","88","0","107","0","0","195","88","0","107","0","0","0","0","0","0","0","0","Under 1,000"
"367884","Hodges University","2014","1892","1181","711","1459","1688","134","272","1274","8","204","1142","108","183","850","1","39","546","26","89","424","7","165","1,000 - 4,999"
"367909","Everest University-Lakeland","2014","367","263","104","304","367","29","52","286","0","0","263","28","37","198","0","0","104","1","15","88","0","0","Under 1,000"
"367936","Argosy University-Atlanta","2014","1736","385","1351","904","425","34","74","314","3","1311","172","19","39","114","0","213","253","15","35","200","3","1098","1,000 - 4,999"
"367954","University of St Augustine for Health Sciences","2014","1913","1599","314","1719","0","0","0","0","0","1913","0","0","0","0","0","1599","0","0","0","0","0","314","1,000 - 4,999"
"367972","Capital Area School of Practical Nursing","2014","139","139","0","139","139","44","0","95","0","0","139","44","0","95","0","0","0","0","0","0","0","0","Under 1,000"
"367981","Hair Professionals Career College","2014","95","45","50","65","95","14","0","81","0","0","45","4","0","41","0","0","50","10","0","40","0","0","Under 1,000"
"368036","Alexandria School of Scientific Therapeutics","2014","37","37","0","37","37","15","0","22","0","0","37","15","0","22","0","0","0","0","0","0","0","0","Under 1,000"
"368230","Empire Beauty School-Bloomfield","2014","156","122","34","135","156","64","0","92","0","0","122","53","0","69","0","0","34","11","0","23","0","0","Under 1,000"
"368364","Southwest Technology Center","2014","67","57","10","60","67","40","0","27","0","0","57","37","0","20","0","0","10","3","0","7","0","0","Under 1,000"
"368407","Western Area Career and Technology Center","2014","76","55","21","62","76","24","0","52","0","0","55","18","0","37","0","0","21","6","0","15","0","0","Under 1,000"
"368443","Daymar Institute-Clarksville","2014","513","449","64","474","513","28","44","441","0","0","449","27","42","380","0","0","64","1","2","61","0","0","Under 1,000"
"368452","Nossi College of Art","2014","261","261","0","261","261","56","20","185","0","0","261","56","20","185","0","0","0","0","0","0","0","0","Under 1,000"
"368540","Seguin Beauty School-New Braunfels","2014","35","35","0","35","35","14","0","21","0","0","35","14","0","21","0","0","0","0","0","0","0","0","Under 1,000"
"368601","ITT Technical Institute-Norfolk","2014","698","582","116","628","698","131","10","557","0","0","582","118","9","455","0","0","116","13","1","102","0","0","Under 1,000"
"368629","Pima Medical Institute-Seattle","2014","760","760","0","760","760","196","0","564","0","0","760","196","0","564","0","0","0","0","0","0","0","0","Under 1,000"
"368647","Mineral County Vocational Technical Center","2014","20","20","0","20","20","0","0","20","0","0","20","0","0","20","0","0","0","0","0","0","0","0","Under 1,000"
"368771","Hypnosis Motivation Institute","2014","75","75","0","75","75","2","0","73","0","0","75","2","0","73","0","0","0","0","0","0","0","0","Under 1,000"
"368780","Los Angeles ORT College-Los Angeles Campus","2014","306","306","0","306","306","104","0","202","0","0","306","104","0","202","0","0","0","0","0","0","0","0","Under 1,000"
"368805","Everest College-West Los Angeles","2014","340","283","57","306","340","25","17","298","0","0","283","25","17","241","0","0","57","0","0","57","0","0","Under 1,000"
"368832","Thanh Le College School of Cosmetology","2014","41","25","16","31","41","9","0","32","0","0","25","6","0","19","0","0","16","3","0","13","0","0","Under 1,000"
"368911","Southeastern Technical College","2014","1623","415","1208","821","1623","295","170","884","274","0","415","96","45","265","9","0","1208","199","125","619","265","0","1,000 - 4,999"
"369002","Massachusetts School of Law","2014","408","197","211","278","0","0","0","0","0","408","0","0","0","0","0","197","0","0","0","0","0","211","Under 1,000"
"369084","ITT Technical Institute-Albuquerque","2014","402","293","109","336","402","34","12","356","0","0","293","29","7","257","0","0","109","5","5","99","0","0","Under 1,000"
"369109","Community Services Division-Alliance City","2014","63","38","25","46","63","23","0","40","0","0","38","19","0","19","0","0","25","4","0","21","0","0","Under 1,000"
"369400","Universal Technical Institute-Auto Motorcycle & Marine Mechanics Institute Division-Orlando","2014","2959","2959","0","2959","2959","578","0","2381","0","0","2959","578","0","2381","0","0","0","0","0","0","0","0","1,000 - 4,999"
"369419","D G Erwin Technical Center","2014","751","751","0","751","751","349","0","402","0","0","751","349","0","402","0","0","0","0","0","0","0","0","Under 1,000"
"369446","Rosel School of Cosmetology","2014","70","30","40","46","70","11","0","59","0","0","30","6","0","24","0","0","40","5","0","35","0","0","Under 1,000"
"369455","Worsham College of Mortuary Science","2014","108","108","0","108","108","0","108","0","0","0","108","0","108","0","0","0","0","0","0","0","0","0","Under 1,000"
"369516","Bryan University","2014","322","322","0","322","318","36","61","221","0","4","318","36","61","221","0","4","0","0","0","0","0","0","Under 1,000"
"369659","Oregon College of Oriental Medicine","2014","272","240","32","252","0","0","0","0","0","272","0","0","0","0","0","240","0","0","0","0","0","32","Under 1,000"
"369668","Central Pennsylvania Institute of Science and Technology","2014","243","224","19","230","243","160","0","83","0","0","224","160","0","64","0","0","19","0","0","19","0","0","Under 1,000"
"369686","Northwest Educational Center","2014","224","224","0","224","224","162","0","62","0","0","224","162","0","62","0","0","0","0","0","0","0","0","Under 1,000"
"369695","Sebring Career Schools-Houston","2014","95","95","0","95","95","38","0","57","0","0","95","38","0","57","0","0","0","0","0","0","0","0","Under 1,000"
"369783","PCI Health Training Center","2014","495","495","0","495","495","111","0","384","0","0","495","111","0","384","0","0","0","0","0","0","0","0","Under 1,000"
"369792","Windham Memorial Hospital-Radiologic Technology Program","2014","17","17","0","17","17","0","0","17","0","0","17","0","0","17","0","0","0","0","0","0","0","0","Under 1,000"
"369862","Miami-Jacobs Career College-Columbus","2014","366","265","101","305","366","111","69","186","0","0","265","80","38","147","0","0","101","31","31","39","0","0","Under 1,000"
"369905","Bryant & Stratton College-Eastlake","2014","471","217","254","317","471","25","67","379","0","0","217","19","45","153","0","0","254","6","22","226","0","0","Under 1,000"
"369950","Hamrick School","2014","121","121","0","121","121","42","0","79","0","0","121","42","0","79","0","0","0","0","0","0","0","0","Under 1,000"
"371034","Alabama State College of Barber Styling","2014","25","25","0","25","25","15","0","10","0","0","25","15","0","10","0","0","0","0","0","0","0","0","Under 1,000"
"371052","Fortis College-Mobile","2014","352","352","0","352","352","100","47","205","0","0","352","100","47","205","0","0","0","0","0","0","0","0","Under 1,000"
"371140","Arkansas Beauty School","2014","20","12","8","15","20","14","0","6","0","0","12","9","0","3","0","0","8","5","0","3","0","0","Under 1,000"
"371265","Everest College-Ontario","2014","707","707","0","707","707","130","0","577","0","0","707","130","0","577","0","0","0","0","0","0","0","0","Under 1,000"
"371690","Downey Adult School","2014","1210","438","772","697","1210","1092","0","118","0","0","438","374","0","64","0","0","772","718","0","54","0","0","1,000 - 4,999"
"371760","Heald College-Stockton","2014","1025","794","231","886","1025","99","50","876","0","0","794","69","27","698","0","0","231","30","23","178","0","0","1,000 - 4,999"
"371779","Heald College-Hayward","2014","943","718","225","807","943","79","67","797","0","0","718","52","36","630","0","0","225","27","31","167","0","0","Under 1,000"
"371830","CRU Institute","2014","49","42","7","45","49","15","0","34","0","0","42","13","0","29","0","0","7","2","0","5","0","0","Under 1,000"
"371928","Modern Technology School","2014","131","131","0","131","131","36","0","95","0","0","131","36","0","95","0","0","0","0","0","0","0","0","Under 1,000"
"371964","National Career Education","2014","141","141","0","141","141","74","0","67","0","0","141","74","0","67","0","0","0","0","0","0","0","0","Under 1,000"
"371982","Everest College-Anaheim","2014","443","396","47","415","443","60","23","360","0","0","396","59","21","316","0","0","47","1","2","44","0","0","Under 1,000"
"372000","Thuy Princess Beauty College","2014","74","64","10","68","74","16","0","58","0","0","64","12","0","52","0","0","10","4","0","6","0","0","Under 1,000"
"372028","North-West College-Glendale","2014","187","187","0","187","187","50","0","137","0","0","187","50","0","137","0","0","0","0","0","0","0","0","Under 1,000"
"372037","Everest College-City of Industry","2014","889","782","107","824","889","111","53","725","0","0","782","111","39","632","0","0","107","0","14","93","0","0","Under 1,000"
"372073","Fremont College","2014","387","387","0","387","387","35","51","301","0","0","387","35","51","301","0","0","0","0","0","0","0","0","Under 1,000"
"372082","Pomona Unified School District Adult and Career Education","2014","432","206","226","282","432","58","0","374","0","0","206","29","0","177","0","0","226","29","0","197","0","0","Under 1,000"
"372240","Universal College of Beauty Inc-Los Angeles 2","2014","20","20","0","20","20","5","0","15","0","0","20","5","0","15","0","0","0","0","0","0","0","0","Under 1,000"
"372329","IBMC College","2014","341","341","0","341","341","309","0","32","0","0","341","309","0","32","0","0","0","0","0","0","0","0","Under 1,000"
"372356","Xenon International Academy-Denver","2014","62","62","0","62","62","24","0","38","0","0","62","24","0","38","0","0","0","0","0","0","0","0","Under 1,000"
"372462","Academy of Cosmetology","2014","137","136","1","136","137","5","0","132","0","0","136","5","0","131","0","0","1","0","0","1","0","0","Under 1,000"
"372578","ITT Technical Institute-Lake Mary","2014","382","263","119","310","382","79","14","289","0","0","263","62","10","191","0","0","119","17","4","98","0","0","Under 1,000"
"372718","Sunstate Academy","2014","205","140","65","166","205","22","0","183","0","0","140","16","0","124","0","0","65","6","0","59","0","0","Under 1,000"
"372772","Heritage Institute-Jacksonville","2014","285","285","0","285","285","70","20","195","0","0","285","70","20","195","0","0","0","0","0","0","0","0","Under 1,000"
"372921","Fortis College-Smyrna","2014","642","642","0","642","642","155","46","441","0","0","642","155","46","441","0","0","0","0","0","0","0","0","Under 1,000"
"372958","Remington College-Honolulu Campus","2014","442","442","0","442","442","142","2","298","0","0","442","142","2","298","0","0","0","0","0","0","0","0","Under 1,000"
"373058","Vatterott College-Des Moines","2014","194","194","0","194","194","13","34","147","0","0","194","13","34","147","0","0","0","0","0","0","0","0","Under 1,000"
"373085","Brown Mackie College-Quad Cities","2014","369","369","0","369","369","71","26","272","0","0","369","71","26","272","0","0","0","0","0","0","0","0","Under 1,000"
"373216","Pivot Point Academy-Bloomingdale","2014","133","133","0","133","133","72","0","61","0","0","133","72","0","61","0","0","0","0","0","0","0","0","Under 1,000"
"373456","BLALOCKS PROFESSIONAL BEAUTY COLLEGE","2014","17","15","2","16","17","13","0","4","0","0","15","12","0","3","0","0","2","1","0","1","0","0","Under 1,000"
"373526","Diesel Driving Academy-Baton Rouge","2014","290","290","0","290","290","194","0","96","0","0","290","194","0","96","0","0","0","0","0","0","0","0","Under 1,000"
"373605","Jonesville Beauty School","2014","36","36","0","36","36","22","0","14","0","0","36","22","0","14","0","0","0","0","0","0","0","0","Under 1,000"
"373678","New England Hair Academy","2014","132","86","46","104","132","29","0","103","0","0","86","22","0","64","0","0","46","7","0","39","0","0","Under 1,000"
"373696","Rob Roy Academy-Worcester","2014","176","176","0","176","176","66","0","110","0","0","176","66","0","110","0","0","0","0","0","0","0","0","Under 1,000"
"373711","Upper Cape Cod Regional Technical School","2014","71","54","17","60","71","10","0","60","1","0","54","8","0","45","1","0","17","2","0","15","0","0","Under 1,000"
"373784","All-State Career-Baltimore","2014","714","714","0","714","714","216","0","498","0","0","714","216","0","498","0","0","0","0","0","0","0","0","Under 1,000"
"373827","New England School of Communications","2014","443","345","98","383","351","73","25","243","10","92","291","72","20","199","0","54","60","1","5","44","10","38","Under 1,000"
"373890","Everest Institute-Kalamazoo","2014","168","168","0","168","168","0","0","168","0","0","168","0","0","168","0","0","0","0","0","0","0","0","Under 1,000"
"374024","Adler Graduate School","2014","368","0","368","141","0","0","0","0","0","368","0","0","0","0","0","0","0","0","0","0","0","368","Under 1,000"
"374316","Academy of Hair Design-Jackson","2014","86","57","29","69","86","6","0","80","0","0","57","4","0","53","0","0","29","2","0","27","0","0","Under 1,000"
"374343","KC's School of Hair Design","2014","94","94","0","94","94","33","0","61","0","0","94","33","0","61","0","0","0","0","0","0","0","0","Under 1,000"
"374440","Mitchells Hairstyling Academy-Goldsboro","2014","14","14","0","14","14","12","0","2","0","0","14","12","0","2","0","0","0","0","0","0","0","0","Under 1,000"
"374574","Lincoln Technical Institute-Moorestown","2014","559","371","188","446","559","133","0","426","0","0","371","110","0","261","0","0","188","23","0","165","0","0","Under 1,000"
"374592","Monmouth County Vocational School District","2014","60","60","0","60","60","55","0","5","0","0","60","55","0","5","0","0","0","0","0","0","0","0","Under 1,000"
"374875","Kaplan College-Las Vegas","2014","944","944","0","944","944","167","67","710","0","0","944","167","67","710","0","0","0","0","0","0","0","0","Under 1,000"
"374927","Beauty School of Middletown","2014","73","37","36","51","73","33","0","40","0","0","37","22","0","15","0","0","36","11","0","25","0","0","Under 1,000"
"374972","Bryant & Stratton College-Southtowns","2014","561","362","199","440","561","44","64","409","44","0","362","42","53","267","0","0","199","2","11","142","44","0","Under 1,000"
"374990","Continental School of Beauty Culture-Olean","2014","69","43","26","53","69","11","0","58","0","0","43","9","0","34","0","0","26","2","0","24","0","0","Under 1,000"
"375106","National Tractor Trailer School Inc-Buffalo","2014","130","117","13","122","130","65","0","65","0","0","117","58","0","59","0","0","13","7","0","6","0","0","Under 1,000"
"375230","Yeshiva Gedolah Imrei Yosef D'spinka","2014","122","122","0","122","122","9","28","85","0","0","122","9","28","85","0","0","0","0","0","0","0","0","Under 1,000"
"375300","Cleveland Institute of Dental-Medical Assistants-Mentor","2014","116","116","0","116","116","53","0","63","0","0","116","53","0","63","0","0","0","0","0","0","0","0","Under 1,000"
"375319","Cleveland Institute of Dental-Medical Assistants-Lyndhurst","2014","64","64","0","64","64","24","0","40","0","0","64","24","0","40","0","0","0","0","0","0","0","0","Under 1,000"
"375373","Knox County Career Center","2014","303","303","0","303","303","141","0","162","0","0","303","141","0","162","0","0","0","0","0","0","0","0","Under 1,000"
"375407","Madison Adult Career Center","2014","150","114","36","126","150","67","0","83","0","0","114","51","0","63","0","0","36","16","0","20","0","0","Under 1,000"
"375416","Remington College-Cleveland Campus","2014","510","510","0","510","510","174","3","333","0","0","510","174","3","333","0","0","0","0","0","0","0","0","Under 1,000"
"375489","Brown Mackie College-Findlay","2014","369","369","0","369","369","70","33","266","0","0","369","70","33","266","0","0","0","0","0","0","0","0","Under 1,000"
"375540","Toledo Academy of Beauty Culture-East","2014","119","49","70","77","119","47","0","72","0","0","49","22","0","27","0","0","70","25","0","45","0","0","Under 1,000"
"375568","U S Grant Joint Vocational School","2014","25","10","15","15","25","13","0","12","0","0","10","5","0","5","0","0","15","8","0","7","0","0","Under 1,000"
"375647","CC's Cosmetology College","2014","46","46","0","46","46","10","0","36","0","0","46","10","0","36","0","0","0","0","0","0","0","0","Under 1,000"
"375656","Chisholm Trail Technology Center","2014","151","48","103","83","151","27","0","49","75","0","48","19","0","29","0","0","103","8","0","20","75","0","Under 1,000"
"375683","Gordon Cooper Technology Center","2014","831","232","599","433","831","602","0","229","0","0","232","73","0","159","0","0","599","529","0","70","0","0","Under 1,000"
"375692","Kiamichi Technology Center-Atoka","2014","189","37","152","88","189","21","0","45","123","0","37","11","0","26","0","0","152","10","0","19","123","0","Under 1,000"
"375708","Kiamichi Technology Center-Durant","2014","80","47","33","58","80","70","0","10","0","0","47","42","0","5","0","0","33","28","0","5","0","0","Under 1,000"
"375717","Kiamichi Technology Center-Hugo","2014","86","48","38","61","86","46","0","40","0","0","48","32","0","16","0","0","38","14","0","24","0","0","Under 1,000"
"375726","Kiamichi Technology Center-McAlester","2014","207","109","98","142","207","76","0","131","0","0","109","40","0","69","0","0","98","36","0","62","0","0","Under 1,000"
"375735","Kiamichi Technology Center-Idabel","2014","72","40","32","51","72","59","0","13","0","0","40","36","0","4","0","0","32","23","0","9","0","0","Under 1,000"
"375744","Kiamichi Technology Center-Poteau","2014","225","30","195","95","225","142","0","83","0","0","30","18","0","12","0","0","195","124","0","71","0","0","Under 1,000"
"375753","Kiamichi Technology Center-Spiro","2014","52","20","32","31","52","34","0","18","0","0","20","10","0","10","0","0","32","24","0","8","0","0","Under 1,000"
"375762","Kiamichi Technology Center-Talihina","2014","101","36","65","58","101","15","0","32","54","0","36","12","0","24","0","0","65","3","0","8","54","0","Under 1,000"
"375841","Le Cordon Bleu College of Culinary Arts-Portland","2014","452","452","0","452","452","61","34","357","0","0","452","61","34","357","0","0","0","0","0","0","0","0","Under 1,000"
"375939","YTI Career Institute-Altoona","2014","334","334","0","334","334","101","40","193","0","0","334","101","40","193","0","0","0","0","0","0","0","0","Under 1,000"
"375966","Eastern Center for Arts and Technology","2014","106","62","44","77","106","4","0","102","0","0","62","2","0","60","0","0","44","2","0","42","0","0","Under 1,000"
"375984","Empire Beauty School-Center City Philadelphia","2014","349","296","53","317","349","92","0","257","0","0","296","84","0","212","0","0","53","8","0","45","0","0","Under 1,000"
"376224","Centro de Estudios Multidisciplinarios-Humacao","2014","695","610","85","643","695","134","82","479","0","0","610","134","76","400","0","0","85","0","6","79","0","0","Under 1,000"
"376242","Colegio Mayor de Tecnologia Inc","2014","120","120","0","120","120","48","0","72","0","0","120","48","0","72","0","0","0","0","0","0","0","0","Under 1,000"
"376288","Institucion Chaviano de Mayaguez","2014","38","38","0","38","38","22","0","16","0","0","38","22","0","16","0","0","0","0","0","0","0","0","Under 1,000"
"376321","EDIC College","2014","1148","751","397","909","1148","620","528","0","0","0","751","434","317","0","0","0","397","186","211","0","0","0","1,000 - 4,999"
"376330","Liceo de Arte-Dise-O y Comercio","2014","279","276","3","277","279","30","0","249","0","0","276","30","0","246","0","0","3","0","0","3","0","0","Under 1,000"
"376385","Universal Technology College of Puerto Rico","2014","412","389","23","398","412","203","56","153","0","0","389","201","51","137","0","0","23","2","5","16","0","0","Under 1,000"
"376446","Academy of Hair Technology","2014","77","50","27","61","77","11","0","66","0","0","50","7","0","43","0","0","27","4","0","23","0","0","Under 1,000"
"376631","Mr Wayne's School of Unisex Hair Design","2014","44","31","13","36","44","27","0","17","0","0","31","19","0","12","0","0","13","8","0","5","0","0","Under 1,000"
"376668","Southern Institute of Cosmetology","2014","51","34","17","41","51","25","0","26","0","0","34","18","0","16","0","0","17","7","0","10","0","0","Under 1,000"
"376677","Queen City College","2014","119","117","2","118","119","5","0","114","0","0","117","5","0","112","0","0","2","0","0","2","0","0","Under 1,000"
"376695","College of the Marshall Islands","2014","1087","784","303","886","1087","342","0","736","9","0","784","331","0","453","0","0","303","11","0","283","9","0","1,000 - 4,999"
"376950","Central Texas Commercial College","2014","11","11","0","11","11","0","0","11","0","0","11","0","0","11","0","0","0","0","0","0","0","0","Under 1,000"
"376987","American National College","2014","25","25","0","25","25","23","0","2","0","0","25","23","0","2","0","0","0","0","0","0","0","0","Under 1,000"
"377069","ITT Technical Institute-San Antonio","2014","502","395","107","437","502","63","1","438","0","0","395","60","1","334","0","0","107","3","0","104","0","0","Under 1,000"
"377111","Remington College-Fort Worth Campus","2014","435","435","0","435","435","160","10","265","0","0","435","160","10","265","0","0","0","0","0","0","0","0","Under 1,000"
"377193","University of Cosmetology Arts & Sciences-San Antonio Jamar","2014","34","7","27","18","34","2","0","32","0","0","7","1","0","6","0","0","27","1","0","26","0","0","Under 1,000"
"377218","School of Automotive Machinists","2014","185","185","0","185","185","27","44","114","0","0","185","27","44","114","0","0","0","0","0","0","0","0","Under 1,000"
"377272","SW School of Business and Technical Careers-Cosmetology","2014","49","49","0","49","49","44","0","5","0","0","49","44","0","5","0","0","0","0","0","0","0","0","Under 1,000"
"377281","SW School of Business and Technical Careers","2014","59","59","0","59","59","56","0","3","0","0","59","56","0","3","0","0","0","0","0","0","0","0","Under 1,000"
"377315","Texas College of Cosmetology-Abilene","2014","87","87","0","87","87","33","0","54","0","0","87","33","0","54","0","0","0","0","0","0","0","0","Under 1,000"
"377342","Vista College-Online","2014","266","266","0","266","266","180","9","12","65","0","266","180","9","12","65","0","0","0","0","0","0","0","Under 1,000"
"377449","Centura College-Newport News","2014","211","146","65","172","211","53","0","158","0","0","146","42","0","104","0","0","65","11","0","54","0","0","Under 1,000"
"377458","Centura College-Norfolk","2014","226","143","83","176","226","47","0","179","0","0","143","27","0","116","0","0","83","20","0","63","0","0","Under 1,000"
"377485","Virginia Beach City Public Schools School of Practical Nursing","2014","63","23","40","36","63","15","0","21","27","0","23","13","0","10","0","0","40","2","0","11","27","0","Under 1,000"
"377546","Northwest College of Art & Design","2014","94","80","14","85","94","25","9","60","0","0","80","25","8","47","0","0","14","0","1","13","0","0","Under 1,000"
"377555","University of Washington-Bothell Campus","2014","4962","4059","903","4413","4405","634","790","2954","27","557","3742","621","586","2533","2","317","663","13","204","421","25","240","1,000 - 4,999"
"377564","University of Washington-Tacoma Campus","2014","4477","3689","788","3995","3809","435","871","2482","21","668","3297","415","741","2136","5","392","512","20","130","346","16","276","1,000 - 4,999"
"377652","Valley College-Beckley","2014","331","331","0","331","331","111","146","74","0","0","331","111","146","74","0","0","0","0","0","0","0","0","Under 1,000"
"377661","Valley College-Martinsburg","2014","140","140","0","140","140","67","0","73","0","0","140","67","0","73","0","0","0","0","0","0","0","0","Under 1,000"
"377670","Valley College-Princeton","2014","89","89","0","89","89","51","0","38","0","0","89","51","0","38","0","0","0","0","0","0","0","0","Under 1,000"
"377722","Bellus Academy-Poway","2014","369","369","0","369","369","50","0","319","0","0","369","50","0","319","0","0","0","0","0","0","0","0","Under 1,000"
"377759","Capstone College","2014","40","40","0","40","40","36","0","4","0","0","40","36","0","4","0","0","0","0","0","0","0","0","Under 1,000"
"378105","Central Coast College","2014","276","231","45","249","276","122","0","154","0","0","231","108","0","123","0","0","45","14","0","31","0","0","Under 1,000"
"378406","ITT Technical Institute-Torrance","2014","453","373","80","404","453","52","3","398","0","0","373","49","3","321","0","0","80","3","0","77","0","0","Under 1,000"
"378576","Pacific College of Oriental Medicine-San Diego","2014","459","259","200","336","111","38","0","73","0","348","32","7","0","25","0","227","79","31","0","48","0","121","Under 1,000"
"378886","Artistic Nails and Beauty Academy-Tampa","2014","183","66","117","112","183","22","0","161","0","0","66","12","0","54","0","0","117","10","0","107","0","0","Under 1,000"
"378956","National Aviation Academy of Tampa Bay","2014","605","605","0","605","605","124","0","481","0","0","605","124","0","481","0","0","0","0","0","0","0","0","Under 1,000"
"379135","Cain's Barber College Inc","2014","90","67","23","76","90","51","0","39","0","0","67","46","0","21","0","0","23","5","0","18","0","0","Under 1,000"
"379621","Madison Oneida BOCES-Practical Nursing Program","2014","51","51","0","51","51","12","0","39","0","0","51","12","0","39","0","0","0","0","0","0","0","0","Under 1,000"
"379746","Astrodome Career Centers","2014","41","41","0","41","41","27","0","14","0","0","41","27","0","14","0","0","0","0","0","0","0","0","Under 1,000"
"379782","Center for Advanced Legal Studies","2014","206","206","0","206","200","16","90","94","0","6","200","16","90","94","0","6","0","0","0","0","0","0","Under 1,000"
"380067","Houston Training School-Main Campus","2014","175","175","0","175","175","101","0","74","0","0","175","101","0","74","0","0","0","0","0","0","0","0","Under 1,000"
"380094","Remington College-Houston Campus","2014","325","325","0","325","325","108","4","213","0","0","325","108","4","213","0","0","0","0","0","0","0","0","Under 1,000"
"380359","Bay Mills Community College","2014","555","290","265","379","555","157","35","355","8","0","290","84","21","185","0","0","265","73","14","170","8","0","Under 1,000"
"380368","Fond du Lac Tribal and Community College","2014","2215","828","1387","1294","2215","185","139","573","1318","0","828","152","94","347","235","0","1387","33","45","226","1083","0","1,000 - 4,999"
"380377","Northwest Indian College","2014","637","527","110","571","637","77","18","514","28","0","527","68","15","432","12","0","110","9","3","82","16","0","Under 1,000"
"380401","Marinello Schools of Beauty-Provo","2014","49","46","3","47","49","9","0","40","0","0","46","7","0","39","0","0","3","2","0","1","0","0","Under 1,000"
"380438","Provo College","2014","372","230","142","286","372","160","25","179","8","0","230","90","16","117","7","0","142","70","9","62","1","0","Under 1,000"
"380456","Paul Mitchell the School-Provo","2014","108","86","22","95","108","16","0","92","0","0","86","14","0","72","0","0","22","2","0","20","0","0","Under 1,000"
"380465","University of Phoenix-Utah Campus","2014","1469","1469","0","1469","919","4","25","775","115","550","919","4","25","775","115","550","0","0","0","0","0","0","1,000 - 4,999"
"380474","Utah College of Massage Therapy-Salt Lake City","2014","347","179","168","246","347","149","0","198","0","0","179","87","0","92","0","0","168","62","0","106","0","0","Under 1,000"
"381255","CET-Coachella","2014","139","80","59","103","139","48","0","91","0","0","80","38","0","42","0","0","59","10","0","49","0","0","Under 1,000"
"381282","CET-Oxnard","2014","119","116","3","117","119","45","0","74","0","0","116","45","0","71","0","0","3","0","0","3","0","0","Under 1,000"
"381325","CET-Santa Maria","2014","145","87","58","110","145","30","0","115","0","0","87","24","0","63","0","0","58","6","0","52","0","0","Under 1,000"
"381352","Colorado School of Traditional Chinese Medicine","2014","130","92","38","107","0","0","0","0","0","130","0","0","0","0","0","92","0","0","0","0","0","38","Under 1,000"
"381361","Massage Therapy Institute of Colorado","2014","61","61","0","61","61","30","0","31","0","0","61","30","0","31","0","0","0","0","0","0","0","0","Under 1,000"
"381370","Michigan College of Beauty-Troy","2014","321","213","108","256","321","120","0","201","0","0","213","81","0","132","0","0","108","39","0","69","0","0","Under 1,000"
"381404","Ogle School Hair Skin Nails-Dallas","2014","157","80","77","111","157","153","0","4","0","0","80","77","0","3","0","0","77","76","0","1","0","0","Under 1,000"
"381459","Phoenix Seminary","2014","178","33","145","88","0","0","0","0","0","178","0","0","0","0","0","33","0","0","0","0","0","145","Under 1,000"
"381486","Faust Institute of Cosmetology-Spirit Lake","2014","14","14","0","14","14","6","0","8","0","0","14","6","0","8","0","0","0","0","0","0","0","0","Under 1,000"
"381529","Seattle Vocational Institute","2014","201","186","15","191","201","13","0","175","13","0","186","12","0","162","12","0","15","1","0","13","1","0","Under 1,000"
"381617","Baker College of Port Huron","2014","798","406","392","560","798","124","65","605","4","0","406","65","33","308","0","0","392","59","32","297","4","0","Under 1,000"
"381635","Empire Beauty School-Hyannis","2014","72","49","23","58","72","43","0","29","0","0","49","29","0","20","0","0","23","14","0","9","0","0","Under 1,000"
"381644","Brookstone College-Greensboro","2014","181","181","0","181","181","36","0","145","0","0","181","36","0","145","0","0","0","0","0","0","0","0","Under 1,000"
"381699","Cheeks International Academy of Beauty Culture-Fort Collins","2014","39","26","13","31","39","27","0","12","0","0","26","17","0","9","0","0","13","10","0","3","0","0","Under 1,000"
"381705","Cheeks International Academy of Beauty Culture-Greeley","2014","38","26","12","31","38","28","0","10","0","0","26","19","0","7","0","0","12","9","0","3","0","0","Under 1,000"
"381732","Colorado School of Healing Arts","2014","176","107","69","134","176","21","0","150","5","0","107","17","0","85","5","0","69","4","0","65","0","0","Under 1,000"
"381750","Empire Beauty School-Arvada","2014","37","28","9","32","37","14","0","23","0","0","28","12","0","16","0","0","9","2","0","7","0","0","Under 1,000"
"381787","Westwood College-Denver South","2014","236","170","66","196","236","25","7","204","0","0","170","24","5","141","0","0","66","1","2","63","0","0","Under 1,000"
"381866","Healing Arts Institute","2014","53","52","1","52","53","9","0","44","0","0","52","9","0","43","0","0","1","0","0","1","0","0","Under 1,000"
"381909","ITT Technical Institute-San Bernardino","2014","686","559","127","609","686","81","4","601","0","0","559","70","4","485","0","0","127","11","0","116","0","0","Under 1,000"
"381945","Los Angeles ORT College-Van Nuys Campus","2014","317","317","0","317","317","109","0","208","0","0","317","109","0","208","0","0","0","0","0","0","0","0","Under 1,000"
"382063","University of Phoenix-Puerto Rico Campus","2014","753","753","0","753","313","6","21","280","6","440","313","6","21","280","6","440","0","0","0","0","0","0","Under 1,000"
"382258","Mt Diablo Adult Education","2014","129","71","58","90","129","59","0","70","0","0","71","23","0","48","0","0","58","36","0","22","0","0","Under 1,000"
"382267","Royale College of Beauty","2014","76","75","1","75","76","24","0","52","0","0","75","23","0","52","0","0","1","1","0","0","0","0","Under 1,000"
"382276","Westech College","2014","456","344","112","388","456","152","0","304","0","0","344","97","0","247","0","0","112","55","0","57","0","0","Under 1,000"
"382416","Greater Lowell Technical School","2014","80","80","0","80","80","8","0","72","0","0","80","8","0","72","0","0","0","0","0","0","0","0","Under 1,000"
"382461","Academy of Hair Design-Pearl","2014","50","36","14","42","50","5","0","45","0","0","36","4","0","32","0","0","14","1","0","13","0","0","Under 1,000"
"382504","King's College","2014","395","395","0","395","395","161","69","165","0","0","395","161","69","165","0","0","0","0","0","0","0","0","Under 1,000"
"382771","Miller-Motte Technical College-Clarksville","2014","404","294","110","338","404","125","54","225","0","0","294","100","47","147","0","0","110","25","7","78","0","0","Under 1,000"
"382780","Genesis Career College-Lebanon","2014","202","202","0","202","202","66","0","136","0","0","202","66","0","136","0","0","0","0","0","0","0","0","Under 1,000"
"382896","Kaplan College-Dallas","2014","435","435","0","435","435","84","45","306","0","0","435","84","45","306","0","0","0","0","0","0","0","0","Under 1,000"
"382902","Star College of Cosmetology 2","2014","100","100","0","100","100","45","0","55","0","0","100","45","0","55","0","0","0","0","0","0","0","0","Under 1,000"
"382911","Southwest Collegiate Institute for the Deaf","2014","115","103","12","107","115","27","5","82","1","0","103","26","5","72","0","0","12","1","0","10","1","0","Under 1,000"
"382957","Fortis College-Richmond","2014","491","491","0","491","491","76","53","362","0","0","491","76","53","362","0","0","0","0","0","0","0","0","Under 1,000"
"383020","Midwest College of Oriental Medicine-Racine","2014","93","53","40","68","40","0","3","17","20","53","20","0","3","7","10","33","20","0","0","10","10","20","Under 1,000"
"383084","Hacienda La Puente Adult Education","2014","4273","1949","2324","2729","4273","2986","0","994","293","0","1949","1293","0","499","157","0","2324","1693","0","495","136","0","1,000 - 4,999"
"383163","La Belle Beauty Academy","2014","403","84","319","211","403","89","0","314","0","0","84","19","0","65","0","0","319","70","0","249","0","0","Under 1,000"
"383172","Advanced Technical Centers","2014","31","31","0","31","31","30","0","1","0","0","31","30","0","1","0","0","0","0","0","0","0","0","Under 1,000"
"383190","Hawaii Community College","2014","3186","1450","1736","2033","3186","627","260","1746","553","0","1450","395","126","915","14","0","1736","232","134","831","539","0","1,000 - 4,999"
"383251","Regency Beauty Institute-Winston-Salem","2014","104","104","0","104","104","34","0","70","0","0","104","34","0","70","0","0","0","0","0","0","0","0","Under 1,000"
"383279","Robert Fiance Beauty Schools-North Plainfield","2014","196","109","87","144","196","32","0","164","0","0","109","22","0","87","0","0","87","10","0","77","0","0","Under 1,000"
"383297","Long Island Beauty School-Hauppauge","2014","249","156","93","193","249","75","0","174","0","0","156","64","0","92","0","0","93","11","0","82","0","0","Under 1,000"
"383312","Buckeye Joint Vocational School","2014","95","95","0","95","95","90","0","5","0","0","95","90","0","5","0","0","0","0","0","0","0","0","Under 1,000"
"383330","Sandusky Career Center","2014","82","67","15","72","82","34","0","48","0","0","67","26","0","41","0","0","15","8","0","7","0","0","Under 1,000"
"383367","Greater Altoona Career & Technology Center","2014","236","196","40","209","236","92","0","144","0","0","196","78","0","118","0","0","40","14","0","26","0","0","Under 1,000"
"383400","Northeastern Hospital School of Nursing","2014","70","70","0","70","70","0","0","70","0","0","70","0","0","70","0","0","0","0","0","0","0","0","Under 1,000"
"383464","Central Texas Beauty College-Temple","2014","99","99","0","99","99","93","0","6","0","0","99","93","0","6","0","0","0","0","0","0","0","0","Under 1,000"
"383507","Dance Theatre of Harlem Inc","2014","3","1","2","2","3","2","0","1","0","0","1","1","0","0","0","0","2","1","0","1","0","0","Under 1,000"
"383525","Erie 2 Chautauqua Cattaraugus BOCES-Practical Nursing Program","2014","134","134","0","134","134","26","0","108","0","0","134","26","0","108","0","0","0","0","0","0","0","0","Under 1,000"
"383765","Empire Beauty School-Brooklyn","2014","125","95","30","107","125","47","0","78","0","0","95","39","0","56","0","0","30","8","0","22","0","0","Under 1,000"
"383792","Houston Training School-Gulfgate","2014","282","282","0","282","282","103","0","179","0","0","282","103","0","179","0","0","0","0","0","0","0","0","Under 1,000"
"383899","Star Career Academy-Philadelphia","2014","879","743","136","797","879","775","0","104","0","0","743","649","0","94","0","0","136","126","0","10","0","0","Under 1,000"
"383950","Antonelli College-Hattiesburg","2014","209","206","3","207","209","86","0","123","0","0","206","84","0","122","0","0","3","2","0","1","0","0","Under 1,000"
"383996","Eastern New Mexico University-Ruidoso Campus","2014","816","190","626","400","816","64","55","349","348","0","190","52","20","103","15","0","626","12","35","246","333","0","Under 1,000"
"384254","Beacon College","2014","223","221","2","222","223","52","35","136","0","0","221","52","35","134","0","0","2","0","0","2","0","0","Under 1,000"
"384306","Acupuncture and Integrative Medicine College-Berkeley","2014","138","99","39","114","0","0","0","0","0","138","0","0","0","0","0","99","0","0","0","0","0","39","Under 1,000"
"384333","Estrella Mountain Community College","2014","9164","3015","6149","5079","9164","1656","823","5256","1429","0","3015","865","251","1739","160","0","6149","791","572","3517","1269","0","5,000 - 9,999"
"384342","Heartland Community College","2014","5286","2073","3213","3152","5286","861","325","3140","960","0","2073","566","201","1236","70","0","3213","295","124","1904","890","0","5,000 - 9,999"
"384412","University of the Potomac-Washington DC Campus","2014","264","264","0","264","258","8","14","231","5","6","258","8","14","231","5","6","0","0","0","0","0","0","Under 1,000"
"384421","Rabbi Jacob Joseph School","2014","84","84","0","84","84","19","6","59","0","0","84","19","6","59","0","0","0","0","0","0","0","0","Under 1,000"
"385008","Sanford-Brown Institute-Ft Lauderdale","2014","427","421","6","423","427","37","20","370","0","0","421","37","20","364","0","0","6","0","0","6","0","0","Under 1,000"
"385132","The Salon Professional Academy-Melbourne","2014","74","63","11","67","74","71","0","3","0","0","63","62","0","1","0","0","11","9","0","2","0","0","Under 1,000"
"385503","Fortis Institute-Scranton","2014","385","353","32","366","385","65","10","310","0","0","353","65","1","287","0","0","32","0","9","23","0","0","Under 1,000"
"385549","Milan Institute of Cosmetology-Amarillo","2014","135","135","0","135","135","45","0","90","0","0","135","45","0","90","0","0","0","0","0","0","0","0","Under 1,000"
"385619","Everglades University","2014","1451","1374","77","1403","1313","53","211","1020","29","138","1313","53","211","1020","29","61","0","0","0","0","0","77","1,000 - 4,999"
"386153","Seminar L'moros Bais Yaakov","2014","281","202","79","233","281","281","0","0","0","0","202","202","0","0","0","0","79","79","0","0","0","0","Under 1,000"
"386472","Herzing University-Winter Park","2014","430","276","154","336","430","10","55","365","0","0","276","8","32","236","0","0","154","2","23","129","0","0","Under 1,000"
"387660","Emil Fries Piano Hospital and Training Center","2014","5","5","0","5","5","2","0","3","0","0","5","2","0","3","0","0","0","0","0","0","0","0","Under 1,000"
"387819","Fairview Beauty Academy","2014","52","45","7","48","52","29","0","23","0","0","45","24","0","21","0","0","7","5","0","2","0","0","Under 1,000"
"387925","Florida College of Natural Health-Pompano Beach","2014","203","203","0","203","203","83","3","117","0","0","203","83","3","117","0","0","0","0","0","0","0","0","Under 1,000"
"388043","National College-Nashville","2014","517","301","216","387","517","19","79","414","5","0","301","12","54","235","0","0","216","7","25","179","5","0","Under 1,000"
"388520","College of Biblical Studies-Houston","2014","496","57","439","229","496","42","51","389","14","0","57","10","9","36","2","0","439","32","42","353","12","0","Under 1,000"
"388663","Inner State Beauty School","2014","133","133","0","133","133","49","0","84","0","0","133","49","0","84","0","0","0","0","0","0","0","0","Under 1,000"
"389727","Virginia College-Pensacola","2014","384","245","139","300","384","75","0","309","0","0","245","59","0","186","0","0","139","16","0","123","0","0","Under 1,000"
"389860","Mid-EastCTC-Adult Education","2014","305","186","119","226","305","118","0","187","0","0","186","55","0","131","0","0","119","63","0","56","0","0","Under 1,000"
"390701","Everest University-South Orlando","2014","22535","11546","10989","15862","22340","314","3059","18967","0","195","11469","165","1950","9354","0","77","10871","149","1109","9613","0","118","20,000 and above"
"390905","Polaris Career Center","2014","248","248","0","248","248","236","0","12","0","0","248","236","0","12","0","0","0","0","0","0","0","0","Under 1,000"
"391005","P&A Scholars Beauty School","2014","305","305","0","305","305","21","0","284","0","0","305","21","0","284","0","0","0","0","0","0","0","0","Under 1,000"
"391333","Rensselaer BOCES-Practical Nursing Program","2014","50","50","0","50","50","12","0","38","0","0","50","12","0","38","0","0","0","0","0","0","0","0","Under 1,000"
"391546","ASM Beauty World Academy","2014","328","14","314","139","328","23","0","305","0","0","14","4","0","10","0","0","314","19","0","295","0","0","Under 1,000"
"391564","The Salter School-Tewksbury Campus","2014","252","180","72","209","252","39","0","213","0","0","180","32","0","148","0","0","72","7","0","65","0","0","Under 1,000"
"391759","Sharps Academy of Hair Styling","2014","38","2","36","16","38","20","0","18","0","0","2","1","0","1","0","0","36","19","0","17","0","0","Under 1,000"
"392257","College of Health Care Professions-Northwest","2014","1172","1172","0","1172","1172","1158","1","13","0","0","1172","1158","1","13","0","0","0","0","0","0","0","0","1,000 - 4,999"
"392354","School of Professional Horticulture at the New York Botanical Garden","2014","6","6","0","6","6","0","0","6","0","0","6","0","0","6","0","0","0","0","0","0","0","0","Under 1,000"
"392415","Fortis College-Houston","2014","287","287","0","287","287","53","0","234","0","0","287","53","0","234","0","0","0","0","0","0","0","0","Under 1,000"
"392798","Volunteer Beauty Academy-Madison","2014","27","10","17","17","27","2","0","25","0","0","10","1","0","9","0","0","17","1","0","16","0","0","Under 1,000"
"392840","Watkins College of Art Design & Film","2014","304","230","74","259","304","50","34","204","16","0","230","49","31","148","2","0","74","1","3","56","14","0","Under 1,000"
"393180","Chicago ORT Technical Institute","2014","433","433","0","433","433","129","7","297","0","0","433","129","7","297","0","0","0","0","0","0","0","0","Under 1,000"
"393524","Alhambra Beauty College","2014","92","92","0","92","92","20","0","72","0","0","92","20","0","72","0","0","0","0","0","0","0","0","Under 1,000"
"393649","American Auto Institute","2014","1487","1487","0","1487","1487","403","0","1084","0","0","1487","403","0","1084","0","0","0","0","0","0","0","0","1,000 - 4,999"
"393861","Asian American International Beauty College","2014","173","115","58","138","173","47","0","126","0","0","115","37","0","78","0","0","58","10","0","48","0","0","Under 1,000"
"393977","Avance Beauty College","2014","60","60","0","60","60","13","0","47","0","0","60","13","0","47","0","0","0","0","0","0","0","0","Under 1,000"
"395195","Colton-Redlands-Yucaipa Regional Occupational Program","2014","80","80","0","80","80","48","0","32","0","0","80","48","0","32","0","0","0","0","0","0","0","0","Under 1,000"
"395362","Copper Mountain Community College","2014","1652","686","966","1010","1652","276","105","992","279","0","686","179","34","410","63","0","966","97","71","582","216","0","1,000 - 4,999"
"395690","Diversified Vocational College","2014","679","490","189","565","679","608","0","71","0","0","490","455","0","35","0","0","189","153","0","36","0","0","Under 1,000"
"397270","Bristol University","2014","62","62","0","62","49","7","42","0","0","13","49","7","42","0","0","13","0","0","0","0","0","0","Under 1,000"
"397942","UEI College-Fresno","2014","1418","1418","0","1418","1418","449","0","969","0","0","1418","449","0","969","0","0","0","0","0","0","0","0","1,000 - 4,999"
"398130","Mt Sierra College","2014","467","318","149","377","467","33","31","401","2","0","318","31","28","259","0","0","149","2","3","142","2","0","Under 1,000"
"398574","Wyotech-Long Beach","2014","1136","1136","0","1136","1136","172","36","928","0","0","1136","172","36","928","0","0","0","0","0","0","0","0","1,000 - 4,999"
"399212","Santiago Canyon College","2014","11202","2950","8252","5721","11202","2118","1219","7297","568","0","2950","1124","161","1613","52","0","8252","994","1058","5684","516","0","10,000 - 19,999"
"399869","Southern California Institute of Technology","2014","526","526","0","526","526","140","0","386","0","0","526","140","0","386","0","0","0","0","0","0","0","0","Under 1,000"
"399911","Soka University of America","2014","417","417","0","417","411","100","0","311","0","6","411","100","0","311","0","6","0","0","0","0","0","0","Under 1,000"
"400080","Summit College","2014","663","663","0","663","663","661","0","2","0","0","663","661","0","2","0","0","0","0","0","0","0","0","Under 1,000"
"400187","Advance Beauty College","2014","474","258","216","344","474","129","0","345","0","0","258","79","0","179","0","0","216","50","0","166","0","0","Under 1,000"
"401223","World Mission University","2014","282","170","112","214","141","13","19","107","2","141","73","5","11","57","0","97","68","8","8","50","2","44","Under 1,000"
"401250","Yo San University of Traditional Chinese Medicine","2014","219","161","58","183","0","0","0","0","0","219","0","0","0","0","0","161","0","0","0","0","0","58","Under 1,000"
"401339","Coast Career Institute","2014","212","212","0","212","212","58","0","154","0","0","212","58","0","154","0","0","0","0","0","0","0","0","Under 1,000"
"401481","Cannella School of Hair Design-Blue Island","2014","54","12","42","29","54","19","0","35","0","0","12","5","0","7","0","0","42","14","0","28","0","0","Under 1,000"
"401764","John Amico School of Hair Design","2014","194","131","63","156","194","120","0","74","0","0","131","84","0","47","0","0","63","36","0","27","0","0","Under 1,000"
"402563","Delta College Inc","2014","186","186","0","186","186","28","0","158","0","0","186","28","0","158","0","0","0","0","0","0","0","0","Under 1,000"
"402615","Colorado Technical University-Sioux Falls","2014","104","53","51","73","93","0","0","93","0","11","53","0","0","53","0","0","40","0","0","40","0","11","Under 1,000"
"402776","Southwest University of Visual Arts-Albuquerque","2014","202","133","69","160","202","21","4","177","0","0","133","17","4","112","0","0","69","4","0","65","0","0","Under 1,000"
"402800","Tri-State Cosmetology Institute","2014","173","138","35","152","173","28","0","145","0","0","138","24","0","114","0","0","35","4","0","31","0","0","Under 1,000"
"402828","Widener University-Harrisburg Campus","2014","330","249","81","280","0","0","0","0","0","330","0","0","0","0","0","249","0","0","0","0","0","81","Under 1,000"
"403414","Volunteer Beauty Academy-Nashville","2014","45","20","25","30","45","5","0","40","0","0","20","1","0","19","0","0","25","4","0","21","0","0","Under 1,000"
"403469","Frontier Community College","2014","2218","222","1996","892","2218","79","13","201","1925","0","222","60","8","110","44","0","1996","19","5","91","1881","0","1,000 - 4,999"
"403478","Lincoln Trail College","2014","1031","403","628","614","1031","183","31","350","467","0","403","158","20","217","8","0","628","25","11","133","459","0","1,000 - 4,999"
"403487","Wabash Valley College","2014","4240","560","3680","1796","4240","331","47","508","3354","0","560","205","34","276","45","0","3680","126","13","232","3309","0","1,000 - 4,999"
"404037","American Institute of Interior Design","2014","28","28","0","28","28","5","0","23","0","0","28","5","0","23","0","0","0","0","0","0","0","0","Under 1,000"
"404055","Brookline College-Tempe","2014","418","270","148","329","418","126","0","278","14","0","270","126","0","144","0","0","148","0","0","134","14","0","Under 1,000"
"404073","Baker College of Auburn Hills","2014","2703","1119","1584","1741","2690","275","301","2092","22","13","1115","134","136","845","0","4","1575","141","165","1247","22","9","1,000 - 4,999"
"404082","Baker College of Clinton Township","2014","3625","1711","1914","2463","3600","572","294","2722","12","25","1706","328","135","1243","0","5","1894","244","159","1479","12","20","1,000 - 4,999"
"404222","Inter American University of Puerto Rico-School of Optometry","2014","231","173","58","195","0","0","0","0","0","231","0","0","0","0","0","173","0","0","0","0","0","58","Under 1,000"
"404338","Schiller International University","2014","50","50","0","50","39","11","0","28","0","11","39","11","0","28","0","11","0","0","0","0","0","0","Under 1,000"
"404365","Vatterott College-Springfield","2014","348","348","0","348","348","42","56","250","0","0","348","42","56","250","0","0","0","0","0","0","0","0","Under 1,000"
"404374","Vatterott College-Joplin","2014","264","264","0","264","264","38","30","196","0","0","264","38","30","196","0","0","0","0","0","0","0","0","Under 1,000"
"404383","Vatterott College-Kansas City","2014","638","638","0","638","638","113","222","303","0","0","638","113","222","303","0","0","0","0","0","0","0","0","Under 1,000"
"404426","Coconino Community College","2014","3607","1101","2506","1942","3607","658","467","1712","770","0","1101","376","152","556","17","0","2506","282","315","1156","753","0","1,000 - 4,999"
"404499","Sanford-Brown College-Houston","2014","671","644","27","655","671","74","63","534","0","0","644","74","63","507","0","0","27","0","0","27","0","0","Under 1,000"
"404505","Sanford-Brown Institute-Jacksonville","2014","340","329","11","333","340","28","31","281","0","0","329","28","31","270","0","0","11","0","0","11","0","0","Under 1,000"
"404514","Sanford-Brown College-Dallas","2014","490","490","0","490","490","35","49","406","0","0","490","35","49","406","0","0","0","0","0","0","0","0","Under 1,000"
"404648","Baker College of Cadillac","2014","1340","717","623","962","1336","239","123","964","10","4","717","145","68","504","0","0","619","94","55","460","10","4","1,000 - 4,999"
"404684","Emma's Beauty Academy-Juana Diaz","2014","391","391","0","391","391","36","0","355","0","0","391","36","0","355","0","0","0","0","0","0","0","0","Under 1,000"
"404718","Franklin Academy","2014","58","58","0","58","58","27","0","31","0","0","58","27","0","31","0","0","0","0","0","0","0","0","Under 1,000"
"404806","Columbia Centro Universitario-Yauco","2014","407","212","195","289","407","75","43","289","0","0","212","65","23","124","0","0","195","10","20","165","0","0","Under 1,000"
"404912","Pima Medical Institute-Denver","2014","944","944","0","944","944","228","0","709","7","0","944","228","0","709","7","0","0","0","0","0","0","0","Under 1,000"
"404994","ASA College","2014","4624","4276","348","4414","4624","1229","226","3096","73","0","4276","1222","218","2815","21","0","348","7","8","281","52","0","1,000 - 4,999"
"405012","Ohio State School of Cosmetology-Westerville","2014","117","117","0","117","117","58","0","59","0","0","117","58","0","59","0","0","0","0","0","0","0","0","Under 1,000"
"405021","Nationwide Beauty Academy","2014","82","82","0","82","82","21","0","61","0","0","82","21","0","61","0","0","0","0","0","0","0","0","Under 1,000"
"405058","Yeshivas Novominsk","2014","129","129","0","129","129","49","3","77","0","0","129","49","3","77","0","0","0","0","0","0","0","0","Under 1,000"
"405076","Southern Careers Institute-Corpus Christi","2014","314","314","0","314","314","248","0","66","0","0","314","248","0","66","0","0","0","0","0","0","0","0","Under 1,000"
"405748","Kiamichi Technology Center-Stigler","2014","21","13","8","16","21","19","0","2","0","0","13","12","0","1","0","0","8","7","0","1","0","0","Under 1,000"
"405854","Rabbinical College of Ohr Shimon Yisroel","2014","164","164","0","164","164","50","25","89","0","0","164","50","25","89","0","0","0","0","0","0","0","0","Under 1,000"
"405872","Carroll Community College","2014","3645","1352","2293","2122","3645","684","267","2419","275","0","1352","497","93","733","29","0","2293","187","174","1686","246","0","1,000 - 4,999"
"405997","University of Phoenix-Albuquerque Campus","2014","1473","1473","0","1473","1238","16","26","1196","0","235","1238","16","26","1196","0","235","0","0","0","0","0","0","1,000 - 4,999"
"406024","Galen College of Nursing-Tampa Bay","2014","862","487","375","636","862","15","181","666","0","0","487","15","53","419","0","0","375","0","128","247","0","0","Under 1,000"
"406033","Galen College of Nursing-San Antonio","2014","1097","635","462","818","1097","79","193","825","0","0","635","79","73","483","0","0","462","0","120","342","0","0","1,000 - 4,999"
"406149","Sarasota School of Massage Therapy","2014","95","95","0","95","95","27","0","68","0","0","95","27","0","68","0","0","0","0","0","0","0","0","Under 1,000"
"406194","Westwood College-Dupage","2014","157","118","39","133","157","13","0","144","0","0","118","12","0","106","0","0","39","1","0","38","0","0","Under 1,000"
"406200","Wright Career College","2014","1391","1391","0","1391","1391","604","0","787","0","0","1391","604","0","787","0","0","0","0","0","0","0","0","1,000 - 4,999"
"406219","Daymar College-Louisville","2014","21","15","6","17","21","0","0","21","0","0","15","0","0","15","0","0","6","0","0","6","0","0","Under 1,000"
"406325","Schuyler Steuben Chemung Tioga Allegany BOCES","2014","144","78","66","100","144","55","0","89","0","0","78","21","0","57","0","0","66","34","0","32","0","0","Under 1,000"
"406361","Delaware Chenango Madison Otsego BOCES-Practical Nursing Program","2014","27","27","0","27","27","4","0","23","0","0","27","4","0","23","0","0","0","0","0","0","0","0","Under 1,000"
"406413","DCI Career Institute","2014","94","94","0","94","94","44","0","50","0","0","94","44","0","50","0","0","0","0","0","0","0","0","Under 1,000"
"406422","Central Susquehanna Intermediate Unit LPN Career","2014","92","70","22","77","92","45","0","47","0","0","70","45","0","25","0","0","22","0","0","22","0","0","Under 1,000"
"406486","Myotherapy College of Utah","2014","84","34","50","54","84","26","0","58","0","0","34","8","0","26","0","0","50","18","0","32","0","0","Under 1,000"
"406495","Graham Webb International Academy of Hair","2014","142","119","23","128","142","110","0","32","0","0","119","93","0","26","0","0","23","17","0","6","0","0","Under 1,000"
"406547","City College-Gainesville","2014","510","365","145","422","510","73","63","374","0","0","365","45","45","275","0","0","145","28","18","99","0","0","Under 1,000"
"407009","Arizona State University-West","2014","3692","2993","699","3268","3295","342","549","2389","15","397","2768","339","466","1963","0","225","527","3","83","426","15","172","1,000 - 4,999"
"407054","Connecticut Center for Massage Therapy-Westport","2014","115","12","103","53","115","45","0","70","0","0","12","5","0","7","0","0","103","40","0","63","0","0","Under 1,000"
"407063","ITT Technical Institute-Jacksonville","2014","603","447","156","508","603","92","22","489","0","0","447","85","14","348","0","0","156","7","8","141","0","0","Under 1,000"
"407090","G Skin & Beauty Institute","2014","292","84","208","167","292","12","0","280","0","0","84","7","0","77","0","0","208","5","0","203","0","0","Under 1,000"
"407142","Cosmetology Training Center","2014","116","116","0","116","116","10","0","106","0","0","116","10","0","106","0","0","0","0","0","0","0","0","Under 1,000"
"407151","Stage One-The Hair School","2014","103","103","0","103","103","19","0","84","0","0","103","19","0","84","0","0","0","0","0","0","0","0","Under 1,000"
"407179","Empire Beauty School-Malden","2014","134","94","40","110","134","64","0","70","0","0","94","49","0","45","0","0","40","15","0","25","0","0","Under 1,000"
"407285","Minnesota School of Business-Brooklyn Center","2014","109","58","51","78","109","6","29","71","3","0","58","2","16","40","0","0","51","4","13","31","3","0","Under 1,000"
"407319","ITT Technical Institute-Omaha","2014","395","271","124","320","395","45","3","347","0","0","271","33","1","237","0","0","124","12","2","110","0","0","Under 1,000"
"407328","Omaha School of Massage and Healthcare of Herzing University","2014","146","132","14","138","146","36","9","101","0","0","132","36","9","87","0","0","14","0","0","14","0","0","Under 1,000"
"407355","Xenon International Academy-Omaha","2014","230","230","0","230","230","35","0","195","0","0","230","35","0","195","0","0","0","0","0","0","0","0","Under 1,000"
"407391","Capri Institute of Hair Design-Brick","2014","167","114","53","135","167","14","0","153","0","0","114","7","0","107","0","0","53","7","0","46","0","0","Under 1,000"
"407407","Capri Institute of Hair Design-Kenilworth","2014","172","116","56","138","172","24","0","148","0","0","116","20","0","96","0","0","56","4","0","52","0","0","Under 1,000"
"407425","Capri Institute of Hair Design-Paramus","2014","164","87","77","118","164","5","0","159","0","0","87","3","0","84","0","0","77","2","0","75","0","0","Under 1,000"
"407434","Orlo School of Hair Design and Cosmetology","2014","66","47","19","55","66","43","0","23","0","0","47","30","0","17","0","0","19","13","0","6","0","0","Under 1,000"
"407452","Delaware Area Career Center","2014","140","95","45","110","140","93","0","2","45","0","95","93","0","2","0","0","45","0","0","0","45","0","Under 1,000"
"407461","Eastland-Fairfield Career and Technical Schools","2014","221","221","0","221","221","78","0","143","0","0","221","78","0","143","0","0","0","0","0","0","0","0","Under 1,000"
"407470","Empire Beauty School-Cincinnati","2014","152","106","46","124","152","66","0","86","0","0","106","52","0","54","0","0","46","14","0","32","0","0","Under 1,000"
"407489","Mahoning County Career and Technical Center","2014","116","60","56","79","116","43","0","73","0","0","60","30","0","30","0","0","56","13","0","43","0","0","Under 1,000"
"407513","Pickaway Ross Joint Vocational School District","2014","286","168","118","208","286","98","0","188","0","0","168","68","0","100","0","0","118","30","0","88","0","0","Under 1,000"
"407522","Pioneer Career and Technology Center","2014","20","18","2","19","20","14","0","6","0","0","18","13","0","5","0","0","2","1","0","1","0","0","Under 1,000"
"407568","Raphael's School of Beauty Culture Inc-Boardman","2014","137","90","47","109","137","11","0","126","0","0","90","9","0","81","0","0","47","2","0","45","0","0","Under 1,000"
"407577","Scioto County Career Technical Center","2014","308","270","38","283","308","244","0","64","0","0","270","213","0","57","0","0","38","31","0","7","0","0","Under 1,000"
"407595","Trumbull Career & Technical Center","2014","118","118","0","118","118","63","0","55","0","0","118","63","0","55","0","0","0","0","0","0","0","0","Under 1,000"
"407601","Northwest Technology Center-Fairview","2014","98","7","91","38","98","9","0","6","83","0","7","5","0","2","0","0","91","4","0","4","83","0","Under 1,000"
"407629","Lake Erie College of Osteopathic Medicine","2014","3772","3770","2","3771","0","0","0","0","0","3772","0","0","0","0","0","3770","0","0","0","0","0","2","1,000 - 4,999"
"407683","University of Cosmetology Arts & Sciences-Harlingen","2014","190","98","92","135","190","35","0","155","0","0","98","23","0","75","0","0","92","12","0","80","0","0","Under 1,000"
"407708","Gene Juarez Academy of Beauty-Federal Way","2014","277","277","0","277","277","33","0","244","0","0","277","33","0","244","0","0","0","0","0","0","0","0","Under 1,000"
"407726","Empire Beauty School-Appleton","2014","10","10","0","10","10","0","0","10","0","0","10","0","0","10","0","0","0","0","0","0","0","0","Under 1,000"
"407735","Empire Beauty School-Green Bay","2014","76","76","0","76","76","29","0","47","0","0","76","29","0","47","0","0","0","0","0","0","0","0","Under 1,000"
"407832","Warren County Career Center","2014","263","203","60","223","263","136","0","127","0","0","203","114","0","89","0","0","60","22","0","38","0","0","Under 1,000"
"408039","Brown Mackie College-Fort Wayne","2014","507","507","0","507","507","58","73","376","0","0","507","58","73","376","0","0","0","0","0","0","0","0","Under 1,000"
"408066","Paul Mitchell the School-Wichita","2014","132","89","43","106","132","17","0","115","0","0","89","13","0","76","0","0","43","4","0","39","0","0","Under 1,000"
"408163","Pinnacle Institute of Cosmetology","2014","79","79","0","79","79","13","0","66","0","0","79","13","0","66","0","0","0","0","0","0","0","0","Under 1,000"
"408312","Career Training Academy-Monroeville","2014","115","115","0","115","115","30","6","79","0","0","115","30","6","79","0","0","0","0","0","0","0","0","Under 1,000"
"408385","Southern Careers Institute-Pharr","2014","470","470","0","470","470","402","0","68","0","0","470","402","0","68","0","0","0","0","0","0","0","0","Under 1,000"
"408394","Texas State Technical College-Marshall","2014","858","367","491","532","858","137","61","291","369","0","367","85","41","155","86","0","491","52","20","136","283","0","Under 1,000"
"408729","BUSINESS INSTITUTE OF PENNSYLVANIA-TITUSVILLE","2014","125","112","13","117","125","34","17","73","1","0","112","31","14","67","0","0","13","3","3","6","1","0","Under 1,000"
"408844","Florida National University-Main Campus","2014","2401","2025","376","2173","2376","272","0","1526","578","25","2006","263","0","1191","552","19","370","9","0","335","26","6","1,000 - 4,999"
"408862","Georgia Institute of Cosmetology","2014","328","89","239","184","328","91","0","237","0","0","89","29","0","60","0","0","239","62","0","177","0","0","Under 1,000"
"409032","Nouvelle Institute","2014","117","117","0","117","117","109","0","8","0","0","117","109","0","8","0","0","0","0","0","0","0","0","Under 1,000"
"409069","ITT Technical Institute-Fort Lauderdale","2014","552","402","150","461","552","60","23","469","0","0","402","50","12","340","0","0","150","10","11","129","0","0","Under 1,000"
"409120","Franklin Technology-MSSU","2014","178","178","0","178","178","52","0","126","0","0","178","52","0","126","0","0","0","0","0","0","0","0","Under 1,000"
"409193","Professional Technical Institution Inc","2014","325","325","0","325","325","26","0","299","0","0","325","26","0","299","0","0","0","0","0","0","0","0","Under 1,000"
"409254","Erikson Institute","2014","256","40","216","123","0","0","0","0","0","256","0","0","0","0","0","40","0","0","0","0","0","216","Under 1,000"
"409315","South Texas College","2014","30180","9650","20530","17935","30180","3919","830","12961","12470","0","9650","2783","444","5163","1260","0","20530","1136","386","7798","11210","0","20,000 and above"
"409537","Pike County Joint Vocational School District","2014","69","55","14","60","69","12","0","57","0","0","55","10","0","45","0","0","14","2","0","12","0","0","Under 1,000"
"409591","Lorain County Joint Vocational School District","2014","107","58","49","74","107","54","0","53","0","0","58","31","0","27","0","0","49","23","0","26","0","0","Under 1,000"
"409616","Roger Williams University School of Law","2014","370","370","0","370","0","0","0","0","0","370","0","0","0","0","0","370","0","0","0","0","0","0","Under 1,000"
"409670","Everest Institute-Kendall","2014","147","94","53","115","147","0","0","147","0","0","94","0","0","94","0","0","53","0","0","53","0","0","Under 1,000"
"409698","California State University-Monterey Bay","2014","6631","6036","595","6270","6231","1305","876","3743","307","400","5783","1295","792","3461","235","253","448","10","84","282","72","147","5,000 - 9,999"
"409874","Heald College-Salinas","2014","682","543","139","598","682","56","29","597","0","0","543","37","11","495","0","0","139","19","18","102","0","0","Under 1,000"
"410070","Heritage College-Oklahoma City","2014","715","715","0","715","715","155","108","452","0","0","715","155","108","452","0","0","0","0","0","0","0","0","Under 1,000"
"410256","Ann Arbor Institute of Massage Therapy","2014","95","95","0","95","95","26","0","69","0","0","95","26","0","69","0","0","0","0","0","0","0","0","Under 1,000"
"410283","Brown Mackie College-Atlanta","2014","919","919","0","919","919","293","0","626","0","0","919","293","0","626","0","0","0","0","0","0","0","0","Under 1,000"
"410496","Bryant & Stratton College-Henrietta","2014","431","290","141","346","431","56","82","255","38","0","290","53","75","162","0","0","141","3","7","93","38","0","Under 1,000"
"410502","The Art Institute of California-Argosy University Hollywood","2014","1602","977","625","1223","1602","209","170","1223","0","0","977","114","101","762","0","0","625","95","69","461","0","0","1,000 - 4,999"
"410520","Sage College","2014","407","149","258","251","407","8","0","399","0","0","149","3","0","146","0","0","258","5","0","253","0","0","Under 1,000"
"410788","Lincoln Technical Institute-Hartford","2014","450","261","189","336","450","55","0","395","0","0","261","26","0","235","0","0","189","29","0","160","0","0","Under 1,000"
"410797","Ohio Center for Broadcasting-Valley View","2014","169","169","0","169","169","41","0","128","0","0","169","41","0","128","0","0","0","0","0","0","0","0","Under 1,000"
"410964","EINE Inc","2014","43","32","11","36","43","6","0","37","0","0","32","5","0","27","0","0","11","1","0","10","0","0","Under 1,000"
"411684","Marian Health Careers Center-Los Angeles Campus","2014","117","117","0","117","117","28","0","89","0","0","117","28","0","89","0","0","0","0","0","0","0","0","Under 1,000"
"411754","Cleveland Clinic Health System-School of Diagnostic Imaging","2014","37","37","0","37","37","0","0","37","0","0","37","0","0","37","0","0","0","0","0","0","0","0","Under 1,000"
"412003","National Institute of Massotherapy","2014","48","31","17","38","48","9","5","31","3","0","31","7","5","19","0","0","17","2","0","12","3","0","Under 1,000"
"412173","Academy for Nursing and Health Occupations","2014","424","424","0","424","424","12","112","300","0","0","424","12","112","300","0","0","0","0","0","0","0","0","Under 1,000"
"412535","Shawsheen Valley Regional Vocational Technical School","2014","43","40","3","41","43","9","0","34","0","0","40","9","0","31","0","0","3","0","0","3","0","0","Under 1,000"
"412544","Shear Ego International School of Hair Design","2014","111","87","24","97","111","27","0","84","0","0","87","24","0","63","0","0","24","3","0","21","0","0","Under 1,000"
"412599","Remington College-Memphis Campus","2014","633","633","0","633","633","250","1","382","0","0","633","250","1","382","0","0","0","0","0","0","0","0","Under 1,000"
"412650","Star Truck Driving School-Hickory Hills","2014","102","82","20","90","102","84","0","18","0","0","82","69","0","13","0","0","20","15","0","5","0","0","Under 1,000"
"413176","Fayette Institute of Technology","2014","35","35","0","35","35","22","0","13","0","0","35","22","0","13","0","0","0","0","0","0","0","0","Under 1,000"
"413343","Professional Beauty School","2014","21","21","0","21","21","6","0","15","0","0","21","6","0","15","0","0","0","0","0","0","0","0","Under 1,000"
"413413","Capella University","2014","35061","2589","32472","15072","8750","160","752","7826","12","26311","1624","3","30","1590","1","965","7126","157","722","6236","11","25346","20,000 and above"
"413617","College of Menominee Nation","2014","560","165","395","320","560","90","9","305","156","0","165","47","1","113","4","0","395","43","8","192","152","0","Under 1,000"
"413626","Leech Lake Tribal College","2014","297","229","68","252","297","78","20","192","7","0","229","77","19","133","0","0","68","1","1","59","7","0","Under 1,000"
"413644","Southwest Acupuncture College-Albuquerque","2014","43","36","7","39","0","0","0","0","0","43","0","0","0","0","0","36","0","0","0","0","0","7","Under 1,000"
"413680","Crimson Technical College","2014","414","414","0","414","414","170","0","244","0","0","414","170","0","244","0","0","0","0","0","0","0","0","Under 1,000"
"413778","Stone Academy-Waterbury","2014","187","187","0","187","187","130","0","57","0","0","187","130","0","57","0","0","0","0","0","0","0","0","Under 1,000"
"413802","East San Gabriel Valley Regional Occupational Program","2014","581","221","360","342","581","130","0","451","0","0","221","52","0","169","0","0","360","78","0","282","0","0","Under 1,000"
"413820","Yukon Beauty College Inc","2014","25","25","0","25","25","8","0","17","0","0","25","8","0","17","0","0","0","0","0","0","0","0","Under 1,000"
"413839","ITT Technical Institute-Little Rock","2014","273","224","49","243","273","54","2","217","0","0","224","48","2","174","0","0","49","6","0","43","0","0","Under 1,000"
"413848","ITT Technical Institute-Oxnard","2014","291","203","88","238","291","25","0","266","0","0","203","23","0","180","0","0","88","2","0","86","0","0","Under 1,000"
"413857","ITT Technical Institute-Louisville","2014","442","297","145","354","442","64","6","372","0","0","297","59","3","235","0","0","145","5","3","137","0","0","Under 1,000"
"413866","ITT Technical Institute-Greenville","2014","269","201","68","228","269","57","2","210","0","0","201","49","1","151","0","0","68","8","1","59","0","0","Under 1,000"
"413884","ITT Technical Institute-Cordova","2014","545","416","129","467","545","113","9","423","0","0","416","93","7","316","0","0","129","20","2","107","0","0","Under 1,000"
"413945","Toni & Guy Hairdressing Academy-Atlanta","2014","63","63","0","63","63","19","0","44","0","0","63","19","0","44","0","0","0","0","0","0","0","0","Under 1,000"
"413972","Mitchell's Hair Styling Academy-Raleigh","2014","72","56","16","62","72","42","0","30","0","0","56","36","0","20","0","0","16","6","0","10","0","0","Under 1,000"
"414054","Salon Academy","2014","75","73","2","74","75","22","0","53","0","0","73","21","0","52","0","0","2","1","0","1","0","0","Under 1,000"
"414063","Artistic Academy of Hair Design","2014","156","132","24","142","156","38","0","118","0","0","132","37","0","95","0","0","24","1","0","23","0","0","Under 1,000"
"414124","Motoring Technical Training Institute","2014","314","263","51","283","314","239","0","75","0","0","263","199","0","64","0","0","51","40","0","11","0","0","Under 1,000"
"414160","Baker College of Jackson","2014","1937","852","1085","1278","1931","272","229","1419","11","6","848","141","118","589","0","4","1083","131","111","830","11","2","1,000 - 4,999"
"414452","Phagans Newport Academy of Cosmetology Careers","2014","31","31","0","31","31","23","0","8","0","0","31","23","0","8","0","0","0","0","0","0","0","0","Under 1,000"
"414461","Mech-Tech College","2014","3101","2657","444","2833","3101","952","261","1888","0","0","2657","952","159","1546","0","0","444","0","102","342","0","0","1,000 - 4,999"
"414489","Baldwin Beauty School-North Austin","2014","72","72","0","72","72","69","0","3","0","0","72","69","0","3","0","0","0","0","0","0","0","0","Under 1,000"
"414531","ITT Technical Institute-Everett","2014","279","198","81","230","279","35","3","241","0","0","198","33","2","163","0","0","81","2","1","78","0","0","Under 1,000"
"414540","Jean Madeline Aveda Institute","2014","297","248","49","267","297","116","0","181","0","0","248","101","0","147","0","0","49","15","0","34","0","0","Under 1,000"
"414559","Cosmetology Schools Inc","2014","30","30","0","30","30","14","0","16","0","0","30","14","0","16","0","0","0","0","0","0","0","0","Under 1,000"
"414568","ITT Technical Institute-Bessemer","2014","500","347","153","407","500","59","7","434","0","0","347","50","3","294","0","0","153","9","4","140","0","0","Under 1,000"
"414586","ITT Technical Institute-Orland Park","2014","524","294","230","384","524","61","12","451","0","0","294","49","6","239","0","0","230","12","6","212","0","0","Under 1,000"
"414595","Pacific College of Oriental Medicine-New York","2014","560","361","199","438","136","12","6","115","3","424","37","8","3","26","0","324","99","4","3","89","3","100","Under 1,000"
"414708","Baker College Center for Graduate Studies","2014","4530","1407","3123","2631","3976","155","314","3436","71","554","1142","22","2","1115","3","265","2834","133","312","2321","68","289","1,000 - 4,999"
"414823","Johnson & Wales University-North Miami","2014","1904","1855","49","1874","1904","454","142","1294","14","0","1855","452","141","1248","14","0","49","2","1","46","0","0","1,000 - 4,999"
"414841","ITT Technical Institute-Pittsburgh","2014","179","139","40","155","179","34","1","144","0","0","139","32","1","106","0","0","40","2","0","38","0","0","Under 1,000"
"414869","Tricoci University of Beauty Culture-Indianapolis","2014","111","60","51","80","111","3","0","108","0","0","60","2","0","58","0","0","51","1","0","50","0","0","Under 1,000"
"414878","Trine University-Regional/Non-Traditional Campuses","2014","675","297","378","445","545","7","209","326","3","130","234","6","40","188","0","63","311","1","169","138","3","67","Under 1,000"
"414911","Pennsylvania Highlands Community College","2014","2470","924","1546","1443","2470","289","51","917","1213","0","924","237","34","566","87","0","1546","52","17","351","1126","0","1,000 - 4,999"
"414939","Nevada Career Institute","2014","283","283","0","283","283","91","0","192","0","0","283","91","0","192","0","0","0","0","0","0","0","0","Under 1,000"
"414966","Phillips Theological Seminary","2014","110","35","75","64","0","0","0","0","0","110","0","0","0","0","0","35","0","0","0","0","0","75","Under 1,000"
"415039","Empire Beauty School-Hanover","2014","86","64","22","73","86","49","0","37","0","0","64","37","0","27","0","0","22","12","0","10","0","0","Under 1,000"
"415057","Industrial Management Training Institute","2014","140","140","0","140","140","90","0","50","0","0","140","90","0","50","0","0","0","0","0","0","0","0","Under 1,000"
"415729","Faris Technical Institute Inc","2014","17","14","3","15","17","3","0","14","0","0","14","3","0","11","0","0","3","0","0","3","0","0","Under 1,000"
"415774","Four-D College","2014","633","453","180","524","633","196","0","437","0","0","453","141","0","312","0","0","180","55","0","125","0","0","Under 1,000"
"415987","Allen School-Jamaica","2014","322","322","0","322","322","81","0","241","0","0","322","81","0","241","0","0","0","0","0","0","0","0","Under 1,000"
"416458","Premiere Career College","2014","399","399","0","399","399","176","0","223","0","0","399","176","0","223","0","0","0","0","0","0","0","0","Under 1,000"
"416670","Tennessee Academy of Cosmetology-Stage Road","2014","95","70","25","80","95","57","0","38","0","0","70","36","0","34","0","0","25","21","0","4","0","0","Under 1,000"
"416801","The University of Texas MD Anderson Cancer Center","2014","303","251","52","272","292","0","104","188","0","11","247","0","102","145","0","4","45","0","2","43","0","7","Under 1,000"
"416971","Carousel Beauty College-Springfield","2014","59","28","31","40","59","11","0","48","0","0","28","7","0","21","0","0","31","4","0","27","0","0","Under 1,000"
"416980","Carousel Beauty College-Kettering","2014","62","37","25","47","62","12","0","50","0","0","37","8","0","29","0","0","25","4","0","21","0","0","Under 1,000"
"417008","Paul Mitchell the School-Huntsville","2014","149","149","0","149","149","55","0","94","0","0","149","55","0","94","0","0","0","0","0","0","0","0","Under 1,000"
"417062","Estes Institute of Cosmetology Arts and Science","2014","76","76","0","76","76","17","0","59","0","0","76","17","0","59","0","0","0","0","0","0","0","0","Under 1,000"
"417105","Baldwin Park Adult & Community Education","2014","307","285","22","292","307","70","0","237","0","0","285","59","0","226","0","0","22","11","0","11","0","0","Under 1,000"
"417123","Ventura Adult and Continuing Education","2014","104","89","15","94","104","51","0","53","0","0","89","44","0","45","0","0","15","7","0","8","0","0","Under 1,000"
"417132","Marinello Schools of Beauty-Sacramento","2014","462","434","28","445","462","127","0","335","0","0","434","121","0","313","0","0","28","6","0","22","0","0","Under 1,000"
"417178","Albert I Prince Technical High School","2014","56","56","0","56","56","8","0","48","0","0","56","8","0","48","0","0","0","0","0","0","0","0","Under 1,000"
"417187","Bullard-Havens Technical High School","2014","15","15","0","15","15","1","0","14","0","0","15","1","0","14","0","0","0","0","0","0","0","0","Under 1,000"
"417248","Howell Cheney Technical High School","2014","52","52","0","52","52","30","0","22","0","0","52","30","0","22","0","0","0","0","0","0","0","0","Under 1,000"
"417257","W F Kaynor Technical High School","2014","38","38","0","38","38","8","0","30","0","0","38","8","0","30","0","0","0","0","0","0","0","0","Under 1,000"
"417275","Platt Technical High School","2014","20","20","0","20","20","10","0","10","0","0","20","10","0","10","0","0","0","0","0","0","0","0","Under 1,000"
"417318","College of Business and Technology-Kendall","2014","63","63","0","63","63","0","0","63","0","0","63","0","0","63","0","0","0","0","0","0","0","0","Under 1,000"
"417327","City College-Altamonte Springs","2014","410","265","145","323","410","40","59","311","0","0","265","28","34","203","0","0","145","12","25","108","0","0","Under 1,000"
"417345","Augusta Area Dietetic Internship-University Hospital","2014","14","14","0","14","0","0","0","0","0","14","0","0","0","0","0","14","0","0","0","0","0","0","Under 1,000"
"417381","Empire Beauty School-Dunwoody","2014","157","113","44","130","157","32","0","125","0","0","113","26","0","87","0","0","44","6","0","38","0","0","Under 1,000"
"417406","Cobb Beauty College Inc","2014","52","52","0","52","52","30","0","22","0","0","52","30","0","22","0","0","0","0","0","0","0","0","Under 1,000"
"417442","Career Center of Southern Illinois","2014","82","82","0","82","82","14","0","68","0","0","82","14","0","68","0","0","0","0","0","0","0","0","Under 1,000"
"417503","Xenon International Academy-Wichita","2014","171","129","42","146","171","10","0","161","0","0","129","5","0","124","0","0","42","5","0","37","0","0","Under 1,000"
"417549","Camelot College","2014","247","247","0","247","247","81","0","166","0","0","247","81","0","166","0","0","0","0","0","0","0","0","Under 1,000"
"417600","Hastings Beauty School","2014","36","36","0","36","36","24","0","12","0","0","36","24","0","12","0","0","0","0","0","0","0","0","Under 1,000"
"417628","Kirksville Area Technical Center","2014","34","29","5","31","34","11","0","23","0","0","29","6","0","23","0","0","5","5","0","0","0","0","Under 1,000"
"417637","South Central Career Center","2014","58","58","0","58","58","12","0","46","0","0","58","12","0","46","0","0","0","0","0","0","0","0","Under 1,000"
"417646","Saline County Career Center","2014","23","23","0","23","23","11","0","12","0","0","23","11","0","12","0","0","0","0","0","0","0","0","Under 1,000"
"417655","Warrensburg Area Career Center","2014","39","39","0","39","39","12","0","27","0","0","39","12","0","27","0","0","0","0","0","0","0","0","Under 1,000"
"417673","Nevada Regional Technical Center","2014","16","15","1","15","16","7","0","9","0","0","15","6","0","9","0","0","1","1","0","0","0","0","Under 1,000"
"417682","Cass Career Center","2014","22","22","0","22","22","2","0","20","0","0","22","2","0","20","0","0","0","0","0","0","0","0","Under 1,000"
"417716","Applied Technology Services","2014","166","166","0","166","166","12","0","154","0","0","166","12","0","154","0","0","0","0","0","0","0","0","Under 1,000"
"417725","Central College of Cosmetology","2014","93","93","0","93","93","14","0","79","0","0","93","14","0","79","0","0","0","0","0","0","0","0","Under 1,000"
"417734","Southeast Missouri Hospital College of Nursing and Health Sciences","2014","233","64","169","131","233","5","70","157","1","0","64","3","29","31","1","0","169","2","41","126","0","0","Under 1,000"
"417752","Messenger College","2014","166","79","87","113","166","94","18","54","0","0","79","21","12","46","0","0","87","73","6","8","0","0","Under 1,000"
"417789","Tennessee Academy of Cosmetology-Shelby Drive","2014","96","64","32","77","96","40","0","56","0","0","64","28","0","36","0","0","32","12","0","20","0","0","Under 1,000"
"417804","Durham Beauty Academy","2014","78","78","0","78","78","12","0","66","0","0","78","12","0","66","0","0","0","0","0","0","0","0","Under 1,000"
"417831","Union County Vocational Technical School","2014","106","106","0","106","106","55","0","51","0","0","106","55","0","51","0","0","0","0","0","0","0","0","Under 1,000"
"417840","Prism Career Institute-Philadelphia","2014","396","294","102","334","396","347","0","49","0","0","294","267","0","27","0","0","102","80","0","22","0","0","Under 1,000"
"417868","Clinton Essex Warren Washington BOCES-Practical Nursing Program","2014","63","31","32","42","63","63","0","0","0","0","31","31","0","0","0","0","32","32","0","0","0","0","Under 1,000"
"417886","Jefferson Lewis BOCES-Practical Nursing Program","2014","77","77","0","77","77","11","0","66","0","0","77","11","0","66","0","0","0","0","0","0","0","0","Under 1,000"
"417901","Rochester General Hospital School of Medical Technology","2014","24","24","0","24","24","0","0","24","0","0","24","0","0","24","0","0","0","0","0","0","0","0","Under 1,000"
"417910","Veeb Nassau County School of Practical Nursing","2014","201","201","0","201","201","158","0","43","0","0","201","158","0","43","0","0","0","0","0","0","0","0","Under 1,000"
"417947","Syracuse City Schools Practical Nursing Program","2014","33","33","0","33","33","5","0","28","0","0","33","5","0","28","0","0","0","0","0","0","0","0","Under 1,000"
"417983","Cattaraugus Allegany BOCES-Practical Nursing Program","2014","50","0","50","17","50","27","0","23","0","0","0","0","0","0","0","0","50","27","0","23","0","0","Under 1,000"
"417992","Orange Ulster BOCES-Practical Nursing Program","2014","50","33","17","39","50","25","0","25","0","0","33","15","0","18","0","0","17","10","0","7","0","0","Under 1,000"
"418001","Wayne Finger Lakes BOCES-Practical Nursing Program","2014","302","302","0","302","302","21","0","281","0","0","302","21","0","281","0","0","0","0","0","0","0","0","Under 1,000"
"418010","Broome Delaware Tioga BOCES-Practical Nursing Program","2014","61","21","40","34","61","13","0","48","0","0","21","4","0","17","0","0","40","9","0","31","0","0","Under 1,000"
"418029","Washington Saratoga Warren Hamilton Essex BOCES-Practical Nursing Program","2014","30","30","0","30","30","9","0","21","0","0","30","9","0","21","0","0","0","0","0","0","0","0","Under 1,000"
"418038","Albany BOCES-Adult Practical Nursing Program","2014","141","141","0","141","141","83","0","58","0","0","141","83","0","58","0","0","0","0","0","0","0","0","Under 1,000"
"418056","Ulster County BOCES-Practical Nursing Program","2014","143","126","17","132","143","60","0","83","0","0","126","54","0","72","0","0","17","6","0","11","0","0","Under 1,000"
"418065","Eastern Suffolk BOCES-Practical Nursing Program","2014","346","283","63","304","346","104","0","242","0","0","283","82","0","201","0","0","63","22","0","41","0","0","Under 1,000"
"418083","Rockland County BOCES-Practical Nursing Program","2014","96","51","45","66","96","22","0","74","0","0","51","13","0","38","0","0","45","9","0","36","0","0","Under 1,000"
"418126","New York College of Health Professions","2014","732","406","326","533","519","48","81","387","3","213","278","32","46","200","0","128","241","16","35","187","3","85","Under 1,000"
"418171","Charles Stuart School of Diamond Setting","2014","27","27","0","27","27","21","0","6","0","0","27","21","0","6","0","0","0","0","0","0","0","0","Under 1,000"
"418199","Penta County Joint Vocational School","2014","57","57","0","57","57","33","0","24","0","0","57","33","0","24","0","0","0","0","0","0","0","0","Under 1,000"
"418205","Career and Technology Education Centers of Licking County","2014","307","220","87","249","307","31","0","276","0","0","220","26","0","194","0","0","87","5","0","82","0","0","Under 1,000"
"418223","Willoughby-Eastlake School of Practical Nursing","2014","99","99","0","99","99","31","0","68","0","0","99","31","0","68","0","0","0","0","0","0","0","0","Under 1,000"
"418250","Washington County Career Center-Adult Technical Training","2014","300","266","34","277","300","45","0","255","0","0","266","28","0","238","0","0","34","17","0","17","0","0","Under 1,000"
"418269","Ohio Center for Broadcasting-Cincinnati","2014","70","70","0","70","70","15","0","55","0","0","70","15","0","55","0","0","0","0","0","0","0","0","Under 1,000"
"418278","Vantage Career Center","2014","44","9","35","21","44","19","0","25","0","0","9","2","0","7","0","0","35","17","0","18","0","0","Under 1,000"
"418296","Indian Capital Technology Center-Muskogee","2014","715","165","550","350","715","626","0","89","0","0","165","92","0","73","0","0","550","534","0","16","0","0","Under 1,000"
"418302","Western Technology Center","2014","494","63","431","208","494","61","0","37","396","0","63","38","0","25","0","0","431","23","0","12","396","0","Under 1,000"
"418320","Mid-America Technology Center","2014","927","58","869","350","927","139","0","788","0","0","58","38","0","20","0","0","869","101","0","768","0","0","Under 1,000"
"418339","Northeast Technology Center-Pryor","2014","470","65","405","201","470","64","0","56","350","0","65","27","0","36","2","0","405","37","0","20","348","0","Under 1,000"
"418348","Eastern Oklahoma County Technology Center","2014","519","80","439","227","519","82","0","49","388","0","80","45","0","35","0","0","439","37","0","14","388","0","Under 1,000"
"418357","Wes Watkins Technology Center","2014","81","67","14","72","81","44","0","37","0","0","67","31","0","36","0","0","14","13","0","1","0","0","Under 1,000"
"418384","Technical Institute of Cosmetology Arts and Sciences","2014","38","38","0","38","38","20","0","18","0","0","38","20","0","18","0","0","0","0","0","0","0","0","Under 1,000"
"418409","York County School of Technology-Adult & Continuing Education","2014","236","82","154","134","236","113","0","123","0","0","82","29","0","53","0","0","154","84","0","70","0","0","Under 1,000"
"418427","Chester County Intermediate Unit","2014","125","102","23","110","125","12","0","113","0","0","102","12","0","90","0","0","23","0","0","23","0","0","Under 1,000"
"418445","Jefferson County Dubois Area Vocational Technical Practical Nursing Program","2014","39","39","0","39","39","24","0","15","0","0","39","24","0","15","0","0","0","0","0","0","0","0","Under 1,000"
"418454","Greater Johnstown Career and Technology Center","2014","191","184","7","186","191","178","0","13","0","0","184","171","0","13","0","0","7","7","0","0","0","0","Under 1,000"
"418481","Mifflin-Juniata Career and Technology Center","2014","56","56","0","56","56","28","0","28","0","0","56","28","0","28","0","0","0","0","0","0","0","0","Under 1,000"
"418506","Hanover Public School District Practical Nursing Program","2014","35","35","0","35","35","34","0","1","0","0","35","34","0","1","0","0","0","0","0","0","0","0","Under 1,000"
"418515","Lenape Technical School Practical Nursing Program","2014","157","127","30","137","157","117","0","40","0","0","127","94","0","33","0","0","30","23","0","7","0","0","Under 1,000"
"418524","Venango County Area Vocational Technical School","2014","64","64","0","64","64","30","0","34","0","0","64","30","0","34","0","0","0","0","0","0","0","0","Under 1,000"
"418533","Lancaster County Career and Technology Center","2014","462","273","189","336","462","190","0","272","0","0","273","102","0","171","0","0","189","88","0","101","0","0","Under 1,000"
"418542","Lebanon County Area Vocational Technical School","2014","209","104","105","139","209","161","0","48","0","0","104","94","0","10","0","0","105","67","0","38","0","0","Under 1,000"
"418560","Indiana County Technology Center","2014","84","25","59","45","84","29","0","55","0","0","25","10","0","15","0","0","59","19","0","40","0","0","Under 1,000"
"418588","Northern Tier Career Center","2014","35","35","0","35","35","15","0","20","0","0","35","15","0","20","0","0","0","0","0","0","0","0","Under 1,000"
"418603","Clarion County Career Center Practical Nursing Program","2014","58","38","20","45","58","17","0","41","0","0","38","12","0","26","0","0","20","5","0","15","0","0","Under 1,000"
"418612","Hazleton Area Career Center","2014","23","23","0","23","23","5","0","18","0","0","23","5","0","18","0","0","0","0","0","0","0","0","Under 1,000"
"418658","All-State Career School-Pittsburgh","2014","269","269","0","269","269","118","0","151","0","0","269","118","0","151","0","0","0","0","0","0","0","0","Under 1,000"
"418755","Colegio Tecnologico y Comercial de Puerto Rico","2014","123","123","0","123","123","31","0","92","0","0","123","31","0","92","0","0","0","0","0","0","0","0","Under 1,000"
"418764","Quality Technical and Beauty College","2014","114","114","0","114","114","45","0","69","0","0","114","45","0","69","0","0","0","0","0","0","0","0","Under 1,000"
"418773","D'Mart Institute","2014","1541","1283","258","1385","1541","746","0","795","0","0","1283","561","0","722","0","0","258","185","0","73","0","0","1,000 - 4,999"
"418782","Automeca Technical College-Aguadilla","2014","348","348","0","348","348","211","0","137","0","0","348","211","0","137","0","0","0","0","0","0","0","0","Under 1,000"
"418870","Fortis Institute-Cookeville","2014","226","226","0","226","226","34","9","183","0","0","226","34","9","183","0","0","0","0","0","0","0","0","Under 1,000"
"418889","North Central Institute","2014","102","64","38","79","102","40","61","1","0","0","64","24","39","1","0","0","38","16","22","0","0","0","Under 1,000"
"418913","Pipo Academy of Hair Design","2014","11","11","0","11","11","10","0","1","0","0","11","10","0","1","0","0","0","0","0","0","0","0","Under 1,000"
"418968","Tint School of Makeup and Cosmetology-Dallas","2014","63","63","0","63","63","8","0","55","0","0","63","8","0","55","0","0","0","0","0","0","0","0","Under 1,000"
"419031","United Technical Center","2014","27","27","0","27","27","5","0","22","0","0","27","5","0","22","0","0","0","0","0","0","0","0","Under 1,000"
"419095","Charles H McCann Technical School","2014","55","55","0","55","55","22","0","33","0","0","55","22","0","33","0","0","0","0","0","0","0","0","Under 1,000"
"419147","Ailano School of Cosmetology","2014","36","27","9","31","36","28","0","8","0","0","27","21","0","6","0","0","9","7","0","2","0","0","Under 1,000"
"419156","Carsten Institute of Cosmetology","2014","59","59","0","59","59","13","0","46","0","0","59","13","0","46","0","0","0","0","0","0","0","0","Under 1,000"
"419183","Central California School","2014","385","385","0","385","385","223","0","162","0","0","385","223","0","162","0","0","0","0","0","0","0","0","Under 1,000"
"419217","Mercy Hospital School of Practical Nursing-Plantation General Hospital","2014","91","91","0","91","91","3","0","88","0","0","91","3","0","88","0","0","0","0","0","0","0","0","Under 1,000"
"419226","Marion County Community Technical and Adult Education Center","2014","381","381","0","381","381","146","0","235","0","0","381","146","0","235","0","0","0","0","0","0","0","0","Under 1,000"
"419235","Rivertown School of Beauty Barber Skin Care and Nails","2014","203","203","0","203","203","62","0","141","0","0","203","62","0","141","0","0","0","0","0","0","0","0","Under 1,000"
"419244","Atlanta Institute of Music","2014","170","114","56","136","170","64","0","106","0","0","114","51","0","63","0","0","56","13","0","43","0","0","Under 1,000"
"419253","Illinois Center for Broadcasting","2014","109","109","0","109","109","33","0","76","0","0","109","33","0","76","0","0","0","0","0","0","0","0","Under 1,000"
"419271","St Louis Hair Academy","2014","14","7","7","10","14","4","0","10","0","0","7","2","0","5","0","0","7","2","0","5","0","0","Under 1,000"
"419280","New Dimensions School of Hair Design","2014","63","28","35","42","63","10","0","53","0","0","28","7","0","21","0","0","35","3","0","32","0","0","Under 1,000"
"419314","Adirondack Beauty School","2014","34","34","0","34","34","15","0","19","0","0","34","15","0","19","0","0","0","0","0","0","0","0","Under 1,000"
"419332","Forbes Road Career and Technology Center","2014","25","12","13","16","25","17","0","8","0","0","12","8","0","4","0","0","13","9","0","4","0","0","Under 1,000"
"419341","Jna Institute of Culinary Arts","2014","59","59","0","59","59","28","0","31","0","0","59","28","0","31","0","0","0","0","0","0","0","0","Under 1,000"
"419411","Cortiva Institute-Seattle","2014","247","139","108","182","247","98","0","149","0","0","139","57","0","82","0","0","108","41","0","67","0","0","Under 1,000"
"419420","Putnam Career and Technical Center","2014","119","56","63","77","119","54","0","65","0","0","56","18","0","38","0","0","63","36","0","27","0","0","Under 1,000"
"419457","Argosy University-Washington DC","2014","793","234","559","449","121","9","16","89","7","672","16","2","2","12","0","218","105","7","14","77","7","454","Under 1,000"
"419484","Crawford County Career and Technical Center Practical Nursing Program","2014","27","27","0","27","27","15","0","12","0","0","27","15","0","12","0","0","0","0","0","0","0","0","Under 1,000"
"419633","Texas College of Cosmetology-San Angelo","2014","102","102","0","102","102","26","0","76","0","0","102","26","0","76","0","0","0","0","0","0","0","0","Under 1,000"
"419660","Beauty Schools of America-Hialeah","2014","877","877","0","877","877","201","0","676","0","0","877","201","0","676","0","0","0","0","0","0","0","0","Under 1,000"
"419703","Automeca Technical College-Bayamon","2014","687","687","0","687","687","470","0","217","0","0","687","470","0","217","0","0","0","0","0","0","0","0","Under 1,000"
"419712","Automeca Technical College-Caguas","2014","263","263","0","263","263","193","0","70","0","0","263","193","0","70","0","0","0","0","0","0","0","0","Under 1,000"
"419721","Automeca Technical College-Ponce","2014","289","289","0","289","289","183","0","106","0","0","289","183","0","106","0","0","0","0","0","0","0","0","Under 1,000"
"420006","Everest University-Melbourne","2014","392","293","99","332","371","37","30","304","0","21","285","37","24","224","0","8","86","0","6","80","0","13","Under 1,000"
"420024","Centura College-Chesapeake","2014","131","74","57","97","131","28","0","103","0","0","74","16","0","58","0","0","57","12","0","45","0","0","Under 1,000"
"420042","University of Phoenix-Hawaii Campus","2014","1593","1593","0","1593","1408","28","121","1258","1","185","1408","28","121","1258","1","185","0","0","0","0","0","0","1,000 - 4,999"
"420103","Florida College of Natural Health-Miami","2014","202","202","0","202","202","74","2","126","0","0","202","74","2","126","0","0","0","0","0","0","0","0","Under 1,000"
"420130","Prism Career Institute-Cherry Hill","2014","45","45","0","45","45","41","0","4","0","0","45","41","0","4","0","0","0","0","0","0","0","0","Under 1,000"
"420194","Amerian National College","2014","64","64","0","64","64","57","0","7","0","0","64","57","0","7","0","0","0","0","0","0","0","0","Under 1,000"
"420200","Francois D College of Hair Skin and Nails","2014","72","12","60","36","72","59","0","13","0","0","12","9","0","3","0","0","60","50","0","10","0","0","Under 1,000"
"420246","Southwest College of Naturopathic Medicine & Health Sciences","2014","402","380","22","388","0","0","0","0","0","402","0","0","0","0","0","380","0","0","0","0","0","22","Under 1,000"
"420255","Escuela de Peritos Electricistas de Isabela Inc","2014","107","107","0","107","107","31","0","76","0","0","107","31","0","76","0","0","0","0","0","0","0","0","Under 1,000"
"420307","Virginia College-Birmingham","2014","2818","1747","1071","2167","2711","450","0","2261","0","107","1697","338","0","1359","0","50","1014","112","0","902","0","57","1,000 - 4,999"
"420316","Virginia College-Huntsville","2014","597","408","189","482","597","151","0","446","0","0","408","118","0","290","0","0","189","33","0","156","0","0","Under 1,000"
"420325","Yeshiva D'monsey Rabbinical College","2014","60","60","0","60","52","6","4","42","0","8","52","6","4","42","0","8","0","0","0","0","0","0","Under 1,000"
"420343","Lincoln Technical Institute-Mahwah","2014","780","543","237","637","780","181","0","599","0","0","543","155","0","388","0","0","237","26","0","211","0","0","Under 1,000"
"420370","Career Technical Institute","2014","607","607","0","607","607","148","0","459","0","0","607","148","0","459","0","0","0","0","0","0","0","0","Under 1,000"
"420398","Northwest Vista College","2014","15797","3952","11845","7929","15797","2609","808","9183","3197","0","3952","1019","246","2620","67","0","11845","1590","562","6563","3130","0","10,000 - 19,999"
"420404","ITT Technical Institute-Getzville","2014","326","256","70","284","326","70","3","253","0","0","256","58","2","196","0","0","70","12","1","57","0","0","Under 1,000"
"420431","Oconee Fall Line Technical College","2014","1659","468","1191","868","1659","258","165","935","301","0","468","85","56","327","0","0","1191","173","109","608","301","0","1,000 - 4,999"
"420440","York County Community College","2014","1699","529","1170","922","1699","278","154","968","299","0","529","155","69","302","3","0","1170","123","85","666","296","0","1,000 - 4,999"
"420459","Northeast Technology Center-Afton","2014","423","81","342","196","423","72","0","58","293","0","81","56","0","25","0","0","342","16","0","33","293","0","Under 1,000"
"420468","Western Suffolk BOCES","2014","336","205","131","249","336","296","0","40","0","0","205","182","0","23","0","0","131","114","0","17","0","0","Under 1,000"
"420495","Sanford-Brown College-Atlanta","2014","428","420","8","423","428","33","80","315","0","0","420","33","80","307","0","0","8","0","0","8","0","0","Under 1,000"
"420501","Sanford-Brown College-Middleburg Heights","2014","72","68","4","70","72","0","0","72","0","0","68","0","0","68","0","0","4","0","0","4","0","0","Under 1,000"
"420538","Arkansas State University-Mountain Home","2014","1393","817","576","1010","1393","255","104","881","153","0","817","202","68","531","16","0","576","53","36","350","137","0","1,000 - 4,999"
"420556","Columbia Gorge Community College","2014","991","356","635","569","991","234","0","631","126","0","356","82","0","260","14","0","635","152","0","371","112","0","Under 1,000"
"420574","Arizona State University-Polytechnic","2014","4094","3427","667","3690","3750","535","518","2673","24","344","3230","526","411","2272","21","197","520","9","107","401","3","147","1,000 - 4,999"
"420608","Colleen O'Haras Beauty Academy","2014","126","125","1","125","126","22","0","104","0","0","125","22","0","103","0","0","1","0","0","1","0","0","Under 1,000"
"420705","Bakke Graduate University","2014","186","15","171","80","0","0","0","0","0","186","0","0","0","0","0","15","0","0","0","0","0","171","Under 1,000"
"420723","Tillamook Bay Community College","2014","473","172","301","273","473","117","0","210","146","0","172","65","0","107","0","0","301","52","0","103","146","0","Under 1,000"
"420866","Argosy University-Schaumburg","2014","349","110","239","202","90","8","9","67","6","259","40","4","4","29","3","70","50","4","5","38","3","189","Under 1,000"
"420981","Manhattan School of Computer Technology","2014","519","519","0","519","519","199","0","320","0","0","519","199","0","320","0","0","0","0","0","0","0","0","Under 1,000"
"421513","Brown Mackie College-Hopkinsville","2014","222","222","0","222","222","24","30","168","0","0","222","24","30","168","0","0","0","0","0","0","0","0","Under 1,000"
"421540","Indian Capital Technology Center-Sallisaw","2014","218","63","155","115","218","179","0","39","0","0","63","31","0","32","0","0","155","148","0","7","0","0","Under 1,000"
"421559","Indian Capital Technology Center-Stilwell","2014","172","57","115","96","172","149","0","23","0","0","57","37","0","20","0","0","115","112","0","3","0","0","Under 1,000"
"421586","Globelle Technical Institute","2014","108","108","0","108","108","60","0","48","0","0","108","60","0","48","0","0","0","0","0","0","0","0","Under 1,000"
"421610","Hairitage Hair Academy","2014","56","34","22","43","56","13","0","43","0","0","34","7","0","27","0","0","22","6","0","16","0","0","Under 1,000"
"421665","Houghton Lake Institute of Cosmetology","2014","12","5","7","8","12","7","0","5","0","0","5","4","0","1","0","0","7","3","0","4","0","0","Under 1,000"
"421708","Arizona College-Glendale","2014","630","630","0","630","630","158","39","433","0","0","630","158","39","433","0","0","0","0","0","0","0","0","Under 1,000"
"421717","Vanguard-Sentinel Adult Career and Technology Center","2014","44","44","0","44","44","21","0","23","0","0","44","21","0","23","0","0","0","0","0","0","0","0","Under 1,000"
"421771","House of Heavilin Beauty College-Raymore","2014","35","35","0","35","35","3","0","32","0","0","35","3","0","32","0","0","0","0","0","0","0","0","Under 1,000"
"421832","Living Arts College","2014","413","413","0","413","413","71","16","326","0","0","413","71","16","326","0","0","0","0","0","0","0","0","Under 1,000"
"421841","New York Conservatory for Dramatic Arts","2014","237","237","0","237","237","55","63","119","0","0","237","55","63","119","0","0","0","0","0","0","0","0","Under 1,000"
"421878","Eastern International College-Jersey City","2014","217","172","45","190","217","70","0","147","0","0","172","61","0","111","0","0","45","9","0","36","0","0","Under 1,000"
"421896","Academia Serrant Inc","2014","355","355","0","355","355","87","0","268","0","0","355","87","0","268","0","0","0","0","0","0","0","0","Under 1,000"
"422190","Champion Institute of Cosmetology","2014","39","27","12","32","39","5","0","34","0","0","27","4","0","23","0","0","12","1","0","11","0","0","Under 1,000"
"422695","Pacific College","2014","274","274","0","274","274","23","0","251","0","0","274","23","0","251","0","0","0","0","0","0","0","0","Under 1,000"
"422835","American College of Healthcare","2014","240","240","0","240","240","55","0","185","0","0","240","55","0","185","0","0","0","0","0","0","0","0","Under 1,000"
"423120","Compu-Med Vocational Careers Corp","2014","822","822","0","822","822","450","0","372","0","0","822","450","0","372","0","0","0","0","0","0","0","0","Under 1,000"
"423397","Professional Electrical School Inc","2014","50","50","0","50","50","27","0","23","0","0","50","27","0","23","0","0","0","0","0","0","0","0","Under 1,000"
"423643","Midwestern University-Glendale","2014","3146","3101","45","3118","0","0","0","0","0","3146","0","0","0","0","0","3101","0","0","0","0","0","45","1,000 - 4,999"
"423652","Oregon Coast Community College","2014","489","208","281","302","489","74","40","247","128","0","208","44","24","120","20","0","281","30","16","127","108","0","Under 1,000"
"423980","Le Cordon Bleu College of Culinary Arts-Pasadena","2014","1792","1792","0","1792","1792","229","69","1494","0","0","1792","229","69","1494","0","0","0","0","0","0","0","0","1,000 - 4,999"
"425250","Gwinnett College-Sandy Springs","2014","84","52","32","65","84","20","0","64","0","0","52","15","0","37","0","0","32","5","0","27","0","0","Under 1,000"
"425889","Lincoln Technical Institute-Brockton","2014","356","270","86","304","356","108","0","248","0","0","270","83","0","187","0","0","86","25","0","61","0","0","Under 1,000"
"425986","Mildred Elley-Pittsfield Campus","2014","209","209","0","209","209","44","0","165","0","0","209","44","0","165","0","0","0","0","0","0","0","0","Under 1,000"
"426314","Embry-Riddle Aeronautical University-Worldwide","2014","14176","4947","9229","8549","9755","364","827","8434","130","4421","2736","75","162","2498","1","2211","7019","289","665","5936","129","2210","10,000 - 19,999"
"427025","Computer Systems Institute","2014","2608","2608","0","2608","2608","777","0","1831","0","0","2608","777","0","1831","0","0","0","0","0","0","0","0","1,000 - 4,999"
"427308","Merkaz Bnos-Business School","2014","109","109","0","109","109","92","0","17","0","0","109","92","0","17","0","0","0","0","0","0","0","0","Under 1,000"
"427335","Lia Schorr Institute of Cosmetic Skin Care Training","2014","35","15","20","23","35","32","0","3","0","0","15","13","0","2","0","0","20","19","0","1","0","0","Under 1,000"
"427663","ITT Technical Institute-Webster","2014","378","331","47","349","378","63","6","309","0","0","331","58","4","269","0","0","47","5","2","40","0","0","Under 1,000"
"427894","CET-Alexandria","2014","187","47","140","103","187","49","0","138","0","0","47","12","0","35","0","0","140","37","0","103","0","0","Under 1,000"
"427919","CET-Durham","2014","132","94","38","109","132","36","0","96","0","0","94","19","0","75","0","0","38","17","0","21","0","0","Under 1,000"
"427973","Aviation Institute of Maintenance-Chesapeake","2014","236","226","10","230","236","33","0","203","0","0","226","32","0","194","0","0","10","1","0","9","0","0","Under 1,000"
"427982","Centura College-Richmond Main","2014","167","117","50","137","167","26","0","141","0","0","117","20","0","97","0","0","50","6","0","44","0","0","Under 1,000"
"427991","Technical Education Center-Osceola","2014","663","302","361","423","663","188","0","212","263","0","302","157","0","143","2","0","361","31","0","69","261","0","Under 1,000"
"428000","Miami Ad School-Miami Beach","2014","141","141","0","141","141","0","0","141","0","0","141","0","0","141","0","0","0","0","0","0","0","0","Under 1,000"
"428019","Green Country Technology Center","2014","290","54","236","133","290","31","0","259","0","0","54","31","0","23","0","0","236","0","0","236","0","0","Under 1,000"
"428055","Nova College de Puerto Rico","2014","229","229","0","229","229","51","0","178","0","0","229","51","0","178","0","0","0","0","0","0","0","0","Under 1,000"
"428073","Styles and Profiles Beauty College","2014","31","31","0","31","31","18","0","13","0","0","31","18","0","13","0","0","0","0","0","0","0","0","Under 1,000"
"428125","John Wesley International Barber and Beauty College","2014","86","84","2","85","86","22","0","64","0","0","84","22","0","62","0","0","2","0","0","2","0","0","Under 1,000"
"428143","Platt College-Lawton","2014","135","135","0","135","135","6","53","76","0","0","135","6","53","76","0","0","0","0","0","0","0","0","Under 1,000"
"428170","Southeastern College-Greenacres","2014","1013","556","457","737","1013","559","77","377","0","0","556","394","38","124","0","0","457","165","39","253","0","0","1,000 - 4,999"
"428259","Ottawa University-Milwaukee","2014","289","2","287","114","227","1","18","208","0","62","2","0","0","2","0","0","225","1","18","206","0","62","Under 1,000"
"428268","Argosy University-Tampa","2014","508","171","337","301","132","10","21","100","1","376","33","0","10","23","0","138","99","10","11","77","1","238","Under 1,000"
"428286","The Illinois Institute of Art-Schaumburg","2014","902","614","288","727","902","150","110","642","0","0","614","88","74","452","0","0","288","62","36","190","0","0","Under 1,000"
"428295","Star Truck Driving School-Bensenville","2014","98","76","22","85","98","87","0","11","0","0","76","69","0","7","0","0","22","18","0","4","0","0","Under 1,000"
"428329","Cambria-Rowe Business College-Indiana","2014","93","92","1","92","93","17","9","67","0","0","92","17","9","66","0","0","1","0","0","1","0","0","Under 1,000"
"428392","Klamath Community College","2014","1343","512","831","791","1343","178","58","684","423","0","512","83","35","243","151","0","831","95","23","441","272","0","1,000 - 4,999"
"428444","The Art Institute of Phoenix","2014","1009","830","179","900","1009","183","193","633","0","0","830","161","142","527","0","0","179","22","51","106","0","0","1,000 - 4,999"
"429012","Aerosim Flight Academy","2014","135","135","0","135","135","22","0","113","0","0","135","22","0","113","0","0","0","0","0","0","0","0","Under 1,000"
"429085","American College of Acupuncture and Oriental Med","2014","136","79","57","101","0","0","0","0","0","136","0","0","0","0","0","79","0","0","0","0","0","57","Under 1,000"
"429094","AOMA Graduate School of Integrative Medicine","2014","196","151","45","168","0","0","0","0","0","196","0","0","0","0","0","151","0","0","0","0","0","45","Under 1,000"
"429100","Arlington Medical Institute","2014","65","65","0","65","65","52","0","13","0","0","65","52","0","13","0","0","0","0","0","0","0","0","Under 1,000"
"429128","Urban College of Boston","2014","810","32","778","341","810","149","171","427","63","0","32","1","20","11","0","0","778","148","151","416","63","0","Under 1,000"
"429599","ITT Technical Institute-Henderson","2014","412","332","80","363","412","52","8","352","0","0","332","47","8","277","0","0","80","5","0","75","0","0","Under 1,000"
"430087","Colorado Technical University-Greenwood Village","2014","715","397","318","521","526","38","67","419","2","189","274","23","43","208","0","123","252","15","24","211","2","66","Under 1,000"
"430096","Branford Hall Career Institute-Windsor Campus","2014","385","271","114","316","385","62","0","323","0","0","271","46","0","225","0","0","114","16","0","98","0","0","Under 1,000"
"430148","Heald College-Portland","2014","508","432","76","462","508","42","28","438","0","0","432","21","14","397","0","0","76","21","14","41","0","0","Under 1,000"
"430157","Golf Academy of America-Altamonte Springs","2014","192","180","12","185","192","32","0","160","0","0","180","30","0","150","0","0","12","2","0","10","0","0","Under 1,000"
"430166","Golf Academy of America-Phoenix","2014","154","143","11","147","154","42","0","112","0","0","143","38","0","105","0","0","11","4","0","7","0","0","Under 1,000"
"430175","Everest College-Merrillville","2014","385","385","0","385","385","0","0","385","0","0","385","0","0","385","0","0","0","0","0","0","0","0","Under 1,000"
"430184","Strayer University-Maryland","2014","2873","566","2307","1465","1966","283","137","1530","16","907","299","28","32","239","0","267","1667","255","105","1291","16","640","1,000 - 4,999"
"430218","Empire Beauty School-Bordentown","2014","94","66","28","77","94","27","0","67","0","0","66","18","0","48","0","0","28","9","0","19","0","0","Under 1,000"
"430227","Empire Beauty School-Monroeville","2014","146","105","41","121","146","48","0","98","0","0","105","40","0","65","0","0","41","8","0","33","0","0","Under 1,000"
"430245","Southern Careers Institute-San Antonio","2014","636","636","0","636","636","466","0","170","0","0","636","466","0","170","0","0","0","0","0","0","0","0","Under 1,000"
"430254","Virginia School of Massage","2014","68","53","15","59","68","20","0","48","0","0","53","16","0","37","0","0","15","4","0","11","0","0","Under 1,000"
"430263","ITT Technical Institute-Miami","2014","335","256","79","287","335","54","1","280","0","0","256","42","1","213","0","0","79","12","0","67","0","0","Under 1,000"
"430306","Cayce Reilly School of Massotherapy","2014","14","11","3","12","14","8","0","6","0","0","11","6","0","5","0","0","3","2","0","1","0","0","Under 1,000"
"430342","CET-Sacramento","2014","151","151","0","151","151","39","0","112","0","0","151","39","0","112","0","0","0","0","0","0","0","0","Under 1,000"
"430351","ITT Technical Institute-Harrisburg","2014","175","129","46","147","175","25","4","146","0","0","129","18","3","108","0","0","46","7","1","38","0","0","Under 1,000"
"430360","ITT Technical Institute-Tarentum","2014","204","162","42","179","204","23","2","179","0","0","162","17","2","143","0","0","42","6","0","36","0","0","Under 1,000"
"430379","ITT Technical Institute-Norwood","2014","400","310","90","345","400","86","7","307","0","0","310","75","6","229","0","0","90","11","1","78","0","0","Under 1,000"
"430388","ITT Technical Institute-Strongsville","2014","394","279","115","324","394","53","4","337","0","0","279","52","2","225","0","0","115","1","2","112","0","0","Under 1,000"
"430403","Prism Career Institute-West Atlantic City","2014","64","64","0","64","64","63","0","1","0","0","64","63","0","1","0","0","0","0","0","0","0","0","Under 1,000"
"430421","Everest Institute-Marietta","2014","335","335","0","335","335","38","0","297","0","0","335","38","0","297","0","0","0","0","0","0","0","0","Under 1,000"
"430485","The Creative Center","2014","78","76","2","77","78","28","4","46","0","0","76","28","4","44","0","0","2","0","0","2","0","0","Under 1,000"
"430564","Studio Jewelers","2014","55","22","33","35","55","20","0","35","0","0","22","8","0","14","0","0","33","12","0","21","0","0","Under 1,000"
"430582","Praxis Institute","2014","365","365","0","365","365","221","0","144","0","0","365","221","0","144","0","0","0","0","0","0","0","0","Under 1,000"
"430591","American College of Traditional Chinese Medicine","2014","240","186","54","207","0","0","0","0","0","240","0","0","0","0","0","186","0","0","0","0","0","54","Under 1,000"
"430670","San Juan Bautista School of Medicine","2014","330","330","0","330","38","12","5","21","0","292","38","12","5","21","0","292","0","0","0","0","0","0","Under 1,000"
"430704","Texas Health and Science University","2014","98","97","1","97","14","0","6","7","1","84","14","0","6","7","1","83","0","0","0","0","0","1","Under 1,000"
"430795","Carver Career Center","2014","259","237","22","244","259","145","0","114","0","0","237","128","0","109","0","0","22","17","0","5","0","0","Under 1,000"
"430810","New Hampshire Institute of Art","2014","508","444","64","469","445","88","28","326","3","63","401","85","20","294","2","43","44","3","8","32","1","20","Under 1,000"
"430883","Cayuga Onondaga BOCES-Practical Nursing Program","2014","34","34","0","34","34","6","0","28","0","0","34","6","0","28","0","0","0","0","0","0","0","0","Under 1,000"
"430908","Clearfield County Career and Technology Center","2014","64","51","13","55","64","35","0","29","0","0","51","30","0","21","0","0","13","5","0","8","0","0","Under 1,000"
"430935","Colegio de Cinematografía Artes y Television","2014","900","677","223","766","900","249","217","434","0","0","677","221","184","272","0","0","223","28","33","162","0","0","Under 1,000"
"430971","Delaware County Technical School-Practical Nursing Program","2014","41","41","0","41","41","12","0","29","0","0","41","12","0","29","0","0","0","0","0","0","0","0","Under 1,000"
"430980","Everest College-Torrance","2014","142","142","0","142","142","17","0","125","0","0","142","17","0","125","0","0","0","0","0","0","0","0","Under 1,000"
"431017","Mid-Del Technology Center","2014","111","65","46","80","111","76","0","33","2","0","65","46","0","17","2","0","46","30","0","16","0","0","Under 1,000"
"431026","BIR Training Center","2014","2132","1747","385","1900","2132","1741","0","391","0","0","1747","1369","0","378","0","0","385","372","0","13","0","0","1,000 - 4,999"
"431071","New York Institute of Massage Inc","2014","53","28","25","38","53","12","0","41","0","0","28","5","0","23","0","0","25","7","0","18","0","0","Under 1,000"
"431099","Jolie Hair and Beauty Academy-Ludlow","2014","103","66","37","81","103","16","0","87","0","0","66","12","0","54","0","0","37","4","0","33","0","0","Under 1,000"
"431105","Dutchess BOCES-Practical Nursing Program","2014","155","38","117","77","155","84","0","71","0","0","38","17","0","21","0","0","117","67","0","50","0","0","Under 1,000"
"431123","Escuela Tecnica de Electricidad","2014","469","469","0","469","469","110","0","359","0","0","469","110","0","359","0","0","0","0","0","0","0","0","Under 1,000"
"431141","Institute of Technology Inc","2014","1509","1490","19","1498","1509","359","28","1100","22","0","1490","359","28","1081","22","0","19","0","0","19","0","0","1,000 - 4,999"
"431169","Garnet Career Center","2014","160","160","0","160","160","32","0","128","0","0","160","32","0","128","0","0","0","0","0","0","0","0","Under 1,000"
"431187","Bristol Technical Education Center","2014","51","51","0","51","51","51","0","0","0","0","51","51","0","0","0","0","0","0","0","0","0","0","Under 1,000"
"431196","Genesee Valley BOCES-Practical Nursing Program","2014","100","100","0","100","100","9","0","91","0","0","100","9","0","91","0","0","0","0","0","0","0","0","Under 1,000"
"431202","Hamilton Fulton Montgomery BOCES-Practical Nursing Program","2014","72","0","72","24","72","15","0","57","0","0","0","0","0","0","0","0","72","15","0","57","0","0","Under 1,000"
"431266","Henrico County-Saint Marys Hospital School of Practical Nursing","2014","89","32","57","51","89","17","0","72","0","0","32","0","0","32","0","0","57","17","0","40","0","0","Under 1,000"
"431275","Herkimer County BOCES-Practical Nursing Program","2014","101","35","66","57","101","42","0","59","0","0","35","28","0","7","0","0","66","14","0","52","0","0","Under 1,000"
"431284","International Beauty College","2014","56","19","37","34","56","16","0","40","0","0","19","8","0","11","0","0","37","8","0","29","0","0","Under 1,000"
"431309","Dewey University-Hato Rey","2014","41","41","0","41","41","22","0","19","0","0","41","22","0","19","0","0","0","0","0","0","0","0","Under 1,000"
"431558","Cape Coral Institute of Technology","2014","282","282","0","282","282","153","0","122","7","0","282","153","0","122","7","0","0","0","0","0","0","0","Under 1,000"
"431594","Massachusetts General Hospital Dietetic Internship","2014","20","20","0","20","0","0","0","0","0","20","0","0","0","0","0","20","0","0","0","0","0","0","Under 1,000"
"431600","Mercy Hospital School of Nursing","2014","160","130","30","142","160","19","0","141","0","0","130","19","0","111","0","0","30","0","0","30","0","0","Under 1,000"
"431637","American Beauty Academy","2014","1037","699","338","833","1037","235","0","802","0","0","699","167","0","532","0","0","338","68","0","270","0","0","1,000 - 4,999"
"431691","Northland Career Center","2014","32","32","0","32","32","9","0","23","0","0","32","9","0","23","0","0","0","0","0","0","0","0","Under 1,000"
"431707","Norwich Technical High School","2014","39","39","0","39","39","0","0","39","0","0","39","0","0","39","0","0","0","0","0","0","0","0","Under 1,000"
"431716","Ocean County Vocational-Technical School","2014","541","541","0","541","541","324","0","217","0","0","541","324","0","217","0","0","0","0","0","0","0","0","Under 1,000"
"431770","Putnam Westchester BOCES-Practical Nursing Program","2014","42","21","21","28","42","32","0","10","0","0","21","21","0","0","0","0","21","11","0","10","0","0","Under 1,000"
"431877","Sullivan County BOCES-Practical Nursing Program","2014","9","0","9","3","9","0","0","9","0","0","0","0","0","0","0","0","9","0","0","9","0","0","Under 1,000"
"431886","Kaplan College-San Antonio-Ingram","2014","556","556","0","556","556","96","32","407","21","0","556","96","32","407","21","0","0","0","0","0","0","0","Under 1,000"
"431929","Trinity College of Puerto Rico","2014","246","243","3","244","246","18","0","113","115","0","243","17","0","113","113","0","3","1","0","0","2","0","Under 1,000"
"431956","Virginia Sewing Machines and School Center","2014","106","106","0","106","106","33","0","73","0","0","106","33","0","73","0","0","0","0","0","0","0","0","Under 1,000"
"431965","Vogue Beauty and Barber School","2014","134","134","0","134","134","74","0","60","0","0","134","74","0","60","0","0","0","0","0","0","0","0","Under 1,000"
"431983","Yeshiva of the Telshe Alumni","2014","116","116","0","116","116","26","1","89","0","0","116","26","1","89","0","0","0","0","0","0","0","0","Under 1,000"
"432074","Northeast Technology Center-Kansas","2014","204","69","135","114","204","127","0","77","0","0","69","37","0","32","0","0","135","90","0","45","0","0","Under 1,000"
"432117","Kenneth Shuler School of Cosmetology-Rock Hill","2014","127","83","44","100","127","11","0","116","0","0","83","9","0","74","0","0","44","2","0","42","0","0","Under 1,000"
"432223","University of Phoenix-Western Washington Campus","2014","662","662","0","662","607","3","23","581","0","55","607","3","23","581","0","55","0","0","0","0","0","0","Under 1,000"
"432241","University of Phoenix-Oregon Campus","2014","534","534","0","534","496","0","6","490","0","38","496","0","6","490","0","38","0","0","0","0","0","0","Under 1,000"
"432269","CET-El Paso","2014","113","113","0","113","113","36","0","77","0","0","113","36","0","77","0","0","0","0","0","0","0","0","Under 1,000"
"432302","Kaplan College-Riverside","2014","167","167","0","167","167","22","36","106","3","0","167","22","36","106","3","0","0","0","0","0","0","0","Under 1,000"
"432348","Appalachian School of Law","2014","160","158","2","159","0","0","0","0","0","160","0","0","0","0","0","158","0","0","0","0","0","2","Under 1,000"
"432357","LIU Hudson at Westchester","2014","158","53","105","93","0","0","0","0","0","158","0","0","0","0","0","53","0","0","0","0","0","105","Under 1,000"
"432384","Platt College-Ontario","2014","431","431","0","431","431","35","21","375","0","0","431","35","21","375","0","0","0","0","0","0","0","0","Under 1,000"
"432524","Delaware College of Art and Design","2014","185","166","19","174","185","74","12","99","0","0","166","73","10","83","0","0","19","1","2","16","0","0","Under 1,000"
"432533","The Art Institute of California-Argosy University Los Angeles","2014","1436","1051","385","1202","1436","226","124","1086","0","0","1051","200","99","752","0","0","385","26","25","334","0","0","1,000 - 4,999"
"433004","American University of Health Sciences","2014","282","282","0","282","274","1","25","248","0","8","274","1","25","248","0","8","0","0","0","0","0","0","Under 1,000"
"433013","Career Networks Institute","2014","651","645","6","647","651","43","89","519","0","0","645","43","89","513","0","0","6","0","0","6","0","0","Under 1,000"
"433040","Monty Tech","2014","44","44","0","44","44","42","0","2","0","0","44","42","0","2","0","0","0","0","0","0","0","0","Under 1,000"
"433068","CHOICE High School and Technical Center","2014","321","258","63","279","321","158","0","163","0","0","258","124","0","134","0","0","63","34","0","29","0","0","Under 1,000"
"433101","Lincoln Technical Institute-Lincoln","2014","717","561","156","623","717","212","0","505","0","0","561","178","0","383","0","0","156","34","0","122","0","0","Under 1,000"
"433138","Wayne County Schools Career Center","2014","248","120","128","163","248","167","0","81","0","0","120","108","0","12","0","0","128","59","0","69","0","0","Under 1,000"
"433165","Blessing Hospital School of Medical Laboratory Technology","2014","4","4","0","4","4","0","0","4","0","0","4","0","0","4","0","0","0","0","0","0","0","0","Under 1,000"
"433174","Carolinas College of Health Sciences","2014","486","85","401","220","486","11","94","378","3","0","85","2","5","78","0","0","401","9","89","300","3","0","Under 1,000"
"433217","Lester E Cox Medical Center-School of Medical Technology","2014","9","9","0","9","0","0","0","0","0","9","0","0","0","0","0","9","0","0","0","0","0","0","Under 1,000"
"433387","Western Governors University","2014","57821","57821","0","57821","44499","92","10998","33409","0","13322","44499","92","10998","33409","0","13322","0","0","0","0","0","0","20,000 and above"
"433420","Santa Barbara Business College-Ventura","2014","420","420","0","420","408","23","285","69","31","12","408","23","285","69","31","12","0","0","0","0","0","0","Under 1,000"
"433466","Sullivan and Cogliano Training Center","2014","627","522","105","564","627","87","0","540","0","0","522","83","0","439","0","0","105","4","0","101","0","0","Under 1,000"
"433536","Herzing University-Kenner","2014","381","181","200","259","347","37","10","298","2","34","177","26","5","146","0","4","170","11","5","152","2","30","Under 1,000"
"433563","Spencerian College-Lexington","2014","101","72","29","84","101","15","11","73","2","0","72","15","11","46","0","0","29","0","0","27","2","0","Under 1,000"
"433660","Florida Gulf Coast University","2014","14473","10952","3521","12341","13345","2762","914","9577","92","1128","10578","2725","616","7222","15","374","2767","37","298","2355","77","754","10,000 - 19,999"
"433970","Seacoast Career Schools-Sanford Campus","2014","233","171","62","196","233","43","0","190","0","0","171","39","0","132","0","0","62","4","0","58","0","0","Under 1,000"
"434016","Little Priest Tribal College","2014","127","97","30","109","127","20","15","81","11","0","97","17","13","62","5","0","30","3","2","19","6","0","Under 1,000"
"434052","ITT Technical Institute-Richardson","2014","708","532","176","601","708","114","5","589","0","0","532","104","5","423","0","0","176","10","0","166","0","0","Under 1,000"
"434061","South Louisiana Community College","2014","6332","3436","2896","4408","6332","1405","458","3158","1311","0","3436","1133","261","1884","158","0","2896","272","197","1274","1153","0","5,000 - 9,999"
"434140","Pima Medical Institute-Chula Vista","2014","901","901","0","901","901","247","0","654","0","0","901","247","0","654","0","0","0","0","0","0","0","0","Under 1,000"
"434159","Lincoln College of Technology-Marietta","2014","247","247","0","247","247","58","0","189","0","0","247","58","0","189","0","0","0","0","0","0","0","0","Under 1,000"
"434274","Academy of Hair Design-Lufkin","2014","96","54","42","71","96","74","0","22","0","0","54","52","0","2","0","0","42","22","0","20","0","0","Under 1,000"
"434283","Academy of Hair Design-Beaumont","2014","77","77","0","77","77","22","0","55","0","0","77","22","0","55","0","0","0","0","0","0","0","0","Under 1,000"
"434308","Baltimore School of Massage-Linthicum","2014","327","182","145","240","327","132","0","195","0","0","182","78","0","104","0","0","145","54","0","91","0","0","Under 1,000"
"434317","Charter College-Canyon Country","2014","1062","1062","0","1062","1062","107","205","750","0","0","1062","107","205","750","0","0","0","0","0","0","0","0","1,000 - 4,999"
"434344","Toni & Guy Hairdressing Academy-Worcester","2014","168","168","0","168","168","32","0","136","0","0","168","32","0","136","0","0","0","0","0","0","0","0","Under 1,000"
"434362","Northwest HVAC/R Training Center","2014","39","39","0","39","39","30","0","9","0","0","39","30","0","9","0","0","0","0","0","0","0","0","Under 1,000"
"434380","L T International Beauty School","2014","39","39","0","39","39","29","0","10","0","0","39","29","0","10","0","0","0","0","0","0","0","0","Under 1,000"
"434414","Michigan Jewish Institute","2014","837","504","333","635","837","489","14","295","39","0","504","262","7","235","0","0","333","227","7","60","39","0","Under 1,000"
"434432","Myotherapy Institute","2014","15","15","0","15","15","13","2","0","0","0","15","13","2","0","0","0","0","0","0","0","0","0","Under 1,000"
"434441","Florida College of Integrative Medicine","2014","116","116","0","116","0","0","0","0","0","116","0","0","0","0","0","116","0","0","0","0","0","0","Under 1,000"
"434469","New Professions Technical Institute","2014","56","31","25","41","56","27","0","29","0","0","31","12","0","19","0","0","25","15","0","10","0","0","Under 1,000"
"434496","Strand College of Hair Design","2014","67","59","8","62","67","60","0","7","0","0","59","54","0","5","0","0","8","6","0","2","0","0","Under 1,000"
"434502","Cosmetology Career Institute","2014","98","98","0","98","98","26","0","72","0","0","98","26","0","72","0","0","0","0","0","0","0","0","Under 1,000"
"434520","Branford Hall Career Institute-Southington Campus","2014","454","308","146","366","454","107","0","347","0","0","308","89","0","219","0","0","146","18","0","128","0","0","Under 1,000"
"434539","City College-Miami","2014","263","194","69","221","263","35","22","206","0","0","194","24","17","153","0","0","69","11","5","53","0","0","Under 1,000"
"434548","ITT Technical Institute-Arnold","2014","257","187","70","214","257","46","1","210","0","0","187","37","1","149","0","0","70","9","0","61","0","0","Under 1,000"
"434557","ITT Technical Institute-Oak Brook","2014","307","243","64","268","307","29","3","275","0","0","243","27","2","214","0","0","64","2","1","61","0","0","Under 1,000"
"434566","ITT Technical Institute-Albany","2014","232","198","34","211","232","42","2","188","0","0","198","35","2","161","0","0","34","7","0","27","0","0","Under 1,000"
"434575","ITT Technical Institute-Liverpool","2014","215","175","40","191","215","43","2","170","0","0","175","40","2","133","0","0","40","3","0","37","0","0","Under 1,000"
"434584","Ilisagvik College","2014","243","41","202","109","243","30","5","74","134","0","41","20","2","19","0","0","202","10","3","55","134","0","Under 1,000"
"434672","The Community College of Baltimore County","2014","22887","7301","15586","12534","22887","4346","1838","15316","1387","0","7301","2091","736","4327","147","0","15586","2255","1102","10989","1240","0","20,000 and above"
"434690","Golf Academy of America-Myrtle Beach","2014","251","235","16","241","251","77","0","174","0","0","235","77","0","158","0","0","16","0","0","16","0","0","Under 1,000"
"434715","Florida Coastal School of Law","2014","1115","924","191","997","0","0","0","0","0","1115","0","0","0","0","0","924","0","0","0","0","0","191","1,000 - 4,999"
"434751","White Earth Tribal and Community College","2014","69","47","22","56","69","19","0","40","10","0","47","15","0","32","0","0","22","4","0","8","10","0","Under 1,000"
"434812","Centura College-North Charleston","2014","121","15","106","57","121","32","0","89","0","0","15","3","0","12","0","0","106","29","0","77","0","0","Under 1,000"
"434821","Blue Cliff College-Metairie","2014","892","556","336","689","892","262","0","630","0","0","556","172","0","384","0","0","336","90","0","246","0","0","Under 1,000"
"434830","Creative Images Institute of Cosmetology-North Dayton","2014","196","126","70","154","196","93","0","103","0","0","126","65","0","61","0","0","70","28","0","42","0","0","Under 1,000"
"434900","Dewey University-Carolina","2014","722","722","0","722","722","292","0","430","0","0","722","292","0","430","0","0","0","0","0","0","0","0","Under 1,000"
"434937","Yeshiva College of the Nations Capital","2014","35","35","0","35","35","6","3","12","14","0","35","6","3","12","14","0","0","0","0","0","0","0","Under 1,000"
"434973","University of Phoenix-Maryland Campus","2014","460","460","0","460","395","0","1","394","0","65","395","0","1","394","0","65","0","0","0","0","0","0","Under 1,000"
"435000","Louisiana State University Health Sciences Center-Shreveport","2014","870","833","37","846","35","0","8","27","0","835","35","0","8","27","0","798","0","0","0","0","0","37","Under 1,000"
"436003","Central Career Institute LLC","2014","160","113","47","132","160","49","0","111","0","0","113","42","0","71","0","0","47","7","0","40","0","0","Under 1,000"
"436012","Franklin Career Institute","2014","598","598","0","598","598","104","0","494","0","0","598","104","0","494","0","0","0","0","0","0","0","0","Under 1,000"
"436021","Montessori Institute of Milwaukee","2014","48","48","0","48","0","0","0","0","0","48","0","0","0","0","0","48","0","0","0","0","0","0","Under 1,000"
"436030","Hair Academy II","2014","21","15","6","17","21","15","0","6","0","0","15","10","0","5","0","0","6","5","0","1","0","0","Under 1,000"
"436067","Pryor Beauty College","2014","40","40","0","40","40","10","0","30","0","0","40","10","0","30","0","0","0","0","0","0","0","0","Under 1,000"
"436094","Argosy University-Phoenix","2014","664","236","428","401","207","23","38","144","2","457","102","14","23","64","1","134","105","9","15","80","1","323","Under 1,000"
"436100","Mr Leon's School of Hair Design-Lewiston","2014","27","27","0","27","27","21","0","6","0","0","27","21","0","6","0","0","0","0","0","0","0","0","Under 1,000"
"436182","Vatterott College-St Joseph","2014","164","164","0","164","164","10","15","139","0","0","164","10","15","139","0","0","0","0","0","0","0","0","Under 1,000"
"436191","Vatterott College-Sunset Hills","2014","514","514","0","514","514","34","95","385","0","0","514","34","95","385","0","0","0","0","0","0","0","0","Under 1,000"
"436261","Southwest Acupuncture College-Boulder","2014","120","86","34","99","0","0","0","0","0","120","0","0","0","0","0","86","0","0","0","0","0","34","Under 1,000"
"436270","Utah College of Massage Therapy-Utah Valley","2014","136","59","77","90","136","65","0","71","0","0","59","29","0","30","0","0","77","36","0","41","0","0","Under 1,000"
"436304","River Parishes Community College","2014","1981","826","1155","1214","1981","405","202","844","530","0","826","290","104","414","18","0","1155","115","98","430","512","0","1,000 - 4,999"
"436429","Los Angeles Film School","2014","2284","2284","0","2284","2284","490","0","1794","0","0","2284","490","0","1794","0","0","0","0","0","0","0","0","1,000 - 4,999"
"436438","Argosy University-Orange County","2014","606","224","382","371","222","10","31","181","0","384","90","2","12","76","0","134","132","8","19","105","0","250","Under 1,000"
"436465","Dewey University-Bayamon","2014","192","192","0","192","192","87","0","105","0","0","192","87","0","105","0","0","0","0","0","0","0","0","Under 1,000"
"436483","National American University-Bloomington","2014","422","86","336","218","422","20","60","342","0","0","86","1","7","78","0","0","336","19","53","264","0","0","Under 1,000"
"436553","Century College","2014","259","259","0","259","259","13","0","246","0","0","259","13","0","246","0","0","0","0","0","0","0","0","Under 1,000"
"436599","FINE Mortuary College","2014","95","10","85","44","95","19","0","76","0","0","10","2","0","8","0","0","85","17","0","68","0","0","Under 1,000"
"436614","International Baptist College and Seminary","2014","69","48","21","56","56","14","7","31","4","13","46","14","7","24","1","2","10","0","0","7","3","11","Under 1,000"
"436632","The Medical Arts School","2014","124","81","43","98","124","37","0","87","0","0","81","28","0","53","0","0","43","9","0","34","0","0","Under 1,000"
"436641","Fortis College-Foley","2014","104","87","17","94","104","21","0","83","0","0","87","16","0","71","0","0","17","5","0","12","0","0","Under 1,000"
"436650","Medical Training College","2014","221","221","0","221","221","42","0","179","0","0","221","42","0","179","0","0","0","0","0","0","0","0","Under 1,000"
"436702","Professional Training Centers","2014","965","200","765","501","965","141","98","726","0","0","200","30","15","155","0","0","765","111","83","571","0","0","Under 1,000"
"436775","Toni & Guy Hairdressing Academy-Carrollton","2014","158","158","0","158","158","52","0","106","0","0","158","52","0","106","0","0","0","0","0","0","0","0","Under 1,000"
"436818","University of Connecticut-Tri-Campus","2014","2384","1930","454","2113","2384","795","106","1371","112","0","1930","786","84","1055","5","0","454","9","22","316","107","0","1,000 - 4,999"
"436827","University of Connecticut-Avery Point","2014","709","589","120","637","709","274","39","357","39","0","589","269","28","285","7","0","120","5","11","72","32","0","Under 1,000"
"436836","University of Connecticut-Stamford","2014","1485","1069","416","1237","1485","337","127","872","149","0","1069","331","95","635","8","0","416","6","32","237","141","0","1,000 - 4,999"
"437042","ITT Technical Institute-Saint Rose","2014","414","354","60","378","414","82","8","324","0","0","354","71","7","276","0","0","60","11","1","48","0","0","Under 1,000"
"437051","ITT Technical Institute-Richmond","2014","569","453","116","499","569","97","8","464","0","0","453","86","7","360","0","0","116","11","1","104","0","0","Under 1,000"
"437060","Vatterott College-Oklahoma City","2014","324","324","0","324","324","36","53","235","0","0","324","36","53","235","0","0","0","0","0","0","0","0","Under 1,000"
"437097","University of Management and Technology","2014","1020","936","84","969","789","4","155","595","35","231","748","4","154","561","29","188","41","0","1","34","6","43","1,000 - 4,999"
"437103","Baton Rouge Community College","2014","7740","4155","3585","5359","7740","1874","1165","3856","845","0","4155","1399","701","1980","75","0","3585","475","464","1876","770","0","5,000 - 9,999"
"437219","ITT Technical Institute-Lathrop","2014","471","392","79","423","471","54","3","414","0","0","392","50","1","341","0","0","79","4","2","73","0","0","Under 1,000"
"437237","International Yacht Restoration School","2014","85","85","0","85","85","41","0","44","0","0","85","41","0","44","0","0","0","0","0","0","0","0","Under 1,000"
"437316","Linfield College-School of Nursing","2014","347","340","7","343","347","0","72","275","0","0","340","0","72","268","0","0","7","0","0","7","0","0","Under 1,000"
"437325","Linfield College-Adult Degree Program","2014","436","38","398","194","390","0","47","340","3","46","36","0","8","28","0","2","354","0","39","312","3","44","Under 1,000"
"437529","Star Career Academy-Syosset","2014","277","117","160","181","277","248","0","29","0","0","117","111","0","6","0","0","160","137","0","23","0","0","Under 1,000"
"437556","Midwest Technical Institute-Springfield","2014","506","506","0","506","506","414","0","92","0","0","506","414","0","92","0","0","0","0","0","0","0","0","Under 1,000"
"437608","Advanced Barber College and Hair Design","2014","242","242","0","242","242","192","0","50","0","0","242","192","0","50","0","0","0","0","0","0","0","0","Under 1,000"
"437635","The College of Health Care Professions-Austin","2014","260","260","0","260","260","254","3","3","0","0","260","254","3","3","0","0","0","0","0","0","0","0","Under 1,000"
"437653","The English Center","2014","82","81","1","81","82","74","0","8","0","0","81","74","0","7","0","0","1","0","0","1","0","0","Under 1,000"
"437662","ICDC College","2014","2811","2409","402","2569","2811","858","2","1951","0","0","2409","687","1","1721","0","0","402","171","1","230","0","0","1,000 - 4,999"
"437705","Monteclaro Escuela de Hoteleria y Artes Culinarias","2014","4","2","2","3","4","3","0","1","0","0","2","2","0","0","0","0","2","1","0","1","0","0","Under 1,000"
"437732","Dallas Nursing Institute","2014","160","117","43","134","160","19","19","122","0","0","117","19","16","82","0","0","43","0","3","40","0","0","Under 1,000"
"437750","Professional Golfers Career College","2014","248","248","0","248","248","71","0","177","0","0","248","71","0","177","0","0","0","0","0","0","0","0","Under 1,000"
"437769","Richmond School of Health and Technology","2014","205","205","0","205","205","25","3","177","0","0","205","25","3","177","0","0","0","0","0","0","0","0","Under 1,000"
"437778","Milan Institute-San Antonio Ingram","2014","302","302","0","302","302","86","0","216","0","0","302","86","0","216","0","0","0","0","0","0","0","0","Under 1,000"
"437848","Westwood College-Anaheim","2014","588","395","193","471","588","74","12","502","0","0","395","70","12","313","0","0","193","4","0","189","0","0","Under 1,000"
"437857","Rudae's School of Beauty Culture-Ft Wayne","2014","151","110","41","126","151","8","0","143","0","0","110","7","0","103","0","0","41","1","0","40","0","0","Under 1,000"
"437884","InterCoast Colleges-Burbank","2014","48","48","0","48","48","13","0","35","0","0","48","13","0","35","0","0","0","0","0","0","0","0","Under 1,000"
"437936","Carrington College California-San Jose","2014","805","734","71","762","805","44","161","600","0","0","734","37","135","562","0","0","71","7","26","38","0","0","Under 1,000"
"438151","Stevens-Henager College-Murray","2014","1692","1692","0","1692","1648","147","2","1499","0","44","1648","147","2","1499","0","44","0","0","0","0","0","0","1,000 - 4,999"
"438179","Brookline College-Tucson","2014","507","324","183","396","507","154","0","353","0","0","324","154","0","170","0","0","183","0","0","183","0","0","Under 1,000"
"438197","Everest Institute-Jonesboro","2014","404","404","0","404","404","54","0","350","0","0","404","54","0","350","0","0","0","0","0","0","0","0","Under 1,000"
"438212","McCann School of Business & Technology","2014","3346","2274","1072","2700","3346","964","237","2145","0","0","2274","708","160","1406","0","0","1072","256","77","739","0","0","1,000 - 4,999"
"438258","Carrington College California-Pleasant Hill","2014","599","558","41","574","599","39","102","458","0","0","558","38","83","437","0","0","41","1","19","21","0","0","Under 1,000"
"438267","Ridley-Lowell Business & Technical Institute-Poughkeepsie","2014","379","379","0","379","379","301","0","78","0","0","379","301","0","78","0","0","0","0","0","0","0","0","Under 1,000"
"438285","Florida College of Natural Health-Maitland","2014","418","418","0","418","418","176","0","242","0","0","418","176","0","242","0","0","0","0","0","0","0","0","Under 1,000"
"438294","Florida College of Natural Health-Bradenton","2014","143","143","0","143","143","39","4","100","0","0","143","39","4","100","0","0","0","0","0","0","0","0","Under 1,000"
"438337","Modern Hairstyling Institute-Carolina","2014","222","182","40","198","222","206","0","16","0","0","182","169","0","13","0","0","40","37","0","3","0","0","Under 1,000"
"438498","Stratford University","2014","2971","1006","1965","1776","2336","261","184","1891","0","635","548","37","52","459","0","458","1788","224","132","1432","0","177","1,000 - 4,999"
"438504","Universal Technical Institute of California Inc","2014","2243","2243","0","2243","2243","408","0","1835","0","0","2243","408","0","1835","0","0","0","0","0","0","0","0","1,000 - 4,999"
"438586","American InterContinental University-Atlanta","2014","848","337","511","537","761","99","114","548","0","87","309","21","38","250","0","28","452","78","76","298","0","59","Under 1,000"
"438601","American InterContinental University-South Florida","2014","46","36","10","40","46","0","0","46","0","0","36","0","0","36","0","0","10","0","0","10","0","0","Under 1,000"
"438647","Everest College-Chesapeake","2014","671","615","56","637","671","60","49","562","0","0","615","60","46","509","0","0","56","0","3","53","0","0","Under 1,000"
"438656","Everest Institute-Greenspoint","2014","623","623","0","623","623","110","0","513","0","0","623","110","0","513","0","0","0","0","0","0","0","0","Under 1,000"
"438674","The Academy of Hair Design Six","2014","74","74","0","74","74","3","0","71","0","0","74","3","0","71","0","0","0","0","0","0","0","0","Under 1,000"
"438708","Eastern West Virginia Community and Technical College","2014","914","288","626","498","914","88","39","399","388","0","288","60","26","201","1","0","626","28","13","198","387","0","Under 1,000"
"438735","Aviation Institute of Maintenance-Indianapolis","2014","143","136","7","139","143","27","0","116","0","0","136","24","0","112","0","0","7","3","0","4","0","0","Under 1,000"
"438805","Branford Hall Career Institute-Springfield Campus","2014","549","447","102","487","549","132","0","417","0","0","447","110","0","337","0","0","102","22","0","80","0","0","Under 1,000"
"438869","Remington College-Little Rock Campus","2014","180","180","0","180","180","75","2","103","0","0","180","75","2","103","0","0","0","0","0","0","0","0","Under 1,000"
"438902","Everest University-Jacksonville","2014","570","448","122","495","519","44","58","417","0","51","439","42","54","343","0","9","80","2","4","74","0","42","Under 1,000"
"438984","IVAEM College","2014","124","116","8","119","124","69","0","55","0","0","116","68","0","48","0","0","8","1","0","7","0","0","Under 1,000"
"439020","Midwest College of Oriental Medicine-Chicago","2014","126","67","59","90","49","0","10","36","3","77","23","0","6","14","3","44","26","0","4","22","0","33","Under 1,000"
"439057","Argosy University-Seattle","2014","278","91","187","163","153","16","25","111","1","125","59","6","7","46","0","32","94","10","18","65","1","93","Under 1,000"
"439118","Carrington College-Spokane","2014","511","511","0","511","511","49","76","386","0","0","511","49","76","386","0","0","0","0","0","0","0","0","Under 1,000"
"439127","Texas School of Business-Friendswood","2014","236","236","0","236","236","55","0","181","0","0","236","55","0","181","0","0","0","0","0","0","0","0","Under 1,000"
"439136","ITT Technical Institute-Wilmington","2014","347","276","71","304","347","35","4","308","0","0","276","33","4","239","0","0","71","2","0","69","0","0","Under 1,000"
"439145","Pierce College at Puyallup","2014","3671","1781","1890","2416","3671","543","621","1825","682","0","1781","307","234","959","281","0","1890","236","387","866","401","0","1,000 - 4,999"
"439190","Cascadia Community College","2014","2759","1529","1230","1942","2759","370","579","1144","666","0","1529","267","295","677","290","0","1230","103","284","467","376","0","1,000 - 4,999"
"439288","Johnson & Wales University-Denver","2014","1391","1282","109","1325","1363","309","95","958","1","28","1255","298","85","872","0","27","108","11","10","86","1","1","1,000 - 4,999"
"439297","University of Phoenix-Cleveland Campus","2014","542","542","0","542","483","2","14","466","1","59","483","2","14","466","1","59","0","0","0","0","0","0","Under 1,000"
"439303","Du Bois Business College-Huntingdon","2014","80","76","4","78","80","15","0","65","0","0","76","15","0","61","0","0","4","0","0","4","0","0","Under 1,000"
"439312","Du Bois Business College-Oil City","2014","29","26","3","27","29","10","1","18","0","0","26","10","1","15","0","0","3","0","0","3","0","0","Under 1,000"
"439367","CBD College","2014","411","411","0","411","411","276","9","126","0","0","411","276","9","126","0","0","0","0","0","0","0","0","Under 1,000"
"439394","East West College of Natural Medicine","2014","128","128","0","128","5","0","5","0","0","123","5","0","5","0","0","123","0","0","0","0","0","0","Under 1,000"
"439400","Infinity Career College","2014","27","4","23","13","27","24","0","3","0","0","4","3","0","1","0","0","23","21","0","2","0","0","Under 1,000"
"439437","Lincoln Technical Institute-Fern Park","2014","242","242","0","242","242","45","2","195","0","0","242","45","2","195","0","0","0","0","0","0","0","0","Under 1,000"
"439446","Atlantic Institute of Oriental Medicine","2014","139","139","0","139","23","0","0","23","0","116","23","0","0","23","0","116","0","0","0","0","0","0","Under 1,000"
"439455","ATS Institute of Technology","2014","459","259","200","338","459","113","0","346","0","0","259","56","0","203","0","0","200","57","0","143","0","0","Under 1,000"
"439473","Bennett Career Institute","2014","311","167","144","224","311","109","0","202","0","0","167","59","0","108","0","0","144","50","0","94","0","0","Under 1,000"
"439482","Blue Cliff College-Shreveport","2014","253","152","101","192","253","31","33","189","0","0","152","27","21","104","0","0","101","4","12","85","0","0","Under 1,000"
"439491","Blue Cliff College-Lafayette","2014","307","193","114","238","307","166","0","141","0","0","193","103","0","90","0","0","114","63","0","51","0","0","Under 1,000"
"439507","Quest College","2014","296","296","0","296","296","290","3","3","0","0","296","290","3","3","0","0","0","0","0","0","0","0","Under 1,000"
"439525","Central Florida Institute","2014","31","31","0","31","31","0","0","31","0","0","31","0","0","31","0","0","0","0","0","0","0","0","Under 1,000"
"439570","Community Care College","2014","626","626","0","626","626","140","0","486","0","0","626","140","0","486","0","0","0","0","0","0","0","0","Under 1,000"
"439589","Marinello Schools of Beauty-Topeka","2014","333","325","8","328","333","82","0","251","0","0","325","82","0","243","0","0","8","0","0","8","0","0","Under 1,000"
"439613","Crossroads Bible College","2014","241","156","85","189","241","44","7","127","63","0","156","27","6","86","37","0","85","17","1","41","26","0","Under 1,000"
"439622","Erie 1 BOCES","2014","369","369","0","369","369","30","0","339","0","0","369","30","0","339","0","0","0","0","0","0","0","0","Under 1,000"
"439631","Fayette Beauty Academy","2014","48","48","0","48","48","28","0","20","0","0","48","28","0","20","0","0","0","0","0","0","0","0","Under 1,000"
"439668","HDS Truck Driving Institute","2014","158","158","0","158","158","95","0","63","0","0","158","95","0","63","0","0","0","0","0","0","0","0","Under 1,000"
"439686","International Training Careers","2014","225","225","0","225","225","67","0","158","0","0","225","67","0","158","0","0","0","0","0","0","0","0","Under 1,000"
"439701","King's University","2014","692","226","466","407","473","46","100","327","0","219","202","31","45","126","0","24","271","15","55","201","0","195","Under 1,000"
"439738","Fortis College-Baton Rouge","2014","382","382","0","382","382","41","43","298","0","0","382","41","43","298","0","0","0","0","0","0","0","0","Under 1,000"
"439747","My Le's Beauty College","2014","144","71","73","100","144","47","0","97","0","0","71","28","0","43","0","0","73","19","0","54","0","0","Under 1,000"
"439774","New Concept Massage and Beauty School","2014","29","22","7","25","29","22","0","7","0","0","22","18","0","4","0","0","7","4","0","3","0","0","Under 1,000"
"439783","New York College of Traditional Chinese Medicine","2014","155","92","63","116","78","0","20","58","0","77","56","0","8","48","0","36","22","0","12","10","0","41","Under 1,000"
"439792","Fortis College-Orange Park","2014","312","312","0","312","312","81","23","208","0","0","312","81","23","208","0","0","0","0","0","0","0","0","Under 1,000"
"439817","Northeastern Seminary","2014","154","117","37","131","0","0","0","0","0","154","0","0","0","0","0","117","0","0","0","0","0","37","Under 1,000"
"439826","Bryan College-Gold River","2014","85","85","0","85","85","0","0","85","0","0","85","0","0","85","0","0","0","0","0","0","0","0","Under 1,000"
"439844","Omega Institute of Cosmetology","2014","57","57","0","57","57","15","0","42","0","0","57","15","0","42","0","0","0","0","0","0","0","0","Under 1,000"
"439862","Pacific Islands University","2014","72","54","18","61","69","9","9","47","4","3","53","9","7","37","0","1","16","0","2","10","4","2","Under 1,000"
"439871","PCI College","2014","94","94","0","94","94","12","0","82","0","0","94","12","0","82","0","0","0","0","0","0","0","0","Under 1,000"
"439899","Rosedale Bible College","2014","57","43","14","49","57","26","7","24","0","0","43","24","7","12","0","0","14","2","0","12","0","0","Under 1,000"
"439905","American Career College at St Francis","2014","202","202","0","202","202","23","0","179","0","0","202","23","0","179","0","0","0","0","0","0","0","0","Under 1,000"
"439914","Seattle Institute of Oriental Medicine","2014","42","42","0","42","0","0","0","0","0","42","0","0","0","0","0","42","0","0","0","0","0","0","Under 1,000"
"439932","Shawnee Beauty College","2014","20","20","0","20","20","8","0","12","0","0","20","8","0","12","0","0","0","0","0","0","0","0","Under 1,000"
"439969","Acupuncture and Massage College","2014","158","158","0","158","37","26","0","11","0","121","37","26","0","11","0","121","0","0","0","0","0","0","Under 1,000"
"439978","Southeastern School of Cosmetology","2014","60","60","0","60","60","15","0","45","0","0","60","15","0","45","0","0","0","0","0","0","0","0","Under 1,000"
"439996","Universal Therapeutic Massage Institute","2014","61","61","0","61","61","52","0","9","0","0","61","52","0","9","0","0","0","0","0","0","0","0","Under 1,000"
"440004","Upper Valley Educators Institute","2014","28","28","0","28","0","0","0","0","0","28","0","0","0","0","0","28","0","0","0","0","0","0","Under 1,000"
"440031","Keck Graduate Institute","2014","310","301","9","304","0","0","0","0","0","310","0","0","0","0","0","301","0","0","0","0","0","9","Under 1,000"
"440059","Aviation Institute of Maintenance-Atlanta","2014","566","537","29","549","566","97","0","469","0","0","537","85","0","452","0","0","29","12","0","17","0","0","Under 1,000"
"440077","National Beauty College","2014","45","45","0","45","45","26","0","19","0","0","45","26","0","19","0","0","0","0","0","0","0","0","Under 1,000"
"440086","Star Career Academy-Egg Harbor","2014","275","207","68","234","275","204","0","71","0","0","207","162","0","45","0","0","68","42","0","26","0","0","Under 1,000"
"440101","Empire Beauty School-Kennesaw","2014","171","112","59","135","171","29","0","142","0","0","112","20","0","92","0","0","59","9","0","50","0","0","Under 1,000"
"440147","Westwood College-River Oaks","2014","269","210","59","233","269","48","9","212","0","0","210","48","7","155","0","0","59","0","2","57","0","0","Under 1,000"
"440165","ITT Technical Institute-Green Bay","2014","109","71","38","86","109","17","2","90","0","0","71","11","2","58","0","0","38","6","0","32","0","0","Under 1,000"
"440174","Career Training Academy-Pittsburgh","2014","83","83","0","83","83","14","11","58","0","0","83","14","11","58","0","0","0","0","0","0","0","0","Under 1,000"
"440217","Huntingdon County Career and Technology Center","2014","28","28","0","28","28","10","0","18","0","0","28","10","0","18","0","0","0","0","0","0","0","0","Under 1,000"
"440226","Missouri College of Cosmetology North","2014","78","78","0","78","78","24","0","54","0","0","78","24","0","54","0","0","0","0","0","0","0","0","Under 1,000"
"440262","New York Automotive and Diesel Institute","2014","346","346","0","346","346","211","0","135","0","0","346","211","0","135","0","0","0","0","0","0","0","0","Under 1,000"
"440271","Remington College-Baton Rouge Campus","2014","296","296","0","296","296","126","4","166","0","0","296","126","4","166","0","0","0","0","0","0","0","0","Under 1,000"
"440299","Everest College-Ontario Metro","2014","720","402","318","527","720","5","51","664","0","0","402","1","26","375","0","0","318","4","25","289","0","0","Under 1,000"
"440323","Kaplan College-Beaumont","2014","198","198","0","198","198","9","43","146","0","0","198","9","43","146","0","0","0","0","0","0","0","0","Under 1,000"
"440332","Kaplan College-Laredo","2014","300","300","0","300","300","76","15","204","5","0","300","76","15","204","5","0","0","0","0","0","0","0","Under 1,000"
"440341","The Art Institute of Washington","2014","1195","788","407","948","1195","279","156","759","1","0","788","169","102","517","0","0","407","110","54","242","1","0","1,000 - 4,999"
"440369","Everest Institute-Dearborn","2014","608","608","0","608","608","60","0","548","0","0","608","60","0","548","0","0","0","0","0","0","0","0","Under 1,000"
"440402","Arkansas State University-Newport","2014","2477","1004","1473","1499","2477","434","444","577","1022","0","1004","353","243","389","19","0","1473","81","201","188","1003","0","1,000 - 4,999"
"440411","Marlboro College-Graduate School","2014","82","24","58","46","8","0","2","5","1","74","0","0","0","0","0","24","8","0","2","5","1","50","Under 1,000"
"440420","University of Phoenix-Boston Campus","2014","198","198","0","198","179","1","5","173","0","19","179","1","5","173","0","19","0","0","0","0","0","0","Under 1,000"
"440457","University of Phoenix-Milwaukee Campus","2014","288","288","0","288","284","0","0","284","0","4","284","0","0","284","0","4","0","0","0","0","0","0","Under 1,000"
"440466","University of Phoenix-Idaho Campus","2014","245","245","0","245","228","1","0","227","0","17","228","1","0","227","0","17","0","0","0","0","0","0","Under 1,000"
"440484","Westwood College-Inland Empire","2014","829","611","218","697","829","121","19","688","1","0","611","117","13","481","0","0","218","4","6","207","1","0","Under 1,000"
"440642","ITT Technical Institute-Levittown","2014","352","303","49","322","352","54","0","298","0","0","303","53","0","250","0","0","49","1","0","48","0","0","Under 1,000"
"440651","Atenas College","2014","1363","1199","164","1263","1363","305","290","768","0","0","1199","304","282","613","0","0","164","1","8","155","0","0","1,000 - 4,999"
"440721","Southwest Skill Center-Campus of Estrella Mountain Community College","2014","376","170","206","239","376","128","0","248","0","0","170","56","0","114","0","0","206","72","0","134","0","0","Under 1,000"
"440730","Onondaga Cortland Madison BOCES","2014","511","511","0","511","511","361","0","150","0","0","511","361","0","150","0","0","0","0","0","0","0","0","Under 1,000"
"440749","National American University-Ellsworth AFB Extension","2014","376","46","330","176","376","9","78","176","113","0","46","6","5","33","2","0","330","3","73","143","111","0","Under 1,000"
"440758","National American University-Albuquerque West","2014","295","46","249","144","295","9","56","230","0","0","46","2","13","31","0","0","249","7","43","199","0","0","Under 1,000"
"440767","National American University-Brooklyn Center","2014","512","29","483","219","512","21","78","412","1","0","29","0","7","22","0","0","483","21","71","390","1","0","Under 1,000"
"440776","Interactive Learning Systems-Pasadena","2014","34","34","0","34","34","18","0","16","0","0","34","18","0","16","0","0","0","0","0","0","0","0","Under 1,000"
"440794","Pillar College","2014","478","419","59","442","478","161","74","224","19","0","419","150","69","200","0","0","59","11","5","24","19","0","Under 1,000"
"440800","Miami Ad School-Minneapolis","2014","23","23","0","23","23","0","0","23","0","0","23","0","0","23","0","0","0","0","0","0","0","0","Under 1,000"
"440819","Miami Ad School-San Francisco","2014","92","92","0","92","92","0","0","92","0","0","92","0","0","92","0","0","0","0","0","0","0","0","Under 1,000"
"440828","Oregon State University-Cascades Campus","2014","980","338","642","594","812","0","176","619","17","168","237","0","20","217","0","101","575","0","156","402","17","67","Under 1,000"
"440855","Milan Institute-Amarillo","2014","178","178","0","178","178","60","0","118","0","0","178","60","0","118","0","0","0","0","0","0","0","0","Under 1,000"
"440873","Vatterott College-Dividend","2014","667","667","0","667","667","77","41","549","0","0","667","77","41","549","0","0","0","0","0","0","0","0","Under 1,000"
"440882","Vatterott College-Tulsa","2014","164","164","0","164","164","10","32","122","0","0","164","10","32","122","0","0","0","0","0","0","0","0","Under 1,000"
"440891","Vatterott College-Wichita","2014","162","162","0","162","162","20","8","134","0","0","162","20","8","134","0","0","0","0","0","0","0","0","Under 1,000"
"440907","Star Career Academy-Newark","2014","503","357","146","415","503","496","0","7","0","0","357","352","0","5","0","0","146","144","0","2","0","0","Under 1,000"
"440916","Southern University Law Center","2014","644","631","13","636","0","0","0","0","0","644","0","0","0","0","0","631","0","0","0","0","0","13","Under 1,000"
"440925","International Academy of Design and Technology-Orlando","2014","211","205","6","207","211","16","9","186","0","0","205","16","8","181","0","0","6","0","1","5","0","0","Under 1,000"
"440952","Lincoln Technical Institute-Lowell","2014","358","252","106","294","358","62","0","296","0","0","252","47","0","205","0","0","106","15","0","91","0","0","Under 1,000"
"440989","Texas Barber Colleges and Hairstyling Schools","2014","789","789","0","789","789","99","0","690","0","0","789","99","0","690","0","0","0","0","0","0","0","0","Under 1,000"
"441016","Everest Institute-Hobby","2014","586","586","0","586","586","114","0","472","0","0","586","114","0","472","0","0","0","0","0","0","0","0","Under 1,000"
"441025","Miller-Motte Technical College-North Charleston","2014","635","404","231","496","635","107","127","401","0","0","404","77","83","244","0","0","231","30","44","157","0","0","Under 1,000"
"441052","American Career College-Anaheim","2014","1415","1415","0","1415","1415","135","159","1121","0","0","1415","135","159","1121","0","0","0","0","0","0","0","0","1,000 - 4,999"
"441070","Saginaw Chippewa Tribal College","2014","141","63","78","89","141","32","0","96","13","0","63","16","0","43","4","0","78","16","0","53","9","0","Under 1,000"
"441089","Wyo Tech-Blairsville","2014","906","906","0","906","906","241","47","618","0","0","906","241","47","618","0","0","0","0","0","0","0","0","Under 1,000"
"441104","Richmont Graduate University","2014","260","136","124","183","0","0","0","0","0","260","0","0","0","0","0","136","0","0","0","0","0","124","Under 1,000"
"441131","The Seattle School of Theology & Psychology","2014","297","72","225","158","0","0","0","0","0","297","0","0","0","0","0","72","0","0","0","0","0","225","Under 1,000"
"441168","Northwest College-Hillsboro","2014","93","93","0","93","93","14","0","79","0","0","93","14","0","79","0","0","0","0","0","0","0","0","Under 1,000"
"441195","American Broadcasting School-Arlington","2014","23","23","0","23","23","4","0","19","0","0","23","4","0","19","0","0","0","0","0","0","0","0","Under 1,000"
"441201","Miami-Jacobs Career College-Sharonville","2014","69","33","36","47","69","5","8","56","0","0","33","3","5","25","0","0","36","2","3","31","0","0","Under 1,000"
"441210","East Valley Institute of Technology","2014","211","106","105","141","211","141","0","70","0","0","106","70","0","36","0","0","105","71","0","34","0","0","Under 1,000"
"441229","West Coast Ultrasound Institute","2014","800","800","0","800","800","186","0","501","113","0","800","186","0","501","113","0","0","0","0","0","0","0","Under 1,000"
"441238","Irell & Manella Graduate School of Biological Sciences at City of Hope","2014","89","89","0","89","0","0","0","0","0","89","0","0","0","0","0","89","0","0","0","0","0","0","Under 1,000"
"441256","Design's School of Cosmetology","2014","49","49","0","49","49","24","0","25","0","0","49","24","0","25","0","0","0","0","0","0","0","0","Under 1,000"
"441274","Paul Mitchell the School-Santa Barbara","2014","132","92","40","108","132","25","0","107","0","0","92","23","0","69","0","0","40","2","0","38","0","0","Under 1,000"
"441308","University of the Rockies","2014","1639","1491","148","1548","0","0","0","0","0","1639","0","0","0","0","0","1491","0","0","0","0","0","148","1,000 - 4,999"
"441317","Eli Whitney Technical High School","2014","42","42","0","42","42","12","0","30","0","0","42","12","0","30","0","0","0","0","0","0","0","0","Under 1,000"
"441335","Vinal Technical High School","2014","27","27","0","27","27","0","0","27","0","0","27","0","0","27","0","0","0","0","0","0","0","0","Under 1,000"
"441353","Windham Technical High School","2014","16","16","0","16","16","6","0","10","0","0","16","6","0","10","0","0","0","0","0","0","0","0","Under 1,000"
"441362","Harris School of Business-Wilmington Campus","2014","387","288","99","327","387","81","0","306","0","0","288","63","0","225","0","0","99","18","0","81","0","0","Under 1,000"
"441371","Ultimate Medical Academy-Clearwater","2014","332","296","36","310","332","94","8","230","0","0","296","94","4","198","0","0","36","0","4","32","0","0","Under 1,000"
"441380","Florida Barber Academy","2014","241","165","76","195","241","115","0","126","0","0","165","77","0","88","0","0","76","38","0","38","0","0","Under 1,000"
"441405","Jacksonville Beauty Institute","2014","15","15","0","15","15","13","0","2","0","0","15","13","0","2","0","0","0","0","0","0","0","0","Under 1,000"
"441414","M-DCPS The English Center","2014","164","96","68","119","164","88","0","76","0","0","96","50","0","46","0","0","68","38","0","30","0","0","Under 1,000"
"441423","Florida Education Institute","2014","316","316","0","316","316","191","0","125","0","0","316","191","0","125","0","0","0","0","0","0","0","0","Under 1,000"
"441441","Institute of Technical Arts","2014","202","202","0","202","202","180","0","22","0","0","202","180","0","22","0","0","0","0","0","0","0","0","Under 1,000"
"441478","National Graduate School of Quality Management","2014","239","239","0","239","109","0","109","0","0","130","109","0","109","0","0","130","0","0","0","0","0","0","Under 1,000"
"441487","Texas County Technical College","2014","125","85","40","101","125","27","13","85","0","0","85","24","9","52","0","0","40","3","4","33","0","0","Under 1,000"
"441496","Aviation Institute of Maintenance-Kansas City","2014","83","81","2","82","83","19","0","64","0","0","81","18","0","63","0","0","2","1","0","1","0","0","Under 1,000"
"441502","Blue Cliff College-Gulfport","2014","178","119","59","142","178","172","0","6","0","0","119","115","0","4","0","0","59","57","0","2","0","0","Under 1,000"
"441511","Apex School of Theology","2014","770","642","128","692","596","53","7","536","0","174","536","34","7","495","0","106","60","19","0","41","0","68","Under 1,000"
"441548","Institute for Therapeutic Massage","2014","126","126","0","126","126","119","0","7","0","0","126","119","0","7","0","0","0","0","0","0","0","0","Under 1,000"
"441575","Metropolitan Learning Institute","2014","717","717","0","717","717","178","0","539","0","0","717","178","0","539","0","0","0","0","0","0","0","0","Under 1,000"
"441593","Orleans Niagara BOCES-Practical Nursing Program","2014","50","50","0","50","50","40","0","10","0","0","50","40","0","10","0","0","0","0","0","0","0","0","Under 1,000"
"441609","Yeshiva Shaarei Torah of Rockland","2014","98","98","0","98","98","0","28","70","0","0","98","0","28","70","0","0","0","0","0","0","0","0","Under 1,000"
"441618","Leon Studio One School of Hair Design","2014","27","19","8","22","27","9","0","18","0","0","19","6","0","13","0","0","8","3","0","5","0","0","Under 1,000"
"441627","St Joseph's Medical Center School of Radiography","2014","10","10","0","10","10","0","0","10","0","0","10","0","0","10","0","0","0","0","0","0","0","0","Under 1,000"
"441636","American Institute of Alternative Medicine","2014","337","255","82","288","337","28","116","193","0","0","255","26","78","151","0","0","82","2","38","42","0","0","Under 1,000"
"441645","Brown Aveda Institute-Mentor","2014","149","129","20","137","149","29","0","120","0","0","129","22","0","107","0","0","20","7","0","13","0","0","Under 1,000"
"441663","Institute of Technology Inc","2014","325","273","52","294","325","113","0","212","0","0","273","96","0","177","0","0","52","17","0","35","0","0","Under 1,000"
"441672","Susquehanna County Career and Technology Center","2014","65","65","0","65","65","59","0","6","0","0","65","59","0","6","0","0","0","0","0","0","0","0","Under 1,000"
"441690","Universidad Pentecostal Mizpa","2014","407","149","258","250","381","45","33","262","41","26","141","17","15","109","0","8","240","28","18","153","41","18","Under 1,000"
"441706","Caribbean Forensic and Technical College","2014","120","120","0","120","120","77","0","43","0","0","120","77","0","43","0","0","0","0","0","0","0","0","Under 1,000"
"441742","Concorde Career College-Grand Prairie","2014","987","987","0","987","987","211","0","776","0","0","987","211","0","776","0","0","0","0","0","0","0","0","Under 1,000"
"441751","Kussad Institute of Court Reporting","2014","16","16","0","16","16","4","0","12","0","0","16","4","0","12","0","0","0","0","0","0","0","0","Under 1,000"
"441760","Lamar Institute of Technology","2014","2799","1333","1466","1825","2799","670","306","1587","236","0","1333","484","139","683","27","0","1466","186","167","904","209","0","1,000 - 4,999"
"441779","MJ's Beauty Academy Inc","2014","60","60","0","60","60","28","0","32","0","0","60","28","0","32","0","0","0","0","0","0","0","0","Under 1,000"
"441788","Aviation Institute of Maintenance-Dallas","2014","359","348","11","352","359","71","0","288","0","0","348","70","0","278","0","0","11","1","0","10","0","0","Under 1,000"
"441830","Healing Mountain Massage School","2014","91","91","0","91","91","28","0","63","0","0","91","28","0","63","0","0","0","0","0","0","0","0","Under 1,000"
"441858","Career Training Solutions","2014","203","153","50","173","203","95","0","108","0","0","153","78","0","75","0","0","50","17","0","33","0","0","Under 1,000"
"441876","Rudy & Kelly Academy of Hair and Nails","2014","235","148","87","183","235","13","0","222","0","0","148","6","0","142","0","0","87","7","0","80","0","0","Under 1,000"
"441900","Nevada State College","2014","3555","1273","2282","2194","3555","278","832","2144","301","0","1273","205","245","795","28","0","2282","73","587","1349","273","0","1,000 - 4,999"
"441919","Virginia College-Jackson","2014","395","300","95","338","395","89","0","306","0","0","300","77","0","223","0","0","95","12","0","83","0","0","Under 1,000"
"441928","Virginia College-Austin","2014","569","250","319","377","569","121","0","448","0","0","250","58","0","192","0","0","319","63","0","256","0","0","Under 1,000"
"441937","California State University-Channel Islands","2014","5879","4939","940","5315","5677","962","1122","3565","28","202","4807","929","871","3001","6","132","870","33","251","564","22","70","5,000 - 9,999"
"441955","ITT Technical Institute-Springfield","2014","757","596","161","659","757","138","7","612","0","0","596","116","6","474","0","0","161","22","1","138","0","0","Under 1,000"
"441964","ITT Technical Institute-Chantilly","2014","546","400","146","457","546","53","7","486","0","0","400","40","5","355","0","0","146","13","2","131","0","0","Under 1,000"
"441973","The Art Institute of California-Argosy University Orange County","2014","1417","768","649","1023","1417","227","135","1055","0","0","768","141","80","547","0","0","649","86","55","508","0","0","1,000 - 4,999"
"441982","Franklin W Olin College of Engineering","2014","350","350","0","350","350","79","8","247","16","0","350","79","8","247","16","0","0","0","0","0","0","0","Under 1,000"
"442037","Lincoln Technical Institute-Northeast Philadelphia","2014","310","310","0","310","310","2","2","306","0","0","310","2","2","306","0","0","0","0","0","0","0","0","Under 1,000"
"442046","Lincoln Technical Institute-Center City Philadelphia","2014","533","477","56","499","533","180","5","348","0","0","477","158","4","315","0","0","56","22","1","33","0","0","Under 1,000"
"442064","Won Institute of Graduate Studies","2014","94","80","14","85","0","0","0","0","0","94","0","0","0","0","0","80","0","0","0","0","0","14","Under 1,000"
"442073","Lincoln Technical Institute-Paramus","2014","649","401","248","499","649","189","0","460","0","0","401","106","0","295","0","0","248","83","0","165","0","0","Under 1,000"
"442134","Pima Medical Institute-Colorado Springs","2014","563","563","0","563","563","248","0","312","3","0","563","248","0","312","3","0","0","0","0","0","0","0","Under 1,000"
"442161","University of Phoenix-Chicago Campus","2014","849","849","0","849","781","22","29","730","0","68","781","22","29","730","0","68","0","0","0","0","0","0","Under 1,000"
"442204","David's Academy of Beauty","2014","90","81","9","85","90","22","0","68","0","0","81","21","0","60","0","0","9","1","0","8","0","0","Under 1,000"
"442213","Birthwise Midwifery School","2014","70","24","46","42","70","3","0","67","0","0","24","1","0","23","0","0","46","2","0","44","0","0","Under 1,000"
"442222","Argosy University-Dallas","2014","496","84","412","244","271","25","69","177","0","225","33","2","5","26","0","51","238","23","64","151","0","174","Under 1,000"
"442231","Le Cordon Bleu College of Culinary Arts-Orlando","2014","972","972","0","972","972","120","55","797","0","0","972","120","55","797","0","0","0","0","0","0","0","0","Under 1,000"
"442240","Paul Mitchell the School-Costa Mesa","2014","263","203","60","227","263","58","0","205","0","0","203","49","0","154","0","0","60","9","0","51","0","0","Under 1,000"
"442295","Ave Maria School of Law","2014","269","267","2","268","0","0","0","0","0","269","0","0","0","0","0","267","0","0","0","0","0","2","Under 1,000"
"442329","Tulsa Welding School-Jacksonville","2014","735","735","0","735","735","257","0","478","0","0","735","257","0","478","0","0","0","0","0","0","0","0","Under 1,000"
"442338","ITT Technical Institute-Canton","2014","415","276","139","331","415","35","1","379","0","0","276","34","1","241","0","0","139","1","0","138","0","0","Under 1,000"
"442347","ITT Technical Institute-Plymouth Meeting","2014","273","207","66","233","273","31","3","239","0","0","207","29","2","176","0","0","66","2","1","63","0","0","Under 1,000"
"442356","Pennsylvania College of Health Sciences","2014","1447","491","956","867","1447","229","200","986","32","0","491","121","46","324","0","0","956","108","154","662","32","0","1,000 - 4,999"
"442383","West Virginia Junior College-Bridgeport","2014","188","167","21","175","188","63","25","100","0","0","167","60","23","84","0","0","21","3","2","16","0","0","Under 1,000"
"442392","Antioch University-PhD Program in Leadership and Change","2014","157","157","0","157","0","0","0","0","0","157","0","0","0","0","0","157","0","0","0","0","0","0","Under 1,000"
"442408","Vatterott College-Cleveland","2014","218","218","0","218","218","22","16","180","0","0","218","22","16","180","0","0","0","0","0","0","0","0","Under 1,000"
"442426","St Louis College of Health Careers-Fenton","2014","406","228","178","299","406","28","123","255","0","0","228","14","43","171","0","0","178","14","80","84","0","0","Under 1,000"
"442435","Interactive College of Technology-Gainesville","2014","57","57","0","57","57","21","0","36","0","0","57","21","0","36","0","0","0","0","0","0","0","0","Under 1,000"
"442523","Alaska Christian College","2014","68","63","5","65","68","28","0","40","0","0","63","27","0","36","0","0","5","1","0","4","0","0","Under 1,000"
"442569","Grantham University","2014","12577","8418","4159","10047","10878","1982","387","8424","85","1699","7149","1771","234","5142","2","1269","3729","211","153","3282","83","430","10,000 - 19,999"
"442578","Minnesota School of Business-Plymouth","2014","130","85","45","103","130","4","27","96","3","0","85","4","20","61","0","0","45","0","7","35","3","0","Under 1,000"
"442602","Carrington College-Albuquerque","2014","586","530","56","552","586","46","105","435","0","0","530","46","94","390","0","0","56","0","11","45","0","0","Under 1,000"
"442611","NASCAR Technical Institute","2014","1499","1499","0","1499","1499","355","0","1144","0","0","1499","355","0","1144","0","0","0","0","0","0","0","0","1,000 - 4,999"
"442620","Everest Institute-Tigard","2014","333","333","0","333","333","58","0","275","0","0","333","58","0","275","0","0","0","0","0","0","0","0","Under 1,000"
"442639","University of the Potomac-VA Campus","2014","97","97","0","97","77","4","5","68","0","20","77","4","5","68","0","20","0","0","0","0","0","0","Under 1,000"
"442657","Milan Institute-Palm Desert","2014","234","234","0","234","234","74","0","160","0","0","234","74","0","160","0","0","0","0","0","0","0","0","Under 1,000"
"442718","National American University-Overland Park","2014","382","82","300","200","382","19","49","314","0","0","82","0","5","77","0","0","300","19","44","237","0","0","Under 1,000"
"442727","Everest Institute-Austin","2014","719","719","0","719","719","116","0","603","0","0","719","116","0","603","0","0","0","0","0","0","0","0","Under 1,000"
"442736","Everest College-Burr Ridge","2014","251","251","0","251","251","0","0","251","0","0","251","0","0","251","0","0","0","0","0","0","0","0","Under 1,000"
"442745","Medvance Institute-West Palm","2014","276","276","0","276","276","53","14","209","0","0","276","53","14","209","0","0","0","0","0","0","0","0","Under 1,000"
"442781","Tohono O'Odham Community College","2014","225","84","141","131","225","46","1","132","46","0","84","34","1","49","0","0","141","12","0","83","46","0","Under 1,000"
"442790","Everest College-Dallas","2014","712","552","160","616","712","49","96","567","0","0","552","47","68","437","0","0","160","2","28","130","0","0","Under 1,000"
"442806","Edward Via College of Osteopathic Medicine","2014","1444","1444","0","1444","0","0","0","0","0","1444","0","0","0","0","0","1444","0","0","0","0","0","0","1,000 - 4,999"
"442815","The Salter School-Malden Campus","2014","349","274","75","304","349","107","0","242","0","0","274","90","0","184","0","0","75","17","0","58","0","0","Under 1,000"
"442842","Pacific College of Oriental Medicine-Chicago","2014","196","115","81","146","71","6","0","65","0","125","22","3","0","19","0","93","49","3","0","46","0","32","Under 1,000"
"442879","Southwest Institute of Healing Arts","2014","986","986","0","986","986","259","0","684","43","0","986","259","0","684","43","0","0","0","0","0","0","0","Under 1,000"
"442888","InterCoast Colleges-Riverside","2014","194","194","0","194","194","67","0","127","0","0","194","67","0","127","0","0","0","0","0","0","0","0","Under 1,000"
"442897","Ottawa University-Jeffersonville","2014","95","0","95","37","77","1","12","64","0","18","0","0","0","0","0","0","77","1","12","64","0","18","Under 1,000"
"442930","University of Antelope Valley","2014","772","772","0","772","753","121","78","554","0","19","753","121","78","554","0","19","0","0","0","0","0","0","Under 1,000"
"442949","Birthingway College of Midwifery","2014","76","27","49","46","76","0","0","71","5","0","27","0","0","27","0","0","49","0","0","44","5","0","Under 1,000"
"442958","Blue Water College of Cosmetology Inc","2014","39","28","11","32","39","18","0","21","0","0","28","8","0","20","0","0","11","10","0","1","0","0","Under 1,000"
"442967","Pima Medical Institute-Albuquerque West","2014","132","132","0","132","132","56","0","76","0","0","132","56","0","76","0","0","0","0","0","0","0","0","Under 1,000"
"442976","Brighton Center's Center for Employment Training","2014","97","97","0","97","97","80","0","17","0","0","97","80","0","17","0","0","0","0","0","0","0","0","Under 1,000"
"442985","California Healing Arts College","2014","44","44","0","44","44","16","0","28","0","0","44","16","0","28","0","0","0","0","0","0","0","0","Under 1,000"
"443021","Dallas Barber & Stylist College","2014","141","141","0","141","141","102","0","39","0","0","141","102","0","39","0","0","0","0","0","0","0","0","Under 1,000"
"443030","NorthShore University HealthSystem School of Nurse Anesthesia","2014","61","61","0","61","0","0","0","0","0","61","0","0","0","0","0","61","0","0","0","0","0","0","Under 1,000"
"443049","Faith Evangelical College & Seminary","2014","320","230","90","265","144","11","24","109","0","176","92","9","18","65","0","138","52","2","6","44","0","38","Under 1,000"
"443058","Family of Faith College","2014","24","19","5","21","24","3","3","16","2","0","19","1","3","15","0","0","5","2","0","1","2","0","Under 1,000"
"443076","Hood Theological Seminary","2014","188","139","49","158","0","0","0","0","0","188","0","0","0","0","0","139","0","0","0","0","0","49","Under 1,000"
"443100","Colegio Educativo Tecnologico Industrial Inc","2014","181","181","0","181","181","92","0","89","0","0","181","92","0","89","0","0","0","0","0","0","0","0","Under 1,000"
"443128","International Technological University","2014","1866","1287","579","1508","0","0","0","0","0","1866","0","0","0","0","0","1287","0","0","0","0","0","579","1,000 - 4,999"
"443137","Irene's Myomassology Institute","2014","329","329","0","329","329","258","0","71","0","0","329","258","0","71","0","0","0","0","0","0","0","0","Under 1,000"
"443146","Jay's Technical Institute","2014","128","90","38","105","128","23","0","105","0","0","90","19","0","71","0","0","38","4","0","34","0","0","Under 1,000"
"443173","Mr John's School of Cosmetology Esthetics & Nails-Jacksonville","2014","35","31","4","33","35","9","0","26","0","0","31","7","0","24","0","0","4","2","0","2","0","0","Under 1,000"
"443207","NTMA Training Centers of Southern California","2014","512","512","0","512","512","164","0","348","0","0","512","164","0","348","0","0","0","0","0","0","0","0","Under 1,000"
"443216","P C Age-Jersey City","2014","178","178","0","178","178","50","0","128","0","0","178","50","0","128","0","0","0","0","0","0","0","0","Under 1,000"
"443225","P C Age-Edison","2014","43","43","0","43","43","12","0","31","0","0","43","12","0","31","0","0","0","0","0","0","0","0","Under 1,000"
"443234","American Institute-Margate","2014","250","250","0","250","250","23","0","227","0","0","250","23","0","227","0","0","0","0","0","0","0","0","Under 1,000"
"443252","South Florida Institute of Technology","2014","933","933","0","933","933","565","0","368","0","0","933","565","0","368","0","0","0","0","0","0","0","0","Under 1,000"
"443261","Southeastern Institute-Charleston","2014","160","92","68","119","160","63","0","97","0","0","92","39","0","53","0","0","68","24","0","44","0","0","Under 1,000"
"443270","Southeastern College-Jacksonville","2014","173","109","64","134","173","85","0","88","0","0","109","56","0","53","0","0","64","29","0","35","0","0","Under 1,000"
"443289","Toni & Guy Hairdressing Academy-Colorado Springs","2014","172","172","0","172","172","127","0","45","0","0","172","127","0","45","0","0","0","0","0","0","0","0","Under 1,000"
"443298","Trend Barber College","2014","109","109","0","109","109","89","0","20","0","0","109","89","0","20","0","0","0","0","0","0","0","0","Under 1,000"
"443322","Valley Grande Institute for Academic Studies","2014","96","96","0","96","96","84","0","12","0","0","96","84","0","12","0","0","0","0","0","0","0","0","Under 1,000"
"443331","West Coast University-Los Angeles","2014","1659","1566","93","1602","1395","13","144","1238","0","264","1317","13","141","1163","0","249","78","0","3","75","0","15","1,000 - 4,999"
"443340","Williamson Christian College","2014","72","71","1","71","62","4","8","50","0","10","61","4","7","50","0","10","1","0","1","0","0","0","Under 1,000"
"443359","International Barber & Style College","2014","100","91","9","95","100","72","0","28","0","0","91","69","0","22","0","0","9","3","0","6","0","0","Under 1,000"
"443377","Triangle Tech Inc-Sunbury","2014","102","102","0","102","102","58","8","36","0","0","102","58","8","36","0","0","0","0","0","0","0","0","Under 1,000"
"443410","DigiPen Institute of Technology","2014","1018","856","162","919","932","163","119","650","0","86","805","154","111","540","0","51","127","9","8","110","0","35","1,000 - 4,999"
"443438","Fortis Institute-Fort Lauderdale","2014","175","175","0","175","175","22","0","153","0","0","175","22","0","153","0","0","0","0","0","0","0","0","Under 1,000"
"443483","Connecticut Center for Massage Therapy-Groton","2014","137","27","110","71","137","56","0","81","0","0","27","11","0","16","0","0","110","45","0","65","0","0","Under 1,000"
"443492","Pierpont Community and Technical College","2014","2311","1371","940","1687","2311","434","248","1043","586","0","1371","374","196","775","26","0","940","60","52","268","560","0","1,000 - 4,999"
"443526","ITT Technical Institute-Duluth","2014","568","458","110","501","568","52","8","508","0","0","458","46","6","406","0","0","110","6","2","102","0","0","Under 1,000"
"443535","ITT Technical Institute-Hilliard","2014","384","297","87","331","384","63","2","319","0","0","297","57","2","238","0","0","87","6","0","81","0","0","Under 1,000"
"443544","University of Phoenix-Indianapolis Campus","2014","290","290","0","290","275","0","1","274","0","15","275","0","1","274","0","15","0","0","0","0","0","0","Under 1,000"
"443562","Dewey University-Hato Rey","2014","1418","1135","283","1245","1305","380","13","912","0","113","1095","327","13","755","0","40","210","53","0","157","0","73","1,000 - 4,999"
"443571","InterCoast Colleges-West Covina","2014","131","131","0","131","131","39","0","92","0","0","131","39","0","92","0","0","0","0","0","0","0","0","Under 1,000"
"443599","American College of Healthcare Sciences","2014","603","46","557","263","423","26","111","286","0","180","35","1","15","19","0","11","388","25","96","267","0","169","Under 1,000"
"443623","Le Cordon Bleu College of Culinary Arts-Atlanta","2014","1170","1170","0","1170","1170","161","80","929","0","0","1170","161","80","929","0","0","0","0","0","0","0","0","1,000 - 4,999"
"443632","Colorado Media School","2014","144","144","0","144","144","64","0","80","0","0","144","64","0","80","0","0","0","0","0","0","0","0","Under 1,000"
"443641","Paul Mitchell the School-Rhode Island","2014","181","123","58","146","181","30","0","151","0","0","123","25","0","98","0","0","58","5","0","53","0","0","Under 1,000"
"443650","Miller-Motte Technical College-Chattanooga","2014","348","215","133","268","348","97","74","177","0","0","215","70","53","92","0","0","133","27","21","85","0","0","Under 1,000"
"443669","Milan Institute-Sparks","2014","330","330","0","330","330","120","0","210","0","0","330","120","0","210","0","0","0","0","0","0","0","0","Under 1,000"
"443678","Empire Beauty School-Framingham","2014","79","48","31","60","79","27","0","52","0","0","48","22","0","26","0","0","31","5","0","26","0","0","Under 1,000"
"443687","Westwood College-Chicago Loop","2014","381","316","65","342","381","78","2","301","0","0","316","78","2","236","0","0","65","0","0","65","0","0","Under 1,000"
"443696","Interactive Learning Systems-North Houston","2014","11","11","0","11","11","1","0","10","0","0","11","1","0","10","0","0","0","0","0","0","0","0","Under 1,000"
"443702","Bexley Hall Episcopal Seminary","2014","12","9","3","10","0","0","0","0","0","12","0","0","0","0","0","9","0","0","0","0","0","3","Under 1,000"
"443748","Everest Institute-Norcross","2014","548","546","2","547","548","59","85","404","0","0","546","59","85","402","0","0","2","0","0","2","0","0","Under 1,000"
"443766","Strayer University-Tennessee","2014","1960","173","1787","868","1275","251","166","856","2","685","94","9","9","76","0","79","1181","242","157","780","2","606","1,000 - 4,999"
"443784","Strayer University-Pennsylvania","2014","2103","254","1849","975","1538","232","133","1172","1","565","158","12","11","135","0","96","1380","220","122","1037","1","469","1,000 - 4,999"
"443827","Kaplan College-Brownsville","2014","345","345","0","345","345","60","43","232","10","0","345","60","43","232","10","0","0","0","0","0","0","0","Under 1,000"
"443836","Kaplan College-Corpus Christi","2014","399","399","0","399","399","62","40","290","7","0","399","62","40","290","7","0","0","0","0","0","0","0","Under 1,000"
"443845","School of Health","2014","103","103","0","103","103","46","0","57","0","0","103","46","0","57","0","0","0","0","0","0","0","0","Under 1,000"
"443854","Everest College-Arlington","2014","505","478","27","489","505","62","59","384","0","0","478","62","53","363","0","0","27","0","6","21","0","0","Under 1,000"
"443942","Toni & Guy Hairdressing Academy-Boise","2014","114","114","0","114","114","1","0","113","0","0","114","1","0","113","0","0","0","0","0","0","0","0","Under 1,000"
"443951","Charlie's Guard-Detective Bureau and Academy Inc","2014","62","62","0","62","62","1","0","61","0","0","62","1","0","61","0","0","0","0","0","0","0","0","Under 1,000"
"443979","PCI Academy-Plymouth","2014","75","52","23","61","75","14","0","61","0","0","52","10","0","42","0","0","23","4","0","19","0","0","Under 1,000"
"444024","Everest College-Tacoma","2014","795","753","42","770","795","78","92","625","0","0","753","76","87","590","0","0","42","2","5","35","0","0","Under 1,000"
"444042","National University College-Rio Grande","2014","1783","921","862","1260","1783","251","98","1434","0","0","921","200","73","648","0","0","862","51","25","786","0","0","1,000 - 4,999"
"444051","Creative Images Institute of Cosmetology-South Dayton","2014","96","73","23","82","96","33","0","63","0","0","73","27","0","46","0","0","23","6","0","17","0","0","Under 1,000"
"444079","Fortis Institute-Jacksonville","2014","14","14","0","14","14","0","0","14","0","0","14","0","0","14","0","0","0","0","0","0","0","0","Under 1,000"
"444088","Brookline College-Albuquerque","2014","357","243","114","288","357","96","0","244","17","0","243","96","0","147","0","0","114","0","0","97","17","0","Under 1,000"
"444103","Byzantine Catholic Seminary of Saints Cyril and Methodius","2014","22","6","16","12","0","0","0","0","0","22","0","0","0","0","0","6","0","0","0","0","0","16","Under 1,000"
"444130","Northcentral University","2014","11160","5602","5558","7727","208","0","40","168","0","10952","54","0","2","52","0","5548","154","0","38","116","0","5404","10,000 - 19,999"
"444158","Colorado Technical University-Online","2014","21558","12649","8909","16147","18669","1501","2784","14281","103","2889","9923","862","1615","7446","0","2726","8746","639","1169","6835","103","163","20,000 and above"
"444167","Baker College of Allen Park","2014","3372","1530","1842","2254","3369","441","454","2430","44","3","1528","238","223","1067","0","2","1841","203","231","1363","44","1","1,000 - 4,999"
"444194","Bayamon Community College","2014","207","207","0","207","207","22","0","185","0","0","207","22","0","185","0","0","0","0","0","0","0","0","Under 1,000"
"444200","Harris School of Business-Dover Campus","2014","491","368","123","417","491","104","0","387","0","0","368","80","0","288","0","0","123","24","0","99","0","0","Under 1,000"
"444219","Folsom Lake College","2014","7942","2039","5903","4021","7942","1522","959","4826","635","0","2039","620","113","1232","74","0","5903","902","846","3594","561","0","5,000 - 9,999"
"444228","LeGrand Institute of Cosmetology Inc","2014","30","30","0","30","30","9","0","21","0","0","30","9","0","21","0","0","0","0","0","0","0","0","Under 1,000"
"444237","Everest Institute-Detroit","2014","448","448","0","448","448","47","0","401","0","0","448","47","0","401","0","0","0","0","0","0","0","0","Under 1,000"
"444255","Daymar Institute-Murfreesboro","2014","131","105","26","115","131","8","14","109","0","0","105","8","12","85","0","0","26","0","2","24","0","0","Under 1,000"
"444264","Cambridge Technical Institute","2014","145","119","26","129","145","45","0","100","0","0","119","34","0","85","0","0","26","11","0","15","0","0","Under 1,000"
"444282","Empire Beauty School-Midlothian","2014","132","107","25","117","132","56","0","76","0","0","107","48","0","59","0","0","25","8","0","17","0","0","Under 1,000"
"444291","Empire Beauty School-Owings Mills","2014","110","84","26","94","110","46","0","64","0","0","84","41","0","43","0","0","26","5","0","21","0","0","Under 1,000"
"444307","Empire Beauty School-West Mifflin","2014","112","90","22","99","112","50","0","62","0","0","90","42","0","48","0","0","22","8","0","14","0","0","Under 1,000"
"444316","Bold Beauty Academy","2014","167","167","0","167","167","147","0","20","0","0","167","147","0","20","0","0","0","0","0","0","0","0","Under 1,000"
"444325","ATI College-Norwalk","2014","109","80","29","92","109","18","0","91","0","0","80","17","0","63","0","0","29","1","0","28","0","0","Under 1,000"
"444334","Advance Science Institute","2014","34","34","0","34","34","6","0","28","0","0","34","6","0","28","0","0","0","0","0","0","0","0","Under 1,000"
"444343","Advanced College","2014","125","125","0","125","125","117","4","4","0","0","125","117","4","4","0","0","0","0","0","0","0","0","Under 1,000"
"444352","Advance Tech College","2014","5","5","0","5","5","2","0","3","0","0","5","2","0","3","0","0","0","0","0","0","0","0","Under 1,000"
"444361","Advanced Training Associates","2014","85","85","0","85","85","20","0","65","0","0","85","20","0","65","0","0","0","0","0","0","0","0","Under 1,000"
"444370","American Advanced Technicians Institute","2014","124","124","0","124","124","38","0","86","0","0","124","38","0","86","0","0","0","0","0","0","0","0","Under 1,000"
"444398","Baptist University of the Americas","2014","174","118","56","140","174","22","12","134","6","0","118","19","10","89","0","0","56","3","2","45","6","0","Under 1,000"
"444404","The Beauty Institute","2014","45","35","10","39","45","43","0","2","0","0","35","34","0","1","0","0","10","9","0","1","0","0","Under 1,000"
"444413","Beis Medrash Heichal Dovid","2014","111","111","0","111","93","32","7","54","0","18","93","32","7","54","0","18","0","0","0","0","0","0","Under 1,000"
"444422","Bellefonte Academy of Beauty","2014","163","163","0","163","163","26","0","137","0","0","163","26","0","137","0","0","0","0","0","0","0","0","Under 1,000"
"444440","Blue Cliff Career College","2014","82","82","0","82","82","77","0","5","0","0","82","77","0","5","0","0","0","0","0","0","0","0","Under 1,000"
"444468","Career Beauty College","2014","28","28","0","28","28","3","0","25","0","0","28","3","0","25","0","0","0","0","0","0","0","0","Under 1,000"
"444486","Paul Mitchell the School-Gastonia","2014","383","282","101","322","383","12","0","371","0","0","282","10","0","272","0","0","101","2","0","99","0","0","Under 1,000"
"444510","CES College","2014","140","132","8","135","140","24","0","116","0","0","132","21","0","111","0","0","8","3","0","5","0","0","Under 1,000"
"444529","Computer Tutor Business and Technical Institute","2014","111","111","0","111","111","48","0","63","0","0","111","48","0","63","0","0","0","0","0","0","0","0","Under 1,000"
"444547","Court Reporting Institute of Louisiana","2014","35","35","0","35","35","1","1","33","0","0","35","1","1","33","0","0","0","0","0","0","0","0","Under 1,000"
"444556","Auguste Escoffier School of Culinary Arts-Austin","2014","294","294","0","294","294","232","0","62","0","0","294","232","0","62","0","0","0","0","0","0","0","0","Under 1,000"
"444565","Culinary Institute Inc","2014","430","122","308","244","430","99","38","287","6","0","122","10","6","101","5","0","308","89","32","186","1","0","Under 1,000"
"444574","Dade Medical College-Miami","2014","1037","1037","0","1037","1037","125","9","903","0","0","1037","125","9","903","0","0","0","0","0","0","0","0","1,000 - 4,999"
"444583","Escuela Hotelera de San Juan","2014","938","938","0","938","938","530","0","408","0","0","938","530","0","408","0","0","0","0","0","0","0","0","Under 1,000"
"444592","Expertise Cosmetology Institute","2014","81","42","39","57","81","66","0","15","0","0","42","35","0","7","0","0","39","31","0","8","0","0","Under 1,000"
"444608","Paul Mitchell the School-Monroe","2014","51","51","0","51","51","10","0","41","0","0","51","10","0","41","0","0","0","0","0","0","0","0","Under 1,000"
"444635","Healing Arts Institute","2014","70","0","70","28","70","37","0","33","0","0","0","0","0","0","0","0","70","37","0","33","0","0","Under 1,000"
"444644","Health Works Institute","2014","40","40","0","40","40","16","0","24","0","0","40","16","0","24","0","0","0","0","0","0","0","0","Under 1,000"
"444653","In Session Arts of Cosmetology Beauty School","2014","77","49","28","60","77","70","0","7","0","0","49","46","0","3","0","0","28","24","0","4","0","0","Under 1,000"
"444662","Moore Career College","2014","58","58","0","58","58","48","0","10","0","0","58","48","0","10","0","0","0","0","0","0","0","0","Under 1,000"
"444671","Industrial Technical College","2014","193","193","0","193","193","66","0","127","0","0","193","66","0","127","0","0","0","0","0","0","0","0","Under 1,000"
"444680","Institute of Beauty Occupation and Technology Course","2014","43","43","0","43","43","27","0","16","0","0","43","27","0","16","0","0","0","0","0","0","0","0","Under 1,000"
"444699","Institute of Clinical Acupuncture & Oriental Med","2014","54","52","2","53","0","0","0","0","0","54","0","0","0","0","0","52","0","0","0","0","0","2","Under 1,000"
"444705","Institute of Hair Design","2014","19","19","0","19","19","12","0","7","0","0","19","12","0","7","0","0","0","0","0","0","0","0","Under 1,000"
"444714","MedTech Institute-Atlanta Campus","2014","320","320","0","320","320","60","0","260","0","0","320","60","0","260","0","0","0","0","0","0","0","0","Under 1,000"
"444723","Jones International University","2014","1851","1064","787","1371","1195","239","62","894","0","656","656","126","36","494","0","408","539","113","26","400","0","248","1,000 - 4,999"
"444732","Leston College","2014","172","172","0","172","172","82","0","90","0","0","172","82","0","90","0","0","0","0","0","0","0","0","Under 1,000"
"444769","Medical Professional Institute","2014","290","135","155","197","290","34","0","256","0","0","135","9","0","126","0","0","155","25","0","130","0","0","Under 1,000"
"444778","New Life Theological Seminary","2014","130","37","93","73","103","6","12","85","0","27","35","0","2","33","0","2","68","6","10","52","0","25","Under 1,000"
"444787","Nightingale College","2014","156","156","0","156","156","14","0","142","0","0","156","14","0","142","0","0","0","0","0","0","0","0","Under 1,000"
"444796","Omnitech Institute","2014","102","102","0","102","102","90","0","12","0","0","102","90","0","12","0","0","0","0","0","0","0","0","Under 1,000"
"444811","PITC Institute","2014","224","170","54","191","224","6","0","218","0","0","170","6","0","164","0","0","54","0","0","54","0","0","Under 1,000"
"444857","Skinworks School of Advanced Skincare","2014","45","45","0","45","45","3","0","42","0","0","45","3","0","42","0","0","0","0","0","0","0","0","Under 1,000"
"444866","Southeastern Institute-Columbia","2014","173","87","86","121","173","52","0","121","0","0","87","30","0","57","0","0","86","22","0","64","0","0","Under 1,000"
"444893","Technical Learning Centers Inc","2014","258","258","0","258","258","246","0","12","0","0","258","246","0","12","0","0","0","0","0","0","0","0","Under 1,000"
"444909","Total Look School of Cosmetology & Massage Therapy","2014","9","9","0","9","9","1","0","8","0","0","9","1","0","8","0","0","0","0","0","0","0","0","Under 1,000"
"444927","The Art Institute of Tucson","2014","388","298","90","333","388","76","67","245","0","0","298","70","56","172","0","0","90","6","11","73","0","0","Under 1,000"
"444936","Turning Point Beauty College","2014","47","47","0","47","47","43","0","4","0","0","47","43","0","4","0","0","0","0","0","0","0","0","Under 1,000"
"444945","Unitech Training Academy-Lafayette","2014","125","125","0","125","125","94","0","31","0","0","125","94","0","31","0","0","0","0","0","0","0","0","Under 1,000"
"444954","Mountwest Community and Technical College","2014","2026","1315","711","1554","2026","404","288","1010","324","0","1315","349","193","672","101","0","711","55","95","338","223","0","1,000 - 4,999"
"444972","Centura College-Columbia","2014","70","35","35","49","70","23","0","47","0","0","35","15","0","20","0","0","35","8","0","27","0","0","Under 1,000"
"444990","Flagler College-Tallahassee","2014","462","417","45","435","462","0","145","312","5","0","417","0","143","274","0","0","45","0","2","38","5","0","Under 1,000"
"445027","American InterContinental University-Online","2014","11900","6052","5848","8340","10544","878","1901","7763","2","1356","5556","513","1204","3839","0","496","4988","365","697","3924","2","860","10,000 - 19,999"
"445072","Westwood College-Atlanta Midtown","2014","419","328","91","364","419","82","12","325","0","0","328","79","11","238","0","0","91","3","1","87","0","0","Under 1,000"
"445081","ITT Technical Institute-Eden Prairie","2014","216","148","68","175","216","34","3","179","0","0","148","29","1","118","0","0","68","5","2","61","0","0","Under 1,000"
"445090","Virginia College-Mobile","2014","575","395","180","466","575","146","0","429","0","0","395","127","0","268","0","0","180","19","0","161","0","0","Under 1,000"
"445115","Le Cordon Bleu College of Culinary Arts-Las Vegas","2014","587","587","0","587","587","81","28","478","0","0","587","81","28","478","0","0","0","0","0","0","0","0","Under 1,000"
"445124","International Academy of Design and Technology-Troy","2014","134","125","9","129","134","0","0","133","1","0","125","0","0","125","0","0","9","0","0","8","1","0","Under 1,000"
"445133","American InterContinental University-Houston","2014","535","322","213","405","430","55","52","323","0","105","238","33","30","175","0","84","192","22","22","148","0","21","Under 1,000"
"445188","University of California-Merced","2014","6268","6193","75","6223","5884","1551","108","4225","0","384","5811","1548","106","4157","0","382","73","3","2","68","0","2","5,000 - 9,999"
"445197","Everest College-Fort Worth","2014","204","182","22","191","204","0","0","204","0","0","182","0","0","182","0","0","22","0","0","22","0","0","Under 1,000"
"445203","Remington College-North Houston Campus","2014","415","415","0","415","415","156","3","256","0","0","415","156","3","256","0","0","0","0","0","0","0","0","Under 1,000"
"445212","Paul Mitchell the School-Orlando","2014","172","121","51","141","172","26","0","146","0","0","121","18","0","103","0","0","51","8","0","43","0","0","Under 1,000"
"445221","Regency Beauty Institute-Maplewood","2014","79","60","19","68","79","44","0","35","0","0","60","38","0","22","0","0","19","6","0","13","0","0","Under 1,000"
"445230","Pima Medical Institute-Las Vegas","2014","988","988","0","988","988","312","0","676","0","0","988","312","0","676","0","0","0","0","0","0","0","0","Under 1,000"
"445249","Remington College-Nashville Campus","2014","380","380","0","380","380","138","23","219","0","0","380","138","23","219","0","0","0","0","0","0","0","0","Under 1,000"
"445258","Platt College-North OKC","2014","189","189","0","189","189","31","28","130","0","0","189","31","28","130","0","0","0","0","0","0","0","0","Under 1,000"
"445267","Central Methodist University-College of Graduate and Extended Studies","2014","4537","1434","3103","2653","4291","0","443","1344","2504","246","1233","0","297","845","91","201","3058","0","146","499","2413","45","1,000 - 4,999"
"445276","Westwood College-Northlake","2014","376","290","86","324","376","64","14","298","0","0","290","58","11","221","0","0","86","6","3","77","0","0","Under 1,000"
"445300","University of Phoenix-Jersey City Campus","2014","371","371","0","371","371","13","11","347","0","0","371","13","11","347","0","0","0","0","0","0","0","0","Under 1,000"
"445319","University of Phoenix-Minneapolis St Paul Campus","2014","146","146","0","146","132","0","0","132","0","14","132","0","0","132","0","14","0","0","0","0","0","0","Under 1,000"
"445328","Kaplan College-Fort Worth","2014","284","284","0","284","284","61","13","195","15","0","284","61","13","195","15","0","0","0","0","0","0","0","Under 1,000"
"445346","Kaplan College-Lubbock","2014","314","314","0","314","314","93","6","211","4","0","314","93","6","211","4","0","0","0","0","0","0","0","Under 1,000"
"445364","North-West College-Riverside","2014","442","442","0","442","442","126","0","316","0","0","442","126","0","316","0","0","0","0","0","0","0","0","Under 1,000"
"445373","Everest Institute-Chelsea","2014","194","194","0","194","194","14","0","180","0","0","194","14","0","180","0","0","0","0","0","0","0","0","Under 1,000"
"445382","Everest Institute-Eagan","2014","105","105","0","105","105","0","0","105","0","0","105","0","0","105","0","0","0","0","0","0","0","0","Under 1,000"
"445391","University of Phoenix-Louisville Campus","2014","192","192","0","192","184","0","2","182","0","8","184","0","2","182","0","8","0","0","0","0","0","0","Under 1,000"
"445434","Everest University-Orange Park","2014","558","468","90","503","558","39","59","460","0","0","468","39","55","374","0","0","90","0","4","86","0","0","Under 1,000"
"445461","Everest Institute-Bissonnet","2014","785","785","0","785","785","128","0","657","0","0","785","128","0","657","0","0","0","0","0","0","0","0","Under 1,000"
"445470","Everest College-McLean","2014","149","147","2","148","149","0","0","149","0","0","147","0","0","147","0","0","2","0","0","2","0","0","Under 1,000"
"445498","Colegio Tecnico de Electricidad Galloza","2014","66","66","0","66","66","17","0","49","0","0","66","17","0","49","0","0","0","0","0","0","0","0","Under 1,000"
"445504","Empire Beauty School-St Paul","2014","61","54","7","57","61","23","0","38","0","0","54","21","0","33","0","0","7","2","0","5","0","0","Under 1,000"
"445540","Arthur's Beauty School Inc-Conway","2014","85","85","0","85","85","18","0","67","0","0","85","18","0","67","0","0","0","0","0","0","0","0","Under 1,000"
"445559","Vatterott College-St Charles","2014","396","396","0","396","396","45","57","294","0","0","396","45","57","294","0","0","0","0","0","0","0","0","Under 1,000"
"445577","Anthem Institute-North Brunswick","2014","242","242","0","242","242","142","0","100","0","0","242","142","0","100","0","0","0","0","0","0","0","0","Under 1,000"
"445638","Spa Tech Institute-Ipswich","2014","37","22","15","28","37","9","0","28","0","0","22","6","0","16","0","0","15","3","0","12","0","0","Under 1,000"
"445647","Spa Tech Institute-Westboro","2014","90","38","52","59","90","13","0","77","0","0","38","9","0","29","0","0","52","4","0","48","0","0","Under 1,000"
"445656","Spa Tech Institute-Plymouth","2014","153","101","52","122","153","35","0","118","0","0","101","29","0","72","0","0","52","6","0","46","0","0","Under 1,000"
"445665","Milan Institute of Cosmetology-San Antonio Walzem","2014","153","153","0","153","153","42","0","111","0","0","153","42","0","111","0","0","0","0","0","0","0","0","Under 1,000"
"445683","Wards Corner Beauty Academy-Virginia Beach","2014","73","73","0","73","73","8","0","65","0","0","73","8","0","65","0","0","0","0","0","0","0","0","Under 1,000"
"445692","Neumont University","2014","431","431","0","431","431","120","16","295","0","0","431","120","16","295","0","0","0","0","0","0","0","0","Under 1,000"
"445708","Johnson & Wales University-Charlotte","2014","2255","2207","48","2226","2255","610","170","1475","0","0","2207","610","167","1430","0","0","48","0","3","45","0","0","1,000 - 4,999"
"445726","L'Ecole Culinaire-St Louis","2014","308","308","0","308","308","39","142","127","0","0","308","39","142","127","0","0","0","0","0","0","0","0","Under 1,000"
"445735","Roseman University of Health Sciences","2014","1404","1375","29","1386","269","0","168","101","0","1135","269","0","168","101","0","1106","0","0","0","0","0","29","1,000 - 4,999"
"445744","Fortis Institute-Port Saint Lucie","2014","489","489","0","489","489","72","9","408","0","0","489","72","9","408","0","0","0","0","0","0","0","0","Under 1,000"
"445753","Fortis Institute-Miami","2014","26","26","0","26","26","0","0","26","0","0","26","0","0","26","0","0","0","0","0","0","0","0","Under 1,000"
"445762","Aviation Institute of Maintenance-Manassas","2014","105","99","6","101","105","32","0","73","0","0","99","30","0","69","0","0","6","2","0","4","0","0","Under 1,000"
"445771","Everest College-North Aurora","2014","70","70","0","70","70","0","0","70","0","0","70","0","0","70","0","0","0","0","0","0","0","0","Under 1,000"
"445780","Cosmetology School of Arts and Sciences","2014","32","32","0","32","32","14","0","18","0","0","32","14","0","18","0","0","0","0","0","0","0","0","Under 1,000"
"445799","Universal Technical Institute of Pennsylvania Inc","2014","1623","1623","0","1623","1623","512","0","1111","0","0","1623","512","0","1111","0","0","0","0","0","0","0","0","1,000 - 4,999"
"445814","Heritage College-Kansas City","2014","514","514","0","514","514","95","53","366","0","0","514","95","53","366","0","0","0","0","0","0","0","0","Under 1,000"
"445841","Kenneth Shuler School of Cosmetology-Spartanburg","2014","138","103","35","117","138","15","0","123","0","0","103","13","0","90","0","0","35","2","0","33","0","0","Under 1,000"
"445850","Kenneth Shuler School of Cosmetology-Columbia","2014","119","84","35","98","119","9","0","110","0","0","84","5","0","79","0","0","35","4","0","31","0","0","Under 1,000"
"445869","Institute for the Psychological Sciences","2014","101","95","6","97","0","0","0","0","0","101","0","0","0","0","0","95","0","0","0","0","0","6","Under 1,000"
"445911","Lincoln Technical Institute-Shelton","2014","631","414","217","500","631","172","0","459","0","0","414","117","0","297","0","0","217","55","0","162","0","0","Under 1,000"
"445920","Minnesota School of Business-Waite Park","2014","218","156","62","180","218","19","38","157","4","0","156","15","32","108","1","0","62","4","6","49","3","0","Under 1,000"
"445948","Northwest Career College","2014","189","188","1","188","189","93","0","96","0","0","188","93","0","95","0","0","1","0","0","1","0","0","Under 1,000"
"445957","Soma Institute-The National School of Clinical Massage Therapy","2014","243","0","243","96","243","89","0","154","0","0","0","0","0","0","0","0","243","89","0","154","0","0","Under 1,000"
"445984","Xtreme Career Institute","2014","119","119","0","119","119","116","0","3","0","0","119","116","0","3","0","0","0","0","0","0","0","0","Under 1,000"
"445993","Marinello Schools of Beauty-Niantic","2014","260","179","81","211","260","84","0","176","0","0","179","48","0","131","0","0","81","36","0","45","0","0","Under 1,000"
"446002","American Academy of Acupuncture and Oriental Medicine","2014","57","30","27","40","0","0","0","0","0","57","0","0","0","0","0","30","0","0","0","0","0","27","Under 1,000"
"446039","Arizona School of Acupuncture and Oriental Medicine","2014","40","36","4","38","0","0","0","0","0","40","0","0","0","0","0","36","0","0","0","0","0","4","Under 1,000"
"446048","Ave Maria University","2014","1081","1062","19","1069","1028","304","77","638","9","53","1012","304","76","632","0","50","16","0","1","6","9","3","1,000 - 4,999"
"446057","Blue Sky School of Professional Massage and Therapeutic Bodywork","2014","72","68","4","70","72","24","0","48","0","0","68","23","0","45","0","0","4","1","0","3","0","0","Under 1,000"
"446075","Buchanan Beauty College","2014","17","17","0","17","17","5","0","12","0","0","17","5","0","12","0","0","0","0","0","0","0","0","Under 1,000"
"446084","CALC Institute of Technology","2014","174","13","161","77","174","44","0","130","0","0","13","1","0","12","0","0","161","43","0","118","0","0","Under 1,000"
"446093","Cambridge Junior College-Yuba City","2014","159","159","0","159","159","19","87","53","0","0","159","19","87","53","0","0","0","0","0","0","0","0","Under 1,000"
"446109","Cambridge Institute of Allied Health & Technology","2014","188","188","0","188","188","62","0","126","0","0","188","62","0","126","0","0","0","0","0","0","0","0","Under 1,000"
"446118","Career Care Institute","2014","585","585","0","585","585","324","0","261","0","0","585","324","0","261","0","0","0","0","0","0","0","0","Under 1,000"
"446127","ATA Career Education","2014","206","206","0","206","206","19","31","156","0","0","206","19","31","156","0","0","0","0","0","0","0","0","Under 1,000"
"446136","Career Quest Learning Centers-Lansing","2014","408","408","0","408","408","139","0","269","0","0","408","139","0","269","0","0","0","0","0","0","0","0","Under 1,000"
"446145","Central State Massage Academy","2014","48","30","18","37","48","4","0","44","0","0","30","3","0","27","0","0","18","1","0","17","0","0","Under 1,000"
"446163","Community Christian College","2014","104","82","22","91","104","69","3","29","3","0","82","49","3","27","3","0","22","20","0","2","0","0","Under 1,000"
"446190","Crossett School of Cosmetology","2014","18","18","0","18","18","12","0","6","0","0","18","12","0","6","0","0","0","0","0","0","0","0","Under 1,000"
"446206","Culpeper Cosmetology Training Center","2014","48","36","12","40","48","41","0","7","0","0","36","35","0","1","0","0","12","6","0","6","0","0","Under 1,000"
"446215","Day Spa Career College","2014","35","35","0","35","35","5","0","30","0","0","35","5","0","30","0","0","0","0","0","0","0","0","Under 1,000"
"446224","Eastern School of Acupuncture and Traditional Medicine","2014","58","56","2","57","58","0","0","58","0","0","56","0","0","56","0","0","2","0","0","2","0","0","Under 1,000"
"446233","Ecclesia College","2014","164","136","28","147","164","41","18","105","0","0","136","40","12","84","0","0","28","1","6","21","0","0","Under 1,000"
"446242","Employment Solutions-College for Technical Education","2014","203","202","1","202","203","21","0","182","0","0","202","21","0","181","0","0","1","0","0","1","0","0","Under 1,000"
"446251","European Massage Therapy School-Skokie","2014","64","64","0","64","64","32","0","32","0","0","64","32","0","32","0","0","0","0","0","0","0","0","Under 1,000"
"446260","Evergreen Beauty and Barber College-Everett","2014","106","106","0","106","106","42","0","64","0","0","106","42","0","64","0","0","0","0","0","0","0","0","Under 1,000"
"446288","Paul Mitchell the School-Great Lakes","2014","100","59","41","75","100","20","0","80","0","0","59","11","0","48","0","0","41","9","0","32","0","0","Under 1,000"
"446303","Healthcare Training Institute","2014","76","47","29","59","76","10","0","66","0","0","47","9","0","38","0","0","29","1","0","28","0","0","Under 1,000"
"446349","John D Rockefeller IV Career Center","2014","20","20","0","20","20","2","0","18","0","0","20","2","0","18","0","0","0","0","0","0","0","0","Under 1,000"
"446385","Los Angeles Music Academy","2014","147","140","7","143","147","25","36","86","0","0","140","25","36","79","0","0","7","0","0","7","0","0","Under 1,000"
"446394","Maple Springs Baptist Bible College and Seminary","2014","99","6","93","42","66","0","3","63","0","33","3","0","0","3","0","3","63","0","3","60","0","30","Under 1,000"
"446400","MCI Institute of Technology","2014","146","146","0","146","146","25","0","121","0","0","146","25","0","121","0","0","0","0","0","0","0","0","Under 1,000"
"446446","Centura Institute","2014","47","28","19","36","47","20","0","27","0","0","28","13","0","15","0","0","19","7","0","12","0","0","Under 1,000"
"446455","Precision Manufacturing Institute","2014","57","57","0","57","57","39","0","18","0","0","57","39","0","18","0","0","0","0","0","0","0","0","Under 1,000"
"446464","Professional Massage Training Center","2014","27","27","0","27","27","4","0","23","0","0","27","4","0","23","0","0","0","0","0","0","0","0","Under 1,000"
"446516","Rosslyn Training Academy of Cosmetology","2014","37","37","0","37","37","22","0","15","0","0","37","22","0","15","0","0","0","0","0","0","0","0","Under 1,000"
"446525","SAE Institute of Technology-Nashville","2014","143","143","0","143","143","64","0","79","0","0","143","64","0","79","0","0","0","0","0","0","0","0","Under 1,000"
"446534","eClips School of Cosmetology and Barbering","2014","83","83","0","83","83","65","0","18","0","0","83","65","0","18","0","0","0","0","0","0","0","0","Under 1,000"
"446543","Shear Academy","2014","28","28","0","28","28","27","0","1","0","0","28","27","0","1","0","0","0","0","0","0","0","0","Under 1,000"
"446552","Southern Technical College","2014","1445","1445","0","1445","1445","411","0","1034","0","0","1445","411","0","1034","0","0","0","0","0","0","0","0","1,000 - 4,999"
"446561","Stanbridge College","2014","1133","1133","0","1133","1073","233","59","781","0","60","1073","233","59","781","0","60","0","0","0","0","0","0","1,000 - 4,999"
"446570","Styletrends Barber and Hairstyling Academy","2014","45","20","25","30","45","11","0","34","0","0","20","6","0","14","0","0","25","5","0","20","0","0","Under 1,000"
"446589","Universal Career School","2014","137","72","65","98","137","37","0","100","0","0","72","16","0","56","0","0","65","21","0","44","0","0","Under 1,000"
"446598","Universal College of Healing Arts","2014","14","14","0","14","14","4","0","10","0","0","14","4","0","10","0","0","0","0","0","0","0","0","Under 1,000"
"446604","Uta Mesivta of Kiryas Joel","2014","1634","1634","0","1634","1634","286","72","1276","0","0","1634","286","72","1276","0","0","0","0","0","0","0","0","1,000 - 4,999"
"446613","W L Bonner College","2014","29","1","28","12","29","1","3","22","3","0","1","0","0","1","0","0","28","1","3","21","3","0","Under 1,000"
"446640","Harrisburg University of Science and Technology","2014","892","825","67","851","313","104","7","193","9","579","283","101","7","175","0","542","30","3","0","18","9","37","Under 1,000"
"446668","The Art Institute of Ohio-Cincinnati","2014","660","496","164","560","660","163","50","447","0","0","496","102","30","364","0","0","164","61","20","83","0","0","Under 1,000"
"446677","Stevens-Henager College-Logan","2014","111","111","0","111","111","8","0","103","0","0","111","8","0","103","0","0","0","0","0","0","0","0","Under 1,000"
"446729","University of Phoenix-Des Moines Campus","2014","36","36","0","36","30","0","0","30","0","6","30","0","0","30","0","6","0","0","0","0","0","0","Under 1,000"
"446774","Blue Ridge Community and Technical College","2014","5528","1123","4405","2602","5528","410","202","1526","3390","0","1123","274","103","727","19","0","4405","136","99","799","3371","0","5,000 - 9,999"
"446792","International Academy of Design and Technology-Henderson","2014","283","257","26","267","283","28","3","252","0","0","257","28","3","226","0","0","26","0","0","26","0","0","Under 1,000"
"446808","International Academy of Design and Technology-Seattle","2014","299","278","21","286","299","37","22","240","0","0","278","36","21","221","0","0","21","1","1","19","0","0","Under 1,000"
"446817","International Academy of Design and Technology-Nashville","2014","24","14","10","18","24","0","0","24","0","0","14","0","0","14","0","0","10","0","0","10","0","0","Under 1,000"
"446835","Le Cordon Bleu College of Culinary Arts-Miami","2014","789","789","0","789","789","100","45","644","0","0","789","100","45","644","0","0","0","0","0","0","0","0","Under 1,000"
"446844","Le Cordon Bleu College of Culinary Arts-Minneapolis","2014","491","491","0","491","491","59","30","402","0","0","491","59","30","402","0","0","0","0","0","0","0","0","Under 1,000"
"446880","Career Technical College-Shreveport","2014","303","240","63","265","303","106","50","147","0","0","240","96","40","104","0","0","63","10","10","43","0","0","Under 1,000"
"446899","ITT Technical Institute-Kansas City","2014","231","187","44","204","231","31","1","199","0","0","187","25","1","161","0","0","44","6","0","38","0","0","Under 1,000"
"446905","ITT Technical Institute-Kennesaw","2014","383","281","102","321","383","55","1","327","0","0","281","48","0","233","0","0","102","7","1","94","0","0","Under 1,000"
"446914","ITT Technical Institute-Owings Mills","2014","555","446","109","489","555","85","7","463","0","0","446","68","5","373","0","0","109","17","2","90","0","0","Under 1,000"
"446923","ITT Technical Institute-Warrensville Heights","2014","406","322","84","355","406","72","5","329","0","0","322","62","3","257","0","0","84","10","2","72","0","0","Under 1,000"
"446932","Union Graduate College","2014","431","103","328","228","0","0","0","0","0","431","0","0","0","0","0","103","0","0","0","0","0","328","Under 1,000"
"446996","Chambersburg Beauty School","2014","71","58","13","63","71","24","0","47","0","0","58","23","0","35","0","0","13","1","0","12","0","0","Under 1,000"
"447014","Daytona College","2014","276","276","0","276","276","74","33","169","0","0","276","74","33","169","0","0","0","0","0","0","0","0","Under 1,000"
"447023","Delta Technical College","2014","662","613","49","632","662","216","0","446","0","0","613","169","0","444","0","0","49","47","0","2","0","0","Under 1,000"
"447050","United States University","2014","451","414","37","429","311","17","53","204","37","140","274","17","53","204","0","140","37","0","0","0","37","0","Under 1,000"
"447069","Westwood College-Arlington Ballston","2014","344","236","108","278","344","66","3","275","0","0","236","63","1","172","0","0","108","3","2","103","0","0","Under 1,000"
"447102","Kaplan College-Bakersfield","2014","393","393","0","393","393","91","9","287","6","0","393","91","9","287","6","0","0","0","0","0","0","0","Under 1,000"
"447120","Kaplan College-Fresno","2014","272","272","0","272","272","33","12","219","8","0","272","33","12","219","8","0","0","0","0","0","0","0","Under 1,000"
"447148","Empire Beauty School-Avondale","2014","193","153","40","169","193","76","0","117","0","0","153","64","0","89","0","0","40","12","0","28","0","0","Under 1,000"
"447166","Empire Beauty School-Littleton","2014","76","56","20","64","76","21","0","55","0","0","56","14","0","42","0","0","20","7","0","13","0","0","Under 1,000"
"447175","Empire Beauty School-Aurora","2014","138","97","41","113","138","46","0","92","0","0","97","34","0","63","0","0","41","12","0","29","0","0","Under 1,000"
"447209","Everest Institute-Gahanna","2014","405","405","0","405","405","43","0","362","0","0","405","43","0","362","0","0","0","0","0","0","0","0","Under 1,000"
"447218","Everest College-Merrionette Park","2014","337","337","0","337","337","0","0","337","0","0","337","0","0","337","0","0","0","0","0","0","0","0","Under 1,000"
"447227","Everest College-Earth City","2014","185","185","0","185","185","0","0","185","0","0","185","0","0","185","0","0","0","0","0","0","0","0","Under 1,000"
"447236","Everest College-Mesa","2014","270","195","75","224","270","9","12","249","0","0","195","7","10","178","0","0","75","2","2","71","0","0","Under 1,000"
"447245","Everest Institute-Silver Spring","2014","186","186","0","186","186","0","0","186","0","0","186","0","0","186","0","0","0","0","0","0","0","0","Under 1,000"
"447254","Alvareitas College of Cosmetology-Belleville","2014","13","13","0","13","13","8","0","5","0","0","13","8","0","5","0","0","0","0","0","0","0","0","Under 1,000"
"447263","AmeriTech College-Draper","2014","464","464","0","464","464","198","0","266","0","0","464","198","0","266","0","0","0","0","0","0","0","0","Under 1,000"
"447272","Argosy University-Los Angeles","2014","571","210","361","350","298","36","44","217","1","273","130","16","30","84","0","80","168","20","14","133","1","193","Under 1,000"
"447290","Brown Mackie College-Miami","2014","919","919","0","919","919","100","95","724","0","0","919","100","95","724","0","0","0","0","0","0","0","0","Under 1,000"
"447315","Regency Beauty Institute-Darien","2014","50","35","15","41","50","22","0","28","0","0","35","15","0","20","0","0","15","7","0","8","0","0","Under 1,000"
"447324","Regency Beauty Institute-Aurora","2014","84","60","24","70","84","27","0","57","0","0","60","22","0","38","0","0","24","5","0","19","0","0","Under 1,000"
"447333","Regency Beauty Institute-Madison","2014","69","69","0","69","69","19","0","50","0","0","69","19","0","50","0","0","0","0","0","0","0","0","Under 1,000"
"447342","Regency Beauty Institute-Ridgedale","2014","43","27","16","33","43","15","0","28","0","0","27","8","0","19","0","0","16","7","0","9","0","0","Under 1,000"
"447360","Fortis College-Largo","2014","207","207","0","207","207","19","19","169","0","0","207","19","19","169","0","0","0","0","0","0","0","0","Under 1,000"
"447379","Platt College-Moore","2014","94","94","0","94","94","7","19","68","0","0","94","7","19","68","0","0","0","0","0","0","0","0","Under 1,000"
"447403","Universal Technical Institute of Massachusetts Inc","2014","1009","1009","0","1009","1009","335","0","674","0","0","1009","335","0","674","0","0","0","0","0","0","0","0","1,000 - 4,999"
"447421","Eagle Gate College-Layton","2014","217","91","126","140","217","68","4","138","7","0","91","17","2","66","6","0","126","51","2","72","1","0","Under 1,000"
"447430","Carsten Institute of Cosmetology","2014","115","64","51","84","115","56","0","59","0","0","64","34","0","30","0","0","51","22","0","29","0","0","Under 1,000"
"447449","Academy of Hair Design-Jasper","2014","59","39","20","47","59","33","0","26","0","0","39","18","0","21","0","0","20","15","0","5","0","0","Under 1,000"
"447458","Expression College for Digital Arts","2014","445","445","0","445","445","47","25","373","0","0","445","47","25","373","0","0","0","0","0","0","0","0","Under 1,000"
"447467","Unitech Training Academy-West Monroe","2014","106","106","0","106","106","57","0","49","0","0","106","57","0","49","0","0","0","0","0","0","0","0","Under 1,000"
"447476","Daymar College-Bellevue","2014","29","20","9","24","29","0","0","29","0","0","20","0","0","20","0","0","9","0","0","9","0","0","Under 1,000"
"447494","Salter School-Fall River","2014","232","157","75","187","232","46","0","186","0","0","157","30","0","127","0","0","75","16","0","59","0","0","Under 1,000"
"447519","Seacoast Career School-Manchester Campus","2014","291","197","94","234","291","64","0","227","0","0","197","50","0","147","0","0","94","14","0","80","0","0","Under 1,000"
"447528","Instituto de Educacion Tecnica Ocupacional La Reine-Aguadilla","2014","150","150","0","150","150","133","0","17","0","0","150","133","0","17","0","0","0","0","0","0","0","0","Under 1,000"
"447582","New River Community and Technical College","2014","1957","1387","570","1578","1957","460","366","903","228","0","1387","407","310","660","10","0","570","53","56","243","218","0","1,000 - 4,999"
"447591","The College of Health Care Professions-Southwest Houston","2014","217","217","0","217","217","206","0","11","0","0","217","206","0","11","0","0","0","0","0","0","0","0","Under 1,000"
"447625","Eagle Gate College-Salt Lake City","2014","131","84","47","103","131","22","21","56","32","0","84","5","7","46","26","0","47","17","14","10","6","0","Under 1,000"
"447634","Kaplan College-Palm Springs","2014","379","379","0","379","379","70","52","257","0","0","379","70","52","257","0","0","0","0","0","0","0","0","Under 1,000"
"447670","Minnesota School of Business-Rochester","2014","183","134","49","153","183","13","22","142","6","0","134","11","19","103","1","0","49","2","3","39","5","0","Under 1,000"
"447689","Georgia Gwinnett College","2014","10828","7527","3301","8859","10828","2545","913","6929","441","0","7527","2186","539","4660","142","0","3301","359","374","2269","299","0","10,000 - 19,999"
"447698","Phoenix Institute of Herbal Medicine & Acupuncture","2014","132","90","42","106","0","0","0","0","0","132","0","0","0","0","0","90","0","0","0","0","0","42","Under 1,000"
"447704","Tucson College of Beauty","2014","56","54","2","55","56","10","0","46","0","0","54","9","0","45","0","0","2","1","0","1","0","0","Under 1,000"
"447713","California Career College","2014","94","0","94","37","94","31","0","63","0","0","0","0","0","0","0","0","94","31","0","63","0","0","Under 1,000"
"447722","Palladium Technical Academy","2014","48","48","0","48","48","22","0","26","0","0","48","22","0","26","0","0","0","0","0","0","0","0","Under 1,000"
"447731","Palace Beauty College","2014","148","66","82","99","148","42","0","106","0","0","66","21","0","45","0","0","82","21","0","61","0","0","Under 1,000"
"447759","National Polytechnic College","2014","198","179","19","187","198","42","0","156","0","0","179","33","0","146","0","0","19","9","0","10","0","0","Under 1,000"
"447768","American Career College-Ontario","2014","1483","1483","0","1483","1483","157","175","1151","0","0","1483","157","175","1151","0","0","0","0","0","0","0","0","1,000 - 4,999"
"447777","Asher College","2014","716","29","687","302","716","332","0","384","0","0","29","20","0","9","0","0","687","312","0","375","0","0","Under 1,000"
"447795","American Institute of Massage Therapy","2014","38","38","0","38","38","35","0","3","0","0","38","35","0","3","0","0","0","0","0","0","0","0","Under 1,000"
"447801","University of East-West Medicine","2014","234","137","97","174","0","0","0","0","0","234","0","0","0","0","0","137","0","0","0","0","0","97","Under 1,000"
"447810","Blake Austin College","2014","312","312","0","312","312","135","0","177","0","0","312","135","0","177","0","0","0","0","0","0","0","0","Under 1,000"
"447847","Aviator College of Aeronautical Science and Technology","2014","176","176","0","176","176","42","4","130","0","0","176","42","4","130","0","0","0","0","0","0","0","0","Under 1,000"
"447856","Total International Career Institute","2014","62","62","0","62","62","29","0","33","0","0","62","29","0","33","0","0","0","0","0","0","0","0","Under 1,000"
"447865","Trendsetters School of Beauty & Barbering","2014","30","21","9","25","30","24","0","6","0","0","21","17","0","4","0","0","9","7","0","2","0","0","Under 1,000"
"447874","CDA Technical Institute","2014","190","190","0","190","190","106","0","84","0","0","190","106","0","84","0","0","0","0","0","0","0","0","Under 1,000"
"447883","American Institute of Beauty","2014","50","40","10","44","50","38","0","12","0","0","40","33","0","7","0","0","10","5","0","5","0","0","Under 1,000"
"447892","North Florida Cosmetology Institute Inc","2014","139","107","32","120","139","35","0","104","0","0","107","31","0","76","0","0","32","4","0","28","0","0","Under 1,000"
"447908","Florida Academy of Health & Beauty","2014","31","26","5","28","31","2","0","29","0","0","26","1","0","25","0","0","5","1","0","4","0","0","Under 1,000"
"447917","Augusta School of Massage","2014","48","48","0","48","48","20","0","28","0","0","48","20","0","28","0","0","0","0","0","0","0","0","Under 1,000"
"447935","ATA College","2014","439","439","0","439","439","36","84","319","0","0","439","36","84","319","0","0","0","0","0","0","0","0","Under 1,000"
"447953","SUM Bible College and Theological Seminary","2014","536","486","50","505","463","134","67","262","0","73","430","130","63","237","0","56","33","4","4","25","0","17","Under 1,000"
"447962","Compass Career College","2014","166","166","0","166","166","43","0","123","0","0","166","43","0","123","0","0","0","0","0","0","0","0","Under 1,000"
"447971","Hair Expressions Academy","2014","149","149","0","149","149","22","0","127","0","0","149","22","0","127","0","0","0","0","0","0","0","0","Under 1,000"
"447980","Nuvo College of Cosmetology","2014","114","101","13","106","114","95","0","19","0","0","101","84","0","17","0","0","13","11","0","2","0","0","Under 1,000"
"447999","WellSpring School of Allied Health-Kansas City","2014","133","125","8","128","133","39","0","94","0","0","125","38","0","87","0","0","8","1","0","7","0","0","Under 1,000"
"448008","Hair Academy 110","2014","21","21","0","21","21","14","0","7","0","0","21","14","0","7","0","0","0","0","0","0","0","0","Under 1,000"
"448017","Healing Touch Career College","2014","34","34","0","34","34","25","0","9","0","0","34","25","0","9","0","0","0","0","0","0","0","0","Under 1,000"
"448026","The Salon Professional Academy-Fargo","2014","103","93","10","97","103","12","0","91","0","0","93","10","0","83","0","0","10","2","0","8","0","0","Under 1,000"
"448035","Massage Therapy Trainining Institute","2014","60","49","11","53","60","17","0","43","0","0","49","14","0","35","0","0","11","3","0","8","0","0","Under 1,000"
"448044","Institute of Professional Careers","2014","19","19","0","19","19","6","0","13","0","0","19","6","0","13","0","0","0","0","0","0","0","0","Under 1,000"
"448071","Aveda Institute-New York","2014","229","154","75","184","229","80","0","149","0","0","154","52","0","102","0","0","75","28","0","47","0","0","Under 1,000"
"448105","Northwest Regional Technology Institute","2014","18","18","0","18","18","9","0","9","0","0","18","9","0","9","0","0","0","0","0","0","0","0","Under 1,000"
"448114","National Massage Therapy Institute","2014","138","126","12","131","138","1","0","137","0","0","126","1","0","125","0","0","12","0","0","12","0","0","Under 1,000"
"448123","MyrAngel Beauty Institute","2014","108","108","0","108","108","90","0","18","0","0","108","90","0","18","0","0","0","0","0","0","0","0","Under 1,000"
"448141","Institute of Hair Design","2014","33","33","0","33","33","19","0","14","0","0","33","19","0","14","0","0","0","0","0","0","0","0","Under 1,000"
"448150","Tennessee Career Institute","2014","90","90","0","90","90","18","0","72","0","0","90","18","0","72","0","0","0","0","0","0","0","0","Under 1,000"
"448196","Texas Health School","2014","92","76","16","82","92","19","0","73","0","0","76","12","0","64","0","0","16","7","0","9","0","0","Under 1,000"
"448202","Mai-trix Beauty College","2014","47","28","19","36","47","9","0","38","0","0","28","5","0","23","0","0","19","4","0","15","0","0","Under 1,000"
"448211","North West Beauty School","2014","40","9","31","21","40","38","0","2","0","0","9","8","0","1","0","0","31","30","0","1","0","0","Under 1,000"
"448220","Maximum Style Tec School of Cosmetology","2014","56","56","0","56","56","8","0","48","0","0","56","8","0","48","0","0","0","0","0","0","0","0","Under 1,000"
"448239","Careers Unlimited","2014","177","177","0","177","177","0","0","177","0","0","177","0","0","177","0","0","0","0","0","0","0","0","Under 1,000"
"448248","Mountainland Applied Technology College","2014","2168","205","1963","864","2168","934","0","122","1112","0","205","140","0","21","44","0","1963","794","0","101","1068","0","1,000 - 4,999"
"448257","Avi Career Training","2014","21","21","0","21","21","20","0","1","0","0","21","20","0","1","0","0","0","0","0","0","0","0","Under 1,000"
"448275","Mountain State School of Massage","2014","26","26","0","26","26","24","0","2","0","0","26","24","0","2","0","0","0","0","0","0","0","0","Under 1,000"
"448284","Doane College-Lincoln Grand Island and Master","2014","1559","824","735","1107","669","1","87","568","13","890","440","1","59","379","1","384","229","0","28","189","12","506","1,000 - 4,999"
"448309","Shorter University-College of Adult & Professional Programs","2014","815","799","16","805","677","14","66","597","0","138","677","14","66","597","0","122","0","0","0","0","0","16","Under 1,000"
"448345","The Art Institute of Indianapolis","2014","834","518","316","642","834","256","64","514","0","0","518","156","33","329","0","0","316","100","31","185","0","0","Under 1,000"
"448354","Eastern International College-Belleville","2014","216","150","66","176","216","83","0","133","0","0","150","62","0","88","0","0","66","21","0","45","0","0","Under 1,000"
"448415","MedTech College","2014","529","529","0","529","529","105","19","405","0","0","529","105","19","405","0","0","0","0","0","0","0","0","Under 1,000"
"448424","Broken Arrow Beauty College-Tulsa","2014","69","48","21","56","69","22","0","47","0","0","48","15","0","33","0","0","21","7","0","14","0","0","Under 1,000"
"448433","Universal Technical Institute of Northern California Inc","2014","1804","1804","0","1804","1804","422","0","1382","0","0","1804","422","0","1382","0","0","0","0","0","0","0","0","1,000 - 4,999"
"448442","ITT Technical Institute-Charlotte South","2014","319","218","101","258","319","51","3","265","0","0","218","43","3","172","0","0","101","8","0","93","0","0","Under 1,000"
"448451","ITT Technical Institute-Clovis","2014","395","321","74","350","395","61","4","330","0","0","321","58","2","261","0","0","74","3","2","69","0","0","Under 1,000"
"448460","ITT Technical Institute-Dunmore","2014","171","124","47","143","171","31","0","140","0","0","124","24","0","100","0","0","47","7","0","40","0","0","Under 1,000"
"448479","ITT Technical Institute-Swartz Creek","2014","370","254","116","300","370","57","2","311","0","0","254","47","1","206","0","0","116","10","1","105","0","0","Under 1,000"
"448488","ITT Technical Institute-Lexington","2014","348","262","86","296","348","61","16","271","0","0","262","56","11","195","0","0","86","5","5","76","0","0","Under 1,000"
"448497","ITT Technical Institute-Maumee","2014","195","149","46","167","195","25","1","169","0","0","149","24","1","124","0","0","46","1","0","45","0","0","Under 1,000"
"448503","ITT Technical Institute-Oklahoma City","2014","330","217","113","261","330","39","3","288","0","0","217","31","2","184","0","0","113","8","1","104","0","0","Under 1,000"
"448512","ITT Technical Institute-Tulsa","2014","471","370","101","410","471","55","9","407","0","0","370","51","6","313","0","0","101","4","3","94","0","0","Under 1,000"
"448567","University of Phoenix-Columbia Campus","2014","540","540","0","540","487","1","14","472","0","53","487","1","14","472","0","53","0","0","0","0","0","0","Under 1,000"
"448576","The Art Institute of California-Argosy University Inland Empire","2014","1974","1224","750","1519","1974","451","136","1387","0","0","1224","285","74","865","0","0","750","166","62","522","0","0","1,000 - 4,999"
"448585","National American University-Zona Rosa","2014","382","51","331","181","382","21","54","307","0","0","51","0","2","49","0","0","331","21","52","258","0","0","Under 1,000"
"448594","West Hills College-Lemoore","2014","3976","1390","2586","2258","3976","788","494","2437","257","0","1390","432","108","842","8","0","2586","356","386","1595","249","0","1,000 - 4,999"
"448600","Stautzenberger College-Brecksville","2014","307","56","251","156","307","51","67","189","0","0","56","7","11","38","0","0","251","44","56","151","0","0","Under 1,000"
"448619","Stone Academy-East Hartford","2014","332","178","154","239","332","84","0","248","0","0","178","44","0","134","0","0","154","40","0","114","0","0","Under 1,000"
"448628","Westwood College-Annandale","2014","264","200","64","225","264","40","5","219","0","0","200","32","5","163","0","0","64","8","0","56","0","0","Under 1,000"
"448646","Unitech Training Academy-Houma","2014","55","55","0","55","55","48","0","7","0","0","55","48","0","7","0","0","0","0","0","0","0","0","Under 1,000"
"448664","Miller-Motte Technical College-Madison","2014","319","242","77","273","319","102","49","168","0","0","242","90","35","117","0","0","77","12","14","51","0","0","Under 1,000"
"448673","Rasmussen College-Illinois","2014","1580","711","869","1052","1580","82","249","1233","16","0","711","50","150","511","0","0","869","32","99","722","16","0","1,000 - 4,999"
"448691","International Institute for Restorative Practices","2014","50","1","49","20","0","0","0","0","0","50","0","0","0","0","0","1","0","0","0","0","0","49","Under 1,000"
"448707","Educational Technical College-Recinto de Coamo","2014","226","226","0","226","226","148","0","78","0","0","226","148","0","78","0","0","0","0","0","0","0","0","Under 1,000"
"448716","Educational Technical College-Recinto de san Sebastian","2014","237","237","0","237","237","175","0","62","0","0","237","175","0","62","0","0","0","0","0","0","0","0","Under 1,000"
"448734","Argosy University-Denver","2014","417","100","317","222","129","9","17","99","4","288","36","3","7","26","0","64","93","6","10","73","4","224","Under 1,000"
"448752","College America-Colorado Springs","2014","350","350","0","350","350","44","0","306","0","0","350","44","0","306","0","0","0","0","0","0","0","0","Under 1,000"
"448761","College America-Fort Collins","2014","133","133","0","133","133","12","0","121","0","0","133","12","0","121","0","0","0","0","0","0","0","0","Under 1,000"
"448770","Automotive Training Center-Warminster","2014","319","299","20","307","319","61","0","258","0","0","299","59","0","240","0","0","20","2","0","18","0","0","Under 1,000"
"448798","Empire Beauty School-Milwaukee","2014","93","93","0","93","93","39","0","54","0","0","93","39","0","54","0","0","0","0","0","0","0","0","Under 1,000"
"448804","The Robert B Miller College","2014","276","52","224","140","276","0","46","193","37","0","52","0","19","33","0","0","224","0","27","160","37","0","Under 1,000"
"448822","University of Phoenix-Fairfield County Campus","2014","19","19","0","19","19","0","0","19","0","0","19","0","0","19","0","0","0","0","0","0","0","0","Under 1,000"
"448840","University of South Florida-St Petersburg","2014","4491","2686","1805","3395","3891","455","564","2810","62","600","2543","438","386","1716","3","143","1348","17","178","1094","59","457","1,000 - 4,999"
"448859","Triangle Tech Inc-Bethlehem","2014","110","110","0","110","110","48","9","53","0","0","110","48","9","53","0","0","0","0","0","0","0","0","Under 1,000"
"448886","Arizona State University-Downtown Phoenix","2014","11216","9599","1617","10229","9150","1154","1285","6674","37","2066","8067","1148","1044","5856","19","1532","1083","6","241","818","18","534","10,000 - 19,999"
"448895","Milan Institute-Clovis","2014","351","351","0","351","351","94","0","257","0","0","351","94","0","257","0","0","0","0","0","0","0","0","Under 1,000"
"448974","Branford Hall Career Institute-Albany Campus","2014","309","226","83","259","309","78","0","231","0","0","226","56","0","170","0","0","83","22","0","61","0","0","Under 1,000"
"448983","Harris School of Business-Linwood Campus","2014","357","232","125","282","357","81","0","276","0","0","232","52","0","180","0","0","125","29","0","96","0","0","Under 1,000"
"449010","The Art Institute of Tennessee-Nashville","2014","822","770","52","790","822","197","117","508","0","0","770","190","110","470","0","0","52","7","7","38","0","0","Under 1,000"
"449038","Strayer University-Florida","2014","2769","556","2213","1419","1927","321","141","1457","8","842","332","32","24","275","1","224","1595","289","117","1182","7","618","1,000 - 4,999"
"449074","Pima Medical Institute-Renton","2014","777","777","0","777","777","279","0","498","0","0","777","279","0","498","0","0","0","0","0","0","0","0","Under 1,000"
"449083","College of Business and Technology-Flagler","2014","364","364","0","364","364","104","0","260","0","0","364","104","0","260","0","0","0","0","0","0","0","0","Under 1,000"
"449092","College of Business and Technology-Hialeah","2014","285","285","0","285","285","91","0","194","0","0","285","91","0","194","0","0","0","0","0","0","0","0","Under 1,000"
"449117","Miller-Motte College-Cary","2014","316","232","84","265","316","85","37","194","0","0","232","68","33","131","0","0","84","17","4","63","0","0","Under 1,000"
"449126","Miami-Jacobs Career College-Springboro","2014","154","121","33","134","154","33","32","89","0","0","121","29","25","67","0","0","33","4","7","22","0","0","Under 1,000"
"449135","Dewey University-Juana Díaz","2014","340","340","0","340","340","137","0","203","0","0","340","137","0","203","0","0","0","0","0","0","0","0","Under 1,000"
"449144","Dewey University-Fajardo","2014","192","192","0","192","192","91","0","101","0","0","192","91","0","101","0","0","0","0","0","0","0","0","Under 1,000"
"449153","Dewey University-Arroyo","2014","145","145","0","145","145","56","0","89","0","0","145","56","0","89","0","0","0","0","0","0","0","0","Under 1,000"
"449162","Regency Beauty Institute-Independence","2014","73","73","0","73","73","31","0","42","0","0","73","31","0","42","0","0","0","0","0","0","0","0","Under 1,000"
"449171","Regency Beauty Institute-St Peters","2014","109","72","37","87","109","41","0","68","0","0","72","33","0","39","0","0","37","8","0","29","0","0","Under 1,000"
"449180","Regency Beauty Institute-Peoria","2014","64","50","14","56","64","25","0","39","0","0","50","23","0","27","0","0","14","2","0","12","0","0","Under 1,000"
"449199","Regency Beauty Institute-Greenwood","2014","65","53","12","58","65","27","0","38","0","0","53","23","0","30","0","0","12","4","0","8","0","0","Under 1,000"
"449205","Regency Beauty Institute-Mehlville","2014","50","50","0","50","50","21","0","29","0","0","50","21","0","29","0","0","0","0","0","0","0","0","Under 1,000"
"449214","Regency Beauty Institute-Duluth","2014","46","46","0","46","46","24","0","22","0","0","46","24","0","22","0","0","0","0","0","0","0","0","Under 1,000"
"449223","Regency Beauty Institute-Fairview Heights","2014","82","82","0","82","82","35","0","47","0","0","82","35","0","47","0","0","0","0","0","0","0","0","Under 1,000"
"449232","Regency Beauty Institute-Champaign","2014","76","76","0","76","76","34","0","42","0","0","76","34","0","42","0","0","0","0","0","0","0","0","Under 1,000"
"449241","Regency Beauty Institute-Olathe","2014","50","34","16","40","50","18","0","32","0","0","34","14","0","20","0","0","16","4","0","12","0","0","Under 1,000"
"449250","The College of Health Care Professions-San Antonio","2014","321","321","0","321","321","316","1","4","0","0","321","316","1","4","0","0","0","0","0","0","0","0","Under 1,000"
"449269","Everest Institute-South Plainfield","2014","615","615","0","615","615","89","0","526","0","0","615","89","0","526","0","0","0","0","0","0","0","0","Under 1,000"
"449302","Daymar College-Madisonville","2014","25","16","9","20","25","0","2","23","0","0","16","0","2","14","0","0","9","0","0","9","0","0","Under 1,000"
"449311","Brittany Beauty School","2014","166","106","60","130","166","60","0","106","0","0","106","39","0","67","0","0","60","21","0","39","0","0","Under 1,000"
"449320","Lincoln Technical Institute-Whitestone","2014","733","408","325","537","733","127","0","606","0","0","408","74","0","334","0","0","325","53","0","272","0","0","Under 1,000"
"449339","American Public University System","2014","57539","3551","53988","24652","46997","5387","5082","34455","2073","10542","3076","309","451","2312","4","475","43921","5078","4631","32143","2069","10067","20,000 and above"
"449348","Huntsville Bible College","2014","138","36","102","76","118","8","21","89","0","20","25","1","5","19","0","11","93","7","16","70","0","9","Under 1,000"
"449357","Beaumont Adult School","2014","93","93","0","93","93","26","0","67","0","0","93","26","0","67","0","0","0","0","0","0","0","0","Under 1,000"
"449366","Make-up Designory","2014","216","199","17","206","216","129","0","87","0","0","199","119","0","80","0","0","17","10","0","7","0","0","Under 1,000"
"449384","Gnomon School of Visual Effects","2014","376","172","204","253","376","3","0","373","0","0","172","3","0","169","0","0","204","0","0","204","0","0","Under 1,000"
"449393","Coachella Valley Beauty College","2014","64","64","0","64","64","10","0","54","0","0","64","10","0","54","0","0","0","0","0","0","0","0","Under 1,000"
"449436","Career College of California","2014","194","134","60","158","194","171","0","23","0","0","134","120","0","14","0","0","60","51","0","9","0","0","Under 1,000"
"449445","Valley College of Medical Careers","2014","94","94","0","94","94","17","0","77","0","0","94","17","0","77","0","0","0","0","0","0","0","0","Under 1,000"
"449454","Academy of Natural Therapy Inc","2014","54","27","27","38","54","5","16","33","0","0","27","4","11","12","0","0","27","1","5","21","0","0","Under 1,000"
"449463","Academy Di Capelli-School of Cosmetology","2014","27","13","14","19","27","19","0","8","0","0","13","10","0","3","0","0","14","9","0","5","0","0","Under 1,000"
"449472","Delaware Learning Institute of Cosmetology","2014","70","70","0","70","70","28","0","42","0","0","70","28","0","42","0","0","0","0","0","0","0","0","Under 1,000"
"449490","Palm Beach Academy of Health & Beauty","2014","103","103","0","103","103","58","0","45","0","0","103","58","0","45","0","0","0","0","0","0","0","0","Under 1,000"
"449506","SABER College","2014","600","600","0","600","600","127","0","473","0","0","600","127","0","473","0","0","0","0","0","0","0","0","Under 1,000"
"449524","Taylor College","2014","150","150","0","150","150","17","78","55","0","0","150","17","78","55","0","0","0","0","0","0","0","0","Under 1,000"
"449533","Pensacola School of Massage Therapy & Health Careers","2014","91","91","0","91","91","24","0","67","0","0","91","24","0","67","0","0","0","0","0","0","0","0","Under 1,000"
"449597","Ideal Beauty Academy","2014","37","23","14","29","37","5","0","32","0","0","23","4","0","19","0","0","14","1","0","13","0","0","Under 1,000"
"449603","Success Schools","2014","132","100","32","113","132","68","0","64","0","0","100","52","0","48","0","0","32","16","0","16","0","0","Under 1,000"
"449612","Louisiana Culinary Institute","2014","208","208","0","208","208","12","35","161","0","0","208","12","35","161","0","0","0","0","0","0","0","0","Under 1,000"
"449658","Bais Medrash Toras Chesed","2014","111","109","2","110","111","26","4","81","0","0","109","26","4","79","0","0","2","0","0","2","0","0","Under 1,000"
"449667","Center for Natural Wellness School of Massage Therapy","2014","45","45","0","45","45","10","0","35","0","0","45","10","0","35","0","0","0","0","0","0","0","0","Under 1,000"
"449676","Ace Computer Training Center","2014","162","0","162","64","162","71","0","91","0","0","0","0","0","0","0","0","162","71","0","91","0","0","Under 1,000"
"449685","New Age Training","2014","136","136","0","136","136","133","0","3","0","0","136","133","0","3","0","0","0","0","0","0","0","0","Under 1,000"
"449700","Dayton School of Medical Massage","2014","257","257","0","257","257","108","0","149","0","0","257","108","0","149","0","0","0","0","0","0","0","0","Under 1,000"
"449719","Northcoast Medical Training Academy","2014","136","136","0","136","136","54","0","82","0","0","136","54","0","82","0","0","0","0","0","0","0","0","Under 1,000"
"449728","American Institute of Medical Technology","2014","75","75","0","75","75","9","0","66","0","0","75","9","0","66","0","0","0","0","0","0","0","0","Under 1,000"
"449746","Carib Technological Institute","2014","60","60","0","60","60","50","0","10","0","0","60","50","0","10","0","0","0","0","0","0","0","0","Under 1,000"
"449764","Visible Music College","2014","112","109","3","110","112","22","26","64","0","0","109","22","25","62","0","0","3","0","1","2","0","0","Under 1,000"
"449773","CCI Training Center-Arlington","2014","209","155","54","176","209","163","0","46","0","0","155","126","0","29","0","0","54","37","0","17","0","0","Under 1,000"
"449782","Champion Beauty College","2014","52","15","37","30","52","35","0","17","0","0","15","12","0","3","0","0","37","23","0","14","0","0","Under 1,000"
"449791","Professional Careers Institute","2014","69","69","0","69","69","38","0","31","0","0","69","38","0","31","0","0","0","0","0","0","0","0","Under 1,000"
"449807","Southeast Texas Career Institute","2014","100","100","0","100","100","41","0","59","0","0","100","41","0","59","0","0","0","0","0","0","0","0","Under 1,000"
"449816","Southwest Applied Technology Center","2014","412","52","360","173","412","39","0","163","210","0","52","7","0","44","1","0","360","32","0","119","209","0","Under 1,000"
"449852","Academy of Cosmetology","2014","63","60","3","61","63","35","0","28","0","0","60","34","0","26","0","0","3","1","0","2","0","0","Under 1,000"
"449861","Milwaukee Career College","2014","92","92","0","92","92","32","60","0","0","0","92","32","60","0","0","0","0","0","0","0","0","0","Under 1,000"
"449870","University of the West","2014","368","290","78","320","168","29","18","69","52","200","156","28","17","59","52","134","12","1","1","10","0","66","Under 1,000"
"449889","American College of Education","2014","2589","2589","0","2589","0","0","0","0","0","2589","0","0","0","0","0","2589","0","0","0","0","0","0","1,000 - 4,999"
"449898","South University-Tampa","2014","955","558","397","711","593","36","153","404","0","362","446","32","100","314","0","112","147","4","53","90","0","250","Under 1,000"
"449904","Milan Institute of Cosmetology-San Antonio Military","2014","210","210","0","210","210","83","0","127","0","0","210","83","0","127","0","0","0","0","0","0","0","0","Under 1,000"
"449922","Appalachian College of Pharmacy","2014","214","214","0","214","0","0","0","0","0","214","0","0","0","0","0","214","0","0","0","0","0","0","Under 1,000"
"449931","Averett University-Non-Traditional Programs","2014","1118","321","797","631","702","14","76","612","0","416","189","0","6","183","0","132","513","14","70","429","0","284","1,000 - 4,999"
"449959","Paul Mitchell the School-Tampa","2014","188","121","67","148","188","32","0","156","0","0","121","24","0","97","0","0","67","8","0","59","0","0","Under 1,000"
"449968","Paul Mitchell the School-San Diego","2014","278","191","87","226","278","46","0","232","0","0","191","36","0","155","0","0","87","10","0","77","0","0","Under 1,000"
"449977","Paul Mitchell the School-Michigan","2014","220","162","58","185","220","39","0","181","0","0","162","30","0","132","0","0","58","9","0","49","0","0","Under 1,000"
"449986","Paul Mitchell the School-Sherman Oaks","2014","291","201","90","237","291","87","0","204","0","0","201","71","0","130","0","0","90","16","0","74","0","0","Under 1,000"
"449995","Paul Mitchell the School-Mclean","2014","184","126","58","149","184","64","0","120","0","0","126","47","0","79","0","0","58","17","0","41","0","0","Under 1,000"
"450003","Miami-Jacobs Career College-Troy","2014","206","161","45","179","206","46","50","110","0","0","161","38","40","83","0","0","45","8","10","27","0","0","Under 1,000"
"450021","Blue Cliff College-Houma","2014","218","172","46","190","218","137","0","81","0","0","172","93","0","79","0","0","46","44","0","2","0","0","Under 1,000"
"450049","The Art Institute of Salt Lake City","2014","375","296","79","327","375","53","67","255","0","0","296","38","49","209","0","0","79","15","18","46","0","0","Under 1,000"
"450058","Fortis College-Columbus","2014","694","694","0","694","694","93","58","543","0","0","694","93","58","543","0","0","0","0","0","0","0","0","Under 1,000"
"450067","Fortis College-Cincinnati","2014","471","471","0","471","471","57","37","377","0","0","471","57","37","377","0","0","0","0","0","0","0","0","Under 1,000"
"450076","Fortis Institute-Baltimore","2014","515","515","0","515","515","135","0","380","0","0","515","135","0","380","0","0","0","0","0","0","0","0","Under 1,000"
"450085","The Art Institute of Charleston","2014","554","495","59","518","554","116","88","350","0","0","495","111","80","304","0","0","59","5","8","46","0","0","Under 1,000"
"450094","The Art Institute of California-Argosy University Sacramento","2014","993","659","334","790","993","178","128","687","0","0","659","141","98","420","0","0","334","37","30","267","0","0","Under 1,000"
"450119","Blue Cliff College-Fayetteville","2014","412","281","131","333","412","228","0","184","0","0","281","153","0","128","0","0","131","75","0","56","0","0","Under 1,000"
"450128","Blue Cliff College-Alexandria","2014","271","244","27","255","271","76","0","195","0","0","244","67","0","177","0","0","27","9","0","18","0","0","Under 1,000"
"450146","StenoTech Career Institute-Piscataway","2014","55","55","0","55","55","1","0","54","0","0","55","1","0","54","0","0","0","0","0","0","0","0","Under 1,000"
"450173","Ultimate Medical Academy-Tampa","2014","12519","7741","4778","9638","12519","3840","233","8443","3","0","7741","3840","134","3764","3","0","4778","0","99","4679","0","0","10,000 - 19,999"
"450182","Beauty Schools of America-North Miami Beach","2014","416","416","0","416","416","79","0","337","0","0","416","79","0","337","0","0","0","0","0","0","0","0","Under 1,000"
"450191","Virginia College-Biloxi","2014","381","266","115","312","381","89","0","292","0","0","266","70","0","196","0","0","115","19","0","96","0","0","Under 1,000"
"450207","ITT Technical Institute-St Petersburg","2014","151","113","38","128","151","0","0","151","0","0","113","0","0","113","0","0","38","0","0","38","0","0","Under 1,000"
"450216","ITT Technical Institute-Baton Rouge","2014","641","528","113","572","641","132","2","507","0","0","528","109","1","418","0","0","113","23","1","89","0","0","Under 1,000"
"450225","ITT Technical Institute-Columbia","2014","315","249","66","275","315","72","9","234","0","0","249","63","7","179","0","0","66","9","2","55","0","0","Under 1,000"
"450234","ITT Technical Institute-Wichita","2014","189","120","69","147","189","26","1","162","0","0","120","22","0","98","0","0","69","4","1","64","0","0","Under 1,000"
"450243","ITT Technical Institute-Atlanta","2014","475","362","113","406","475","88","10","377","0","0","362","74","8","280","0","0","113","14","2","97","0","0","Under 1,000"
"450252","ITT Technical Institute-Mobile","2014","733","543","190","618","733","124","6","603","0","0","543","109","4","430","0","0","190","15","2","173","0","0","Under 1,000"
"450261","ITT Technical Institute-Chattanooga","2014","226","186","40","202","226","62","0","164","0","0","186","55","0","131","0","0","40","7","0","33","0","0","Under 1,000"
"450270","ITT Technical Institute-South Bend","2014","223","157","66","183","223","30","1","192","0","0","157","27","1","129","0","0","66","3","0","63","0","0","Under 1,000"
"450289","Virginia College-School of Business and Health-Chattanooga","2014","345","228","117","274","345","107","0","238","0","0","228","87","0","141","0","0","117","20","0","97","0","0","Under 1,000"
"450298","Strayer University-Delaware","2014","335","46","289","159","237","46","20","168","3","98","28","3","7","18","0","18","209","43","13","150","3","80","Under 1,000"
"450304","Brite Divinity School","2014","196","163","33","176","0","0","0","0","0","196","0","0","0","0","0","163","0","0","0","0","0","33","Under 1,000"
"450377","Strayer University-Alabama","2014","833","75","758","369","422","84","44","294","0","411","38","5","3","30","0","37","384","79","41","264","0","374","Under 1,000"
"450395","Brown Aveda Institute-Rocky River","2014","134","134","0","134","134","26","0","108","0","0","134","26","0","108","0","0","0","0","0","0","0","0","Under 1,000"
"450401","Clary Sage College","2014","362","362","0","362","362","121","0","241","0","0","362","121","0","241","0","0","0","0","0","0","0","0","Under 1,000"
"450429","Broadview University-Layton","2014","126","84","42","100","126","16","28","74","8","0","84","16","22","45","1","0","42","0","6","29","7","0","Under 1,000"
"450447","International Academy of Design and Technology-Sacramento","2014","60","54","6","56","60","0","0","60","0","0","54","0","0","54","0","0","6","0","0","6","0","0","Under 1,000"
"450456","University of Phoenix-Birmingham Campus","2014","211","211","0","211","198","0","0","198","0","13","198","0","0","198","0","13","0","0","0","0","0","0","Under 1,000"
"450465","International Academy of Design and Technology-San Antonio","2014","418","375","43","392","418","69","31","318","0","0","375","66","28","281","0","0","43","3","3","37","0","0","Under 1,000"
"450483","University of Phoenix-Washington DC Campus","2014","265","265","0","265","251","5","14","232","0","14","251","5","14","232","0","14","0","0","0","0","0","0","Under 1,000"
"450526","Argosy University-Inland Empire","2014","644","212","432","380","367","27","54","286","0","277","130","6","23","101","0","82","237","21","31","185","0","195","Under 1,000"
"450535","Argosy University-Nashville","2014","532","161","371","304","217","16","49","151","1","315","77","7","18","52","0","84","140","9","31","99","1","231","Under 1,000"
"450544","Argosy University-San Diego","2014","438","175","263","277","234","10","35","189","0","204","95","2","10","83","0","80","139","8","25","106","0","124","Under 1,000"
"450571","Rasmussen College-Wisconsin","2014","1132","545","587","776","1132","36","194","897","5","0","545","21","127","397","0","0","587","15","67","500","5","0","1,000 - 4,999"
"450580","Empire Beauty School-Lisle","2014","57","47","10","51","57","15","0","42","0","0","47","13","0","34","0","0","10","2","0","8","0","0","Under 1,000"
"450599","Empire Beauty School-Richmond","2014","108","108","0","108","108","45","0","63","0","0","108","45","0","63","0","0","0","0","0","0","0","0","Under 1,000"
"450605","Empire Beauty School-North Hills","2014","145","115","30","127","145","63","0","82","0","0","115","52","0","63","0","0","30","11","0","19","0","0","Under 1,000"
"450614","Empire Beauty School-Concord","2014","103","76","27","87","103","29","0","74","0","0","76","24","0","52","0","0","27","5","0","22","0","0","Under 1,000"
"450623","Empire Beauty School-Arlington Heights","2014","138","75","63","100","138","17","0","121","0","0","75","12","0","63","0","0","63","5","0","58","0","0","Under 1,000"
"450632","Lexington Healing Arts Academy","2014","187","0","187","74","187","46","0","141","0","0","0","0","0","0","0","0","187","46","0","141","0","0","Under 1,000"
"450641","Empire Beauty School-Hooksett","2014","122","67","55","89","122","18","0","104","0","0","67","5","0","62","0","0","55","13","0","42","0","0","Under 1,000"
"450650","The Institute of Beauty and Wellness","2014","213","85","128","136","213","81","0","132","0","0","85","34","0","51","0","0","128","47","0","81","0","0","Under 1,000"
"450669","InterCoast Colleges-Carson","2014","125","125","0","125","125","36","0","89","0","0","125","36","0","89","0","0","0","0","0","0","0","0","Under 1,000"
"450678","InterCoast Career Institute-South Portland","2014","227","227","0","227","227","27","0","200","0","0","227","27","0","200","0","0","0","0","0","0","0","0","Under 1,000"
"450696","Carrington College California-Stockton","2014","549","523","26","533","549","68","96","385","0","0","523","68","95","360","0","0","26","0","1","25","0","0","Under 1,000"
"450702","Carrington College California-Citrus Heights","2014","517","482","35","496","517","50","86","381","0","0","482","50","78","354","0","0","35","0","8","27","0","0","Under 1,000"
"450720","Euphoria Institute of Beauty Arts & Sciences-Summerlin","2014","297","190","107","232","297","92","0","205","0","0","190","65","0","125","0","0","107","27","0","80","0","0","Under 1,000"
"450739","Euphoria Institute of Beauty Arts & Sciences-Green Valley","2014","137","99","38","114","137","44","0","93","0","0","99","35","0","64","0","0","38","9","0","29","0","0","Under 1,000"
"450757","Empire Beauty School-Portsmouth","2014","140","107","33","120","140","30","0","110","0","0","107","22","0","85","0","0","33","8","0","25","0","0","Under 1,000"
"450766","LIU Riverhead","2014","168","48","120","94","39","0","9","30","0","129","29","0","7","22","0","19","10","0","2","8","0","110","Under 1,000"
"450784","Regency Beauty Institute-Lakewood","2014","59","45","14","51","59","20","0","39","0","0","45","18","0","27","0","0","14","2","0","12","0","0","Under 1,000"
"450793","Regency Beauty Institute-Westminster","2014","131","89","42","106","131","28","0","103","0","0","89","21","0","68","0","0","42","7","0","35","0","0","Under 1,000"
"450809","Regency Beauty Institute-Avon","2014","31","31","0","31","31","5","0","26","0","0","31","5","0","26","0","0","0","0","0","0","0","0","Under 1,000"
"450818","Regency Beauty Institute-Joliet","2014","66","66","0","66","66","25","0","41","0","0","66","25","0","41","0","0","0","0","0","0","0","0","Under 1,000"
"450827","Regency Beauty Institute-Rockford","2014","96","81","15","87","96","36","0","60","0","0","81","35","0","46","0","0","15","1","0","14","0","0","Under 1,000"
"450836","Regency Beauty Institute-Greenfield","2014","79","79","0","79","79","18","0","61","0","0","79","18","0","61","0","0","0","0","0","0","0","0","Under 1,000"
"450845","Regency Beauty Institute-Metro Center","2014","39","26","13","31","39","14","0","25","0","0","26","10","0","16","0","0","13","4","0","9","0","0","Under 1,000"
"450854","Regency Beauty Institute-East Tucson","2014","87","64","23","73","87","32","0","55","0","0","64","25","0","39","0","0","23","7","0","16","0","0","Under 1,000"
"450863","Regency Beauty Institute-Tri-County","2014","42","42","0","42","42","14","0","28","0","0","42","14","0","28","0","0","0","0","0","0","0","0","Under 1,000"
"450872","Regency Beauty Institute-Eastgate","2014","61","45","16","51","61","22","0","39","0","0","45","20","0","25","0","0","16","2","0","14","0","0","Under 1,000"
"450881","Regency Beauty Institute-Topeka","2014","43","43","0","43","43","23","0","20","0","0","43","23","0","20","0","0","0","0","0","0","0","0","Under 1,000"
"450933","Columbia Southern University","2014","21359","12971","8388","16266","15482","677","1706","12903","196","5877","7094","370","872","5849","3","5877","8388","307","834","7054","193","0","20,000 and above"
"450942","Arizona Summit Law School","2014","752","563","189","635","0","0","0","0","0","752","0","0","0","0","0","563","0","0","0","0","0","189","Under 1,000"
"450951","Arizona Culinary Institute","2014","119","119","0","119","119","22","0","97","0","0","119","22","0","97","0","0","0","0","0","0","0","0","Under 1,000"
"450960","InfoTech Career College","2014","136","136","0","136","136","134","0","2","0","0","136","134","0","2","0","0","0","0","0","0","0","0","Under 1,000"
"450979","Trident University International","2014","6197","4638","1559","5250","3480","72","448","2382","578","2717","1921","52","305","1334","230","2717","1559","20","143","1048","348","0","5,000 - 9,999"
"450988","Coastline Beauty College","2014","182","106","76","136","182","47","0","135","0","0","106","28","0","78","0","0","76","19","0","57","0","0","Under 1,000"
"451006","Career College Consultants","2014","119","67","52","88","119","29","0","90","0","0","67","23","0","44","0","0","52","6","0","46","0","0","Under 1,000"
"451015","San Diego College","2014","75","75","0","75","75","42","0","33","0","0","75","42","0","33","0","0","0","0","0","0","0","0","Under 1,000"
"451033","Montessori Casa International","2014","15","0","15","6","15","0","0","15","0","0","0","0","0","0","0","0","15","0","0","15","0","0","Under 1,000"
"451042","Branford Academy of Hair and Cosmetology","2014","42","17","25","27","42","36","0","6","0","0","17","15","0","2","0","0","25","21","0","4","0","0","Under 1,000"
"451051","Academy of Massage and Bodywork","2014","48","11","37","26","48","23","0","25","0","0","11","5","0","6","0","0","37","18","0","19","0","0","Under 1,000"
"451060","Digital Media Arts College","2014","317","221","96","259","293","71","17","201","4","24","206","56","14","135","1","15","87","15","3","66","3","9","Under 1,000"
"451079","Academy for Five Element Acupuncture","2014","71","71","0","71","0","0","0","0","0","71","0","0","0","0","0","71","0","0","0","0","0","0","Under 1,000"
"451097","Academy of Career Training","2014","147","74","73","103","147","131","0","16","0","0","74","65","0","9","0","0","73","66","0","7","0","0","Under 1,000"
"451103","Management Resources Institute","2014","708","708","0","708","708","213","0","495","0","0","708","213","0","495","0","0","0","0","0","0","0","0","Under 1,000"
"451121","Paul Mitchell the School-Miami","2014","145","90","55","112","145","7","0","138","0","0","90","6","0","84","0","0","55","1","0","54","0","0","Under 1,000"
"451130","Wolford College","2014","208","206","2","207","0","0","0","0","0","208","0","0","0","0","0","206","0","0","0","0","0","2","Under 1,000"
"451149","Aveda Institute-South Florida","2014","580","580","0","580","580","63","0","517","0","0","580","63","0","517","0","0","0","0","0","0","0","0","Under 1,000"
"451158","Aveda Institute-Tallahassee","2014","572","572","0","572","572","69","0","503","0","0","572","69","0","503","0","0","0","0","0","0","0","0","Under 1,000"
"451167","Shear Excellence Hair Academy","2014","53","27","26","37","53","0","0","53","0","0","27","0","0","27","0","0","26","0","0","26","0","0","Under 1,000"
"451194","Carlson College of Massage Therapy","2014","33","33","0","33","33","9","0","24","0","0","33","9","0","24","0","0","0","0","0","0","0","0","Under 1,000"
"451219","SOLEX Medical Academy","2014","11","11","0","11","11","0","0","11","0","0","11","0","0","11","0","0","0","0","0","0","0","0","Under 1,000"
"451228","MyComputerCareer.com-Indianapolis","2014","219","219","0","219","219","91","0","128","0","0","219","91","0","128","0","0","0","0","0","0","0","0","Under 1,000"
"451237","Z Hair Academy","2014","95","95","0","95","95","29","0","66","0","0","95","29","0","66","0","0","0","0","0","0","0","0","Under 1,000"
"451255","DiGrigoli School of Cosmetology","2014","24","17","7","20","24","12","0","12","0","0","17","10","0","7","0","0","7","2","0","5","0","0","Under 1,000"
"451264","Millennium Training Institute","2014","117","117","0","117","117","12","0","105","0","0","117","12","0","105","0","0","0","0","0","0","0","0","Under 1,000"
"451282","Gallery College of Beauty","2014","142","87","55","109","142","49","0","93","0","0","87","33","0","54","0","0","55","16","0","39","0","0","Under 1,000"
"451291","Lakewood School of Therapeutic Massage","2014","23","0","23","9","23","5","0","18","0","0","0","0","0","0","0","0","23","5","0","18","0","0","Under 1,000"
"451307","The Salon Spa Academy","2014","67","43","24","53","67","9","0","58","0","0","43","6","0","37","0","0","24","3","0","21","0","0","Under 1,000"
"451316","Trend Setters School of Cosmetology","2014","61","61","0","61","61","9","0","52","0","0","61","9","0","52","0","0","0","0","0","0","0","0","Under 1,000"
"451334","Academy of Hair Design-Springfield","2014","101","87","14","93","101","22","0","79","0","0","87","16","0","71","0","0","14","6","0","8","0","0","Under 1,000"
"451343","Corinth Academy of Cosmetology","2014","128","87","41","103","128","5","0","123","0","0","87","5","0","82","0","0","41","0","0","41","0","0","Under 1,000"
"451352","Southeastern Institute-Charlotte","2014","304","161","143","218","304","127","0","177","0","0","161","86","0","75","0","0","143","41","0","102","0","0","Under 1,000"
"451361","Gentle Healing School of Massage","2014","5","5","0","5","5","3","0","2","0","0","5","3","0","2","0","0","0","0","0","0","0","0","Under 1,000"
"451370","Yeshivas Be'er Yitzchok","2014","49","49","0","49","49","10","5","34","0","0","49","10","5","34","0","0","0","0","0","0","0","0","Under 1,000"
"451398","Yeshiva Toras Chaim","2014","215","215","0","215","215","57","11","147","0","0","215","57","11","147","0","0","0","0","0","0","0","0","Under 1,000"
"451404","Talmudical Seminary of Bobov","2014","327","327","0","327","327","68","64","195","0","0","327","68","64","195","0","0","0","0","0","0","0","0","Under 1,000"
"451413","New York Methodist Hospital Center for Allied Health Education","2014","227","227","0","227","227","14","0","213","0","0","227","14","0","213","0","0","0","0","0","0","0","0","Under 1,000"
"451459","Monroe 2 Orleans BOCES-Center for Workforce Development","2014","104","104","0","104","104","40","0","64","0","0","104","40","0","64","0","0","0","0","0","0","0","0","Under 1,000"
"451468","Aveda Fredric's Institute-Cincinnati","2014","226","226","0","226","226","39","0","187","0","0","226","39","0","187","0","0","0","0","0","0","0","0","Under 1,000"
"451477","MyComputerCareer.com-TechSkills","2014","249","249","0","249","249","101","0","148","0","0","249","101","0","148","0","0","0","0","0","0","0","0","Under 1,000"
"451495","CDE Career Institute","2014","31","31","0","31","31","3","0","28","0","0","31","3","0","28","0","0","0","0","0","0","0","0","Under 1,000"
"451501","Instituto Educativo Premier","2014","152","152","0","152","152","70","0","82","0","0","152","70","0","82","0","0","0","0","0","0","0","0","Under 1,000"
"451510","Charleston School of Law","2014","449","350","99","388","0","0","0","0","0","449","0","0","0","0","0","350","0","0","0","0","0","99","Under 1,000"
"451529","Elite College of Cosmetology","2014","72","25","47","44","72","19","0","53","0","0","25","9","0","16","0","0","47","10","0","37","0","0","Under 1,000"
"451538","Memphis Institute of Barbering","2014","147","98","49","117","147","101","0","46","0","0","98","73","0","25","0","0","49","28","0","21","0","0","Under 1,000"
"451547","Manuel and Theresa's School of Hair Design-Bryan","2014","25","25","0","25","25","14","0","11","0","0","25","14","0","11","0","0","0","0","0","0","0","0","Under 1,000"
"451556","Southwest University at El Paso","2014","1337","1337","0","1337","1337","370","353","263","351","0","1337","370","353","263","351","0","0","0","0","0","0","0","1,000 - 4,999"
"451565","Paul Mitchell the School-Austin","2014","166","114","52","135","166","34","0","132","0","0","114","23","0","91","0","0","52","11","0","41","0","0","Under 1,000"
"451574","Aveda Institute-Provo","2014","152","152","0","152","152","79","0","73","0","0","152","79","0","73","0","0","0","0","0","0","0","0","Under 1,000"
"451583","Dixie Applied Technology College","2014","248","92","156","144","248","95","0","124","29","0","92","40","0","51","1","0","156","55","0","73","28","0","Under 1,000"
"451617","Dominion School of Hair Design","2014","37","34","3","35","37","10","0","27","0","0","34","9","0","25","0","0","3","1","0","2","0","0","Under 1,000"
"451626","Victoria's Academy of Cosmetology","2014","88","79","9","83","88","60","0","28","0","0","79","53","0","26","0","0","9","7","0","2","0","0","Under 1,000"
"451635","Inland Massage Institute","2014","34","34","0","34","34","14","0","20","0","0","34","14","0","20","0","0","0","0","0","0","0","0","Under 1,000"
"451644","Sunnyside Beauty Academy","2014","11","11","0","11","11","0","0","11","0","0","11","0","0","11","0","0","0","0","0","0","0","0","Under 1,000"
"451653","Wisconsin Academy","2014","28","28","0","28","28","5","0","23","0","0","28","5","0","23","0","0","0","0","0","0","0","0","Under 1,000"
"451662","The Art Institute of Pittsburgh-Online Division","2014","9383","2748","6635","5355","9383","1279","813","7282","9","0","2748","619","404","1725","0","0","6635","660","409","5557","9","0","5,000 - 9,999"
"451671","University of South Florida-Sarasota-Manatee","2014","1903","923","980","1314","1756","92","347","1251","66","147","891","89","207","577","18","32","865","3","140","674","48","115","1,000 - 4,999"
"451699","Brown Mackie College-Indianapolis","2014","995","995","0","995","995","114","228","653","0","0","995","114","228","653","0","0","0","0","0","0","0","0","Under 1,000"
"451705","College America-Cheyenne","2014","60","60","0","60","60","7","1","52","0","0","60","7","1","52","0","0","0","0","0","0","0","0","Under 1,000"
"451714","Paul Mitchell the School-San Antonio","2014","314","314","0","314","314","44","0","270","0","0","314","44","0","270","0","0","0","0","0","0","0","0","Under 1,000"
"451741","Centro de Estudios Multidisciplinarios-Bayamon","2014","607","520","87","554","607","122","180","305","0","0","520","122","155","243","0","0","87","0","25","62","0","0","Under 1,000"
"451750","Bryant & Stratton College-Wauwatosa","2014","698","373","325","501","698","40","148","510","0","0","373","34","100","239","0","0","325","6","48","271","0","0","Under 1,000"
"451769","Minnesota School of Business-Blaine","2014","239","142","97","180","239","16","48","167","8","0","142","12","37","93","0","0","97","4","11","74","8","0","Under 1,000"
"451796","The Art Institute of Michigan","2014","986","777","209","859","986","232","138","602","14","0","777","203","109","465","0","0","209","29","29","137","14","0","Under 1,000"
"451820","The Art Institute of Austin","2014","1189","830","359","971","1189","163","191","835","0","0","830","111","124","595","0","0","359","52","67","240","0","0","1,000 - 4,999"
"451848","The Art Institute of California-Argosy University-Silicon Valley","2014","436","269","167","335","436","54","52","330","0","0","269","35","30","204","0","0","167","19","22","126","0","0","Under 1,000"
"451857","Remington College-Houston Southeast Campus","2014","342","342","0","342","342","144","11","187","0","0","342","144","11","187","0","0","0","0","0","0","0","0","Under 1,000"
"451866","Remington College-Shreveport Campus","2014","291","291","0","291","291","103","4","184","0","0","291","103","4","184","0","0","0","0","0","0","0","0","Under 1,000"
"451875","National American University-Austin","2014","207","17","190","92","207","4","40","163","0","0","17","1","2","14","0","0","190","3","38","149","0","0","Under 1,000"
"451884","National American University-Wichita","2014","259","20","239","114","259","20","47","192","0","0","20","1","3","16","0","0","239","19","44","176","0","0","Under 1,000"
"451909","Fortis College-Landover","2014","499","499","0","499","499","106","19","374","0","0","499","106","19","374","0","0","0","0","0","0","0","0","Under 1,000"
"451918","Jenny Lea Academy of Cosmetology and Aesthetics","2014","117","95","22","104","117","15","0","102","0","0","95","15","0","80","0","0","22","0","0","22","0","0","Under 1,000"
"451936","ITT Technical Institute-Cary","2014","278","233","45","251","278","40","4","234","0","0","233","37","4","192","0","0","45","3","0","42","0","0","Under 1,000"
"451945","ITT Technical Institute-Madison","2014","345","261","84","294","345","36","7","302","0","0","261","29","6","226","0","0","84","7","1","76","0","0","Under 1,000"
"451954","ITT Technical Institute-Clive","2014","147","106","41","122","147","18","0","129","0","0","106","17","0","89","0","0","41","1","0","40","0","0","Under 1,000"
"451963","ITT Technical Institute-Columbus","2014","335","262","73","291","335","52","4","279","0","0","262","43","2","217","0","0","73","9","2","62","0","0","Under 1,000"
"451972","ITT Technical Institute-Phoenix","2014","241","170","71","198","241","42","6","193","0","0","170","36","1","133","0","0","71","6","5","60","0","0","Under 1,000"
"451981","ITT Technical Institute-Madison","2014","141","100","41","116","141","15","3","123","0","0","100","15","2","83","0","0","41","0","1","40","0","0","Under 1,000"
"451990","ITT Technical Institute-High Point","2014","426","290","136","343","426","69","4","353","0","0","290","64","2","224","0","0","136","5","2","129","0","0","Under 1,000"
"452009","The Hair Academy","2014","52","52","0","52","52","13","0","39","0","0","52","13","0","39","0","0","0","0","0","0","0","0","Under 1,000"
"452018","The Art Institutes International–Kansas City","2014","376","302","74","331","376","71","62","243","0","0","302","65","55","182","0","0","74","6","7","61","0","0","Under 1,000"
"452027","The Art Institute of Raleigh-Durham","2014","610","425","185","498","610","165","57","388","0","0","425","97","35","293","0","0","185","68","22","95","0","0","Under 1,000"
"452036","Le Cordon Bleu College of Culinary Arts-Sacramento","2014","318","318","0","318","318","45","28","245","0","0","318","45","28","245","0","0","0","0","0","0","0","0","Under 1,000"
"452045","Le Cordon Bleu College of Culinary Arts-Seattle","2014","355","355","0","355","355","62","31","262","0","0","355","62","31","262","0","0","0","0","0","0","0","0","Under 1,000"
"452054","Le Cordon Bleu College of Culinary Arts-Cambridge","2014","474","474","0","474","474","85","29","360","0","0","474","85","29","360","0","0","0","0","0","0","0","0","Under 1,000"
"452063","Le Cordon Bleu College of Culinary Arts-Dallas","2014","909","909","0","909","909","126","70","713","0","0","909","126","70","713","0","0","0","0","0","0","0","0","Under 1,000"
"452072","Ross Medical Education Center-New Baltimore","2014","158","158","0","158","158","52","0","106","0","0","158","52","0","106","0","0","0","0","0","0","0","0","Under 1,000"
"452081","Ross College-Sylvania","2014","494","494","0","494","494","126","0","368","0","0","494","126","0","368","0","0","0","0","0","0","0","0","Under 1,000"
"452090","Argosy University-Salt Lake City","2014","234","82","152","141","97","5","13","77","2","137","28","2","4","22","0","54","69","3","9","55","2","83","Under 1,000"
"452106","Escuela De Troqueleria Y Herramentaje","2014","88","88","0","88","88","23","0","65","0","0","88","23","0","65","0","0","0","0","0","0","0","0","Under 1,000"
"452115","Virginia College-Montgomery","2014","622","440","182","512","622","233","0","389","0","0","440","181","0","259","0","0","182","52","0","130","0","0","Under 1,000"
"452124","Fortis Institute-Nashville","2014","367","367","0","367","367","68","48","251","0","0","367","68","48","251","0","0","0","0","0","0","0","0","Under 1,000"
"452373","Beckfield College-Tri-County","2014","548","278","270","385","548","37","91","420","0","0","278","30","66","182","0","0","270","7","25","238","0","0","Under 1,000"
"452540","Community Technology Learning Center of Portage","2014","1","0","1","0","1","1","0","0","0","0","0","0","0","0","0","0","1","1","0","0","0","0","Under 1,000"
"452771","Dental Assistant Pro LLC-Columbus","2014","18","0","18","7","18","12","0","6","0","0","0","0","0","0","0","0","18","12","0","6","0","0","Under 1,000"
"452780","Dental Assistant Pro-Lebanon","2014","9","0","9","4","9","7","0","2","0","0","0","0","0","0","0","0","9","7","0","2","0","0","Under 1,000"
"452887","Elite Welding Academy","2014","55","55","0","55","55","14","0","41","0","0","55","14","0","41","0","0","0","0","0","0","0","0","Under 1,000"
"452948","Galen College of Nursing-Cincinnati","2014","439","272","167","338","439","6","60","373","0","0","272","6","26","240","0","0","167","0","34","133","0","0","Under 1,000"
"453075","Institute of Therapeutic Massage","2014","36","21","15","27","36","12","0","24","0","0","21","7","0","14","0","0","15","5","0","10","0","0","Under 1,000"
"453109","Pinnacle Career Institute-North Kansas City","2014","140","140","0","140","140","117","0","23","0","0","140","117","0","23","0","0","0","0","0","0","0","0","Under 1,000"
"453163","Strayer University-North Carolina","2014","4092","352","3740","1806","2500","546","282","1666","6","1592","218","13","29","176","0","134","2282","533","253","1490","6","1458","1,000 - 4,999"
"453215","Strayer University-New Jersey","2014","858","132","726","416","648","93","56","497","2","210","75","7","2","66","0","57","573","86","54","431","2","153","Under 1,000"
"453297","International Culinary Arts and Sciences Institute","2014","39","39","0","39","39","6","0","33","0","0","39","6","0","33","0","0","0","0","0","0","0","0","Under 1,000"
"453455","National College-Dayton","2014","131","63","68","90","131","3","18","110","0","0","63","3","7","53","0","0","68","0","11","57","0","0","Under 1,000"
"453464","National College-Youngstown","2014","118","82","36","96","118","5","20","93","0","0","82","5","15","62","0","0","36","0","5","31","0","0","Under 1,000"
"453473","National College-Cincinnati","2014","127","51","76","81","127","11","16","100","0","0","51","7","11","33","0","0","76","4","5","67","0","0","Under 1,000"
"453482","National College-Stow","2014","80","53","27","64","80","3","12","65","0","0","53","3","10","40","0","0","27","0","2","25","0","0","Under 1,000"
"453552","Harris School of Business-Hamilton Campus","2014","287","154","133","207","287","89","0","198","0","0","154","45","0","109","0","0","133","44","0","89","0","0","Under 1,000"
"453570","Empire Beauty School-Eden Prairie","2014","47","47","0","47","47","26","0","21","0","0","47","26","0","21","0","0","0","0","0","0","0","0","Under 1,000"
"453747","Ohio Business College-Hilliard","2014","178","149","29","161","178","34","52","92","0","0","149","33","47","69","0","0","29","1","5","23","0","0","Under 1,000"
"453756","Ohio Center for Broadcasting-Columbus","2014","67","67","0","67","67","31","0","36","0","0","67","31","0","36","0","0","0","0","0","0","0","0","Under 1,000"
"453817","Ohio Technical College-PowerSport Institute","2014","202","202","0","202","202","64","0","138","0","0","202","64","0","138","0","0","0","0","0","0","0","0","Under 1,000"
"454078","Toledo Restaurant Training Center","2014","31","31","0","31","31","20","0","11","0","0","31","20","0","11","0","0","0","0","0","0","0","0","Under 1,000"
"454175","Dade Medical College-Miami Lakes","2014","439","439","0","439","439","59","1","379","0","0","439","59","1","379","0","0","0","0","0","0","0","0","Under 1,000"
"454184","The King’s College","2014","487","474","13","479","487","144","21","317","5","0","474","143","20","311","0","0","13","1","1","6","5","0","Under 1,000"
"454227","Chamberlain College of Nursing-Illinois","2014","18665","3136","15529","9182","13279","17","5783","7471","8","5386","2850","15","1659","1176","0","286","10429","2","4124","6295","8","5100","10,000 - 19,999"
"454236","Chamberlain College of Nursing-Ohio","2014","730","392","338","525","730","19","247","463","1","0","392","14","168","210","0","0","338","5","79","253","1","0","Under 1,000"
"454245","Chamberlain College of Nursing-Arizona","2014","569","344","225","432","569","2","197","369","1","0","344","2","143","199","0","0","225","0","54","170","1","0","Under 1,000"
"454306","Career Quest Learning Centers-Jackson","2014","251","251","0","251","251","99","0","152","0","0","251","99","0","152","0","0","0","0","0","0","0","0","Under 1,000"
"454315","Regency Beauty Institute-Fort Collins","2014","88","67","21","75","88","32","0","56","0","0","67","25","0","42","0","0","21","7","0","14","0","0","Under 1,000"
"454324","Regency Beauty Institute-Tolleson","2014","51","40","11","44","51","17","0","34","0","0","40","12","0","28","0","0","11","5","0","6","0","0","Under 1,000"
"454333","Regency Beauty Institute-Pasadena","2014","72","51","21","59","72","20","0","52","0","0","51","16","0","35","0","0","21","4","0","17","0","0","Under 1,000"
"454342","Regency Beauty Institute-Dayton","2014","76","57","19","65","76","26","0","50","0","0","57","22","0","35","0","0","19","4","0","15","0","0","Under 1,000"
"454351","Regency Beauty Institute-Akron","2014","112","112","0","112","112","31","0","81","0","0","112","31","0","81","0","0","0","0","0","0","0","0","Under 1,000"
"454360","Regency Beauty Institute-Detroit Southgate","2014","128","98","30","110","128","38","0","90","0","0","98","31","0","67","0","0","30","7","0","23","0","0","Under 1,000"
"454379","Regency Beauty Institute-Flint","2014","120","120","0","120","120","36","0","84","0","0","120","36","0","84","0","0","0","0","0","0","0","0","Under 1,000"
"454388","Regency Beauty Institute-Grand Rapids","2014","97","63","34","76","97","24","0","73","0","0","63","16","0","47","0","0","34","8","0","26","0","0","Under 1,000"
"454397","Regency Beauty Institute-Cypresswood","2014","103","71","32","84","103","32","0","71","0","0","71","24","0","47","0","0","32","8","0","24","0","0","Under 1,000"
"454458","Bryan University","2014","61","61","0","61","61","13","0","48","0","0","61","13","0","48","0","0","0","0","0","0","0","0","Under 1,000"
"454467","Regency Beauty Institute-Austin","2014","75","55","20","63","75","28","0","47","0","0","55","24","0","31","0","0","20","4","0","16","0","0","Under 1,000"
"454476","Regency Beauty Institute-Mesa","2014","49","29","20","37","49","18","0","31","0","0","29","14","0","15","0","0","20","4","0","16","0","0","Under 1,000"
"454485","Regency Beauty Institute-Nashville","2014","28","28","0","28","28","12","0","16","0","0","28","12","0","16","0","0","0","0","0","0","0","0","Under 1,000"
"454494","Regency Beauty Institute-Charlotte","2014","53","53","0","53","53","12","0","41","0","0","53","12","0","41","0","0","0","0","0","0","0","0","Under 1,000"
"454500","Regency Beauty Institute-North Olmsted","2014","77","54","23","63","77","24","0","53","0","0","54","20","0","34","0","0","23","4","0","19","0","0","Under 1,000"
"454519","Regency Beauty Institute-Columbus","2014","94","76","18","83","94","25","0","69","0","0","76","23","0","53","0","0","18","2","0","16","0","0","Under 1,000"
"454528","Regency Beauty Institute-Elgin","2014","53","40","13","45","53","14","0","39","0","0","40","13","0","27","0","0","13","1","0","12","0","0","Under 1,000"
"454537","The Salon Professional Academy-Appleton","2014","75","75","0","75","75","43","0","32","0","0","75","43","0","32","0","0","0","0","0","0","0","0","Under 1,000"
"454546","Milan Institute of Cosmetology-Fairfield","2014","83","83","0","83","83","28","0","55","0","0","83","28","0","55","0","0","0","0","0","0","0","0","Under 1,000"
"454555","Milan Institute of Cosmetology-Reno","2014","152","152","0","152","152","31","0","121","0","0","152","31","0","121","0","0","0","0","0","0","0","0","Under 1,000"
"454573","Milan Institute of Cosmetology-Visalia","2014","201","201","0","201","201","51","0","150","0","0","201","51","0","150","0","0","0","0","0","0","0","0","Under 1,000"
"454582","Ottawa University-Online","2014","375","2","373","148","313","4","38","270","1","62","2","0","0","2","0","0","311","4","38","268","1","62","Under 1,000"
"454591","Broadview University-Orem","2014","105","59","46","77","105","13","16","69","7","0","59","12","13","34","0","0","46","1","3","35","7","0","Under 1,000"
"454607","Paul Mitchell the School-Esani","2014","208","208","0","208","208","49","0","159","0","0","208","49","0","159","0","0","0","0","0","0","0","0","Under 1,000"
"454616","Institute of Production and Recording","2014","243","151","92","188","243","66","37","129","11","0","151","58","31","61","1","0","92","8","6","68","10","0","Under 1,000"
"454625","Virginia College-Greenville","2014","453","271","182","343","453","106","0","347","0","0","271","81","0","190","0","0","182","25","0","157","0","0","Under 1,000"
"454652","Paul Mitchell the School-Birmingham","2014","174","174","0","174","174","9","0","165","0","0","174","9","0","165","0","0","0","0","0","0","0","0","Under 1,000"
"454689","Taft University System","2014","817","726","91","761","0","0","0","0","0","817","0","0","0","0","0","726","0","0","0","0","0","91","Under 1,000"
"454698","Mayfield College","2014","509","509","0","509","509","252","0","257","0","0","509","252","0","257","0","0","0","0","0","0","0","0","Under 1,000"
"454704","International Polytechnic Institute","2014","24","24","0","24","24","18","0","6","0","0","24","18","0","6","0","0","0","0","0","0","0","0","Under 1,000"
"454722","Academy of Esthetics and Cosmetology","2014","36","34","2","35","36","13","0","23","0","0","34","12","0","22","0","0","2","1","0","1","0","0","Under 1,000"
"454740","International Professional School of Bodywork","2014","169","37","132","89","169","6","18","112","33","0","37","3","8","23","3","0","132","3","10","89","30","0","Under 1,000"
"454759","Borner's Barber College","2014","29","4","25","14","29","9","0","20","0","0","4","2","0","2","0","0","25","7","0","18","0","0","Under 1,000"
"454768","Paul Mitchell the School-Pasadena","2014","164","103","61","127","164","13","0","151","0","0","103","7","0","96","0","0","61","6","0","55","0","0","Under 1,000"
"454777","San Francisco Institute of Esthetics and Cosmetology","2014","211","143","68","170","211","26","0","185","0","0","143","17","0","126","0","0","68","9","0","59","0","0","Under 1,000"
"454786","Laurus College","2014","897","80","817","404","897","141","0","756","0","0","80","30","0","50","0","0","817","111","0","706","0","0","Under 1,000"
"454795","Healing Hands School of Holistic Health","2014","281","160","121","208","281","60","0","221","0","0","160","47","0","113","0","0","121","13","0","108","0","0","Under 1,000"
"454801","Career Development Institute","2014","63","39","24","49","63","0","0","63","0","0","39","0","0","39","0","0","24","0","0","24","0","0","Under 1,000"
"454810","Auguste Escoffier School of Culinary Arts-Boulder","2014","382","382","0","382","382","118","0","264","0","0","382","118","0","264","0","0","0","0","0","0","0","0","Under 1,000"
"454829","Aspen University","2014","1488","26","1462","587","231","5","29","197","0","1257","13","0","6","7","0","13","218","5","23","190","0","1244","1,000 - 4,999"
"454838","Institute of Taoist Education and Acupuncture","2014","31","31","0","31","0","0","0","0","0","31","0","0","0","0","0","31","0","0","0","0","0","0","Under 1,000"
"454847","National Beauty College","2014","51","51","0","51","51","49","0","2","0","0","51","49","0","2","0","0","0","0","0","0","0","0","Under 1,000"
"454856","Denver School of Nursing","2014","790","790","0","790","790","0","141","649","0","0","790","0","141","649","0","0","0","0","0","0","0","0","Under 1,000"
"454865","Cambridge Institute of Health & Technology","2014","210","202","8","205","210","38","0","151","21","0","202","34","0","147","21","0","8","4","0","4","0","0","Under 1,000"
"454874","Cozmo The School","2014","66","52","14","58","66","17","0","49","0","0","52","13","0","39","0","0","14","4","0","10","0","0","Under 1,000"
"454883","Allied Health Institute","2014","441","441","0","441","441","41","78","322","0","0","441","41","78","322","0","0","0","0","0","0","0","0","Under 1,000"
"454892","North Florida Academy","2014","31","14","17","21","31","23","0","8","0","0","14","11","0","3","0","0","17","12","0","5","0","0","Under 1,000"
"454908","Professional Hands Institute","2014","37","37","0","37","37","11","0","26","0","0","37","11","0","26","0","0","0","0","0","0","0","0","Under 1,000"
"454917","Celebrity School of Beauty","2014","182","146","36","160","182","160","0","22","0","0","146","136","0","10","0","0","36","24","0","12","0","0","Under 1,000"
"454926","Paul Mitchell the School-Atlanta","2014","305","305","0","305","305","44","0","261","0","0","305","44","0","261","0","0","0","0","0","0","0","0","Under 1,000"
"454935","Evans Hairstyling College-Rexburg","2014","61","61","0","61","61","43","0","18","0","0","61","43","0","18","0","0","0","0","0","0","0","0","Under 1,000"
"454944","Hair Academy Paul Mitchell Partner School","2014","108","91","17","98","108","7","0","101","0","0","91","6","0","85","0","0","17","1","0","16","0","0","Under 1,000"
"454953","University of Aesthetics-Chicago","2014","26","15","11","19","26","2","0","24","0","0","15","1","0","14","0","0","11","1","0","10","0","0","Under 1,000"
"454962","University of Aesthetics-Downers Grove","2014","31","22","9","26","31","11","0","20","0","0","22","6","0","16","0","0","9","5","0","4","0","0","Under 1,000"
"454971","Tricoci University of Beauty Culture-Chicago","2014","196","114","82","147","196","23","0","173","0","0","114","16","0","98","0","0","82","7","0","75","0","0","Under 1,000"
"454980","Tricoci University of Beauty Culture-Glendale Heights","2014","138","73","65","99","138","22","0","116","0","0","73","9","0","64","0","0","65","13","0","52","0","0","Under 1,000"
"454999","Tricoci University of Beauty Culture-Peoria","2014","133","85","48","104","133","22","0","111","0","0","85","15","0","70","0","0","48","7","0","41","0","0","Under 1,000"
"455008","Tricoci University of Beauty Culture-Rockford","2014","145","95","50","115","145","17","0","128","0","0","95","15","0","80","0","0","50","2","0","48","0","0","Under 1,000"
"455017","Frederick School of Cosmetology","2014","17","10","7","13","17","7","0","10","0","0","10","3","0","7","0","0","7","4","0","3","0","0","Under 1,000"
"455026","Omega Studios' School of Applied Recording Arts & Sciences","2014","85","29","56","51","85","28","0","57","0","0","29","11","0","18","0","0","56","17","0","39","0","0","Under 1,000"
"455035","Focus-Hope Information Technologies Center","2014","109","109","0","109","109","80","0","29","0","0","109","80","0","29","0","0","0","0","0","0","0","0","Under 1,000"
"455053","International Cosmetology Academy","2014","47","42","5","44","47","19","0","28","0","0","42","19","0","23","0","0","5","0","0","5","0","0","Under 1,000"
"455062","French Academy of Cosmetology","2014","58","30","28","41","58","7","0","51","0","0","30","4","0","26","0","0","28","3","0","25","0","0","Under 1,000"
"455071","Healing Arts Center","2014","96","0","96","38","96","27","0","69","0","0","0","0","0","0","0","0","96","27","0","69","0","0","Under 1,000"
"455080","Paul Mitchell the School-Springfield","2014","93","68","25","78","93","60","0","33","0","0","68","41","0","27","0","0","25","19","0","6","0","0","Under 1,000"
"455099","Urshan Graduate School of Theology","2014","55","22","33","35","0","0","0","0","0","55","0","0","0","0","0","22","0","0","0","0","0","33","Under 1,000"
"455105","Mississippi Institute of Aesthetics Nails & Cosmetology","2014","85","85","0","85","85","7","0","78","0","0","85","7","0","78","0","0","0","0","0","0","0","0","Under 1,000"
"455114","College of Western Idaho","2014","10217","3480","6737","5742","10217","1166","766","5431","2854","0","3480","585","353","2353","189","0","6737","581","413","3078","2665","0","10,000 - 19,999"
"455141","Aveda Institute-Chapel Hill","2014","180","180","0","180","180","42","0","138","0","0","180","42","0","138","0","0","0","0","0","0","0","0","Under 1,000"
"455169","Charlotte School of Law","2014","1267","957","310","1075","0","0","0","0","0","1267","0","0","0","0","0","957","0","0","0","0","0","310","1,000 - 4,999"
"455178","Daoist Traditions College of Chinese Medical Arts","2014","76","73","3","74","0","0","0","0","0","76","0","0","0","0","0","73","0","0","0","0","0","3","Under 1,000"
"455187","Total Image Beauty Academy","2014","134","70","64","95","134","128","0","6","0","0","70","65","0","5","0","0","64","63","0","1","0","0","Under 1,000"
"455196","Jersey College","2014","2173","2173","0","2173","2173","101","300","1772","0","0","2173","101","300","1772","0","0","0","0","0","0","0","0","1,000 - 4,999"
"455202","American Institute of Medical Sciences & Education","2014","330","311","19","319","330","19","0","311","0","0","311","18","0","293","0","0","19","1","0","18","0","0","Under 1,000"
"455211","Casal Institute of Nevada","2014","178","166","12","171","178","31","0","147","0","0","166","31","0","135","0","0","12","0","0","12","0","0","Under 1,000"
"455220","Career School of NY","2014","67","67","0","67","67","63","0","4","0","0","67","63","0","4","0","0","0","0","0","0","0","0","Under 1,000"
"455239","John Paolo's Xtreme Beauty Institute-Goldwell Product Artistry","2014","101","74","27","85","101","53","0","48","0","0","74","42","0","32","0","0","27","11","0","16","0","0","Under 1,000"
"455257","Yeshiva of Machzikai Hadas","2014","373","373","0","373","373","106","13","254","0","0","373","106","13","254","0","0","0","0","0","0","0","0","Under 1,000"
"455275","Aveda Institute-Columbus","2014","287","287","0","287","287","58","0","229","0","0","287","58","0","229","0","0","0","0","0","0","0","0","Under 1,000"
"455284","Paul Mitchell the School-Cincinnati","2014","215","165","50","185","215","60","0","155","0","0","165","49","0","116","0","0","50","11","0","39","0","0","Under 1,000"
"455293","Cutter's Edge School of Cosmetology","2014","24","24","0","24","24","8","0","16","0","0","24","8","0","16","0","0","0","0","0","0","0","0","Under 1,000"
"455327","Hands on Therapy","2014","51","17","34","30","51","40","0","11","0","0","17","12","0","5","0","0","34","28","0","6","0","0","Under 1,000"
"455336","MediaTech Institute-Dallas","2014","191","191","0","191","191","185","0","6","0","0","191","185","0","6","0","0","0","0","0","0","0","0","Under 1,000"
"455345","PCCenter","2014","41","41","0","41","41","15","0","26","0","0","41","15","0","26","0","0","0","0","0","0","0","0","Under 1,000"
"455354","Aveda Institute-San Antonio","2014","285","285","0","285","285","64","0","221","0","0","285","64","0","221","0","0","0","0","0","0","0","0","Under 1,000"
"455381","Skin Science Institute","2014","97","40","57","63","97","9","0","88","0","0","40","4","0","36","0","0","57","5","0","52","0","0","Under 1,000"
"455390","Global Health College","2014","361","137","224","226","361","18","88","255","0","0","137","5","35","97","0","0","224","13","53","158","0","0","Under 1,000"
"455406","Pacific Northwest University of Health Sciences","2014","431","427","4","429","0","0","0","0","0","431","0","0","0","0","0","427","0","0","0","0","0","4","Under 1,000"
"455424","Brensten Education","2014","453","453","0","453","453","21","45","387","0","0","453","21","45","387","0","0","0","0","0","0","0","0","Under 1,000"
"455433","The Chicago School of Professional Psychology at Irvine","2014","267","105","162","167","0","0","0","0","0","267","0","0","0","0","0","105","0","0","0","0","0","162","Under 1,000"
"455460","Fortis College-Dothan","2014","181","181","0","181","181","37","0","144","0","0","181","37","0","144","0","0","0","0","0","0","0","0","Under 1,000"
"455479","Fortis Institute-Pensacola","2014","712","712","0","712","712","66","96","550","0","0","712","66","96","550","0","0","0","0","0","0","0","0","Under 1,000"
"455488","Fortis College-Montgomery","2014","315","230","85","264","315","62","28","225","0","0","230","49","18","163","0","0","85","13","10","62","0","0","Under 1,000"
"455512","Woodland Community College","2014","2554","822","1732","1403","2554","408","384","1502","260","0","822","212","54","536","20","0","1732","196","330","966","240","0","1,000 - 4,999"
"455549","Dorsey Business Schools-Farmington Hills","2014","75","75","0","75","75","26","0","49","0","0","75","26","0","49","0","0","0","0","0","0","0","0","Under 1,000"
"455558","Dorsey Business Schools-Roseville Culinary Academy","2014","163","163","0","163","163","67","0","96","0","0","163","67","0","96","0","0","0","0","0","0","0","0","Under 1,000"
"455567","Vatterott College-Appling Farms","2014","285","285","0","285","285","28","42","215","0","0","285","28","42","215","0","0","0","0","0","0","0","0","Under 1,000"
"455585","Minnesota School of Business-Moorhead","2014","135","100","35","114","135","20","38","75","2","0","100","20","34","46","0","0","35","0","4","29","2","0","Under 1,000"
"455600","Brown Mackie College-Boise","2014","356","356","0","356","356","62","53","241","0","0","356","62","53","241","0","0","0","0","0","0","0","0","Under 1,000"
"455619","Brown Mackie College-Tulsa","2014","543","543","0","543","543","64","92","387","0","0","543","64","92","387","0","0","0","0","0","0","0","0","Under 1,000"
"455628","Fortis Institute-Birmingham","2014","592","592","0","592","592","125","0","467","0","0","592","125","0","467","0","0","0","0","0","0","0","0","Under 1,000"
"455655","Miller-Motte College-Greenville","2014","353","260","93","297","353","117","38","198","0","0","260","87","33","140","0","0","93","30","5","58","0","0","Under 1,000"
"455664","The Chicago School of Professional Psychology at Los Angeles","2014","1877","240","1637","866","16","0","16","0","0","1861","0","0","0","0","0","240","16","0","16","0","0","1621","1,000 - 4,999"
"455673","Metro Business College-Arnold","2014","18","15","3","16","18","0","0","18","0","0","15","0","0","15","0","0","3","0","0","3","0","0","Under 1,000"
"455682","The Chicago School of Professional Psychology at Westwood","2014","241","53","188","125","0","0","0","0","0","241","0","0","0","0","0","53","0","0","0","0","0","188","Under 1,000"
"455707","Cardiac and Vascular Institute of Ultrasound","2014","44","44","0","44","44","0","0","44","0","0","44","0","0","44","0","0","0","0","0","0","0","0","Under 1,000"
"455716","Virginia College-Jacksonville","2014","687","492","195","569","687","166","0","521","0","0","492","134","0","358","0","0","195","32","0","163","0","0","Under 1,000"
"455725","Studio Academy of Beauty","2014","332","332","0","332","332","157","0","175","0","0","332","157","0","175","0","0","0","0","0","0","0","0","Under 1,000"
"455734","California Nurses Educational Institute","2014","162","162","0","162","162","56","0","106","0","0","162","56","0","106","0","0","0","0","0","0","0","0","Under 1,000"
"455752","RWM Fiber Optics","2014","55","55","0","55","55","18","0","37","0","0","55","18","0","37","0","0","0","0","0","0","0","0","Under 1,000"
"455761","Paul Mitchell the School-Sacramento","2014","446","306","140","362","446","91","0","355","0","0","306","66","0","240","0","0","140","25","0","115","0","0","Under 1,000"
"455770","Providence Christian College","2014","91","89","2","90","91","29","20","42","0","0","89","27","20","42","0","0","2","2","0","0","0","0","Under 1,000"
"455798","Oxford Academy of Hair Design","2014","95","50","45","68","95","17","0","78","0","0","50","12","0","38","0","0","45","5","0","40","0","0","Under 1,000"
"455804","Institute of World Politics","2014","136","75","61","98","0","0","0","0","0","136","0","0","0","0","0","75","0","0","0","0","0","61","Under 1,000"
"455813","Pontifical John Paul II Institute for Studies on Marriage and Family","2014","64","62","2","63","0","0","0","0","0","64","0","0","0","0","0","62","0","0","0","0","0","2","Under 1,000"
"455831","Medical Institute of Palm Beach","2014","66","66","0","66","66","21","0","45","0","0","66","21","0","45","0","0","0","0","0","0","0","0","Under 1,000"
"455840","Lake Lanier School of Massage","2014","109","109","0","109","109","40","0","69","0","0","109","40","0","69","0","0","0","0","0","0","0","0","Under 1,000"
"455859","Oliver Finley Academy of Cosmetology","2014","210","182","28","193","210","32","0","178","0","0","182","27","0","155","0","0","28","5","0","23","0","0","Under 1,000"
"455868","National Career College","2014","147","147","0","147","147","76","0","71","0","0","147","76","0","71","0","0","0","0","0","0","0","0","Under 1,000"
"455877","Aveda Institute-Chicago","2014","169","169","0","169","169","78","0","91","0","0","169","78","0","91","0","0","0","0","0","0","0","0","Under 1,000"
"455886","Tricoci University of Beauty Culture-Libertyville","2014","119","74","45","92","119","24","0","95","0","0","74","16","0","58","0","0","45","8","0","37","0","0","Under 1,000"
"455895","Tricoci University of Beauty Culture-Bridgeview","2014","176","102","74","131","176","32","0","144","0","0","102","16","0","86","0","0","74","16","0","58","0","0","Under 1,000"
"455901","The Temple-A Paul Mitchell Partner School","2014","218","218","0","218","218","35","0","183","0","0","218","35","0","183","0","0","0","0","0","0","0","0","Under 1,000"
"455910","Center for Massage & Natural Health","2014","25","25","0","25","25","7","0","18","0","0","25","7","0","18","0","0","0","0","0","0","0","0","Under 1,000"
"455929","Academy of Hair Design-Oklahoma City","2014","38","32","6","34","38","13","0","25","0","0","32","11","0","21","0","0","6","2","0","4","0","0","Under 1,000"
"455947","Pulse Beauty Academy-A Paul Mitchell Partner School","2014","162","132","30","144","162","72","0","90","0","0","132","70","0","62","0","0","30","2","0","28","0","0","Under 1,000"
"455956","Liberty Technical College","2014","147","147","0","147","147","57","0","90","0","0","147","57","0","90","0","0","0","0","0","0","0","0","Under 1,000"
"455965","Toni & Guy Hairdressing Academy-Cranston","2014","159","159","0","159","159","12","0","147","0","0","159","12","0","147","0","0","0","0","0","0","0","0","Under 1,000"
"455974","South Texas Training Center","2014","144","144","0","144","144","36","0","108","0","0","144","36","0","108","0","0","0","0","0","0","0","0","Under 1,000"
"455983","Columbia College","2014","428","380","48","399","428","181","21","222","4","0","380","150","21","205","4","0","48","31","0","17","0","0","Under 1,000"
"455992","Vermont College of Fine Arts","2014","369","369","0","369","0","0","0","0","0","369","0","0","0","0","0","369","0","0","0","0","0","0","Under 1,000"
"456001","Advanced Welding Institute","2014","25","25","0","25","25","17","0","8","0","0","25","17","0","8","0","0","0","0","0","0","0","0","Under 1,000"
"456010","The Art Institute of Washington-Dulles","2014","191","144","47","162","191","26","28","137","0","0","144","22","21","101","0","0","47","4","7","36","0","0","Under 1,000"
"456029","Paul Mitchell the School-Memphis","2014","133","133","0","133","133","21","0","112","0","0","133","21","0","112","0","0","0","0","0","0","0","0","Under 1,000"
"456038","Pima Medical Institute-East Valley","2014","459","459","0","459","459","154","0","305","0","0","459","154","0","305","0","0","0","0","0","0","0","0","Under 1,000"
"456056","Virginia College-Charleston","2014","414","287","127","337","414","100","0","314","0","0","287","82","0","205","0","0","127","18","0","109","0","0","Under 1,000"
"456065","The Ohio Academy Paul Mitchell Partner School-Cleveland","2014","176","135","41","151","176","13","0","163","0","0","135","11","0","124","0","0","41","2","0","39","0","0","Under 1,000"
"456074","The Ohio Academy Paul Mitchell Partner School-Columbus","2014","167","127","40","143","167","18","0","149","0","0","127","16","0","111","0","0","40","2","0","38","0","0","Under 1,000"
"456092","Georgia Beauty Academy","2014","106","58","48","77","106","10","0","96","0","0","58","4","0","54","0","0","48","6","0","42","0","0","Under 1,000"
"456126","Empire Beauty School-Lauderhill","2014","99","69","30","81","99","37","0","62","0","0","69","29","0","40","0","0","30","8","0","22","0","0","Under 1,000"
"456135","Empire Beauty School-Spring Lake Park","2014","109","66","43","83","109","43","0","66","0","0","66","31","0","35","0","0","43","12","0","31","0","0","Under 1,000"
"456144","MediaTech Institute-Austin","2014","72","72","0","72","72","66","0","6","0","0","72","66","0","6","0","0","0","0","0","0","0","0","Under 1,000"
"456153","MediaTech Institute-Houston","2014","103","103","0","103","103","98","0","5","0","0","103","98","0","5","0","0","0","0","0","0","0","0","Under 1,000"
"456180","Fortis College-Phoenix","2014","290","290","0","290","290","58","17","215","0","0","290","58","17","215","0","0","0","0","0","0","0","0","Under 1,000"
"456205","Miller-Motte College-Raleigh","2014","375","285","90","321","375","67","94","214","0","0","285","60","78","147","0","0","90","7","16","67","0","0","Under 1,000"
"456214","Lamson Institute","2014","169","169","0","169","169","105","0","64","0","0","169","105","0","64","0","0","0","0","0","0","0","0","Under 1,000"
"456287","College of Hair Design-East Campus","2014","112","112","0","112","112","5","0","107","0","0","112","5","0","107","0","0","0","0","0","0","0","0","Under 1,000"
"456296","International Academy of Design and Technology-Online","2014","958","862","96","900","958","74","126","757","1","0","862","66","116","680","0","0","96","8","10","77","1","0","Under 1,000"
"456302","Le Cordon Bleu College of Culinary Arts-St Louis","2014","243","243","0","243","243","26","29","188","0","0","243","26","29","188","0","0","0","0","0","0","0","0","Under 1,000"
"456320","Heritage College-Wichita","2014","370","370","0","370","370","94","27","249","0","0","370","94","27","249","0","0","0","0","0","0","0","0","Under 1,000"
"456339","Heritage College-Little Rock","2014","548","548","0","548","548","179","0","369","0","0","548","179","0","369","0","0","0","0","0","0","0","0","Under 1,000"
"456348","Argosy University-Phoenix Online Division","2014","10703","10703","0","10703","8359","877","784","6688","10","2344","8359","877","784","6688","10","2344","0","0","0","0","0","0","10,000 - 19,999"
"456357","MedTech College-Greenwood Campus","2014","531","531","0","531","531","79","0","452","0","0","531","79","0","452","0","0","0","0","0","0","0","0","Under 1,000"
"456366","MedTech College-Ft Wayne Campus","2014","333","333","0","333","333","54","1","278","0","0","333","54","1","278","0","0","0","0","0","0","0","0","Under 1,000"
"456375","MedTech College-Lexington Campus","2014","186","186","0","186","186","53","0","133","0","0","186","53","0","133","0","0","0","0","0","0","0","0","Under 1,000"
"456393","ITT Technical Institute-Madison","2014","234","197","37","212","234","54","2","178","0","0","197","49","2","146","0","0","37","5","0","32","0","0","Under 1,000"
"456409","ITT Technical Institute-Springfield","2014","166","120","46","138","166","22","0","144","0","0","120","17","0","103","0","0","46","5","0","41","0","0","Under 1,000"
"456418","ITT Technical Institute-Huntington","2014","217","182","35","196","217","41","1","175","0","0","182","40","1","141","0","0","35","1","0","34","0","0","Under 1,000"
"456427","ITT Technical Institute-Concord","2014","233","204","29","215","233","39","0","194","0","0","204","36","0","168","0","0","29","3","0","26","0","0","Under 1,000"
"456436","ITT Technical Institute-Fort Myers","2014","357","253","104","294","357","56","1","300","0","0","253","52","1","200","0","0","104","4","0","100","0","0","Under 1,000"
"456445","ITT Technical Institute-Charlotte North","2014","420","322","98","360","420","59","5","356","0","0","322","54","3","265","0","0","98","5","2","91","0","0","Under 1,000"
"456454","Fortis College-Salt Lake City","2014","371","371","0","371","371","33","48","290","0","0","371","33","48","290","0","0","0","0","0","0","0","0","Under 1,000"
"456481","Polytechnic University of Puerto Rico-Miami","2014","117","43","74","72","59","3","5","51","0","58","12","1","3","8","0","31","47","2","2","43","0","27","Under 1,000"
"456490","Polytechnic University of Puerto Rico-Orlando","2014","99","25","74","54","69","1","6","62","0","30","12","1","4","7","0","13","57","0","2","55","0","17","Under 1,000"
"456506","Ross Medical Education Center-Fort Wayne","2014","119","119","0","119","119","25","0","94","0","0","119","25","0","94","0","0","0","0","0","0","0","0","Under 1,000"
"456515","Ross Medical Education Center-Portage","2014","165","165","0","165","165","55","0","110","0","0","165","55","0","110","0","0","0","0","0","0","0","0","Under 1,000"
"456542","The Commonwealth Medical College","2014","409","409","0","409","0","0","0","0","0","409","0","0","0","0","0","409","0","0","0","0","0","0","Under 1,000"
"456551","Josef's School of Hair Design Inc-Fargo West","2014","51","51","0","51","51","21","0","30","0","0","51","21","0","30","0","0","0","0","0","0","0","0","Under 1,000"
"456560","Northeast Technology Center-Claremore","2014","214","50","164","105","214","17","0","47","150","0","50","8","0","42","0","0","164","9","0","5","150","0","Under 1,000"
"456588","Salon Success Academy-Fontana","2014","58","58","0","58","58","12","0","46","0","0","58","12","0","46","0","0","0","0","0","0","0","0","Under 1,000"
"456597","Salon Success Academy-Redlands","2014","82","82","0","82","82","20","0","62","0","0","82","20","0","62","0","0","0","0","0","0","0","0","Under 1,000"
"456612","Brown Mackie College-Phoenix","2014","648","648","0","648","648","112","110","426","0","0","648","112","110","426","0","0","0","0","0","0","0","0","Under 1,000"
"456621","Strayer University-West Virginia","2014","191","16","175","84","156","34","11","111","0","35","13","2","1","10","0","3","143","32","10","101","0","32","Under 1,000"
"456719","Regency Beauty Institute-Tinley Park","2014","84","84","0","84","84","35","0","49","0","0","84","35","0","49","0","0","0","0","0","0","0","0","Under 1,000"
"456728","Regency Beauty Institute-Columbia","2014","41","28","13","33","41","8","0","33","0","0","28","8","0","20","0","0","13","0","0","13","0","0","Under 1,000"
"456737","Regency Beauty Institute-South Bend","2014","115","115","0","115","115","41","0","74","0","0","115","41","0","74","0","0","0","0","0","0","0","0","Under 1,000"
"456746","Regency Beauty Institute-Detroit Lakeside","2014","91","70","21","78","91","26","0","65","0","0","70","19","0","51","0","0","21","7","0","14","0","0","Under 1,000"
"456755","Regency Beauty Institute-Fort Myers","2014","39","36","3","37","39","21","0","18","0","0","36","21","0","15","0","0","3","0","0","3","0","0","Under 1,000"
"456764","Regency Beauty Institute-Arlington","2014","87","65","22","74","87","27","0","60","0","0","65","24","0","41","0","0","22","3","0","19","0","0","Under 1,000"
"456773","Regency Beauty Institute-Durham","2014","58","58","0","58","58","26","0","32","0","0","58","26","0","32","0","0","0","0","0","0","0","0","Under 1,000"
"456782","Minnesota School of Business-Elk River","2014","236","149","87","183","236","22","43","166","5","0","149","21","34","92","2","0","87","1","9","74","3","0","Under 1,000"
"456791","Brown Mackie College-Greenville","2014","708","708","0","708","708","78","105","525","0","0","708","78","105","525","0","0","0","0","0","0","0","0","Under 1,000"
"456807","Globe University-Sioux Falls","2014","138","105","33","118","138","23","33","76","6","0","105","22","27","55","1","0","33","1","6","21","5","0","Under 1,000"
"456816","Globe University-Eau Claire","2014","153","115","38","130","153","18","30","102","3","0","115","17","27","71","0","0","38","1","3","31","3","0","Under 1,000"
"456825","Vanguard College of Cosmetology-Baton Rouge","2014","75","75","0","75","75","10","0","65","0","0","75","10","0","65","0","0","0","0","0","0","0","0","Under 1,000"
"456834","Globe University-Minneapolis","2014","164","101","63","125","52","1","13","37","1","112","37","1","10","26","0","64","15","0","3","11","1","48","Under 1,000"
"456861","Beauty Schools of America-Homestead","2014","613","613","0","613","613","230","0","383","0","0","613","230","0","383","0","0","0","0","0","0","0","0","Under 1,000"
"456922","South Texas Vocational Technical Institute-Brownsville","2014","212","212","0","212","212","116","0","96","0","0","212","116","0","96","0","0","0","0","0","0","0","0","Under 1,000"
"456931","South Texas Vocational Technical Institute-Corpus Christi","2014","210","210","0","210","210","84","0","126","0","0","210","84","0","126","0","0","0","0","0","0","0","0","Under 1,000"
"456940","L'Ecole Culinaire-Memphis","2014","442","442","0","442","442","42","59","341","0","0","442","42","59","341","0","0","0","0","0","0","0","0","Under 1,000"
"456959","University of Minnesota-Rochester","2014","488","462","26","472","488","113","33","333","9","0","462","112","33","315","2","0","26","1","0","18","7","0","Under 1,000"
"456968","Health And Style Institute","2014","193","136","57","159","193","157","0","36","0","0","136","101","0","35","0","0","57","56","0","1","0","0","Under 1,000"
"456977","CBT College-Cutler Bay","2014","132","132","0","132","132","26","0","106","0","0","132","26","0","106","0","0","0","0","0","0","0","0","Under 1,000"
"457004","National College-Columbus","2014","56","25","31","37","56","3","6","45","2","0","25","3","3","19","0","0","31","0","3","26","2","0","Under 1,000"
"457022","Herzing University-Toledo","2014","193","107","86","141","193","32","8","145","8","0","107","19","7","81","0","0","86","13","1","64","8","0","Under 1,000"
"457031","Capri Beauty College","2014","52","52","0","52","52","11","0","41","0","0","52","11","0","41","0","0","0","0","0","0","0","0","Under 1,000"
"457077","Milan Institute-Bakersfield","2014","347","347","0","347","347","85","0","262","0","0","347","85","0","262","0","0","0","0","0","0","0","0","Under 1,000"
"457086","Homestead Schools","2014","168","115","53","136","168","20","0","148","0","0","115","17","0","98","0","0","53","3","0","50","0","0","Under 1,000"
"457101","Carrington College-Las Vegas","2014","325","266","59","289","325","31","63","231","0","0","266","31","44","191","0","0","59","0","19","40","0","0","Under 1,000"
"457110","Carrington College-Reno","2014","343","263","80","295","343","13","75","255","0","0","263","13","45","205","0","0","80","0","30","50","0","0","Under 1,000"
"457129","Chamberlain College of Nursing-Florida","2014","853","430","423","596","853","1","283","567","2","0","430","1","152","277","0","0","423","0","131","290","2","0","Under 1,000"
"457174","Remington College-Columbia Campus","2014","326","326","0","326","326","135","0","191","0","0","326","135","0","191","0","0","0","0","0","0","0","0","Under 1,000"
"457183","Remington College of Nursing Orlando","2014","92","92","0","92","92","0","0","92","0","0","92","0","0","92","0","0","0","0","0","0","0","0","Under 1,000"
"457192","Washington Barber College Inc","2014","81","81","0","81","81","28","0","53","0","0","81","28","0","53","0","0","0","0","0","0","0","0","Under 1,000"
"457208","InterCoast Colleges-Elk Grove","2014","80","80","0","80","80","19","0","61","0","0","80","19","0","61","0","0","0","0","0","0","0","0","Under 1,000"
"457226","Horizon University","2014","34","20","14","25","34","2","7","25","0","0","20","1","4","15","0","0","14","1","3","10","0","0","Under 1,000"
"457244","San Diego Culinary Institute","2014","45","34","11","38","45","15","0","30","0","0","34","10","0","24","0","0","11","5","0","6","0","0","Under 1,000"
"457253","Beyond 21st Century Beauty Academy","2014","50","6","44","23","50","16","0","34","0","0","6","4","0","2","0","0","44","12","0","32","0","0","Under 1,000"
"457271","Academy for Jewish Religion-California","2014","65","24","41","40","0","0","0","0","0","65","0","0","0","0","0","24","0","0","0","0","0","41","Under 1,000"
"457299","Angeles College","2014","94","62","32","75","94","49","0","45","0","0","62","36","0","26","0","0","32","13","0","19","0","0","Under 1,000"
"457314","Angeles Institute","2014","114","114","0","114","114","14","0","100","0","0","114","14","0","100","0","0","0","0","0","0","0","0","Under 1,000"
"457323","Paul Mitchell the School-Temecula","2014","277","277","0","277","277","48","0","229","0","0","277","48","0","229","0","0","0","0","0","0","0","0","Under 1,000"
"457332","European Academy of Cosmetology and Hairdressing","2014","12","6","6","8","12","10","0","2","0","0","6","5","0","1","0","0","6","5","0","1","0","0","Under 1,000"
"457341","International Institute of Cosmetology","2014","147","124","23","133","147","23","0","124","0","0","124","16","0","108","0","0","23","7","0","16","0","0","Under 1,000"
"457350","Florida School of Traditional Midwifery","2014","49","0","49","19","49","0","0","49","0","0","0","0","0","0","0","0","49","0","0","49","0","0","Under 1,000"
"457378","Walton Career Development Center","2014","115","97","18","103","115","45","0","70","0","0","97","36","0","61","0","0","18","9","0","9","0","0","Under 1,000"
"457387","Immokalee Technical Center","2014","398","215","183","276","398","92","0","123","183","0","215","92","0","123","0","0","183","0","0","0","183","0","Under 1,000"
"457396","American Academy of Cosmetology","2014","117","73","44","90","117","29","0","88","0","0","73","21","0","52","0","0","44","8","0","36","0","0","Under 1,000"
"457402","University of Fort Lauderdale","2014","43","4","39","19","31","0","0","31","0","12","4","0","0","4","0","0","27","0","0","27","0","12","Under 1,000"
"457411","Aviation Institute of Maintenance-Orlando","2014","209","208","1","208","209","24","0","185","0","0","208","24","0","184","0","0","1","0","0","1","0","0","Under 1,000"
"457420","The Salon Professional Academy-Tampa","2014","67","39","28","50","67","21","0","46","0","0","39","16","0","23","0","0","28","5","0","23","0","0","Under 1,000"
"457439","The Salon Professional Academy-Gainesville","2014","16","9","7","12","16","4","0","12","0","0","9","2","0","7","0","0","7","2","0","5","0","0","Under 1,000"
"457448","The Salon Professional Academy-The Villages","2014","114","114","0","114","114","18","0","96","0","0","114","18","0","96","0","0","0","0","0","0","0","0","Under 1,000"
"457457","The Hair Academy Inc","2014","32","10","22","19","32","21","0","11","0","0","10","5","0","5","0","0","22","16","0","6","0","0","Under 1,000"
"457466","Profile Institute of Barber-Styling","2014","71","71","0","71","71","16","0","55","0","0","71","16","0","55","0","0","0","0","0","0","0","0","Under 1,000"
"457475","The Process Institute of Cosmetology","2014","90","90","0","90","90","1","0","89","0","0","90","1","0","89","0","0","0","0","0","0","0","0","Under 1,000"
"457484","New Hope Christian College-Honolulu","2014","108","60","48","79","96","9","1","86","0","12","58","6","1","51","0","2","38","3","0","35","0","10","Under 1,000"
"457493","D & L Academy of Hair Design","2014","24","24","0","24","24","13","0","11","0","0","24","13","0","11","0","0","0","0","0","0","0","0","Under 1,000"
"457509","Master Educators Beauty School","2014","30","30","0","30","30","11","0","19","0","0","30","11","0","19","0","0","0","0","0","0","0","0","Under 1,000"
"457527","Ambria College of Nursing","2014","432","299","133","352","432","5","90","302","35","0","299","3","67","213","16","0","133","2","23","89","19","0","Under 1,000"
"457536","Midwestern Career College","2014","85","85","0","85","85","24","0","61","0","0","85","24","0","61","0","0","0","0","0","0","0","0","Under 1,000"
"457545","Paul Mitchell the School-Normal","2014","102","80","22","89","102","24","0","78","0","0","80","22","0","58","0","0","22","2","0","20","0","0","Under 1,000"
"457554","Innovations Design Academy","2014","50","44","6","46","50","14","0","36","0","0","44","14","0","30","0","0","6","0","0","6","0","0","Under 1,000"
"457563","Aveda Fredric's Institute-Indianapolis","2014","218","218","0","218","218","38","0","180","0","0","218","38","0","180","0","0","0","0","0","0","0","0","Under 1,000"
"457572","The Salon Professional Academy-Anderson","2014","107","107","0","107","107","11","0","96","0","0","107","11","0","96","0","0","0","0","0","0","0","0","Under 1,000"
"457581","Eric Fisher Academy","2014","145","145","0","145","145","33","0","112","0","0","145","33","0","112","0","0","0","0","0","0","0","0","Under 1,000"
"457590","A & W Healthcare Educators","2014","40","35","5","37","40","0","0","40","0","0","35","0","0","35","0","0","5","0","0","5","0","0","Under 1,000"
"457606","My Le's Beauty College","2014","35","35","0","35","35","33","0","2","0","0","35","33","0","2","0","0","0","0","0","0","0","0","Under 1,000"
"457615","Blackstone Valley Vocational Regional School District","2014","48","0","48","16","48","12","0","36","0","0","0","0","0","0","0","0","48","12","0","36","0","0","Under 1,000"
"457624","Southern Worcester County Regional Voc School District","2014","22","22","0","22","22","20","0","2","0","0","22","20","0","2","0","0","0","0","0","0","0","0","Under 1,000"
"457633","L'esprit Academy","2014","164","114","50","134","164","29","0","135","0","0","114","24","0","90","0","0","50","5","0","45","0","0","Under 1,000"
"457642","Marketti Academy of Cosmetology","2014","78","63","15","69","78","24","0","54","0","0","63","20","0","43","0","0","15","4","0","11","0","0","Under 1,000"
"457651","CenterPoint Massage and Shiatsu Therapy School and Clinic","2014","92","49","43","66","92","46","0","46","0","0","49","26","0","23","0","0","43","20","0","23","0","0","Under 1,000"
"457679","Avalon School of Cosmetology","2014","29","29","0","29","29","7","0","22","0","0","29","7","0","22","0","0","0","0","0","0","0","0","Under 1,000"
"457688","American Business and Technology University","2014","580","575","5","577","573","29","21","523","0","7","573","29","21","523","0","2","0","0","0","0","0","5","Under 1,000"
"457697","City Vision College","2014","80","25","55","47","72","4","6","45","17","8","24","2","4","16","2","1","48","2","2","29","15","7","Under 1,000"
"457703","Transformed Barber and Cosmetology Academy","2014","81","23","58","46","81","3","0","78","0","0","23","2","0","21","0","0","58","1","0","57","0","0","Under 1,000"
"457721","Bitterroot School of Cosmetology","2014","38","38","0","38","38","16","0","22","0","0","38","16","0","22","0","0","0","0","0","0","0","0","Under 1,000"
"457730","Atlanta Beauty & Barber Academy","2014","257","250","7","253","257","153","0","104","0","0","250","148","0","102","0","0","7","5","0","2","0","0","Under 1,000"
"457749","The Salon Professional Academy-Great Falls","2014","87","83","4","85","87","18","0","69","0","0","83","14","0","69","0","0","4","4","0","0","0","0","Under 1,000"
"457758","Park West Barber School","2014","112","46","66","72","112","69","0","43","0","0","46","27","0","19","0","0","66","42","0","24","0","0","Under 1,000"
"457767","National Career Institute","2014","291","291","0","291","291","68","0","223","0","0","291","68","0","223","0","0","0","0","0","0","0","0","Under 1,000"
"457776","Toni & Guy Hairdressing Academy-Albuquerque","2014","126","126","0","126","126","23","0","103","0","0","126","23","0","103","0","0","0","0","0","0","0","0","Under 1,000"
"457785","International Academy of Style","2014","119","119","0","119","119","115","0","4","0","0","119","115","0","4","0","0","0","0","0","0","0","0","Under 1,000"
"457794","EDP School of Computer Programming","2014","105","99","6","101","105","21","0","84","0","0","99","15","0","84","0","0","6","6","0","0","0","0","Under 1,000"
"457800","New York Medical Career Training Center","2014","284","108","176","178","284","266","0","18","0","0","108","98","0","10","0","0","176","168","0","8","0","0","Under 1,000"
"457819","Institute of Culinary Education","2014","664","36","628","285","664","141","0","523","0","0","36","0","0","36","0","0","628","141","0","487","0","0","Under 1,000"
"457828","New Life Business Institute","2014","86","86","0","86","86","57","0","29","0","0","86","57","0","29","0","0","0","0","0","0","0","0","Under 1,000"
"457837","The Salon Professional Academy-Tonawanda","2014","143","72","71","100","143","60","0","83","0","0","72","34","0","38","0","0","71","26","0","45","0","0","Under 1,000"
"457846","Onondaga School of Therapeutic Massage-Syracuse","2014","60","5","55","27","60","20","0","40","0","0","5","3","0","2","0","0","55","17","0","38","0","0","Under 1,000"
"457855","Academy of Cosmetology and Esthetics NYC","2014","107","87","20","95","107","13","0","94","0","0","87","12","0","75","0","0","20","1","0","19","0","0","Under 1,000"
"457864","Finger Lakes School of Massage","2014","51","28","23","37","51","10","0","41","0","0","28","5","0","23","0","0","23","5","0","18","0","0","Under 1,000"
"457873","Four County Career Center","2014","79","23","56","42","79","10","0","69","0","0","23","0","0","23","0","0","56","10","0","46","0","0","Under 1,000"
"457891","Vanity School of Cosmetology","2014","64","64","0","64","64","32","0","32","0","0","64","32","0","32","0","0","0","0","0","0","0","0","Under 1,000"
"457916","The Salon Professional Academy-Perrysburg","2014","65","45","20","53","65","11","0","54","0","0","45","9","0","36","0","0","20","2","0","18","0","0","Under 1,000"
"457925","Portland Actors Conservatory","2014","24","24","0","24","24","15","0","9","0","0","24","15","0","9","0","0","0","0","0","0","0","0","Under 1,000"
"457943","Somerset County Technology Center","2014","80","80","0","80","80","59","0","21","0","0","80","59","0","21","0","0","0","0","0","0","0","0","Under 1,000"
"457952","Metro Beauty Academy","2014","200","151","49","170","200","15","0","185","0","0","151","13","0","138","0","0","49","2","0","47","0","0","Under 1,000"
"457961","Barone Beauty Academy","2014","43","43","0","43","43","26","0","17","0","0","43","26","0","17","0","0","0","0","0","0","0","0","Under 1,000"
"457989","Academy for Careers and Technology","2014","39","39","0","39","39","24","0","15","0","0","39","24","0","15","0","0","0","0","0","0","0","0","Under 1,000"
"457998","Aiken School of Cosmetology","2014","37","31","6","33","37","3","0","34","0","0","31","3","0","28","0","0","6","0","0","6","0","0","Under 1,000"
"458007","Love Beauty School Inc","2014","25","22","3","23","25","20","0","5","0","0","22","18","0","4","0","0","3","2","0","1","0","0","Under 1,000"
"458016","Professional Career Training Institute","2014","110","110","0","110","110","103","0","7","0","0","110","103","0","7","0","0","0","0","0","0","0","0","Under 1,000"
"458025","Cannon Institute of Higher Learning","2014","12","11","1","11","12","8","0","4","0","0","11","7","0","4","0","0","1","1","0","0","0","0","Under 1,000"
"458034","Cardiotech Ultrasound School","2014","43","38","5","40","43","37","0","6","0","0","38","33","0","5","0","0","5","4","0","1","0","0","Under 1,000"
"458043","DuVall's School of Cosmetology","2014","89","62","27","73","89","18","0","71","0","0","62","14","0","48","0","0","27","4","0","23","0","0","Under 1,000"
"458052","Advanced Beauty College","2014","58","0","58","23","58","18","0","40","0","0","0","0","0","0","0","0","58","18","0","40","0","0","Under 1,000"
"458061","Texas Beauty College","2014","70","5","65","31","70","44","0","26","0","0","5","4","0","1","0","0","65","40","0","25","0","0","Under 1,000"
"458070","Avenue Five Institute","2014","236","161","75","191","236","28","0","208","0","0","161","22","0","139","0","0","75","6","0","69","0","0","Under 1,000"
"458098","The Salon Professional Academy-Lewisville","2014","76","76","0","76","76","9","0","67","0","0","76","9","0","67","0","0","0","0","0","0","0","0","Under 1,000"
"458104","Renaissance Academie","2014","76","22","54","43","76","63","0","13","0","0","22","18","0","4","0","0","54","45","0","9","0","0","Under 1,000"
"458113","Bethel College","2014","57","30","27","41","57","11","6","40","0","0","30","6","4","20","0","0","27","5","2","20","0","0","Under 1,000"
"458122","Institute of Advanced Medical Esthetics","2014","11","11","0","11","11","0","0","11","0","0","11","0","0","11","0","0","0","0","0","0","0","0","Under 1,000"
"458131","Gary Manuel Aveda Institute","2014","323","323","0","323","323","55","0","268","0","0","323","55","0","268","0","0","0","0","0","0","0","0","Under 1,000"
"458140","Northwest School of Wooden Boat Building","2014","61","61","0","61","61","17","44","0","0","0","61","17","44","0","0","0","0","0","0","0","0","0","Under 1,000"
"458159","Bainbridge Graduate Institute","2014","108","90","18","97","0","0","0","0","0","108","0","0","0","0","0","90","0","0","0","0","0","18","Under 1,000"
"458168","The Salon Professional Academy-Onalaska","2014","74","74","0","74","74","40","0","34","0","0","74","40","0","34","0","0","0","0","0","0","0","0","Under 1,000"
"458177","Regency Beauty Institute-North Tucson","2014","72","56","16","62","72","31","0","41","0","0","56","25","0","31","0","0","16","6","0","10","0","0","Under 1,000"
"458186","Kaplan College-Chula Vista","2014","279","279","0","279","279","54","15","210","0","0","279","54","15","210","0","0","0","0","0","0","0","0","Under 1,000"
"458195","InterCoast Colleges-Roseville","2014","32","32","0","32","32","14","0","18","0","0","32","14","0","18","0","0","0","0","0","0","0","0","Under 1,000"
"458210","West Coast University-Orange County","2014","1477","1330","147","1388","1477","7","149","1321","0","0","1330","7","144","1179","0","0","147","0","5","142","0","0","1,000 - 4,999"
"458229","West Coast University-Ontario","2014","1061","1005","56","1027","1061","11","105","945","0","0","1005","11","105","889","0","0","56","0","0","56","0","0","1,000 - 4,999"
"458247","Dade Medical College-Homestead","2014","292","292","0","292","292","41","0","251","0","0","292","41","0","251","0","0","0","0","0","0","0","0","Under 1,000"
"458256","Virginia College-Augusta","2014","921","538","383","688","921","195","0","726","0","0","538","130","0","408","0","0","383","65","0","318","0","0","Under 1,000"
"458265","Midwest Technical Institute-East Peoria","2014","651","482","169","549","651","225","0","426","0","0","482","162","0","320","0","0","169","63","0","106","0","0","Under 1,000"
"458274","Paul Mitchell the School-Chicago","2014","301","211","90","247","301","44","0","257","0","0","211","35","0","176","0","0","90","9","0","81","0","0","Under 1,000"
"458283","Kaplan College-Indianapolis","2014","501","501","0","501","501","103","68","329","1","0","501","103","68","329","1","0","0","0","0","0","0","0","Under 1,000"
"458292","Regency Beauty Institute-Evansville","2014","61","36","25","46","61","21","0","40","0","0","36","12","0","24","0","0","25","9","0","16","0","0","Under 1,000"
"458317","Regency Beauty Institute-Shreveport","2014","79","79","0","79","79","29","0","50","0","0","79","29","0","50","0","0","0","0","0","0","0","0","Under 1,000"
"458326","Regency Beauty Institute-Springfield","2014","58","43","15","49","58","19","0","39","0","0","43","12","0","31","0","0","15","7","0","8","0","0","Under 1,000"
"458335","Regency Beauty Institute-Canton","2014","115","71","44","88","115","29","0","86","0","0","71","18","0","53","0","0","44","11","0","33","0","0","Under 1,000"
"458344","Regency Beauty Institute-Spartanburg","2014","34","25","9","29","34","13","0","21","0","0","25","10","0","15","0","0","9","3","0","6","0","0","Under 1,000"
"458353","Regency Beauty Institute-Chattanooga","2014","35","28","7","31","35","13","0","22","0","0","28","12","0","16","0","0","7","1","0","6","0","0","Under 1,000"
"458362","Regency Beauty Institute-Mesquite","2014","83","83","0","83","83","35","0","48","0","0","83","35","0","48","0","0","0","0","0","0","0","0","Under 1,000"
"458380","Dorsey Business Schools-Waterford Pontiac","2014","188","188","0","188","188","36","0","152","0","0","188","36","0","152","0","0","0","0","0","0","0","0","Under 1,000"
"458399","Regina's College of Beauty-High Point","2014","63","53","10","57","63","44","0","19","0","0","53","36","0","17","0","0","10","8","0","2","0","0","Under 1,000"
"458405","Miller-Motte College-Fayetteville","2014","741","628","113","673","741","208","141","392","0","0","628","180","131","317","0","0","113","28","10","75","0","0","Under 1,000"
"458414","Drake College of Business-Newark","2014","1023","1023","0","1023","1023","904","0","119","0","0","1023","904","0","119","0","0","0","0","0","0","0","0","1,000 - 4,999"
"458423","European Massage Therapy School-Las Vegas","2014","70","0","70","28","70","4","0","66","0","0","0","0","0","0","0","0","70","4","0","66","0","0","Under 1,000"
"458432","Harrison College-Grove City","2014","273","216","57","238","273","32","0","241","0","0","216","31","0","185","0","0","57","1","0","56","0","0","Under 1,000"
"458441","Miller-Motte Technical College-Columbus","2014","487","320","167","386","487","105","72","310","0","0","320","77","53","190","0","0","167","28","19","120","0","0","Under 1,000"
"458469","National University College-Ponce","2014","1241","952","289","1066","1241","243","157","840","1","0","952","219","130","603","0","0","289","24","27","237","1","0","1,000 - 4,999"
"458478","Fortis Institute-Grand Prairie","2014","260","260","0","260","260","60","20","180","0","0","260","60","20","180","0","0","0","0","0","0","0","0","Under 1,000"
"458487","Paul Mitchell the School-St George","2014","117","84","33","97","117","5","0","112","0","0","84","4","0","80","0","0","33","1","0","32","0","0","Under 1,000"
"458496","The Art Institute of Virginia Beach","2014","632","465","167","531","632","112","91","429","0","0","465","39","60","366","0","0","167","73","31","63","0","0","Under 1,000"
"458502","Bryant & Stratton College-Bayshore","2014","530","272","258","373","530","88","96","346","0","0","272","69","61","142","0","0","258","19","35","204","0","0","Under 1,000"
"458557","Daymar College-Online","2014","257","175","82","207","257","2","23","232","0","0","175","2","21","152","0","0","82","0","2","80","0","0","Under 1,000"
"458593","Virginia College-Columbia","2014","589","361","228","451","589","130","0","459","0","0","361","94","0","267","0","0","228","36","0","192","0","0","Under 1,000"
"458681","Fortis College-Indianapolis","2014","231","231","0","231","231","27","37","167","0","0","231","27","37","167","0","0","0","0","0","0","0","0","Under 1,000"
"458690","Kaplan College-Arlington","2014","399","399","0","399","399","91","15","280","13","0","399","91","15","280","13","0","0","0","0","0","0","0","Under 1,000"
"458706","Kaplan College-Charlotte","2014","249","249","0","249","249","25","56","168","0","0","249","25","56","168","0","0","0","0","0","0","0","0","Under 1,000"
"458715","Kaplan College-Jacksonville","2014","121","121","0","121","121","0","0","121","0","0","121","0","0","121","0","0","0","0","0","0","0","0","Under 1,000"
"458733","Globe University-Madison East","2014","217","176","41","192","217","21","49","142","5","0","176","21","47","108","0","0","41","0","2","34","5","0","Under 1,000"
"458742","Minnesota School of Business-Lakeville","2014","195","146","49","165","195","21","57","110","7","0","146","21","43","80","2","0","49","0","14","30","5","0","Under 1,000"
"458751","Globe University–Green Bay","2014","185","131","54","152","185","31","33","114","7","0","131","31","30","68","2","0","54","0","3","46","5","0","Under 1,000"
"458760","Globe University–Madison West","2014","182","132","50","152","182","34","26","118","4","0","132","33","18","80","1","0","50","1","8","38","3","0","Under 1,000"
"458779","Globe University–Wausau","2014","122","79","43","96","122","23","23","71","5","0","79","21","17","40","1","0","43","2","6","31","4","0","Under 1,000"
"458797","Dade Medical College-Hollywood","2014","248","248","0","248","248","22","16","210","0","0","248","22","16","210","0","0","0","0","0","0","0","0","Under 1,000"
"458803","Empire Beauty School-E Memphis","2014","155","113","42","130","155","46","0","109","0","0","113","39","0","74","0","0","42","7","0","35","0","0","Under 1,000"
"458812","Empire Beauty School-Nashville","2014","58","58","0","58","58","21","0","37","0","0","58","21","0","37","0","0","0","0","0","0","0","0","Under 1,000"
"458821","Empire Beauty School-Jackson","2014","78","78","0","78","78","36","0","42","0","0","78","36","0","42","0","0","0","0","0","0","0","0","Under 1,000"
"458830","Empire Beauty School-Springfield","2014","193","131","62","156","193","91","0","102","0","0","131","66","0","65","0","0","62","25","0","37","0","0","Under 1,000"
"458849","Empire Beauty School-Paramus","2014","108","80","28","91","108","48","0","60","0","0","80","38","0","42","0","0","28","10","0","18","0","0","Under 1,000"
"458858","Empire Beauty School-Speedway","2014","155","123","32","136","155","54","0","101","0","0","123","46","0","77","0","0","32","8","0","24","0","0","Under 1,000"
"458867","Empire Beauty School-Morrow","2014","252","188","64","213","252","75","0","177","0","0","188","65","0","123","0","0","64","10","0","54","0","0","Under 1,000"
"458885","Strayer University-Arkansas","2014","259","42","217","126","152","36","20","96","0","107","26","2","2","22","0","16","126","34","18","74","0","91","Under 1,000"
"458919","Strayer University-Georgia","2014","5296","793","4503","2547","3627","775","349","2499","4","1669","524","58","58","407","1","269","3103","717","291","2092","3","1400","5,000 - 9,999"
"458937","Strayer University-Louisiana","2014","155","15","140","70","114","22","5","86","1","41","12","0","2","10","0","3","102","22","3","76","1","38","Under 1,000"
"458955","Strayer University-Mississippi","2014","276","15","261","116","159","38","12","109","0","117","9","0","0","9","0","6","150","38","12","100","0","111","Under 1,000"
"458964","Strayer University-South Carolina","2014","1991","291","1700","952","1206","250","122","834","0","785","157","17","23","117","0","134","1049","233","99","717","0","651","1,000 - 4,999"
"458973","Strayer University-Texas","2014","1626","305","1321","821","1220","223","154","840","3","406","213","29","31","153","0","92","1007","194","123","687","3","314","1,000 - 4,999"
"458982","The Art Institute of San Antonio","2014","1070","706","364","849","1070","201","186","683","0","0","706","108","111","487","0","0","364","93","75","196","0","0","1,000 - 4,999"
"458991","Globe University-La Crosse","2014","178","149","29","160","178","22","42","109","5","0","149","22","37","89","1","0","29","0","5","20","4","0","Under 1,000"
"459000","The Hair Design School-S Memphis","2014","150","115","35","129","150","63","0","87","0","0","115","47","0","68","0","0","35","16","0","19","0","0","Under 1,000"
"459019","The Hair Design School-Charlotte","2014","124","88","36","102","124","42","0","82","0","0","88","37","0","51","0","0","36","5","0","31","0","0","Under 1,000"
"459028","The Hair Design School-Durham","2014","36","28","8","31","36","15","0","21","0","0","28","13","0","15","0","0","8","2","0","6","0","0","Under 1,000"
"459037","The Hair Design School-E Greensboro","2014","140","98","42","115","140","42","0","98","0","0","98","33","0","65","0","0","42","9","0","33","0","0","Under 1,000"
"459046","The Hair Design School-Winston-Salem","2014","114","76","38","91","114","42","0","72","0","0","76","32","0","44","0","0","38","10","0","28","0","0","Under 1,000"
"459055","Empire Beauty School-West Palm","2014","76","49","27","60","76","32","0","44","0","0","49","21","0","28","0","0","27","11","0","16","0","0","Under 1,000"
"459064","Empire Beauty School-Pineville","2014","109","81","28","92","109","30","0","79","0","0","81","22","0","59","0","0","28","8","0","20","0","0","Under 1,000"
"459073","The Hair Design School-N Memphis","2014","56","56","0","56","56","38","0","18","0","0","56","38","0","18","0","0","0","0","0","0","0","0","Under 1,000"
"459082","Virginia Tech Carilion School of Medicine","2014","167","167","0","167","0","0","0","0","0","167","0","0","0","0","0","167","0","0","0","0","0","0","Under 1,000"
"459091","Broadview Entertainment Arts University","2014","138","102","36","116","138","18","14","93","13","0","102","18","14","68","2","0","36","0","0","25","11","0","Under 1,000"
"459107","Bryant & Stratton College-Hampton","2014","521","228","293","343","521","76","78","366","1","0","228","59","55","114","0","0","293","17","23","252","1","0","Under 1,000"
"459116","Paul Mitchell the School-Phoenix","2014","143","119","24","129","143","21","0","122","0","0","119","17","0","102","0","0","24","4","0","20","0","0","Under 1,000"
"459125","All Beauty College","2014","37","37","0","37","37","18","0","19","0","0","37","18","0","19","0","0","0","0","0","0","0","0","Under 1,000"
"459134","Northern California Institute of Cosmetology Inc","2014","34","10","24","20","34","25","0","9","0","0","10","7","0","3","0","0","24","18","0","6","0","0","Under 1,000"
"459143","Golden State College of Court Reporting","2014","51","38","13","43","51","12","0","39","0","0","38","8","0","30","0","0","13","4","0","9","0","0","Under 1,000"
"459152","Preferred College of Nursing-Los Angeles","2014","58","30","28","41","58","17","0","41","0","0","30","8","0","22","0","0","28","9","0","19","0","0","Under 1,000"
"459161","Trinity Vocational Center","2014","153","108","45","126","153","8","0","145","0","0","108","8","0","100","0","0","45","0","0","45","0","0","Under 1,000"
"459170","SICE Paul Mitchell Partner School","2014","90","77","13","82","90","74","0","16","0","0","77","66","0","11","0","0","13","8","0","5","0","0","Under 1,000"
"459189","Cosmo Beauty Academy","2014","81","31","50","51","81","13","0","68","0","0","31","4","0","27","0","0","50","9","0","41","0","0","Under 1,000"
"459198","Paul Mitchell the School-Fresno","2014","231","158","73","187","231","32","0","199","0","0","158","26","0","132","0","0","73","6","0","67","0","0","Under 1,000"
"459204","Unitek College","2014","1017","1017","0","1017","1017","251","25","741","0","0","1017","251","25","741","0","0","0","0","0","0","0","0","1,000 - 4,999"
"459213","Gurnick Academy of Medical Arts","2014","873","818","55","840","873","130","307","436","0","0","818","124","263","431","0","0","55","6","44","5","0","0","Under 1,000"
"459222","Southern California University SOMA","2014","119","110","9","113","57","0","6","51","0","62","53","0","4","49","0","57","4","0","2","2","0","5","Under 1,000"
"459231","Paul Mitchell the School-East Bay","2014","221","221","0","221","221","87","0","134","0","0","221","87","0","134","0","0","0","0","0","0","0","0","Under 1,000"
"459259","South University–Richmond","2014","766","454","312","576","668","31","183","451","3","98","422","25","119","277","1","32","246","6","64","174","2","66","Under 1,000"
"459268","South University–Virginia Beach","2014","857","574","283","684","724","16","191","517","0","133","539","14","150","375","0","35","185","2","41","142","0","98","Under 1,000"
"459277","Aveda Institute-Denver","2014","440","440","0","440","440","78","0","362","0","0","440","78","0","362","0","0","0","0","0","0","0","0","Under 1,000"
"459286","Paul Mitchell the School-Colorado Springs","2014","241","183","58","206","241","22","0","219","0","0","183","19","0","164","0","0","58","3","0","55","0","0","Under 1,000"
"459295","The Salon Professional Academy-Colorado Springs","2014","56","49","7","52","56","12","0","44","0","0","49","7","0","42","0","0","7","5","0","2","0","0","Under 1,000"
"459301","Paul Mitchell the School-Delaware","2014","140","93","47","112","140","29","0","111","0","0","93","21","0","72","0","0","47","8","0","39","0","0","Under 1,000"
"459310","Future-Tech Institute","2014","38","38","0","38","38","35","0","3","0","0","38","35","0","3","0","0","0","0","0","0","0","0","Under 1,000"
"459329","Marchman Technical Education Center","2014","173","167","6","169","173","105","0","68","0","0","167","102","0","65","0","0","6","3","0","3","0","0","Under 1,000"
"459338","Eureka Institute of Health and Beauty","2014","82","82","0","82","82","18","0","64","0","0","82","18","0","64","0","0","0","0","0","0","0","0","Under 1,000"
"459347","The Salon Professional Academy-Ft Myers","2014","27","16","11","20","27","3","0","24","0","0","16","3","0","13","0","0","11","0","0","11","0","0","Under 1,000"
"459356","SOLEX College","2014","91","72","19","80","91","24","3","58","6","0","72","16","3","53","0","0","19","8","0","5","6","0","Under 1,000"
"459365","Unity Cosmetology College","2014","52","40","12","45","52","35","0","17","0","0","40","28","0","12","0","0","12","7","0","5","0","0","Under 1,000"
"459374","Universal Spa Training Academy","2014","152","109","43","126","152","89","0","63","0","0","109","57","0","52","0","0","43","32","0","11","0","0","Under 1,000"
"459392","The Salon Professional Academy-Evansville","2014","93","83","10","87","93","23","0","70","0","0","83","22","0","61","0","0","10","1","0","9","0","0","Under 1,000"
"459408","Tri County Regional Vocational Technical High School","2014","65","55","10","58","65","15","0","50","0","0","55","10","0","45","0","0","10","5","0","5","0","0","Under 1,000"
"459417","Compass College of Cinematic Arts","2014","96","94","2","95","96","37","24","35","0","0","94","37","24","33","0","0","2","0","0","2","0","0","Under 1,000"
"459426","Nova Academy of Cosmetology","2014","89","82","7","85","89","24","0","65","0","0","82","21","0","61","0","0","7","3","0","4","0","0","Under 1,000"
"459435","Victory Trade School","2014","20","20","0","20","20","12","0","8","0","0","20","12","0","8","0","0","0","0","0","0","0","0","Under 1,000"
"459444","Starting Points Inc","2014","47","19","28","30","47","8","0","39","0","0","19","1","0","18","0","0","28","7","0","21","0","0","Under 1,000"
"459453","The Lab-Paul Mitchell Partner School","2014","108","82","26","92","108","20","0","88","0","0","82","17","0","65","0","0","26","3","0","23","0","0","Under 1,000"
"459462","SAE Institute of Technology-New York","2014","121","90","31","102","121","113","0","8","0","0","90","85","0","5","0","0","31","28","0","3","0","0","Under 1,000"
"459471","John Paolo's Xtreme Beauty Institute-Goldwell Product Artistry","2014","10","3","7","6","10","4","0","6","0","0","3","1","0","2","0","0","7","3","0","4","0","0","Under 1,000"
"459480","The Artisan College of Cosmetology","2014","26","26","0","26","26","9","0","17","0","0","26","9","0","17","0","0","0","0","0","0","0","0","Under 1,000"
"459499","Sage School of Massage","2014","23","23","0","23","23","14","0","9","0","0","23","14","0","9","0","0","0","0","0","0","0","0","Under 1,000"
"459514","Lawyer's Assistant School of Dallas","2014","85","85","0","85","85","79","0","6","0","0","85","79","0","6","0","0","0","0","0","0","0","0","Under 1,000"
"459523","ABC Beauty Academy","2014","30","30","0","30","30","12","0","18","0","0","30","12","0","18","0","0","0","0","0","0","0","0","Under 1,000"
"459532","Salon & Spa Institute","2014","68","68","0","68","68","11","0","57","0","0","68","11","0","57","0","0","0","0","0","0","0","0","Under 1,000"
"459541","American Beauty Academy","2014","37","22","15","28","37","2","0","35","0","0","22","2","0","20","0","0","15","0","0","15","0","0","Under 1,000"
"459550","The Salon Professional Academy-Tacoma","2014","135","127","8","130","135","65","0","70","0","0","127","59","0","68","0","0","8","6","0","2","0","0","Under 1,000"
"459569","Academy of Cosmetology","2014","3","3","0","3","3","2","0","1","0","0","3","2","0","1","0","0","0","0","0","0","0","0","Under 1,000"
"459578","The Academy Waukesha","2014","155","106","49","125","155","7","0","148","0","0","106","6","0","100","0","0","49","1","0","48","0","0","Under 1,000"
"459587","ITT Technical Institute-Merrillville","2014","380","272","108","314","380","46","2","332","0","0","272","43","2","227","0","0","108","3","0","105","0","0","Under 1,000"
"459596","ITT Technical Institute-Tallahassee","2014","395","270","125","319","395","31","8","356","0","0","270","30","3","237","0","0","125","1","5","119","0","0","Under 1,000"
"459602","ITT Technical Institute-Salem","2014","230","148","82","180","230","37","1","192","0","0","148","33","0","115","0","0","82","4","1","77","0","0","Under 1,000"
"459611","ITT Technical Institute-Akron","2014","262","194","68","221","262","52","6","204","0","0","194","46","3","145","0","0","68","6","3","59","0","0","Under 1,000"
"459620","ITT Technical Institute-Cedar Rapids","2014","1","1","0","1","1","0","0","1","0","0","1","0","0","1","0","0","0","0","0","0","0","0","Under 1,000"
"459639","ITT Technical Institute-Corona","2014","446","375","71","403","446","49","0","397","0","0","375","47","0","328","0","0","71","2","0","69","0","0","Under 1,000"
"459648","ITT Technical Institute-Johnson City","2014","121","97","24","106","121","23","4","94","0","0","97","18","4","75","0","0","24","5","0","19","0","0","Under 1,000"
"459657","ITT Technical Institute-DeSoto","2014","263","212","51","232","263","55","5","203","0","0","212","50","2","160","0","0","51","5","3","43","0","0","Under 1,000"
"459666","ITT Technical Institute-North Charleston","2014","270","234","36","248","270","64","3","203","0","0","234","57","3","174","0","0","36","7","0","29","0","0","Under 1,000"
"459675","ITT Technical Institute-Aurora","2014","231","188","43","205","231","51","1","179","0","0","188","49","0","139","0","0","43","2","1","40","0","0","Under 1,000"
"459684","ITT Technical Institute-West Covina","2014","8","1","7","4","8","0","0","8","0","0","1","0","0","1","0","0","7","0","0","7","0","0","Under 1,000"
"459693","ITT Technical Institute-Culver City","2014","312","238","74","267","312","55","3","254","0","0","238","41","2","195","0","0","74","14","1","59","0","0","Under 1,000"
"459709","ITT Technical Institute-Dearborn","2014","336","224","112","268","336","53","0","283","0","0","224","43","0","181","0","0","112","10","0","102","0","0","Under 1,000"
"459718","ITT Technical Institute-Las Vegas","2014","507","420","87","454","507","60","1","446","0","0","420","59","1","360","0","0","87","1","0","86","0","0","Under 1,000"
"459727","Touro University Worldwide","2014","541","219","322","343","234","13","68","133","20","307","118","3","33","76","6","101","116","10","35","57","14","206","Under 1,000"
"459736","Touro University California","2014","1378","1221","157","1281","0","0","0","0","0","1378","0","0","0","0","0","1221","0","0","0","0","0","157","1,000 - 4,999"
"459745","The Chicago School of Professional Psychology at Washington DC","2014","370","192","178","260","0","0","0","0","0","370","0","0","0","0","0","192","0","0","0","0","0","178","Under 1,000"
"459824","Touro University Nevada","2014","1319","1056","263","1156","31","0","13","18","0","1288","30","0","13","17","0","1026","1","0","0","1","0","262","1,000 - 4,999"
"459833","National College-Willoughby Hills","2014","48","17","31","29","48","1","4","43","0","0","17","1","1","15","0","0","31","0","3","28","0","0","Under 1,000"
"459842","Herzing University-Kenosha","2014","463","244","219","330","452","37","50","348","17","11","237","34","29","174","0","7","215","3","21","174","17","4","Under 1,000"
"459851","Herzing University-Brookfield","2014","332","211","121","258","324","38","52","234","0","8","209","33","40","136","0","2","115","5","12","98","0","6","Under 1,000"
"459930","Heald College-Modesto","2014","928","825","103","866","928","112","65","750","1","0","825","88","45","692","0","0","103","24","20","58","1","0","Under 1,000"
"459958","Fortis Institute-Houston","2014","340","340","0","340","340","74","0","266","0","0","340","74","0","266","0","0","0","0","0","0","0","0","Under 1,000"
"459967","Southern Careers Institute-Brownsville","2014","497","497","0","497","497","453","0","44","0","0","497","453","0","44","0","0","0","0","0","0","0","0","Under 1,000"
"459985","Southern Careers Institute-Harlingen","2014","369","369","0","369","369","212","0","157","0","0","369","212","0","157","0","0","0","0","0","0","0","0","Under 1,000"
"459994","Strayer University-Global Region","2014","4500","415","4085","2004","2766","662","212","1864","28","1734","170","28","9","132","1","245","2596","634","203","1732","27","1489","1,000 - 4,999"
"460002","Regina's College of Beauty-Charlotte","2014","92","54","38","69","92","69","0","23","0","0","54","39","0","15","0","0","38","30","0","8","0","0","Under 1,000"
"460011","Kenneth Shuler School of Cosmetology-Florence","2014","161","125","36","139","161","12","0","149","0","0","125","11","0","114","0","0","36","1","0","35","0","0","Under 1,000"
"460020","Fortis College-Columbia","2014","529","529","0","529","529","52","49","428","0","0","529","52","49","428","0","0","0","0","0","0","0","0","Under 1,000"
"460039","Brown Mackie College-Albuquerque","2014","767","767","0","767","767","172","17","578","0","0","767","172","17","578","0","0","0","0","0","0","0","0","Under 1,000"
"460048","Brown Mackie College-St Louis","2014","504","504","0","504","504","73","58","373","0","0","504","73","58","373","0","0","0","0","0","0","0","0","Under 1,000"
"460057","Avant Gard The School","2014","36","36","0","36","36","35","0","1","0","0","36","35","0","1","0","0","0","0","0","0","0","0","Under 1,000"
"460066","Toni & Guy Hairdressing Academy-Bellingham","2014","84","84","0","84","84","9","0","75","0","0","84","9","0","75","0","0","0","0","0","0","0","0","Under 1,000"
"460075","California University of Management and Sciences","2014","592","592","0","592","98","53","0","45","0","494","98","53","0","45","0","494","0","0","0","0","0","0","Under 1,000"
"460093","Ross Medical Education Center-Davison","2014","158","158","0","158","158","65","0","93","0","0","158","65","0","93","0","0","0","0","0","0","0","0","Under 1,000"
"460109","Ross Medical Education Center-Granger","2014","179","179","0","179","179","44","0","135","0","0","179","44","0","135","0","0","0","0","0","0","0","0","Under 1,000"
"460118","Ross Medical Education Center-Niles","2014","164","164","0","164","164","67","0","97","0","0","164","67","0","97","0","0","0","0","0","0","0","0","Under 1,000"
"460127","Ross Medical Education Center-Canton","2014","135","135","0","135","135","38","0","97","0","0","135","38","0","97","0","0","0","0","0","0","0","0","Under 1,000"
"460136","Pima Medical Institute-Houston","2014","993","993","0","993","993","351","0","642","0","0","993","351","0","642","0","0","0","0","0","0","0","0","Under 1,000"
"460145","Illinois Center for Broadcasting–Chicago Campus","2014","256","256","0","256","256","113","0","143","0","0","256","113","0","143","0","0","0","0","0","0","0","0","Under 1,000"
"460172","South Texas Vocational Technical Institute-San Antonio","2014","461","461","0","461","461","209","0","252","0","0","461","209","0","252","0","0","0","0","0","0","0","0","Under 1,000"
"460181","Concorde Career Institute-Dallas","2014","555","555","0","555","555","176","0","379","0","0","555","176","0","379","0","0","0","0","0","0","0","0","Under 1,000"
"460190","Concorde Career Institute-Orlando","2014","436","436","0","436","436","118","0","318","0","0","436","118","0","318","0","0","0","0","0","0","0","0","Under 1,000"
"460206","Concorde Career Institute-San Antonio","2014","547","547","0","547","547","120","0","427","0","0","547","120","0","427","0","0","0","0","0","0","0","0","Under 1,000"
"460215","Ecotech Institute","2014","375","300","75","330","375","78","0","297","0","0","300","73","0","227","0","0","75","5","0","70","0","0","Under 1,000"
"460349","Johnson & Wales University-Online","2014","239","120","119","166","143","0","25","118","0","96","55","0","11","44","0","65","88","0","14","74","0","31","Under 1,000"
"460358","Everest College-Fort Worth South","2014","516","475","41","491","516","72","82","362","0","0","475","72","77","326","0","0","41","0","5","36","0","0","Under 1,000"
"460367","Everest College-Santa Ana","2014","333","333","0","333","333","70","0","263","0","0","333","70","0","263","0","0","0","0","0","0","0","0","Under 1,000"
"460385","Geisinger-Lewistown Hospital School of Nursing","2014","37","26","11","30","37","21","0","16","0","0","26","11","0","15","0","0","11","10","0","1","0","0","Under 1,000"
"460394","Moreno Valley College","2014","8731","2138","6593","4352","8731","1167","1442","4763","1359","0","2138","473","299","1282","84","0","6593","694","1143","3481","1275","0","5,000 - 9,999"
"460446","Hair Design Institute at Fifth Avenue-New York","2014","182","96","86","130","182","22","0","160","0","0","96","7","0","89","0","0","86","15","0","71","0","0","Under 1,000"
"460455","Onondaga School of Therapeutic Massage-Rochester","2014","82","8","74","37","82","12","0","70","0","0","8","1","0","7","0","0","74","11","0","63","0","0","Under 1,000"
"460464","Norco College","2014","9304","2142","7162","4547","9304","1338","1162","5367","1437","0","2142","579","173","1326","64","0","7162","759","989","4041","1373","0","5,000 - 9,999"
"460473","Daymar College-Louisville","2014","1","1","0","1","1","0","0","1","0","0","1","0","0","1","0","0","0","0","0","0","0","0","Under 1,000"
"460482","Dorsey Business Schools-Saginaw","2014","207","207","0","207","207","61","0","146","0","0","207","61","0","146","0","0","0","0","0","0","0","0","Under 1,000"
"460516","Milan Institute of Cosmetology-La Quinta","2014","176","176","0","176","176","40","0","136","0","0","176","40","0","136","0","0","0","0","0","0","0","0","Under 1,000"
"460525","Milan Institute-Nampa","2014","158","158","0","158","158","50","0","108","0","0","158","50","0","108","0","0","0","0","0","0","0","0","Under 1,000"
"460534","Milan Institute of Cosmetology-El Paso","2014","410","410","0","410","410","117","0","293","0","0","410","117","0","293","0","0","0","0","0","0","0","0","Under 1,000"
"460543","Universal Technical Institute - Dallas Fort Worth","2014","1212","1212","0","1212","1212","228","0","984","0","0","1212","228","0","984","0","0","0","0","0","0","0","0","1,000 - 4,999"
"460552","Finger Lakes School of Massage","2014","61","38","23","47","61","23","0","38","0","0","38","17","0","21","0","0","23","6","0","17","0","0","Under 1,000"
"460561","Park Avenue School of Cosmetology","2014","60","60","0","60","60","48","0","12","0","0","60","48","0","12","0","0","0","0","0","0","0","0","Under 1,000"
"460570","Salter School of Nursing and Allied Health","2014","270","228","42","245","270","65","0","205","0","0","228","53","0","175","0","0","42","12","0","30","0","0","Under 1,000"
"460589","Salter School-New Bedford","2014","180","146","34","159","180","24","0","156","0","0","146","17","0","129","0","0","34","7","0","27","0","0","Under 1,000"
"460598","Harris School of Business-Upper Darby Campus","2014","776","626","150","686","776","229","0","547","0","0","626","201","0","425","0","0","150","28","0","122","0","0","Under 1,000"
"460604","Stratford School of Aviation Maintenance Technicians","2014","44","44","0","44","44","25","0","19","0","0","44","25","0","19","0","0","0","0","0","0","0","0","Under 1,000"
"460613","Brown Mackie College-San Antonio","2014","841","841","0","841","841","190","75","576","0","0","841","190","75","576","0","0","0","0","0","0","0","0","Under 1,000"
"460631","Hollywood Institute of Beauty Careers","2014","39","39","0","39","39","5","0","34","0","0","39","5","0","34","0","0","0","0","0","0","0","0","Under 1,000"
"460640","Cortiva Institute-New Jersey","2014","71","34","37","49","71","22","0","49","0","0","34","11","0","23","0","0","37","11","0","26","0","0","Under 1,000"
"460659","Cambridge Junior College-Woodland","2014","78","78","0","78","78","7","0","71","0","0","78","7","0","71","0","0","0","0","0","0","0","0","Under 1,000"
"460677","ICPR Junior College-Manati","2014","506","389","117","435","506","205","8","293","0","0","389","185","8","196","0","0","117","20","0","97","0","0","Under 1,000"
"460695","Ridley-Lowell Business & Technical Institute-Danbury","2014","103","102","1","102","103","13","0","90","0","0","102","13","0","89","0","0","1","0","0","1","0","0","Under 1,000"
"460701","Artistic Nails and Beauty Academy-Lakeland","2014","208","73","135","127","208","42","0","166","0","0","73","21","0","52","0","0","135","21","0","114","0","0","Under 1,000"
"460710","Paul Mitchell the School-Murfreesboro","2014","191","134","57","157","191","11","0","180","0","0","134","8","0","126","0","0","57","3","0","54","0","0","Under 1,000"
"460729","Allied American University","2014","2244","903","1341","1430","2244","482","277","1443","42","0","903","202","130","562","9","0","1341","280","147","881","33","0","1,000 - 4,999"
"460738","American Sentinel University","2014","3173","514","2659","1548","1712","1","332","1368","11","1461","74","1","11","56","6","440","1638","0","321","1312","5","1021","1,000 - 4,999"
"460747","Tribeca Flashpoint Media Arts Academy","2014","353","353","0","353","353","136","77","140","0","0","353","136","77","140","0","0","0","0","0","0","0","0","Under 1,000"
"460756","Hawaii Medical College","2014","503","503","0","503","503","0","3","0","500","0","503","0","3","0","500","0","0","0","0","0","0","0","Under 1,000"
"460765","Carolina College of Hair Design","2014","65","65","0","65","65","56","0","9","0","0","65","56","0","9","0","0","0","0","0","0","0","0","Under 1,000"
"460774","Virginia College-Baton Rouge","2014","589","370","219","457","589","208","0","381","0","0","370","156","0","214","0","0","219","52","0","167","0","0","Under 1,000"
"460783","Remington College-Heathrow Campus","2014","255","255","0","255","255","65","20","170","0","0","255","65","20","170","0","0","0","0","0","0","0","0","Under 1,000"
"460808","College of Massage Therapy","2014","35","35","0","35","35","20","0","15","0","0","35","20","0","15","0","0","0","0","0","0","0","0","Under 1,000"
"460817","Miller-Motte College-Jacksonville","2014","496","363","133","416","496","114","90","292","0","0","363","90","69","204","0","0","133","24","21","88","0","0","Under 1,000"
"460826","Miller-Motte Technical College-Augusta","2014","466","243","223","332","466","50","104","312","0","0","243","31","58","154","0","0","223","19","46","158","0","0","Under 1,000"
"460835","Miller-Motte Technical College-Conway","2014","622","480","142","536","622","126","123","373","0","0","480","97","95","288","0","0","142","29","28","85","0","0","Under 1,000"
"460844","Virginia College-Macon","2014","433","270","163","335","433","75","0","358","0","0","270","59","0","211","0","0","163","16","0","147","0","0","Under 1,000"
"460853","Virginia College-Spartanburg","2014","413","232","181","303","413","96","0","317","0","0","232","70","0","162","0","0","181","26","0","155","0","0","Under 1,000"
"460862","Aveda Institute-Portland","2014","361","210","151","270","361","45","0","316","0","0","210","29","0","181","0","0","151","16","0","135","0","0","Under 1,000"
"460871","Chamberlain College of Nursing-Virginia","2014","394","239","155","300","394","2","141","251","0","0","239","2","111","126","0","0","155","0","30","125","0","0","Under 1,000"
"460899","Stevens-Henager College-Boise","2014","350","350","0","350","350","35","0","315","0","0","350","35","0","315","0","0","0","0","0","0","0","0","Under 1,000"
"460905","The Salon Professional Academy-Cincinnati","2014","68","68","0","68","68","10","0","58","0","0","68","10","0","58","0","0","0","0","0","0","0","0","Under 1,000"
"460914","Penrose Academy","2014","186","186","0","186","186","12","0","174","0","0","186","12","0","174","0","0","0","0","0","0","0","0","Under 1,000"
"460923","Virginia College-Richmond","2014","446","318","128","369","446","167","0","279","0","0","318","115","0","203","0","0","128","52","0","76","0","0","Under 1,000"
"460932","Skin Institute","2014","47","47","0","47","47","32","0","15","0","0","47","32","0","15","0","0","0","0","0","0","0","0","Under 1,000"
"460941","Northwest Institute of Literary Arts","2014","51","12","39","27","0","0","0","0","0","51","0","0","0","0","0","12","0","0","0","0","0","39","Under 1,000"
"460950","Body Therapy Institute","2014","94","94","0","94","94","28","0","66","0","0","94","28","0","66","0","0","0","0","0","0","0","0","Under 1,000"
"460969","Beauty Academy of South Florida","2014","239","239","0","239","239","62","0","177","0","0","239","62","0","177","0","0","0","0","0","0","0","0","Under 1,000"
"460978","Ogle School Hair Skin Nails-North Dallas","2014","94","65","29","77","94","91","0","3","0","0","65","63","0","2","0","0","29","28","0","1","0","0","Under 1,000"
"460987","The Salon Professional Academy-North Little Rock","2014","76","68","8","71","76","31","0","45","0","0","68","28","0","40","0","0","8","3","0","5","0","0","Under 1,000"
"460996","The Salon Professional Academy-St Charles","2014","69","63","6","65","69","25","0","44","0","0","63","23","0","40","0","0","6","2","0","4","0","0","Under 1,000"
"461005","American Institute","2014","378","324","54","345","378","105","34","238","1","0","324","91","34","198","1","0","54","14","0","40","0","0","Under 1,000"
"461014","Mildred Elley-New York Campus","2014","590","590","0","590","590","128","38","424","0","0","590","128","38","424","0","0","0","0","0","0","0","0","Under 1,000"
"461023","National Paralegal College","2014","1116","1084","32","1097","1047","91","218","733","5","69","1016","82","210","723","1","68","31","9","8","10","4","1","1,000 - 4,999"
"461032","Carolina College of Biblical Studies","2014","111","55","56","77","111","4","6","101","0","0","55","3","3","49","0","0","56","1","3","52","0","0","Under 1,000"
"461041","Star Career Academy-Audubon","2014","221","176","45","194","221","202","0","19","0","0","176","163","0","13","0","0","45","39","0","6","0","0","Under 1,000"
"461111","Allstate Hairstyling & Barber College","2014","34","32","2","33","34","16","0","18","0","0","32","16","0","16","0","0","2","0","0","2","0","0","Under 1,000"
"461120","Oxford Graduate School","2014","88","88","0","88","0","0","0","0","0","88","0","0","0","0","0","88","0","0","0","0","0","0","Under 1,000"
"461139","Jung Tao School of Classical Chinese Medicine","2014","70","70","0","70","0","0","0","0","0","70","0","0","0","0","0","70","0","0","0","0","0","0","Under 1,000"
"461148","New York Film Academy","2014","1907","1907","0","1907","1453","1421","0","32","0","454","1453","1421","0","32","0","454","0","0","0","0","0","0","1,000 - 4,999"
"461157","The Collective School Of Music","2014","52","52","0","52","52","19","0","33","0","0","52","19","0","33","0","0","0","0","0","0","0","0","Under 1,000"
"461175","International College of Cosmetology","2014","165","89","76","119","165","61","0","104","0","0","89","38","0","51","0","0","76","23","0","53","0","0","Under 1,000"
"461193","Bella Capelli Academy","2014","209","205","4","207","209","41","0","168","0","0","205","41","0","164","0","0","4","0","0","4","0","0","Under 1,000"
"461218","Institute of Medical Careers","2014","100","100","0","100","100","68","0","32","0","0","100","68","0","32","0","0","0","0","0","0","0","0","Under 1,000"
"461227","Toni & Guy Hairdressing Academy-Modesto","2014","69","56","13","61","69","53","0","16","0","0","56","41","0","15","0","0","13","12","0","1","0","0","Under 1,000"
"461236","Georgia Christian University","2014","265","260","5","262","165","22","23","120","0","100","162","20","23","119","0","98","3","2","0","1","0","2","Under 1,000"
"461245","Flagler Technical Institute","2014","269","89","180","149","269","124","0","145","0","0","89","34","0","55","0","0","180","90","0","90","0","0","Under 1,000"
"461254","Galaxy Medical College","2014","31","31","0","31","31","29","0","2","0","0","31","29","0","2","0","0","0","0","0","0","0","0","Under 1,000"
"461263","American Medical Sciences Center","2014","84","84","0","84","84","5","0","79","0","0","84","5","0","79","0","0","0","0","0","0","0","0","Under 1,000"
"461272","Mandalyn Academy","2014","63","33","30","45","63","24","0","39","0","0","33","15","0","18","0","0","30","9","0","21","0","0","Under 1,000"
"461281","Jose Maria Vargas University","2014","147","15","132","67","144","1","1","28","114","3","13","0","1","12","0","2","131","1","0","16","114","1","Under 1,000"
"461290","Laird Institute of Spa Therapy","2014","58","31","27","42","58","9","0","49","0","0","31","5","0","26","0","0","27","4","0","23","0","0","Under 1,000"
"461306","D A Dorsey Educational Center","2014","217","123","94","155","217","123","0","94","0","0","123","71","0","52","0","0","94","52","0","42","0","0","Under 1,000"
"461315","Keweenaw Bay Ojibwa Community College","2014","89","51","38","64","89","18","0","67","4","0","51","12","0","39","0","0","38","6","0","28","4","0","Under 1,000"
"461324","Meridian Institute of Surgical Assisting","2014","383","383","0","383","383","0","0","383","0","0","383","0","0","383","0","0","0","0","0","0","0","0","Under 1,000"
"461333","Mauna Loa Helicopters","2014","8","0","8","3","8","4","0","4","0","0","0","0","0","0","0","0","8","4","0","4","0","0","Under 1,000"
"461342","Acaydia School of Aesthetics","2014","22","16","6","18","22","7","0","15","0","0","16","5","0","11","0","0","6","2","0","4","0","0","Under 1,000"
"461351","Manhattan Institute","2014","1221","67","1154","525","1221","827","0","394","0","0","67","51","0","16","0","0","1154","776","0","378","0","0","1,000 - 4,999"
"461360","Cosmetic Arts Institute","2014","44","44","0","44","44","42","0","2","0","0","44","42","0","2","0","0","0","0","0","0","0","0","Under 1,000"
"461379","Holistic Massage Training Institute","2014","31","0","31","12","31","8","0","23","0","0","0","0","0","0","0","0","31","8","0","23","0","0","Under 1,000"
"461388","Diamonds Cosmetology College","2014","70","70","0","70","70","23","0","47","0","0","70","23","0","47","0","0","0","0","0","0","0","0","Under 1,000"
"461397","Tramy Beauty School","2014","158","66","92","103","158","23","0","135","0","0","66","18","0","48","0","0","92","5","0","87","0","0","Under 1,000"
"461412","Northern Virginia School of Therapeutic Massage","2014","89","0","89","35","89","24","0","65","0","0","0","0","0","0","0","0","89","24","0","65","0","0","Under 1,000"
"461421","Paul Mitchell the School-St Louis","2014","169","168","1","168","169","49","0","120","0","0","168","49","0","119","0","0","1","0","0","1","0","0","Under 1,000"
"461430","Advanced Training Institute","2014","436","0","436","173","436","130","0","306","0","0","0","0","0","0","0","0","436","130","0","306","0","0","Under 1,000"
"461449","Cosmopolitan Beauty and Tech School","2014","110","75","35","89","110","107","0","3","0","0","75","73","0","2","0","0","35","34","0","1","0","0","Under 1,000"
"461476","Salon 496 Barber Academy","2014","22","18","4","20","22","0","0","22","0","0","18","0","0","18","0","0","4","0","0","4","0","0","Under 1,000"
"461485","Shepherds Theological Seminary","2014","75","28","47","46","8","0","0","2","6","67","0","0","0","0","0","28","8","0","0","2","6","39","Under 1,000"
"461494","Taylor Andrews Academy of Hair Design-West Jordan","2014","126","95","31","107","126","41","0","85","0","0","95","29","0","66","0","0","31","12","0","19","0","0","Under 1,000"
"461500","Santa Ana Beauty Academy","2014","57","27","30","39","57","20","0","37","0","0","27","13","0","14","0","0","30","7","0","23","0","0","Under 1,000"
"461528","Grace College of Divinity","2014","122","46","76","76","111","26","16","69","0","11","45","13","11","21","0","1","66","13","5","48","0","10","Under 1,000"
"461537","Cosmetology College of Franklin County","2014","16","16","0","16","16","10","0","6","0","0","16","10","0","6","0","0","0","0","0","0","0","0","Under 1,000"
"461546","Rochester School of Hair Design","2014","41","27","14","33","41","14","0","27","0","0","27","9","0","18","0","0","14","5","0","9","0","0","Under 1,000"
"461555","Aveda Institute-New Mexico","2014","135","135","0","135","135","29","0","106","0","0","135","29","0","106","0","0","0","0","0","0","0","0","Under 1,000"
"461564","Nashville Barber and Style Academy","2014","37","8","29","20","37","23","0","14","0","0","8","7","0","1","0","0","29","16","0","13","0","0","Under 1,000"
"461573","American Trade School","2014","113","113","0","113","113","63","0","50","0","0","113","63","0","50","0","0","0","0","0","0","0","0","Under 1,000"
"461582","Estelle Skin Care and Spa Institute","2014","86","30","56","52","86","18","0","68","0","0","30","7","0","23","0","0","56","11","0","45","0","0","Under 1,000"
"461591","Paul Mitchell the School-Honolulu","2014","146","144","2","145","146","14","0","132","0","0","144","13","0","131","0","0","2","1","0","1","0","0","Under 1,000"
"461607","Elite Cosmetology School","2014","91","69","22","78","91","20","0","71","0","0","69","16","0","53","0","0","22","4","0","18","0","0","Under 1,000"
"461625","American Technical Institute","2014","35","35","0","35","35","24","0","11","0","0","35","24","0","11","0","0","0","0","0","0","0","0","Under 1,000"
"461643","Bergin University of Canine Studies","2014","65","65","0","65","43","0","29","14","0","22","43","0","29","14","0","22","0","0","0","0","0","0","Under 1,000"
"461652","Aveda Institute-Boise","2014","58","48","10","52","58","1","0","57","0","0","48","1","0","47","0","0","10","0","0","10","0","0","Under 1,000"
"461670","American Health Institute","2014","73","71","2","72","73","47","0","26","0","0","71","46","0","25","0","0","2","1","0","1","0","0","Under 1,000"
"461689","Pima Medical Institute-South Denver","2014","315","315","0","315","315","143","0","172","0","0","315","143","0","172","0","0","0","0","0","0","0","0","Under 1,000"
"461698","Real Barbers College","2014","150","143","7","146","150","20","0","130","0","0","143","20","0","123","0","0","7","0","0","7","0","0","Under 1,000"
"461704","Capilo School of Hair Design","2014","147","147","0","147","147","74","0","73","0","0","147","74","0","73","0","0","0","0","0","0","0","0","Under 1,000"
"461713","Pure Aesthetics","2014","33","10","23","19","33","5","0","28","0","0","10","0","0","10","0","0","23","5","0","18","0","0","Under 1,000"
"461722","Lindsey Institute of Cosmetology","2014","102","86","16","92","102","50","0","52","0","0","86","42","0","44","0","0","16","8","0","8","0","0","Under 1,000"
"461731","The Salon Professional Academy-Iowa City","2014","47","47","0","47","47","16","0","31","0","0","47","16","0","31","0","0","0","0","0","0","0","0","Under 1,000"
"461740","Buckner Barber School","2014","26","26","0","26","26","17","0","9","0","0","26","17","0","9","0","0","0","0","0","0","0","0","Under 1,000"
"461759","Simmons College of Kentucky","2014","261","121","140","176","261","110","20","125","6","0","121","58","4","59","0","0","140","52","16","66","6","0","Under 1,000"
"461768","Atelier Esthetique Institute of Esthetics","2014","127","102","25","112","127","31","0","96","0","0","102","17","0","85","0","0","25","14","0","11","0","0","Under 1,000"
"461777","Ashdown College of Health Sciences","2014","31","31","0","31","31","13","0","18","0","0","31","13","0","18","0","0","0","0","0","0","0","0","Under 1,000"
"461786","Advanced College of Cosmetology","2014","45","45","0","45","45","40","0","5","0","0","45","40","0","5","0","0","0","0","0","0","0","0","Under 1,000"
"461795","North American University","2014","473","439","34","452","422","87","33","299","3","51","415","87","33","293","2","24","7","0","0","6","1","27","Under 1,000"
"461801","Entourage Institute of Beauty and Esthetics","2014","111","67","44","84","111","1","0","110","0","0","67","1","0","66","0","0","44","0","0","44","0","0","Under 1,000"
"461810","United Beauty College","2014","91","78","13","83","91","17","0","74","0","0","78","17","0","61","0","0","13","0","0","13","0","0","Under 1,000"
"461829","Cinta Aveda Institute","2014","241","241","0","241","241","115","0","126","0","0","241","115","0","126","0","0","0","0","0","0","0","0","Under 1,000"
"461838","Long Island Nail & Skin Care Institute","2014","145","59","86","93","145","55","0","90","0","0","59","24","0","35","0","0","86","31","0","55","0","0","Under 1,000"
"461847","Mesivta Keser Torah","2014","41","41","0","41","41","3","33","5","0","0","41","3","33","5","0","0","0","0","0","0","0","0","Under 1,000"
"461856","Southern California Health Institute","2014","329","329","0","329","329","222","0","107","0","0","329","222","0","107","0","0","0","0","0","0","0","0","Under 1,000"
"461865","Best Care Training Institute","2014","54","54","0","54","54","45","0","9","0","0","54","45","0","9","0","0","0","0","0","0","0","0","Under 1,000"
"461874","First Class Cosmetology School","2014","78","78","0","78","78","16","0","62","0","0","78","16","0","62","0","0","0","0","0","0","0","0","Under 1,000"
"461883","Millennia Atlantic University","2014","239","200","39","215","95","31","19","45","0","144","78","30","19","29","0","122","17","1","0","16","0","22","Under 1,000"
"461892","Abcott Institute","2014","136","124","12","129","136","44","0","92","0","0","124","39","0","85","0","0","12","5","0","7","0","0","Under 1,000"
"461908","The Salon Professional Academy-Kenosha","2014","89","61","28","72","89","13","0","76","0","0","61","11","0","50","0","0","28","2","0","26","0","0","Under 1,000"
"461917","Paul Mitchell the School-Indianapolis","2014","167","123","44","140","167","41","0","126","0","0","123","32","0","91","0","0","44","9","0","35","0","0","Under 1,000"
"461926","Taylor Andrews Academy-St George","2014","109","68","41","84","109","50","0","59","0","0","68","35","0","33","0","0","41","15","0","26","0","0","Under 1,000"
"461935","Seymour Beauty Academy","2014","22","22","0","22","22","6","0","16","0","0","22","6","0","16","0","0","0","0","0","0","0","0","Under 1,000"
"461944","Protege Academy","2014","105","105","0","105","105","51","0","54","0","0","105","51","0","54","0","0","0","0","0","0","0","0","Under 1,000"
"461953","Colorado Academy of Veterinary Technology","2014","75","51","24","61","75","3","1","68","3","0","51","2","1","45","3","0","24","1","0","23","0","0","Under 1,000"
"461962","Northeast Technical Institute","2014","453","261","192","337","453","347","0","106","0","0","261","213","0","48","0","0","192","134","0","58","0","0","Under 1,000"
"461971","Salinas Beauty College Inc","2014","59","30","29","42","59","6","0","53","0","0","30","5","0","25","0","0","29","1","0","28","0","0","Under 1,000"
"461980","Academy for Salon Professionals","2014","125","73","52","94","125","46","0","79","0","0","73","27","0","46","0","0","52","19","0","33","0","0","Under 1,000"
"461999","Elite School of Cosmetology","2014","40","40","0","40","40","18","0","22","0","0","40","18","0","22","0","0","0","0","0","0","0","0","Under 1,000"
"462008","Paul Mitchell the School-Las Vegas","2014","284","198","86","232","284","44","0","240","0","0","198","31","0","167","0","0","86","13","0","73","0","0","Under 1,000"
"462017","The Salon Professional Academy-Kokomo","2014","97","97","0","97","97","17","0","80","0","0","97","17","0","80","0","0","0","0","0","0","0","0","Under 1,000"
"462026","Hair Academy","2014","12","12","0","12","12","1","0","11","0","0","12","1","0","11","0","0","0","0","0","0","0","0","Under 1,000"
"462035","Florida Academy","2014","200","167","33","180","200","106","0","94","0","0","167","91","0","76","0","0","33","15","0","18","0","0","Under 1,000"
"462044","Institute for Doctoral Studies in the Visual Arts","2014","52","34","18","41","0","0","0","0","0","52","0","0","0","0","0","34","0","0","0","0","0","18","Under 1,000"
"462053","State Career College","2014","97","97","0","97","97","26","0","71","0","0","97","26","0","71","0","0","0","0","0","0","0","0","Under 1,000"
"462062","Academy for Salon Professionals","2014","65","46","19","54","65","18","0","47","0","0","46","13","0","33","0","0","19","5","0","14","0","0","Under 1,000"
"462071","Paul Mitchell the School-Spokane","2014","224","150","74","179","224","25","0","199","0","0","150","19","0","131","0","0","74","6","0","68","0","0","Under 1,000"
"462309","J Renee Career Facilitation","2014","83","68","15","74","83","25","0","58","0","0","68","20","0","48","0","0","15","5","0","10","0","0","Under 1,000"
"462318","National Personal Training Institute of Colorado","2014","97","97","0","97","97","34","0","63","0","0","97","34","0","63","0","0","0","0","0","0","0","0","Under 1,000"
"462327","National Personal Training Institute of Colorado","2014","48","48","0","48","48","17","0","31","0","0","48","17","0","31","0","0","0","0","0","0","0","0","Under 1,000"
"462336","International College of Beauty Arts & Sciences","2014","53","11","42","28","53","19","0","34","0","0","11","4","0","7","0","0","42","15","0","27","0","0","Under 1,000"
"462345","The Salon Professional Academy-Shorewood","2014","60","45","15","51","60","57","0","3","0","0","45","43","0","2","0","0","15","14","0","1","0","0","Under 1,000"
"462354","John Paul the Great Catholic University","2014","284","203","81","234","195","59","22","114","0","89","161","56","20","85","0","42","34","3","2","29","0","47","Under 1,000"
"462363","ITT Technical Institute-Durham","2014","216","145","71","173","216","59","2","155","0","0","145","45","0","100","0","0","71","14","2","55","0","0","Under 1,000"
"462372","ITT Technical Institute-Hanover","2014","342","291","51","311","342","59","4","279","0","0","291","56","4","231","0","0","51","3","0","48","0","0","Under 1,000"
"462390","University of Phoenix-Jackson Campus","2014","49","49","0","49","49","0","0","49","0","0","49","0","0","49","0","0","0","0","0","0","0","0","Under 1,000"
"465812","Independence University","2014","4478","4478","0","4478","4241","731","9","3501","0","237","4241","731","9","3501","0","237","0","0","0","0","0","0","1,000 - 4,999"
"466152","National American University-Tulsa","2014","228","6","222","93","228","18","58","152","0","0","6","0","1","5","0","0","222","18","57","147","0","0","Under 1,000"
"466161","National American University-Centennial","2014","108","7","101","47","108","10","16","82","0","0","7","0","0","7","0","0","101","10","16","75","0","0","Under 1,000"
"466170","National American University-Lee's Summit","2014","309","15","294","130","309","25","50","234","0","0","15","0","2","13","0","0","294","25","48","221","0","0","Under 1,000"
"466189","National American University-Colorado Springs South","2014","233","54","179","124","233","11","37","185","0","0","54","1","14","39","0","0","179","10","23","146","0","0","Under 1,000"
"466514","Globe University-Appleton","2014","203","145","58","168","203","38","37","119","9","0","145","36","33","75","1","0","58","2","4","44","8","0","Under 1,000"
"466523","Salter College-Chicopee","2014","81","59","22","68","81","13","1","67","0","0","59","9","1","49","0","0","22","4","0","18","0","0","Under 1,000"
"466921","Chamberlain College of Nursing-Missouri","2014","510","294","216","379","510","2","135","371","2","0","294","2","102","190","0","0","216","0","33","181","2","0","Under 1,000"
"466930","Chamberlain College of Nursing-Texas","2014","399","245","154","305","399","4","170","225","0","0","245","1","132","112","0","0","154","3","38","113","0","0","Under 1,000"
"467058","ITT Technical Institute-Oakland","2014","170","123","47","141","170","34","0","136","0","0","123","24","0","99","0","0","47","10","0","37","0","0","Under 1,000"
"467094","Continental School of Beauty Culture-Mattydale","2014","242","136","106","178","242","28","0","214","0","0","136","15","0","121","0","0","106","13","0","93","0","0","Under 1,000"
"467155","Everest College-Bedford Park","2014","393","393","0","393","393","0","0","393","0","0","393","0","0","393","0","0","0","0","0","0","0","0","Under 1,000"
"467340","Fortis College-Akron","2014","93","93","0","93","93","34","0","59","0","0","93","34","0","59","0","0","0","0","0","0","0","0","Under 1,000"
"467368","Carrington College California-Pomona","2014","374","304","70","332","374","42","57","275","0","0","304","24","27","253","0","0","70","18","30","22","0","0","Under 1,000"
"467508","Regency Beauty Institute-Copperwood","2014","108","67","41","83","108","31","0","77","0","0","67","21","0","46","0","0","41","10","0","31","0","0","Under 1,000"
"467517","Regency Beauty Institute-Little Rock","2014","77","55","22","64","77","20","0","57","0","0","55","11","0","44","0","0","22","9","0","13","0","0","Under 1,000"
"467526","Regency Beauty Institute-Baltimore Golden Ring","2014","73","73","0","73","73","22","0","51","0","0","73","22","0","51","0","0","0","0","0","0","0","0","Under 1,000"
"467535","Regency Beauty Institute-El Paso","2014","95","71","24","81","95","21","0","74","0","0","71","19","0","52","0","0","24","2","0","22","0","0","Under 1,000"
"467544","Regency Beauty Institute-Jacksonville Regency","2014","33","33","0","33","33","14","0","19","0","0","33","14","0","19","0","0","0","0","0","0","0","0","Under 1,000"
"467553","Regency Beauty Institute-Knoxville","2014","49","49","0","49","49","18","0","31","0","0","49","18","0","31","0","0","0","0","0","0","0","0","Under 1,000"
"467562","Regency Beauty Institute-Fayetteville","2014","47","33","14","39","47","15","0","32","0","0","33","9","0","24","0","0","14","6","0","8","0","0","Under 1,000"
"467571","Regency Beauty Institute-Lansing","2014","51","37","14","43","51","10","0","41","0","0","37","10","0","27","0","0","14","0","0","14","0","0","Under 1,000"
"467580","Regency Beauty Institute-Jacksonville Orange Park","2014","42","42","0","42","42","21","0","21","0","0","42","21","0","21","0","0","0","0","0","0","0","0","Under 1,000"
"467599","Regency Beauty Institute-Crystal Lake","2014","65","50","15","56","65","28","0","37","0","0","50","24","0","26","0","0","15","4","0","11","0","0","Under 1,000"
"467605","Regency Beauty Institute-Manassas","2014","86","57","29","69","86","16","0","70","0","0","57","13","0","44","0","0","29","3","0","26","0","0","Under 1,000"
"467614","Regency Beauty Institute-Castleton","2014","84","62","22","71","84","21","0","63","0","0","62","17","0","45","0","0","22","4","0","18","0","0","Under 1,000"
"467623","Regency Beauty Institute-North Nashville","2014","67","48","19","56","67","30","0","37","0","0","48","22","0","26","0","0","19","8","0","11","0","0","Under 1,000"
"467632","Regency Beauty Institute-Round Rock","2014","119","89","30","101","119","43","0","76","0","0","89","36","0","53","0","0","30","7","0","23","0","0","Under 1,000"
"467641","Regency Beauty Institute-Merrillville","2014","122","85","37","100","122","36","0","86","0","0","85","25","0","60","0","0","37","11","0","26","0","0","Under 1,000"
"467650","Regency Beauty Institute-Roanoke","2014","60","47","13","52","60","26","0","34","0","0","47","20","0","27","0","0","13","6","0","7","0","0","Under 1,000"
"467669","Regency Beauty Institute-Toledo","2014","46","46","0","46","46","7","0","39","0","0","46","7","0","39","0","0","0","0","0","0","0","0","Under 1,000"
"467678","Regency Beauty Institute-SW Houston","2014","104","104","0","104","104","28","0","76","0","0","104","28","0","76","0","0","0","0","0","0","0","0","Under 1,000"
"467784","Everest College-Atlanta West","2014","628","628","0","628","628","75","0","553","0","0","628","75","0","553","0","0","0","0","0","0","0","0","Under 1,000"
"467793","Broadview University-Boise","2014","116","79","37","94","116","4","21","85","6","0","79","3","17","58","1","0","37","1","4","27","5","0","Under 1,000"
"467809","Advanced Institute of Hair Design-Madison","2014","63","63","0","63","63","12","0","51","0","0","63","12","0","51","0","0","0","0","0","0","0","0","Under 1,000"
"467863","Paul Mitchell the School-Columbia","2014","156","118","38","133","156","39","0","117","0","0","118","33","0","85","0","0","38","6","0","32","0","0","Under 1,000"
"467872","Paul Mitchell the School-Charleston","2014","201","140","61","164","201","29","0","172","0","0","140","25","0","115","0","0","61","4","0","57","0","0","Under 1,000"
"467881","Everest College-Melrose Park","2014","389","389","0","389","389","0","0","389","0","0","389","0","0","389","0","0","0","0","0","0","0","0","Under 1,000"
"467906","Kenneth Shuler School of Cosmetology-Greenville","2014","170","125","45","143","170","13","0","157","0","0","125","11","0","114","0","0","45","2","0","43","0","0","Under 1,000"
"468006","South University-Accelerated Graduate Programs","2014","60","31","29","42","0","0","0","0","0","60","0","0","0","0","0","31","0","0","0","0","0","29","Under 1,000"
"468015","South University-The Art Institute of Fort Worth","2014","329","276","53","297","329","66","47","216","0","0","276","60","40","176","0","0","53","6","7","40","0","0","Under 1,000"
"468024","South University-Novi","2014","613","293","320","417","382","11","124","247","0","231","242","8","59","175","0","51","140","3","65","72","0","180","Under 1,000"
"468246","Northwest College-Eugene","2014","199","199","0","199","199","32","0","167","0","0","199","32","0","167","0","0","0","0","0","0","0","0","Under 1,000"
"468255","Northwest College-Tualatin","2014","102","102","0","102","102","20","0","82","0","0","102","20","0","82","0","0","0","0","0","0","0","0","Under 1,000"
"468398","Harrison College-Morrisville","2014","200","159","41","175","200","18","0","182","0","0","159","12","0","147","0","0","41","6","0","35","0","0","Under 1,000"
"468705","Trend Setters' Academy of Beauty Culture-Louisville","2014","138","94","44","111","138","113","0","25","0","0","94","77","0","17","0","0","44","36","0","8","0","0","Under 1,000"
"468723","National University College-Caguas","2014","1032","546","486","737","1032","155","169","708","0","0","546","107","87","352","0","0","486","48","82","356","0","0","1,000 - 4,999"
"468732","Beauty Schools of America","2014","349","349","0","349","349","101","0","248","0","0","349","101","0","248","0","0","0","0","0","0","0","0","Under 1,000"
"468769","CET-Soledad","2014","94","94","0","94","94","27","0","67","0","0","94","27","0","67","0","0","0","0","0","0","0","0","Under 1,000"
"468866","MarJon School of Beauty ltd-Lockport","2014","25","25","0","25","25","3","0","22","0","0","25","3","0","22","0","0","0","0","0","0","0","0","Under 1,000"
"468875","Houston Training Schools-Southwest","2014","130","130","0","130","130","93","0","37","0","0","130","93","0","37","0","0","0","0","0","0","0","0","Under 1,000"
"468893","Vanguard College of Cosmetology-Metairie","2014","111","111","0","111","111","4","0","107","0","0","111","4","0","107","0","0","0","0","0","0","0","0","Under 1,000"
"468963","New England Tractor Trailer Training School of Massachusetts","2014","300","300","0","300","300","299","0","1","0","0","300","299","0","1","0","0","0","0","0","0","0","0","Under 1,000"
"469054","Heritage College-Columbus","2014","506","506","0","506","506","145","0","361","0","0","506","145","0","361","0","0","0","0","0","0","0","0","Under 1,000"
"469124","Utah College of Massage Therapy-Vegas","2014","435","224","211","308","435","183","0","252","0","0","224","98","0","126","0","0","211","85","0","126","0","0","Under 1,000"
"469133","Utah College of Massage Therapy-Tempe","2014","329","186","143","243","329","138","0","191","0","0","186","83","0","103","0","0","143","55","0","88","0","0","Under 1,000"
"469142","Utah College of Massage Therapy-Phoenix","2014","462","248","214","333","462","192","0","270","0","0","248","118","0","130","0","0","214","74","0","140","0","0","Under 1,000"
"469151","Utah College of Massage Therapy-Westminster","2014","176","81","95","119","176","75","0","101","0","0","81","37","0","44","0","0","95","38","0","57","0","0","Under 1,000"
"469160","Utah College of Massage Therapy-Aurora","2014","256","122","134","175","256","112","0","144","0","0","122","56","0","66","0","0","134","56","0","78","0","0","Under 1,000"
"469197","Tint School of Makeup and Cosmetology-Grand Prairie","2014","124","124","0","124","124","31","0","93","0","0","124","31","0","93","0","0","0","0","0","0","0","0","Under 1,000"
"469407","Dewey University-Hatillo","2014","158","158","0","158","158","99","0","59","0","0","158","99","0","59","0","0","0","0","0","0","0","0","Under 1,000"
"469416","Dewey University-Manati","2014","584","584","0","584","584","215","0","369","0","0","584","215","0","369","0","0","0","0","0","0","0","0","Under 1,000"
"469586","Baltimore School of Massage-York","2014","38","23","15","29","38","12","0","26","0","0","23","7","0","16","0","0","15","5","0","10","0","0","Under 1,000"
"469610","Allen School-Phoenix","2014","962","962","0","962","962","93","0","869","0","0","962","93","0","869","0","0","0","0","0","0","0","0","Under 1,000"
"469629","Oklahoma Technical College","2014","168","168","0","168","168","47","0","121","0","0","168","47","0","121","0","0","0","0","0","0","0","0","Under 1,000"
"469638","Midwest Technical Institute-Moline","2014","289","289","0","289","289","281","0","8","0","0","289","281","0","8","0","0","0","0","0","0","0","0","Under 1,000"
"469647","Star Career Academy-Clifton","2014","266","177","89","212","266","221","0","45","0","0","177","157","0","20","0","0","89","64","0","25","0","0","Under 1,000"
"469911","Unitech Training Academy-Alexandria","2014","91","91","0","91","91","51","0","40","0","0","91","51","0","40","0","0","0","0","0","0","0","0","Under 1,000"
"469920","Unitech Training Academy-Lake Charles","2014","97","97","0","97","97","95","0","2","0","0","97","95","0","2","0","0","0","0","0","0","0","0","Under 1,000"
"469957","Aveda Institute-Los Angeles","2014","166","166","0","166","166","20","0","146","0","0","166","20","0","146","0","0","0","0","0","0","0","0","Under 1,000"
"469993","Buchanan Beauty College","2014","20","18","2","19","20","3","0","17","0","0","18","3","0","15","0","0","2","0","0","2","0","0","Under 1,000"
"470047","WellSpring School of Allied Health-Lawrence","2014","43","43","0","43","43","17","0","26","0","0","43","17","0","26","0","0","0","0","0","0","0","0","Under 1,000"
"470092","The Art Institute of Wisconsin","2014","529","333","196","410","529","105","52","372","0","0","333","64","35","234","0","0","196","41","17","138","0","0","Under 1,000"
"470162","Brown Mackie College-Birmingham","2014","898","898","0","898","898","192","119","587","0","0","898","192","119","587","0","0","0","0","0","0","0","0","Under 1,000"
"470223","Regina's College of Beauty","2014","30","24","6","26","30","24","0","6","0","0","24","20","0","4","0","0","6","4","0","2","0","0","Under 1,000"
"470296","Manuel and Theresa's School of Hair Design-Victoria","2014","30","30","0","30","30","19","0","11","0","0","30","19","0","11","0","0","0","0","0","0","0","0","Under 1,000"
"470302","Coast Career Institute","2014","119","119","0","119","119","23","0","96","0","0","119","23","0","96","0","0","0","0","0","0","0","0","Under 1,000"
"470393","Tricoci University of Beauty Culture-Chicago NE","2014","89","70","19","78","89","14","0","75","0","0","70","14","0","56","0","0","19","0","0","19","0","0","Under 1,000"
"470852","ITT Technical Institute-Bradenton","2014","22","13","9","17","22","0","0","22","0","0","13","0","0","13","0","0","9","0","0","9","0","0","Under 1,000"
"470861","ITT Technical Institute-Phoenix West","2014","319","241","78","272","319","44","1","274","0","0","241","39","1","201","0","0","78","5","0","73","0","0","Under 1,000"
"470870","ITT Technical Institute-Brooklyn Center","2014","176","147","29","158","176","41","0","135","0","0","147","40","0","107","0","0","29","1","0","28","0","0","Under 1,000"
"470889","ITT Technical Institute-Orlando","2014","225","155","70","182","225","0","2","223","0","0","155","0","1","154","0","0","70","0","1","69","0","0","Under 1,000"
"470898","ITT Technical Institute-Waco","2014","174","144","30","156","174","39","0","135","0","0","144","38","0","106","0","0","30","1","0","29","0","0","Under 1,000"
"470904","ITT Technical Institute-Myrtle Beach","2014","152","125","27","136","152","30","0","122","0","0","125","30","0","95","0","0","27","0","0","27","0","0","Under 1,000"
"474863","Azusa Pacific Online University","2014","1454","807","647","1060","1315","40","263","752","260","139","770","36","225","483","26","37","545","4","38","269","234","102","1,000 - 4,999"
"474881","Minneapolis Media Institute","2014","157","84","73","113","157","24","36","83","14","0","84","13","17","53","1","0","73","11","19","30","13","0","Under 1,000"
"474890","College America-Phoenix","2014","569","569","0","569","569","109","1","459","0","0","569","109","1","459","0","0","0","0","0","0","0","0","Under 1,000"
"474906","CollegeAmerica-Stevens Henager College","2014","120","120","0","120","120","10","0","110","0","0","120","10","0","110","0","0","0","0","0","0","0","0","Under 1,000"
"474915","Avalon School of Cosmetology-Phoenix","2014","318","174","144","231","318","208","0","110","0","0","174","123","0","51","0","0","144","85","0","59","0","0","Under 1,000"
"474924","Avalon School of Cosmetology-Layton","2014","165","61","104","102","165","107","0","58","0","0","61","42","0","19","0","0","104","65","0","39","0","0","Under 1,000"
"474933","Hair Design Institute","2014","84","23","61","47","84","16","0","68","0","0","23","2","0","21","0","0","61","14","0","47","0","0","Under 1,000"
"474942","Hair Design Institute","2014","115","71","44","88","115","17","0","98","0","0","71","15","0","56","0","0","44","2","0","42","0","0","Under 1,000"
"474997","All-State Career School-Allied Health Campus","2014","322","322","0","322","322","57","11","254","0","0","322","57","11","254","0","0","0","0","0","0","0","0","Under 1,000"
"475015","Aveda Institute-Des Moines","2014","199","199","0","199","199","29","0","170","0","0","199","29","0","170","0","0","0","0","0","0","0","0","Under 1,000"
"475024","Fortis Institute-Lawrenceville","2014","290","290","0","290","290","66","0","224","0","0","290","66","0","224","0","0","0","0","0","0","0","0","Under 1,000"
"475033","Relay Graduate School of Education","2014","958","0","958","366","0","0","0","0","0","958","0","0","0","0","0","0","0","0","0","0","0","958","Under 1,000"
"475042","Brown Mackie College-Oklahoma City","2014","329","329","0","329","329","41","72","216","0","0","329","41","72","216","0","0","0","0","0","0","0","0","Under 1,000"
"475060","Miller-Motte Technical College-Macon","2014","363","288","75","318","363","60","49","254","0","0","288","54","40","194","0","0","75","6","9","60","0","0","Under 1,000"
"475079","Miller-Motte Technical College-Gulfport","2014","160","101","59","124","160","38","19","103","0","0","101","26","11","64","0","0","59","12","8","39","0","0","Under 1,000"
"475097","International Culinary Center-California","2014","129","105","24","115","129","32","0","97","0","0","105","27","0","78","0","0","24","5","0","19","0","0","Under 1,000"
"475121","South University–Savannah Online","2014","11522","11503","19","11510","8833","762","1259","6787","25","2689","8833","762","1259","6787","25","2670","0","0","0","0","0","19","10,000 - 19,999"
"475130","Fortis College-Montgomery","2014","240","240","0","240","240","19","23","198","0","0","240","19","23","198","0","0","0","0","0","0","0","0","Under 1,000"
"475185","Rio Grande Bible Institute","2014","132","113","19","120","132","14","13","101","4","0","113","13","11","88","1","0","19","1","2","13","3","0","Under 1,000"
"475194","Miller-Motte Technical College-Roanoke","2014","294","223","71","251","294","70","28","196","0","0","223","57","21","145","0","0","71","13","7","51","0","0","Under 1,000"
"475200","Whitworth University-Adult Degree Programs","2014","328","34","294","149","317","0","51","266","0","11","29","0","3","26","0","5","288","0","48","240","0","6","Under 1,000"
"475228","The Santa Barbara and Ventura Colleges of Law–Santa Barbara","2014","90","0","90","34","0","0","0","0","0","90","0","0","0","0","0","0","0","0","0","0","0","90","Under 1,000"
"475255","American Broadcasting School-Online Program","2014","71","71","0","71","71","19","0","52","0","0","71","19","0","52","0","0","0","0","0","0","0","0","Under 1,000"
"475273","Springfield College-School of Human Services","2014","1732","1178","554","1394","1237","0","0","1237","0","495","811","0","0","811","0","367","426","0","0","426","0","128","1,000 - 4,999"
"475282","Marian Health Careers Center-Van Nuys Campus","2014","63","63","0","63","63","10","0","53","0","0","63","10","0","53","0","0","0","0","0","0","0","0","Under 1,000"
"475291","Brown College-Brooklyn Center","2014","169","41","128","91","169","16","16","137","0","0","41","4","0","37","0","0","128","12","16","100","0","0","Under 1,000"
"475325","Milan Institute-Las Vegas","2014","386","386","0","386","386","185","0","201","0","0","386","185","0","201","0","0","0","0","0","0","0","0","Under 1,000"
"475352","Virginia College-Savannah","2014","516","373","143","429","516","115","0","401","0","0","373","98","0","275","0","0","143","17","0","126","0","0","Under 1,000"
"475370","Virginia College-Columbus","2014","741","490","251","590","741","143","0","598","0","0","490","101","0","389","0","0","251","42","0","209","0","0","Under 1,000"
"475389","Donna's Academy of Hair Design","2014","31","31","0","31","31","19","0","12","0","0","31","19","0","12","0","0","0","0","0","0","0","0","Under 1,000"
"475398","Catholic Distance University","2014","186","1","185","73","102","8","7","72","15","84","0","0","0","0","0","1","102","8","7","72","15","83","Under 1,000"
"475404","New York School of Esthetics & Day Spa","2014","77","43","34","56","77","6","0","71","0","0","43","6","0","37","0","0","34","0","0","34","0","0","Under 1,000"
"475413","Panache Academy of Beauty","2014","43","36","7","39","43","36","0","7","0","0","36","35","0","1","0","0","7","1","0","6","0","0","Under 1,000"
"475422","Finger Lakes Health College of Nursing","2014","135","19","116","65","135","5","0","130","0","0","19","5","0","14","0","0","116","0","0","116","0","0","Under 1,000"
"475431","ASI Career Institute","2014","109","109","0","109","109","19","0","90","0","0","109","19","0","90","0","0","0","0","0","0","0","0","Under 1,000"
"475459","Midwest Technical Institute-Ridgeland","2014","422","422","0","422","422","273","0","149","0","0","422","273","0","149","0","0","0","0","0","0","0","0","Under 1,000"
"475468","Christine Valmy International School of Esthetics & Cosmetology","2014","115","62","53","83","115","3","0","112","0","0","62","1","0","61","0","0","53","2","0","51","0","0","Under 1,000"
"475477","City College-Hollywood","2014","138","79","59","102","138","13","17","108","0","0","79","5","11","63","0","0","59","8","6","45","0","0","Under 1,000"
"475486","Paul Mitchell the School-Arlington","2014","268","268","0","268","268","2","0","266","0","0","268","2","0","266","0","0","0","0","0","0","0","0","Under 1,000"
"475495","Rocky Mountain University of Health Professions","2014","501","500","1","500","0","0","0","0","0","501","0","0","0","0","0","500","0","0","0","0","0","1","Under 1,000"
"475501","MediaTech Institute-Oceanside","2014","65","65","0","65","65","61","0","4","0","0","65","61","0","4","0","0","0","0","0","0","0","0","Under 1,000"
"475510","Christie's Education","2014","65","35","30","46","0","0","0","0","0","65","0","0","0","0","0","35","0","0","0","0","0","30","Under 1,000"
"475529","Prince Institute-Great Lakes","2014","51","49","2","50","51","21","0","30","0","0","49","20","0","29","0","0","2","1","0","1","0","0","Under 1,000"
"475538","Palmetto Beauty School","2014","58","56","2","57","58","53","0","5","0","0","56","52","0","4","0","0","2","1","0","1","0","0","Under 1,000"
"475547","Paul Mitchell the School-Fort Myers","2014","112","59","53","80","112","12","0","100","0","0","59","9","0","50","0","0","53","3","0","50","0","0","Under 1,000"
"475556","Paul Mitchell the School-Raleigh","2014","152","98","54","119","152","25","0","127","0","0","98","18","0","80","0","0","54","7","0","47","0","0","Under 1,000"
"475565","Stella and Charles Guttman Community College","2014","691","625","66","647","691","410","0","281","0","0","625","410","0","215","0","0","66","0","0","66","0","0","Under 1,000"
"475574","Lil Lou's Barber College","2014","77","60","17","67","77","9","0","68","0","0","60","7","0","53","0","0","17","2","0","15","0","0","Under 1,000"
"475583","Bryan University","2014","97","97","0","97","97","18","0","79","0","0","97","18","0","79","0","0","0","0","0","0","0","0","Under 1,000"
"475592","Virginia College-Tulsa","2014","39","29","10","33","39","6","0","33","0","0","29","6","0","23","0","0","10","0","0","10","0","0","Under 1,000"
"475608","Criswell College","2014","343","168","175","236","256","21","36","196","3","87","139","15","19","105","0","29","117","6","17","91","3","58","Under 1,000"
"475617","Virginia College-Knoxville","2014","581","402","179","472","581","187","0","394","0","0","402","146","0","256","0","0","179","41","0","138","0","0","Under 1,000"
"475626","Columbia Academy of Cosmetology","2014","44","41","3","42","44","5","0","39","0","0","41","4","0","37","0","0","3","1","0","2","0","0","Under 1,000"
"475635","Academy of Couture Art","2014","22","14","8","17","22","4","1","17","0","0","14","3","1","10","0","0","8","1","0","7","0","0","Under 1,000"
"475644","Global Institute","2014","34","34","0","34","34","32","0","2","0","0","34","32","0","2","0","0","0","0","0","0","0","0","Under 1,000"
"475653","Shear Learning Academy of Cosmetology","2014","5","5","0","5","5","1","0","4","0","0","5","1","0","4","0","0","0","0","0","0","0","0","Under 1,000"
"475662","University of Cosmetology Arts & Sciences-La Joya","2014","117","46","71","74","117","22","0","95","0","0","46","14","0","32","0","0","71","8","0","63","0","0","Under 1,000"
"475680","Preferred College of Nursing-Van Nuys","2014","15","15","0","15","15","0","0","15","0","0","15","0","0","15","0","0","0","0","0","0","0","0","Under 1,000"
"475699","Bryant & Stratton College-Akron","2014","259","91","168","157","259","12","42","205","0","0","91","6","22","63","0","0","168","6","20","142","0","0","Under 1,000"
"475705","Annenberg School of Nursing","2014","19","19","0","19","19","6","0","13","0","0","19","6","0","13","0","0","0","0","0","0","0","0","Under 1,000"
"475714","American Medical Academy","2014","247","152","95","190","247","66","40","141","0","0","152","54","15","83","0","0","95","12","25","58","0","0","Under 1,000"
"475723","Tooele Applied Technology College","2014","259","41","218","114","259","163","0","80","16","0","41","33","0","8","0","0","218","130","0","72","16","0","Under 1,000"
"475732","Chamberlain College of Nursing-Georgia","2014","879","457","422","623","879","3","313","563","0","0","457","3","212","242","0","0","422","0","101","321","0","0","Under 1,000"
"475741","Chamberlain College of Nursing-Indiana","2014","219","131","88","166","219","4","92","123","0","0","131","2","62","67","0","0","88","2","30","56","0","0","Under 1,000"
"475750","Carrington College-Mesquite","2014","270","270","0","270","270","42","0","228","0","0","270","42","0","228","0","0","0","0","0","0","0","0","Under 1,000"
"475811","Universidad Internacional Iberoamericana","2014","548","546","2","547","0","0","0","0","0","548","0","0","0","0","0","546","0","0","0","0","0","2","Under 1,000"
"475839","Sessions College for Professional Design","2014","99","73","26","83","99","13","35","51","0","0","73","10","26","37","0","0","26","3","9","14","0","0","Under 1,000"
"475866","Virginia College-Shreveport Bossier City","2014","357","245","112","289","357","77","0","280","0","0","245","64","0","181","0","0","112","13","0","99","0","0","Under 1,000"
"476063","Tulsa Welding School-Jacksonville","2014","174","174","0","174","174","51","0","123","0","0","174","51","0","123","0","0","0","0","0","0","0","0","Under 1,000"
"476090","Regency Beauty Institute-Hoover","2014","46","46","0","46","46","17","0","29","0","0","46","17","0","29","0","0","0","0","0","0","0","0","Under 1,000"
"476106","Regency Beauty Institute-San Antonio","2014","33","33","0","33","33","15","0","18","0","0","33","15","0","18","0","0","0","0","0","0","0","0","Under 1,000"
"476115","Regency Beauty Institute-Carrollwood","2014","33","33","0","33","33","25","0","8","0","0","33","25","0","8","0","0","0","0","0","0","0","0","Under 1,000"
"476124","Regency Beauty Institute-Clearwater","2014","15","15","0","15","15","8","0","7","0","0","15","8","0","7","0","0","0","0","0","0","0","0","Under 1,000"
"476133","Regency Beauty Institute-Newport News","2014","119","119","0","119","119","35","0","84","0","0","119","35","0","84","0","0","0","0","0","0","0","0","Under 1,000"
"476142","Regency Beauty Institute-Lewisville","2014","35","35","0","35","35","14","0","21","0","0","35","14","0","21","0","0","0","0","0","0","0","0","Under 1,000"
"476151","Regency Beauty Institute-Dallas","2014","20","20","0","20","20","10","0","10","0","0","20","10","0","10","0","0","0","0","0","0","0","0","Under 1,000"
"476160","Regency Beauty Institute-Plano","2014","43","43","0","43","43","26","0","17","0","0","43","26","0","17","0","0","0","0","0","0","0","0","Under 1,000"
"476179","Empire Beauty School-Virginia Beach","2014","167","130","37","145","167","56","0","111","0","0","130","49","0","81","0","0","37","7","0","30","0","0","Under 1,000"
"476230","Ross Medical Education Center-Morgantown","2014","64","64","0","64","64","26","0","38","0","0","64","26","0","38","0","0","0","0","0","0","0","0","Under 1,000"
"476294","Paul Mitchell the School-Ogden","2014","125","83","42","100","125","19","0","106","0","0","83","13","0","70","0","0","42","6","0","36","0","0","Under 1,000"
"476328","Everest Institute-Bensalem","2014","244","244","0","244","244","0","0","244","0","0","244","0","0","244","0","0","0","0","0","0","0","0","Under 1,000"
"476337","Golf Academy of America-Farmers Branch","2014","80","76","4","78","80","20","0","60","0","0","76","20","0","56","0","0","4","0","0","4","0","0","Under 1,000"
"476346","Utah College of Massage Therapy-Dallas","2014","324","169","155","231","324","126","0","198","0","0","169","66","0","103","0","0","155","60","0","95","0","0","Under 1,000"
"476355","Miami Ad School-New York","2014","99","99","0","99","99","0","0","99","0","0","99","0","0","99","0","0","0","0","0","0","0","0","Under 1,000"
"476382","Dade Medical College-West Palm Beach","2014","263","263","0","263","263","60","0","203","0","0","263","60","0","203","0","0","0","0","0","0","0","0","Under 1,000"
"476391","Dade Medical College-Jacksonville","2014","233","233","0","233","233","12","32","189","0","0","233","12","32","189","0","0","0","0","0","0","0","0","Under 1,000"
"476470","WestMed College","2014","366","366","0","366","366","96","0","270","0","0","366","96","0","270","0","0","0","0","0","0","0","0","Under 1,000"
"476489","Larry's Barber College","2014","142","142","0","142","142","5","0","137","0","0","142","5","0","137","0","0","0","0","0","0","0","0","Under 1,000"
"476498","Futura Career Institute","2014","138","138","0","138","138","32","0","106","0","0","138","32","0","106","0","0","0","0","0","0","0","0","Under 1,000"
"476504","Access Careers","2014","286","87","199","166","286","185","0","101","0","0","87","33","0","54","0","0","199","152","0","47","0","0","Under 1,000"
"476513","Flair Beauty College","2014","46","46","0","46","46","10","0","36","0","0","46","10","0","36","0","0","0","0","0","0","0","0","Under 1,000"
"476522","Eternity Cosmetology School","2014","177","52","125","102","177","38","0","139","0","0","52","17","0","35","0","0","125","21","0","104","0","0","Under 1,000"
"476531","Tri-State Institute of Hair Design","2014","56","36","20","44","56","32","0","24","0","0","36","28","0","8","0","0","20","4","0","16","0","0","Under 1,000"
"476540","Vogue College of Cosmetology-San Antonio Fredericksburg","2014","116","94","22","103","116","48","0","68","0","0","94","34","0","60","0","0","22","14","0","8","0","0","Under 1,000"
"476559","Vogue College of Cosmetology","2014","116","78","38","93","116","78","0","38","0","0","78","46","0","32","0","0","38","32","0","6","0","0","Under 1,000"
"476568","Tomorrow's Image Barber Academy of Virginia","2014","24","24","0","24","24","19","0","5","0","0","24","19","0","5","0","0","0","0","0","0","0","0","Under 1,000"
"476577","Excel Learning Center","2014","171","171","0","171","171","45","0","126","0","0","171","45","0","126","0","0","0","0","0","0","0","0","Under 1,000"
"476586","College of International Esthetics Inc","2014","86","54","32","67","86","17","0","69","0","0","54","13","0","41","0","0","32","4","0","28","0","0","Under 1,000"
"476595","Medical Allied Career Center","2014","63","40","23","49","63","49","0","14","0","0","40","29","0","11","0","0","23","20","0","3","0","0","Under 1,000"
"476601","Bais HaMedrash and Mesivta of Baltimore","2014","59","59","0","59","59","24","1","34","0","0","59","24","1","34","0","0","0","0","0","0","0","0","Under 1,000"
"476610","Long Island Barber Institute","2014","61","61","0","61","61","23","0","38","0","0","61","23","0","38","0","0","0","0","0","0","0","0","Under 1,000"
"476629","Toni & Guy Hairdressing Academy-Toledo","2014","105","105","0","105","105","58","0","47","0","0","105","58","0","47","0","0","0","0","0","0","0","0","Under 1,000"
"476638","American Institute of Medical Sonography","2014","48","48","0","48","48","6","0","42","0","0","48","6","0","42","0","0","0","0","0","0","0","0","Under 1,000"
"476674","Curve Metric School of Hair Design","2014","47","47","0","47","47","6","0","41","0","0","47","6","0","41","0","0","0","0","0","0","0","0","Under 1,000"
"476683","Athena Career Academy","2014","165","165","0","165","165","9","0","156","0","0","165","9","0","156","0","0","0","0","0","0","0","0","Under 1,000"
"476692","Yeshiva Gedolah Zichron Leyma","2014","28","28","0","28","28","6","1","21","0","0","28","6","1","21","0","0","0","0","0","0","0","0","Under 1,000"
"476708","The Barber School","2014","187","109","78","140","187","64","0","123","0","0","109","43","0","66","0","0","78","21","0","57","0","0","Under 1,000"
"476717","Be'er Yaakov Talmudic Seminary","2014","382","382","0","382","382","121","1","260","0","0","382","121","1","260","0","0","0","0","0","0","0","0","Under 1,000"
"476726","RGV Careers","2014","524","524","0","524","524","159","0","365","0","0","524","159","0","365","0","0","0","0","0","0","0","0","Under 1,000"
"476735","Alexander Academy","2014","58","46","12","51","58","35","0","23","0","0","46","28","0","18","0","0","12","7","0","5","0","0","Under 1,000"
"476744","LeMelange Academy of Hair","2014","56","22","34","35","56","8","0","48","0","0","22","2","0","20","0","0","34","6","0","28","0","0","Under 1,000"
"476753","Aveda Institute-Tucson","2014","140","113","27","124","140","4","0","136","0","0","113","4","0","109","0","0","27","0","0","27","0","0","Under 1,000"
"476762","Velvet Touch Academy of Cosmetology","2014","41","41","0","41","41","8","0","33","0","0","41","8","0","33","0","0","0","0","0","0","0","0","Under 1,000"
"476771","Ambiance Beauty & Barber Academy Inc","2014","39","18","21","26","39","32","0","7","0","0","18","15","0","3","0","0","21","17","0","4","0","0","Under 1,000"
"476780","Diamond Beauty College","2014","146","84","62","109","146","63","0","83","0","0","84","38","0","46","0","0","62","25","0","37","0","0","Under 1,000"
"476799","NCP College of Nursing-South San Francisco","2014","74","74","0","74","74","0","0","74","0","0","74","0","0","74","0","0","0","0","0","0","0","0","Under 1,000"
"476805","University Academy of Hair Design","2014","43","43","0","43","43","7","0","36","0","0","43","7","0","36","0","0","0","0","0","0","0","0","Under 1,000"
"476814","Florida Institute of Recording Sound and Technology","2014","170","0","170","67","170","21","0","149","0","0","0","0","0","0","0","0","170","21","0","149","0","0","Under 1,000"
"476823","New Dimensions Beauty Academy Inc","2014","57","56","1","56","57","9","0","48","0","0","56","9","0","47","0","0","1","0","0","1","0","0","Under 1,000"
"476832","Jolei's Hair Institute","2014","30","16","14","22","30","6","0","24","0","0","16","2","0","14","0","0","14","4","0","10","0","0","Under 1,000"
"476841","Paul Mitchell the School-Reno","2014","180","129","51","149","180","36","0","144","0","0","129","24","0","105","0","0","51","12","0","39","0","0","Under 1,000"
"476850","Boise Barber College","2014","42","42","0","42","42","22","0","20","0","0","42","22","0","20","0","0","0","0","0","0","0","0","Under 1,000"
"476869","Austin Kade Academy","2014","193","193","0","193","193","132","0","61","0","0","193","132","0","61","0","0","0","0","0","0","0","0","Under 1,000"
"476878","Aesthetic Science Institute","2014","66","19","47","38","66","49","0","17","0","0","19","13","0","6","0","0","47","36","0","11","0","0","Under 1,000"
"476887","Elaine Sterling Institute","2014","167","95","72","124","167","58","0","109","0","0","95","35","0","60","0","0","72","23","0","49","0","0","Under 1,000"
"476896","Wade Gordon Hairdressing Academy","2014","97","97","0","97","97","22","0","75","0","0","97","22","0","75","0","0","0","0","0","0","0","0","Under 1,000"
"476902","Mitsu Sato Hair Academy","2014","54","28","26","38","54","6","0","48","0","0","28","3","0","25","0","0","26","3","0","23","0","0","Under 1,000"
"476911","SAE Institute of Technology-Los Angeles","2014","259","216","43","233","259","203","0","56","0","0","216","167","0","49","0","0","43","36","0","7","0","0","Under 1,000"
"476939","Florida Vocational Institute","2014","106","0","106","42","106","47","0","59","0","0","0","0","0","0","0","0","106","47","0","59","0","0","Under 1,000"
"476948","SAE Institute of Technology-Atlanta","2014","374","369","5","371","374","103","64","207","0","0","369","103","64","202","0","0","5","0","0","5","0","0","Under 1,000"
"476957","Academy di Firenze","2014","12","12","0","12","12","1","0","11","0","0","12","1","0","11","0","0","0","0","0","0","0","0","Under 1,000"
"476966","SAE Institute of Technology-Miami","2014","94","94","0","94","94","80","0","14","0","0","94","80","0","14","0","0","0","0","0","0","0","0","Under 1,000"
"476975","Colorado State University-Global Campus","2014","9259","3734","5525","5903","6907","0","2155","4351","401","2352","2841","0","805","2017","19","893","4066","0","1350","2334","382","1459","5,000 - 9,999"
"476984","Paul Mitchell the School-Overland Park","2014","180","128","52","149","180","9","0","171","0","0","128","8","0","120","0","0","52","1","0","51","0","0","Under 1,000"
"476993","Medspa Academies","2014","140","137","3","138","140","16","0","124","0","0","137","16","0","121","0","0","3","0","0","3","0","0","Under 1,000"
"477002","Brighton Institute of Cosmetology","2014","56","38","18","45","56","22","0","34","0","0","38","14","0","24","0","0","18","8","0","10","0","0","Under 1,000"
"477039","West Coast University-Dallas","2014","428","398","30","410","428","1","54","373","0","0","398","1","54","343","0","0","30","0","0","30","0","0","Under 1,000"
"477950","Stevens-Henager College-St George","2014","157","157","0","157","157","15","1","141","0","0","157","15","1","141","0","0","0","0","0","0","0","0","Under 1,000"
"477996","National American University-Bellevue","2014","191","5","186","78","191","11","32","146","2","0","5","0","0","5","0","0","186","11","32","141","2","0","Under 1,000"
"478005","National American University-Burnsville","2014","183","12","171","79","183","6","25","151","1","0","12","0","1","11","0","0","171","6","24","140","1","0","Under 1,000"
"478014","National American University-Mesquite","2014","203","10","193","86","203","24","43","136","0","0","10","0","1","9","0","0","193","24","42","127","0","0","Under 1,000"
"478582","Empire Beauty School-Savannah","2014","151","122","29","134","151","57","0","94","0","0","122","50","0","72","0","0","29","7","0","22","0","0","Under 1,000"
"478591","Ogle School Hair Skin Nails-Denton","2014","103","62","41","78","103","99","0","4","0","0","62","60","0","2","0","0","41","39","0","2","0","0","Under 1,000"
"478616","Empire Beauty School-West Greensboro","2014","143","113","30","125","143","50","0","93","0","0","113","43","0","70","0","0","30","7","0","23","0","0","Under 1,000"
"478634","California College San Diego","2014","322","322","0","322","322","40","4","278","0","0","322","40","4","278","0","0","0","0","0","0","0","0","Under 1,000"
"478643","Old Town Barber College-Topeka","2014","17","17","0","17","17","13","0","4","0","0","17","13","0","4","0","0","0","0","0","0","0","0","Under 1,000"
"478661","Jolie Hair and Beauty Academy-Northfield","2014","200","141","59","164","200","40","0","160","0","0","141","29","0","112","0","0","59","11","0","48","0","0","Under 1,000"
"478917","Hays Academy of Hair Design","2014","48","48","0","48","48","44","0","4","0","0","48","44","0","4","0","0","0","0","0","0","0","0","Under 1,000"
"478953","Bellus Academy","2014","216","177","39","192","216","13","0","203","0","0","177","12","0","165","0","0","39","1","0","38","0","0","Under 1,000"
"479053","Cortiva Institute-Seattle","2014","118","51","67","78","118","43","0","75","0","0","51","16","0","35","0","0","67","27","0","40","0","0","Under 1,000"
"479062","MotoRing Technical Training Institute","2014","14","14","0","14","14","13","0","1","0","0","14","13","0","1","0","0","0","0","0","0","0","0","Under 1,000"
"479123","Leon Studio One School of Hair Design & Career Training Center","2014","18","18","0","18","18","10","0","8","0","0","18","10","0","8","0","0","0","0","0","0","0","0","Under 1,000"
"479248","Columbia College","2014","152","132","20","140","152","115","0","37","0","0","132","104","0","28","0","0","20","11","0","9","0","0","Under 1,000"
"479424","NCP College of Nursing-Hayward","2014","92","92","0","92","92","0","0","92","0","0","92","0","0","92","0","0","0","0","0","0","0","0","Under 1,000"
"479549","ITT Technical Institute-Philadelphia","2014","777","681","96","719","777","182","1","594","0","0","681","153","1","527","0","0","96","29","0","67","0","0","Under 1,000"
"479558","ITT Technical Institute-Marlton","2014","383","319","64","344","383","69","5","309","0","0","319","62","3","254","0","0","64","7","2","55","0","0","Under 1,000"
"479567","ITT Technical Institute-Germantown","2014","4","4","0","4","4","0","0","4","0","0","4","0","0","4","0","0","0","0","0","0","0","0","Under 1,000"
"479585","ITT Technical Institute-Southfield","2014","36","30","6","32","36","0","0","36","0","0","30","0","0","30","0","0","6","0","0","6","0","0","Under 1,000"
"479594","ITT Technical Institute-West Palm Beach","2014","346","242","104","283","346","66","14","266","0","0","242","54","9","179","0","0","104","12","5","87","0","0","Under 1,000"
"479600","ITT Technical Institute-Salem","2014","188","152","36","166","188","32","2","154","0","0","152","29","2","121","0","0","36","3","0","33","0","0","Under 1,000"
"479619","ITT Technical Institute-Deerfield Beach","2014","16","11","5","13","16","0","1","15","0","0","11","0","1","10","0","0","5","0","0","5","0","0","Under 1,000"
"479628","ITT Technical Institute-Indianapolis East","2014","288","211","77","241","288","55","1","232","0","0","211","42","0","169","0","0","77","13","1","63","0","0","Under 1,000"
"479637","ITT Technical Institute-Douglasville","2014","171","131","40","147","171","37","1","133","0","0","131","28","1","102","0","0","40","9","0","31","0","0","Under 1,000"
"479646","ITT Technical Institute-Overland Park","2014","190","140","50","160","190","19","0","171","0","0","140","17","0","123","0","0","50","2","0","48","0","0","Under 1,000"
"479655","ITT Technical Institute-Springfield","2014","275","223","52","243","275","50","0","225","0","0","223","43","0","180","0","0","52","7","0","45","0","0","Under 1,000"
"479664","ITT Technical Institute-West Chester","2014","14","8","6","10","14","0","0","14","0","0","8","0","0","8","0","0","6","0","0","6","0","0","Under 1,000"
"479956","Pennsylvania State University-World Campus","2014","10805","1889","8916","5300","6245","268","1123","4345","509","4560","1795","86","375","1278","56","94","4450","182","748","3067","453","4466","10,000 - 19,999"
"479965","Medical Career Institute","2014","60","60","0","60","60","52","0","8","0","0","60","52","0","8","0","0","0","0","0","0","0","0","Under 1,000"
"479974","Advance Beauty Techs Academy","2014","50","44","6","46","50","17","0","33","0","0","44","14","0","30","0","0","6","3","0","3","0","0","Under 1,000"
"479983","Longs Peak Academy","2014","52","40","12","45","52","3","0","49","0","0","40","2","0","38","0","0","12","1","0","11","0","0","Under 1,000"
"479992","Brand College","2014","59","1","58","24","59","2","0","57","0","0","1","1","0","0","0","0","58","1","0","57","0","0","Under 1,000"
"480000","Hinton Barber College","2014","57","56","1","56","57","14","0","43","0","0","56","13","0","43","0","0","1","1","0","0","0","0","Under 1,000"
"480019","Advanced Career Institute","2014","253","228","25","238","253","163","0","90","0","0","228","149","0","79","0","0","25","14","0","11","0","0","Under 1,000"
"480028","Digital Film Academy","2014","88","88","0","88","88","58","0","30","0","0","88","58","0","30","0","0","0","0","0","0","0","0","Under 1,000"
"480037","MyComputerCareer.com-Raleigh","2014","353","353","0","353","353","105","0","248","0","0","353","105","0","248","0","0","0","0","0","0","0","0","Under 1,000"
"480064","Kaplan University-Augusta Campus","2014","493","243","250","341","473","33","107","332","1","20","231","23","59","149","0","12","242","10","48","183","1","8","Under 1,000"
"480073","South University-Austin","2014","249","154","95","191","218","12","77","128","1","31","149","9","51","89","0","5","69","3","26","39","1","26","Under 1,000"
"480082","South University-Cleveland","2014","356","227","129","277","319","13","120","186","0","37","209","11","90","108","0","18","110","2","30","78","0","19","Under 1,000"
"480091","Bryant & Stratton College-Online","2014","2584","1578","1006","1973","2584","252","763","1559","10","0","1578","203","583","792","0","0","1006","49","180","767","10","0","1,000 - 4,999"
"480107","Virginia College-Florence","2014","414","289","125","339","414","102","0","312","0","0","289","83","0","206","0","0","125","19","0","106","0","0","Under 1,000"
"480125","Ogle School Hair Skin Nails-San Antonio","2014","129","97","32","110","129","126","0","3","0","0","97","95","0","2","0","0","32","31","0","1","0","0","Under 1,000"
"480134","Elizabethtown College School of Continuing and Professional Studies","2014","422","0","422","165","346","0","42","299","5","76","0","0","0","0","0","0","346","0","42","299","5","76","Under 1,000"
"480143","Fortis College-Cutler Bay","2014","236","236","0","236","236","34","21","181","0","0","236","34","21","181","0","0","0","0","0","0","0","0","Under 1,000"
"480161","Ideal Beauty Academy","2014","10","5","5","7","10","1","0","9","0","0","5","1","0","4","0","0","5","0","0","5","0","0","Under 1,000"
"480170","Minnesota School of Cosmetology-Plymouth Campus","2014","76","76","0","76","76","14","0","62","0","0","76","14","0","62","0","0","0","0","0","0","0","0","Under 1,000"
"480189","Mercyhurst University-North East Campus","2014","956","683","273","791","956","184","99","650","23","0","683","176","91","393","23","0","273","8","8","257","0","0","Under 1,000"
"480198","Warner Pacific College Adult Degree Program","2014","733","733","0","733","665","12","129","523","1","68","665","12","129","523","1","68","0","0","0","0","0","0","Under 1,000"
"480204","Platt College-Riverside","2014","415","415","0","415","415","62","16","337","0","0","415","62","16","337","0","0","0","0","0","0","0","0","Under 1,000"
"480301","Savannah Law School","2014","118","84","34","97","0","0","0","0","0","118","0","0","0","0","0","84","0","0","0","0","0","34","Under 1,000"
"480310","Empire Beauty School-Glen Burnie","2014","167","128","39","143","167","80","0","87","0","0","128","60","0","68","0","0","39","20","0","19","0","0","Under 1,000"
"480329","Everest College-Woodbridge","2014","551","551","0","551","551","88","0","463","0","0","551","88","0","463","0","0","0","0","0","0","0","0","Under 1,000"
"480338","Everest College-Kansas City","2014","320","320","0","320","320","46","0","274","0","0","320","46","0","274","0","0","0","0","0","0","0","0","Under 1,000"
"480347","International School of Cosmetology-Toni & Guy Hairdressing Academy","2014","64","64","0","64","64","17","0","47","0","0","64","17","0","47","0","0","0","0","0","0","0","0","Under 1,000"
"480356","InterCoast Career Institute-Salem","2014","25","25","0","25","25","8","0","17","0","0","25","8","0","17","0","0","0","0","0","0","0","0","Under 1,000"
"480480","National College-Canton","2014","73","43","30","55","73","1","13","59","0","0","43","1","7","35","0","0","30","0","6","24","0","0","Under 1,000"
"480499","Shiloh University","2014","46","2","44","19","20","1","1","15","3","26","1","0","0","1","0","1","19","1","1","14","3","25","Under 1,000"
"480514","Vatterott College-Fairview Heights","2014","497","497","0","497","497","34","0","463","0","0","497","34","0","463","0","0","0","0","0","0","0","0","Under 1,000"
"480523","Ross Medical Education Center-Dayton","2014","89","89","0","89","89","17","0","72","0","0","89","17","0","72","0","0","0","0","0","0","0","0","Under 1,000"
"480532","Ross Medical Education Center-Ontario","2014","133","133","0","133","133","43","0","90","0","0","133","43","0","90","0","0","0","0","0","0","0","0","Under 1,000"
"480550","Ross Medical Education Center-Bowling Green","2014","168","168","0","168","168","52","0","116","0","0","168","52","0","116","0","0","0","0","0","0","0","0","Under 1,000"
"480569","Florida Institute of Technology-Online","2014","3182","1159","2023","1942","2066","0","0","2063","3","1116","1150","0","0","1148","2","9","916","0","0","915","1","1107","1,000 - 4,999"
"480657","Rasmussen College-Kansas","2014","192","78","114","123","192","11","60","119","2","0","78","4","16","58","0","0","114","7","44","61","2","0","Under 1,000"
"480693","Columbia Institute","2014","63","58","5","60","63","52","0","11","0","0","58","48","0","10","0","0","5","4","0","1","0","0","Under 1,000"
"480727","School of Missionary Aviation Technology","2014","34","34","0","34","34","22","0","12","0","0","34","22","0","12","0","0","0","0","0","0","0","0","Under 1,000"
"480736","Ace Cosmetology and Barber Training Center","2014","14","8","6","10","14","9","0","5","0","0","8","6","0","2","0","0","6","3","0","3","0","0","Under 1,000"
"480754","Manthano Christian College","2014","32","32","0","32","32","9","0","23","0","0","32","9","0","23","0","0","0","0","0","0","0","0","Under 1,000"
"480781","California Miramar University","2014","324","323","1","323","245","188","0","57","0","79","244","188","0","56","0","79","1","0","0","1","0","0","Under 1,000"
"480790","Rocky Vista University","2014","623","623","0","623","0","0","0","0","0","623","0","0","0","0","0","623","0","0","0","0","0","0","Under 1,000"
"480815","Virginia College-Greensboro","2014","513","296","217","381","513","122","0","391","0","0","296","84","0","212","0","0","217","38","0","179","0","0","Under 1,000"
"480824","The College of Health Care Professions-Dallas","2014","152","152","0","152","152","143","3","6","0","0","152","143","3","6","0","0","0","0","0","0","0","0","Under 1,000"
"480833","The College of Health Care Professions-Fort Worth","2014","310","310","0","310","310","306","2","2","0","0","310","306","2","2","0","0","0","0","0","0","0","0","Under 1,000"
"480842","Shear Finesse Hairstyling Academy","2014","17","11","6","13","17","3","0","14","0","0","11","2","0","9","0","0","6","1","0","5","0","0","Under 1,000"
"480879","Academy of Salon Professionals","2014","25","25","0","25","25","2","0","23","0","0","25","2","0","23","0","0","0","0","0","0","0","0","Under 1,000"
"480888","CyberTex Institute of Technology","2014","97","97","0","97","97","52","0","45","0","0","97","52","0","45","0","0","0","0","0","0","0","0","Under 1,000"
"480897","UEI College-Santa Cruz","2014","67","67","0","67","67","6","0","61","0","0","67","6","0","61","0","0","0","0","0","0","0","0","Under 1,000"
"480903","New England Tractor Trailer Training School of CT-Bridgeport","2014","193","168","25","178","193","188","0","5","0","0","168","165","0","3","0","0","25","23","0","2","0","0","Under 1,000"
"480912","Gemini School of Visual Arts & Communication","2014","14","14","0","14","14","2","0","12","0","0","14","2","0","12","0","0","0","0","0","0","0","0","Under 1,000"
"480921","Designer Barber & Stylist School","2014","50","50","0","50","50","10","0","40","0","0","50","10","0","40","0","0","0","0","0","0","0","0","Under 1,000"
"480930","Paul Mitchell the School-Woodbridge","2014","118","110","8","113","118","14","0","104","0","0","110","13","0","97","0","0","8","1","0","7","0","0","Under 1,000"
"480967","College of the Muscogee Nation","2014","188","121","67","143","188","56","21","102","9","0","121","41","17","63","0","0","67","15","4","39","9","0","Under 1,000"
"480976","The Salon Professional Academy-Huntsville","2014","51","51","0","51","51","17","0","34","0","0","51","17","0","34","0","0","0","0","0","0","0","0","Under 1,000"
"480985","Midwives College of Utah","2014","217","217","0","217","207","4","35","168","0","10","207","4","35","168","0","10","0","0","0","0","0","0","Under 1,000"
"480994","Aspen Beauty Academy of Laurel","2014","75","62","13","67","75","3","0","72","0","0","62","3","0","59","0","0","13","0","0","13","0","0","Under 1,000"
"481003","M T Training Center","2014","110","110","0","110","110","107","0","3","0","0","110","107","0","3","0","0","0","0","0","0","0","0","Under 1,000"
"481021","Berks Career & Technology Center","2014","58","35","23","43","58","52","0","0","6","0","35","33","0","0","2","0","23","19","0","0","4","0","Under 1,000"
"481030","Future Generations Graduate School","2014","38","38","0","38","0","0","0","0","0","38","0","0","0","0","0","38","0","0","0","0","0","0","Under 1,000"
"481049","Carthage R9 School District-Carthage Technical Center","2014","11","11","0","11","11","3","0","8","0","0","11","3","0","8","0","0","0","0","0","0","0","0","Under 1,000"
"481058","Grace Mission University","2014","88","72","16","78","73","25","2","46","0","15","60","17","2","41","0","12","13","8","0","5","0","3","Under 1,000"
"481076","Photographic Center Northwest","2014","11","0","11","4","11","0","0","11","0","0","0","0","0","0","0","0","11","0","0","11","0","0","Under 1,000"
"481085","PCCTI IT and Healthcare","2014","236","180","56","202","236","20","0","216","0","0","180","0","0","180","0","0","56","20","0","36","0","0","Under 1,000"
"481094","Sotheby's Institute of Art-NY","2014","153","151","2","152","0","0","0","0","0","153","0","0","0","0","0","151","0","0","0","0","0","2","Under 1,000"
"481100","Top Nails & Hair Beauty School","2014","40","15","25","25","40","38","0","2","0","0","15","14","0","1","0","0","25","24","0","1","0","0","Under 1,000"
"481119","Radians College","2014","215","215","0","215","215","104","0","111","0","0","215","104","0","111","0","0","0","0","0","0","0","0","Under 1,000"
"481128","Santa Ana Beauty College","2014","420","11","409","173","420","389","0","31","0","0","11","5","0","6","0","0","409","384","0","25","0","0","Under 1,000"
"481137","Shepherds College","2014","53","53","0","53","53","23","0","30","0","0","53","23","0","30","0","0","0","0","0","0","0","0","Under 1,000"
"481146","Woodruff Medical Training and Testing","2014","127","127","0","127","127","33","0","94","0","0","127","33","0","94","0","0","0","0","0","0","0","0","Under 1,000"
"481155","Helms College","2014","116","116","0","116","116","54","0","62","0","0","116","54","0","62","0","0","0","0","0","0","0","0","Under 1,000"
"481164","American Academy of Personal Training","2014","187","131","56","153","187","94","0","93","0","0","131","71","0","60","0","0","56","23","0","33","0","0","Under 1,000"
"481173","Technology Center","2014","15","15","0","15","15","12","0","3","0","0","15","12","0","3","0","0","0","0","0","0","0","0","Under 1,000"
"481182","Ukiah Adult School","2014","39","39","0","39","39","3","0","36","0","0","39","3","0","36","0","0","0","0","0","0","0","0","Under 1,000"
"481191","Riverside County Office of Education","2014","310","310","0","310","310","244","0","66","0","0","310","244","0","66","0","0","0","0","0","0","0","0","Under 1,000"
"481207","Institute of Health Sciences","2014","66","66","0","66","66","14","0","52","0","0","66","14","0","52","0","0","0","0","0","0","0","0","Under 1,000"
"481225","Mid-South Christian College","2014","21","18","3","19","21","3","2","16","0","0","18","3","2","13","0","0","3","0","0","3","0","0","Under 1,000"
"481234","Advanced Computing Institute","2014","354","354","0","354","354","213","0","141","0","0","354","213","0","141","0","0","0","0","0","0","0","0","Under 1,000"
"481243","New York Institute of Beauty","2014","112","33","79","64","112","26","0","86","0","0","33","15","0","18","0","0","79","11","0","68","0","0","Under 1,000"
"481252","Ultrasound Medical Institute","2014","11","11","0","11","11","2","0","9","0","0","11","2","0","9","0","0","0","0","0","0","0","0","Under 1,000"
"481261","Beautiful You School of Nail Technology","2014","14","12","2","13","14","6","0","8","0","0","12","6","0","6","0","0","2","0","0","2","0","0","Under 1,000"
"481270","Harmon's Beauty School","2014","7","4","3","5","7","3","0","4","0","0","4","3","0","1","0","0","3","0","0","3","0","0","Under 1,000"
"481289","Xavier College School of Nursing","2014","58","58","0","58","58","1","0","57","0","0","58","1","0","57","0","0","0","0","0","0","0","0","Under 1,000"
"481298","Lawrence & Company College of Cosmetology","2014","62","62","0","62","62","31","0","31","0","0","62","31","0","31","0","0","0","0","0","0","0","0","Under 1,000"
"481304","Cactus Academy","2014","123","77","46","95","123","51","0","72","0","0","77","36","0","41","0","0","46","15","0","31","0","0","Under 1,000"
"481313","Kaizen Beauty Academy","2014","52","44","8","47","52","17","0","35","0","0","44","16","0","28","0","0","8","1","0","7","0","0","Under 1,000"
"481322","Southern Texas Careers Academy","2014","37","9","28","20","37","4","0","33","0","0","9","2","0","7","0","0","28","2","0","26","0","0","Under 1,000"
"481331","Sharp Edgez Barber Institute","2014","61","50","11","54","61","21","0","40","0","0","50","20","0","30","0","0","11","1","0","10","0","0","Under 1,000"
"481340","Salon Professional Academy","2014","49","49","0","49","49","1","0","48","0","0","49","1","0","48","0","0","0","0","0","0","0","0","Under 1,000"
"481359","Cosmotech School of Cosmetology","2014","41","35","6","37","41","36","0","5","0","0","35","32","0","3","0","0","6","4","0","2","0","0","Under 1,000"
"481368","Prestige Health & Beauty Sciences Academy","2014","33","33","0","33","33","29","0","4","0","0","33","29","0","4","0","0","0","0","0","0","0","0","Under 1,000"
"481377","Grace College of Barbering","2014","25","25","0","25","25","13","0","12","0","0","25","13","0","12","0","0","0","0","0","0","0","0","Under 1,000"
"481386","California Career Institute","2014","73","18","55","40","73","18","0","55","0","0","18","3","0","15","0","0","55","15","0","40","0","0","Under 1,000"
"481395","Cosmo Factory Cosmetology Academy","2014","19","18","1","18","19","10","0","9","0","0","18","9","0","9","0","0","1","1","0","0","0","0","Under 1,000"
"481401","Grace School of Theology","2014","153","22","131","72","42","2","14","25","1","111","4","0","2","2","0","18","38","2","12","23","1","93","Under 1,000"
"481410","Yeshiva Gedolah Kesser Torah","2014","67","67","0","67","67","11","11","45","0","0","67","11","11","45","0","0","0","0","0","0","0","0","Under 1,000"
"481429","Universal Training Institute","2014","164","164","0","164","164","71","0","93","0","0","164","71","0","93","0","0","0","0","0","0","0","0","Under 1,000"
"481438","Yeshiva Yesodei Hatorah","2014","69","69","0","69","69","23","1","45","0","0","69","23","1","45","0","0","0","0","0","0","0","0","Under 1,000"
"481447","Rizzieri Institute","2014","61","28","33","41","61","44","0","17","0","0","28","20","0","8","0","0","33","24","0","9","0","0","Under 1,000"
"481456","Bonnie Joseph Academy of Cosmetology and Barbering","2014","31","3","28","14","31","25","0","6","0","0","3","2","0","1","0","0","28","23","0","5","0","0","Under 1,000"
"481465","Healthcare Training Institute","2014","38","34","4","36","38","0","0","38","0","0","34","0","0","34","0","0","4","0","0","4","0","0","Under 1,000"
"481474","W Academy of Salon and Spa","2014","40","24","16","30","40","18","0","22","0","0","24","4","0","20","0","0","16","14","0","2","0","0","Under 1,000"
"481483","Boca Beauty Academy","2014","208","151","57","174","208","172","0","36","0","0","151","124","0","27","0","0","57","48","0","9","0","0","Under 1,000"
"481492","United Medical and Business Institute","2014","36","36","0","36","36","31","0","5","0","0","36","31","0","5","0","0","0","0","0","0","0","0","Under 1,000"
"481508","Paul Mitchell the School-Jersey Shore","2014","176","172","4","174","176","25","0","151","0","0","172","25","0","147","0","0","4","0","0","4","0","0","Under 1,000"
"481517","City Pointe Beauty Academy","2014","63","63","0","63","63","12","0","51","0","0","63","12","0","51","0","0","0","0","0","0","0","0","Under 1,000"
"481526","Chrysm Institute of Esthetics","2014","114","68","46","86","114","8","0","106","0","0","68","7","0","61","0","0","46","1","0","45","0","0","Under 1,000"
"481544","National Personal Training Institute of Columbus","2014","79","0","79","31","79","44","0","35","0","0","0","0","0","0","0","0","79","44","0","35","0","0","Under 1,000"
"481553","Bly's School of Cosmetology","2014","77","53","24","63","77","16","0","61","0","0","53","12","0","41","0","0","24","4","0","20","0","0","Under 1,000"
"481562","Toni & Guy Hairdressing Academy-Manteca","2014","72","62","10","66","72","26","0","46","0","0","62","17","0","45","0","0","10","9","0","1","0","0","Under 1,000"
"481571","Belle Academy of Cosmetology","2014","14","13","1","13","14","9","0","5","0","0","13","8","0","5","0","0","1","1","0","0","0","0","Under 1,000"
"481599","Dorsey Business Schools-Lansing","2014","142","142","0","142","142","35","0","107","0","0","142","35","0","107","0","0","0","0","0","0","0","0","Under 1,000"
"481614","ITT Technical Institute-Pensacola","2014","229","197","32","210","229","60","2","167","0","0","197","55","2","140","0","0","32","5","0","27","0","0","Under 1,000"
"481623","ITT Technical Institute-San Antonio East","2014","228","207","21","215","228","55","2","171","0","0","207","54","2","151","0","0","21","1","0","20","0","0","Under 1,000"
"481632","MedTech Institute-Orlando Campus","2014","411","411","0","411","411","140","0","271","0","0","411","140","0","271","0","0","0","0","0","0","0","0","Under 1,000"
"481669","Tulsa Welding School-Tulsa","2014","166","166","0","166","166","63","0","103","0","0","166","63","0","103","0","0","0","0","0","0","0","0","Under 1,000"
"481678","Empire Beauty School-Augusta","2014","78","78","0","78","78","26","0","52","0","0","78","26","0","52","0","0","0","0","0","0","0","0","Under 1,000"
"481720","South University-High Point","2014","342","221","121","268","296","20","133","143","0","46","203","18","102","83","0","18","93","2","31","60","0","28","Under 1,000"
"481739","Empire Beauty School-Vernon Hills","2014","60","60","0","60","60","18","0","42","0","0","60","18","0","42","0","0","0","0","0","0","0","0","Under 1,000"
"481748","Empire Beauty School-Stone Park","2014","178","127","51","147","178","52","0","126","0","0","127","41","0","86","0","0","51","11","0","40","0","0","Under 1,000"
"481766","Court Reporting Institute of St Louis","2014","247","233","14","239","247","5","19","223","0","0","233","5","18","210","0","0","14","0","1","13","0","0","Under 1,000"
"481827","Ohio Business College-Dayton","2014","92","8","84","41","92","83","0","9","0","0","8","0","0","8","0","0","84","83","0","1","0","0","Under 1,000"
"481845","Empire Beauty School-Rochester","2014","127","89","38","104","127","54","0","73","0","0","89","44","0","45","0","0","38","10","0","28","0","0","Under 1,000"
"481854","American Career College-Long Beach","2014","516","516","0","516","516","56","0","460","0","0","516","56","0","460","0","0","0","0","0","0","0","0","Under 1,000"
"481863","Ross Medical Education Center-Kokomo","2014","148","148","0","148","148","53","0","95","0","0","148","53","0","95","0","0","0","0","0","0","0","0","Under 1,000"
"481890","Ross Medical Education Center-Erlanger","2014","54","54","0","54","54","24","0","30","0","0","54","24","0","30","0","0","0","0","0","0","0","0","Under 1,000"
"481906","Ross Medical Education Center-Charleston","2014","103","103","0","103","103","59","0","44","0","0","103","59","0","44","0","0","0","0","0","0","0","0","Under 1,000"
"481915","L'Ecole Culinaire-Kansas City","2014","193","193","0","193","193","30","23","140","0","0","193","30","23","140","0","0","0","0","0","0","0","0","Under 1,000"
"481942","Utah College of Massage Therapy-Houston","2014","350","202","148","261","350","147","0","203","0","0","202","91","0","111","0","0","148","56","0","92","0","0","Under 1,000"
"481960","InterCoast Colleges-Fairfield","2014","224","224","0","224","224","85","0","139","0","0","224","85","0","139","0","0","0","0","0","0","0","0","Under 1,000"
"481988","Vatterott College-ex'treme Institute by Nelly-St Louis","2014","444","444","0","444","444","52","29","363","0","0","444","52","29","363","0","0","0","0","0","0","0","0","Under 1,000"
"482015","Southern Careers Institute-San Antonio","2014","484","484","0","484","484","378","0","106","0","0","484","378","0","106","0","0","0","0","0","0","0","0","Under 1,000"
"482024","College of Business and Technology-Miami Gardens","2014","89","89","0","89","89","13","0","76","0","0","89","13","0","76","0","0","0","0","0","0","0","0","Under 1,000"
"482033","Milan Institute of Cosmetology-Nampa","2014","127","127","0","127","127","40","0","87","0","0","127","40","0","87","0","0","0","0","0","0","0","0","Under 1,000"
"482060","Milan Institute-Merced","2014","336","336","0","336","336","99","0","237","0","0","336","99","0","237","0","0","0","0","0","0","0","0","Under 1,000"
"482097","Midwest Technical Institute-Springfield","2014","257","257","0","257","257","125","0","132","0","0","257","125","0","132","0","0","0","0","0","0","0","0","Under 1,000"
"482103","Finger Lakes School of Massage","2014","70","27","43","44","70","24","0","46","0","0","27","12","0","15","0","0","43","12","0","31","0","0","Under 1,000"
"482149","Georgia Regents University","2014","7988","6379","1609","7009","5225","756","523","3751","195","2763","4077","740","458","2854","25","2302","1148","16","65","897","170","461","5,000 - 9,999"
"482158","Middle Georgia State College","2014","7927","4809","3118","6067","7927","1334","748","5405","440","0","4809","1218","440","3074","77","0","3118","116","308","2331","363","0","5,000 - 9,999"
"482167","Trenz Beauty Academy","2014","54","29","25","39","54","9","0","45","0","0","29","5","0","24","0","0","25","4","0","21","0","0","Under 1,000"
"482176","Paul Mitchell the School-Denver","2014","171","162","9","166","171","47","0","124","0","0","162","45","0","117","0","0","9","2","0","7","0","0","Under 1,000"
"482185","Academy of Interactive Entertainment","2014","77","77","0","77","77","36","0","41","0","0","77","36","0","41","0","0","0","0","0","0","0","0","Under 1,000"
"482194","Arrojo Cosmetology School","2014","29","25","4","27","29","9","0","20","0","0","25","7","0","18","0","0","4","2","0","2","0","0","Under 1,000"
"482200","Cosmetology Academy of Texarkana","2014","89","89","0","89","89","27","0","62","0","0","89","27","0","62","0","0","0","0","0","0","0","0","Under 1,000"
"482228","Virginia Baptist College","2014","94","35","59","58","82","14","10","45","13","12","34","9","6","16","3","1","48","5","4","29","10","11","Under 1,000"
"482246","Lynnes Welding Training","2014","25","25","0","25","25","21","0","4","0","0","25","21","0","4","0","0","0","0","0","0","0","0","Under 1,000"
"482255","Aviation Institute of Maintenance-Las Vegas","2014","116","112","4","114","116","26","0","90","0","0","112","26","0","86","0","0","4","0","0","4","0","0","Under 1,000"
"482264","Tulsa Technology Center-Owasso Campus","2014","377","26","351","144","377","20","0","357","0","0","26","19","0","7","0","0","351","1","0","350","0","0","Under 1,000"
"482273","Tulsa Technology Center-Sand Springs Campus","2014","203","21","182","82","203","24","0","179","0","0","21","17","0","4","0","0","182","7","0","175","0","0","Under 1,000"
"482307","National American University-Austin South","2014","121","5","116","51","121","13","31","77","0","0","5","0","2","3","0","0","116","13","29","74","0","0","Under 1,000"
"482316","National American University-Lewisville","2014","213","5","208","87","213","28","52","133","0","0","5","0","3","2","0","0","208","28","49","131","0","0","Under 1,000"
"482325","National American University-Georgetown","2014","215","26","189","100","215","11","54","147","3","0","26","2","11","13","0","0","189","9","43","134","3","0","Under 1,000"
"482334","National American University-Richardson","2014","242","1","241","96","242","34","66","142","0","0","1","0","0","1","0","0","241","34","66","141","0","0","Under 1,000"
"482343","National American University-Rochester","2014","155","4","151","63","155","8","29","118","0","0","4","0","1","3","0","0","151","8","28","115","0","0","Under 1,000"
"482352","National American University-Weldon Spring","2014","75","2","73","31","75","6","14","55","0","0","2","0","0","2","0","0","73","6","14","53","0","0","Under 1,000"
"482361","National American University-Wichita West","2014","296","29","267","134","296","16","60","220","0","0","29","0","4","25","0","0","267","16","56","195","0","0","Under 1,000"
"482370","National American University-Indianapolis","2014","199","1","198","79","199","16","49","134","0","0","1","0","0","1","0","0","198","16","49","133","0","0","Under 1,000"
"482389","National American University-Tigard","2014","64","3","61","27","64","4","16","44","0","0","3","0","0","3","0","0","61","4","16","41","0","0","Under 1,000"
"482398","The Art Institute of St Louis","2014","455","402","53","423","455","101","66","288","0","0","402","85","53","264","0","0","53","16","13","24","0","0","Under 1,000"
"482413","DeVry College of New York","2014","2026","1129","897","1476","1302","65","338","898","1","724","893","43","256","594","0","236","409","22","82","304","1","488","1,000 - 4,999"
"482422","DeVry University-Arizona","2014","1318","530","788","837","994","78","238","675","3","324","489","44","125","320","0","41","505","34","113","355","3","283","1,000 - 4,999"
"482431","DeVry University-California","2014","7932","3375","4557","5152","6467","331","1498","4606","32","1465","3091","184","826","2079","2","284","3376","147","672","2527","30","1181","5,000 - 9,999"
"482440","DeVry University-Colorado","2014","964","331","633","578","750","29","193","525","3","214","300","10","83","207","0","31","450","19","110","318","3","183","Under 1,000"
"482459","DeVry University-Florida","2014","2770","1056","1714","1722","1968","100","495","1367","6","802","900","48","252","600","0","156","1068","52","243","767","6","646","1,000 - 4,999"
"482468","DeVry University-Georgia","2014","3177","1060","2117","1884","2326","99","557","1609","61","851","906","42","215","613","36","154","1420","57","342","996","25","697","1,000 - 4,999"
"482477","DeVry University-Illinois","2014","24220","6905","17315","13654","18264","1204","4953","11898","209","5956","5870","472","1827","3470","101","1035","12394","732","3126","8428","108","4921","20,000 and above"
"482486","DeVry University-Indiana","2014","470","131","339","262","273","21","81","147","24","197","92","6","30","56","0","39","181","15","51","91","24","158","Under 1,000"
"482501","DeVry University-Maryland","2014","44","11","33","24","17","0","6","11","0","27","4","0","3","1","0","7","13","0","3","10","0","20","Under 1,000"
"482510","DeVry University-Michigan","2014","289","89","200","167","185","11","57","117","0","104","56","4","20","32","0","33","129","7","37","85","0","71","Under 1,000"
"482529","DeVry University-Minnesota","2014","370","100","270","205","232","11","59","161","1","138","78","1","23","54","0","22","154","10","36","107","1","116","Under 1,000"
"482538","DeVry University-Missouri","2014","891","312","579","537","618","40","141","432","5","273","243","11","57","175","0","69","375","29","84","257","5","204","Under 1,000"
"482547","DeVry University-Nevada","2014","414","166","248","262","292","12","85","194","1","122","144","6","57","81","0","22","148","6","28","113","1","100","Under 1,000"
"482556","DeVry University-New Jersey","2014","1546","723","823","1045","1316","154","264","896","2","230","645","102","146","397","0","78","671","52","118","499","2","152","1,000 - 4,999"
"482565","DeVry University-North Carolina","2014","619","223","396","377","414","17","116","281","0","205","173","8","52","113","0","50","241","9","64","168","0","155","Under 1,000"
"482574","DeVry University-Ohio","2014","2971","1086","1885","1821","2369","143","582","1589","55","602","954","85","240","612","17","132","1415","58","342","977","38","470","1,000 - 4,999"
"482583","DeVry University-Oklahoma","2014","197","70","127","119","141","6","58","77","0","56","51","1","21","29","0","19","90","5","37","48","0","37","Under 1,000"
"482592","DeVry University-Oregon","2014","99","34","65","59","60","2","16","42","0","39","28","2","11","15","0","6","32","0","5","27","0","33","Under 1,000"
"482608","DeVry University-Pennsylvania","2014","1180","372","808","687","904","90","210","604","0","276","322","39","83","200","0","50","582","51","127","404","0","226","1,000 - 4,999"
"482617","DeVry University-Tennessee","2014","446","146","300","262","272","15","96","161","0","174","106","3","44","59","0","40","166","12","52","102","0","134","Under 1,000"
"482635","DeVry University-Texas","2014","2855","1063","1792","1760","1987","65","503","1414","5","868","826","18","250","558","0","237","1161","47","253","856","5","631","1,000 - 4,999"
"482644","DeVry University-Utah","2014","38","8","30","20","26","3","7","16","0","12","8","0","0","8","0","0","18","3","7","8","0","12","Under 1,000"
"482653","DeVry University-Virginia","2014","1239","428","811","742","695","23","164","508","0","544","330","12","86","232","0","98","365","11","78","276","0","446","1,000 - 4,999"
"482662","DeVry University-Washington","2014","564","209","355","347","373","17","111","244","1","191","181","4","65","112","0","28","192","13","46","132","1","163","Under 1,000"
"482671","DeVry University-Wisconsin","2014","248","65","183","136","137","6","42","88","1","111","51","2","17","32","0","14","86","4","25","56","1","97","Under 1,000"
"482680","University of North Georgia","2014","16064","10897","5167","12965","15507","3261","1075","10640","531","557","10738","2904","782","6947","105","159","4769","357","293","3693","426","398","10,000 - 19,999"
"482699","South Georgia State College","2014","2611","1778","833","2114","2611","884","131","1356","240","0","1778","819","93","826","40","0","833","65","38","530","200","0","1,000 - 4,999"
"482705","Northeastern University Global Network","2014","10102","2269","7833","5286","3689","0","0","1976","1713","6413","1467","0","0","0","1467","802","2222","0","0","1976","246","5611","10,000 - 19,999"
"482936","Florida Polytechnic University","2014","540","529","11","533","518","389","128","0","1","22","512","389","123","0","0","17","6","0","5","0","1","5","Under 1,000"
"482954","Brown Mackie College-Dallas","2014","432","432","0","432","432","62","103","267","0","0","432","62","103","267","0","0","0","0","0","0","0","0","Under 1,000"
"482963","American Institute-Toms River","2014","323","323","0","323","323","50","0","273","0","0","323","50","0","273","0","0","0","0","0","0","0","0","Under 1,000"
"482981","Alamo City Barber College","2014","113","112","1","112","113","101","0","12","0","0","112","100","0","12","0","0","1","1","0","0","0","0","Under 1,000"
"482990","Arizona College-Mesa","2014","336","336","0","336","336","71","35","230","0","0","336","71","35","230","0","0","0","0","0","0","0","0","Under 1,000"
"483009","American College of Healthcare","2014","104","104","0","104","104","45","0","59","0","0","104","45","0","59","0","0","0","0","0","0","0","0","Under 1,000"
"483018","Antioch College","2014","238","238","0","238","238","59","12","167","0","0","238","59","12","167","0","0","0","0","0","0","0","0","Under 1,000"
"483036","Texas A & M University-Central Texas","2014","2316","622","1694","1288","1722","0","520","1197","5","594","453","0","124","327","2","169","1269","0","396","870","3","425","1,000 - 4,999"
"483045","Central Georgia Technical College","2014","7625","2862","4763","4461","7625","1424","581","4834","786","0","2862","627","270","1920","45","0","4763","797","311","2914","741","0","5,000 - 9,999"
"483054","Barber School of Pittsburgh","2014","38","38","0","38","38","4","0","34","0","0","38","4","0","34","0","0","0","0","0","0","0","0","Under 1,000"
"483106","The Salon Professional Academy-South Plainfield","2014","118","86","32","99","118","30","0","88","0","0","86","26","0","60","0","0","32","4","0","28","0","0","Under 1,000"
"483124","Arizona State University-Skysong","2014","13938","5424","8514","8769","11342","1401","3593","6346","2","2596","4996","1150","1103","2743","0","428","6346","251","2490","3603","2","2168","10,000 - 19,999"
"483212","Louisiana Delta Community College","2014","3081","1738","1343","2189","3081","851","326","1827","77","0","1738","653","161","909","15","0","1343","198","165","918","62","0","1,000 - 4,999"
"483221","Learnet Academy Inc","2014","157","157","0","157","157","75","0","82","0","0","157","75","0","82","0","0","0","0","0","0","0","0","Under 1,000"
"483230","Fab School","2014","107","107","0","107","107","38","0","69","0","0","107","38","0","69","0","0","0","0","0","0","0","0","Under 1,000"
"483258","Networks Barber College","2014","21","21","0","21","21","9","0","12","0","0","21","9","0","12","0","0","0","0","0","0","0","0","Under 1,000"
"483276","JB's Hair Design and Barber College","2014","41","41","0","41","41","15","0","26","0","0","41","15","0","26","0","0","0","0","0","0","0","0","Under 1,000"
"483285","Graduate School USA","2014","22","0","22","9","22","0","0","22","0","0","0","0","0","0","0","0","22","0","0","22","0","0","Under 1,000"
"483319","Virginia College-Lubbock","2014","167","163","4","165","167","74","0","93","0","0","163","73","0","90","0","0","4","1","0","3","0","0","Under 1,000"
"483328","Paul Mitchell the School-Lombard","2014","114","77","37","92","114","23","0","91","0","0","77","15","0","62","0","0","37","8","0","29","0","0","Under 1,000"
"483337","Paul Mitchell the School-Greenville","2014","100","92","8","95","100","14","0","86","0","0","92","12","0","80","0","0","8","2","0","6","0","0","Under 1,000"
"483346","Divine Crown Academy of Cosmetology","2014","29","10","19","18","29","18","0","11","0","0","10","5","0","5","0","0","19","13","0","6","0","0","Under 1,000"
"483355","Delta College of Arts & Technology-Lafayette Campus","2014","245","245","0","245","245","28","0","217","0","0","245","28","0","217","0","0","0","0","0","0","0","0","Under 1,000"
"483364","Delta College-Slidell Campus","2014","187","187","0","187","187","22","0","165","0","0","187","22","0","165","0","0","0","0","0","0","0","0","Under 1,000"
"483373","Integrity College of Health","2014","53","53","0","53","53","15","0","38","0","0","53","15","0","38","0","0","0","0","0","0","0","0","Under 1,000"
"483382","Electrical Training Center","2014","141","141","0","141","141","90","0","51","0","0","141","90","0","51","0","0","0","0","0","0","0","0","Under 1,000"
"483425","Alexander Paul Institute of Hair Design","2014","29","29","0","29","29","6","0","23","0","0","29","6","0","23","0","0","0","0","0","0","0","0","Under 1,000"
"483443","Computer Training Academy","2014","92","0","92","37","92","35","0","57","0","0","0","0","0","0","0","0","92","35","0","57","0","0","Under 1,000"
"483470","More Tech Institute","2014","67","67","0","67","67","16","0","51","0","0","67","16","0","51","0","0","0","0","0","0","0","0","Under 1,000"
"483504","Dorsey Business Schools-Dearborn","2014","232","232","0","232","232","55","0","177","0","0","232","55","0","177","0","0","0","0","0","0","0","0","Under 1,000"
"483513","NeeCee's College of Cosmetology","2014","21","21","0","21","21","4","0","17","0","0","21","4","0","17","0","0","0","0","0","0","0","0","Under 1,000"
"483522","Comanche Nation College","2014","50","15","35","27","50","27","2","10","11","0","15","11","0","4","0","0","35","16","2","6","11","0","Under 1,000"
"483568","Ridley-Lowell Business & Technical Institute","2014","70","70","0","70","70","29","0","41","0","0","70","29","0","41","0","0","0","0","0","0","0","0","Under 1,000"
"483595","Universidad Ana G. Mendez-Virtual Campus","2014","2","0","2","1","0","0","0","0","0","2","0","0","0","0","0","0","0","0","0","0","0","2","Under 1,000"
"483610","Sutter Beauty College","2014","86","86","0","86","86","85","0","1","0","0","86","85","0","1","0","0","0","0","0","0","0","0","Under 1,000"
"483629","Midwest Technical Institute","2014","117","117","0","117","117","116","0","1","0","0","117","116","0","1","0","0","0","0","0","0","0","0","Under 1,000"
"483638","New Horizons Medical Institute","2014","358","268","90","304","358","2","0","356","0","0","268","1","0","267","0","0","90","1","0","89","0","0","Under 1,000"
"483647","Ohio Institute of Allied Health","2014","57","57","0","57","57","43","0","14","0","0","57","43","0","14","0","0","0","0","0","0","0","0","Under 1,000"
"483665","Paul Mitchell the School-Ardmore","2014","33","33","0","33","33","8","0","25","0","0","33","8","0","25","0","0","0","0","0","0","0","0","Under 1,000"
"483674","Beauty and Health Institute","2014","70","68","2","69","70","68","0","2","0","0","68","67","0","1","0","0","2","1","0","1","0","0","Under 1,000"
"483683","School for Allied Health Professionals","2014","28","28","0","28","28","7","0","21","0","0","28","7","0","21","0","0","0","0","0","0","0","0","Under 1,000"
"483692","Cosmix School of Makeup Artistry","2014","92","63","29","75","92","84","0","8","0","0","63","59","0","4","0","0","29","25","0","4","0","0","Under 1,000"
"483708","Access Careers","2014","38","38","0","38","38","3","0","35","0","0","38","3","0","35","0","0","0","0","0","0","0","0","Under 1,000"
"483717","River Valley Cosmetology Institute","2014","58","43","15","49","58","8","0","50","0","0","43","4","0","39","0","0","15","4","0","11","0","0","Under 1,000"
"483726","Luckes Beauty Academy","2014","35","11","24","21","35","26","0","9","0","0","11","9","0","2","0","0","24","17","0","7","0","0","Under 1,000"
"483735","Total Transformation Institute of Cosmetology","2014","54","37","17","44","54","26","0","28","0","0","37","19","0","18","0","0","17","7","0","10","0","0","Under 1,000"
"483744","Vibe Barber College","2014","60","38","22","47","60","29","0","31","0","0","38","21","0","17","0","0","22","8","0","14","0","0","Under 1,000"
"483753","Champ's Barber School","2014","12","10","2","11","12","9","0","3","0","0","10","8","0","2","0","0","2","1","0","1","0","0","Under 1,000"
"483762","Azure College","2014","397","397","0","397","397","211","0","0","186","0","397","211","0","0","186","0","0","0","0","0","0","0","Under 1,000"
"483771","Nunation School of Cosmetology","2014","13","13","0","13","13","3","0","10","0","0","13","3","0","10","0","0","0","0","0","0","0","0","Under 1,000"
"483780","IGlobal University","2014","173","170","3","171","39","15","7","17","0","134","39","15","7","17","0","131","0","0","0","0","0","3","Under 1,000"
"483799","East-West Healing Arts Institute","2014","40","29","11","33","40","7","0","33","0","0","29","4","0","25","0","0","11","3","0","8","0","0","Under 1,000"
"483805","National Personal Training Institute","2014","136","86","50","106","136","79","0","57","0","0","86","52","0","34","0","0","50","27","0","23","0","0","Under 1,000"
"483814","Standard Healthcare Services-College of Nursing","2014","246","193","53","214","246","28","30","188","0","0","193","1","22","170","0","0","53","27","8","18","0","0","Under 1,000"
"483823","Philadelphia Technician Training","2014","60","60","0","60","60","54","0","6","0","0","60","54","0","6","0","0","0","0","0","0","0","0","Under 1,000"
"483841","Grace International Beauty School","2014","12","12","0","12","12","10","0","2","0","0","12","10","0","2","0","0","0","0","0","0","0","0","Under 1,000"
"483850","Alliance Computing Solutions","2014","36","0","36","14","36","8","0","28","0","0","0","0","0","0","0","0","36","8","0","28","0","0","Under 1,000"
"483869","InterAmerican Technical Institute","2014","29","29","0","29","29","23","0","6","0","0","29","23","0","6","0","0","0","0","0","0","0","0","Under 1,000"
"483878","Bay Area Medical Academy","2014","95","95","0","95","95","21","0","74","0","0","95","21","0","74","0","0","0","0","0","0","0","0","Under 1,000"
"483887","Mind Body Institute","2014","37","37","0","37","37","22","0","15","0","0","37","22","0","15","0","0","0","0","0","0","0","0","Under 1,000"
"483896","Parisian Spa Institute","2014","88","39","49","58","88","33","0","55","0","0","39","16","0","23","0","0","49","17","0","32","0","0","Under 1,000"
"483902","Yechanlaz Instituto Vocacional","2014","57","57","0","57","57","19","0","38","0","0","57","19","0","38","0","0","0","0","0","0","0","0","Under 1,000"
"483911","Creative Touch Cosmetology School","2014","7","5","2","6","7","2","0","5","0","0","5","0","0","5","0","0","2","2","0","0","0","0","Under 1,000"
"483920","LaBarberia Institute of Hair","2014","43","41","2","42","43","19","0","24","0","0","41","18","0","23","0","0","2","1","0","1","0","0","Under 1,000"
"483939","Setting the Standard Barbering and Natural Hair Academy","2014","16","16","0","16","16","2","0","14","0","0","16","2","0","14","0","0","0","0","0","0","0","0","Under 1,000"
"483948","Bos-Man's Barber College","2014","24","14","10","18","24","8","0","16","0","0","14","4","0","10","0","0","10","4","0","6","0","0","Under 1,000"
"483957","Lawrence & Company College of Cosmetology","2014","30","30","0","30","30","26","0","4","0","0","30","26","0","4","0","0","0","0","0","0","0","0","Under 1,000"
"483966","Healthcare Preparatory Institute","2014","28","28","0","28","28","27","0","1","0","0","28","27","0","1","0","0","0","0","0","0","0","0","Under 1,000"
"483975","Alabama College of Osteopathic Medicine","2014","316","316","0","316","0","0","0","0","0","316","0","0","0","0","0","316","0","0","0","0","0","0","Under 1,000"
"483984","Morthland College","2014","63","54","9","58","63","8","26","29","0","0","54","8","17","29","0","0","9","0","9","0","0","0","Under 1,000"
"484002","High Desert Medical College","2014","211","133","78","164","211","59","0","152","0","0","133","20","0","113","0","0","78","39","0","39","0","0","Under 1,000"
"484011","Paul Mitchell the School-Schenectady","2014","93","71","22","80","93","42","0","51","0","0","71","38","0","33","0","0","22","4","0","18","0","0","Under 1,000"
"484020","Beyond Measure Barbering Institute","2014","39","27","12","32","39","5","0","34","0","0","27","4","0","23","0","0","12","1","0","11","0","0","Under 1,000"
"484039","Beauty Anatomy Institute of Cosmetology and Wellness","2014","40","27","13","32","40","2","0","38","0","0","27","1","0","26","0","0","13","1","0","12","0","0","Under 1,000"
"484048","Barber Institute of Texas","2014","10","10","0","10","10","6","0","4","0","0","10","6","0","4","0","0","0","0","0","0","0","0","Under 1,000"
"484057","Jupiter Beauty Academy","2014","124","52","72","81","124","75","0","49","0","0","52","28","0","24","0","0","72","47","0","25","0","0","Under 1,000"
"484066","MedQuest College","2014","226","226","0","226","226","85","0","141","0","0","226","85","0","141","0","0","0","0","0","0","0","0","Under 1,000"
"484075","First Coast Barber Academy","2014","18","12","6","14","18","7","0","11","0","0","12","6","0","6","0","0","6","1","0","5","0","0","Under 1,000"
"484084","Debutantes School of Cosmetology and Nail Technology","2014","48","40","8","43","48","15","0","33","0","0","40","10","0","30","0","0","8","5","0","3","0","0","Under 1,000"
"484093","Excel Academies of Cosmetology-Troy","2014","33","15","18","22","33","7","0","26","0","0","15","2","0","13","0","0","18","5","0","13","0","0","Under 1,000"
"484109","Excel Academies of Cosmetology-Merrillville","2014","35","35","0","35","35","13","0","22","0","0","35","13","0","22","0","0","0","0","0","0","0","0","Under 1,000"
"484118","Excel Academies of Cosmetology","2014","25","11","14","17","25","5","0","20","0","0","11","3","0","8","0","0","14","2","0","12","0","0","Under 1,000"
"484127","Ricci's Academy of Cosmetology","2014","89","89","0","89","89","40","0","49","0","0","89","40","0","49","0","0","0","0","0","0","0","0","Under 1,000"
"484136","Yahweh Beauty Academy","2014","30","30","0","30","30","3","0","27","0","0","30","3","0","27","0","0","0","0","0","0","0","0","Under 1,000"
"484145","Excel Learning Center-San Antonio","2014","114","114","0","114","114","59","0","55","0","0","114","59","0","55","0","0","0","0","0","0","0","0","Under 1,000"
"484154","Preparing People Barber Styling College","2014","50","50","0","50","50","15","0","35","0","0","50","15","0","35","0","0","0","0","0","0","0","0","Under 1,000"
"484163","Arizona School of Integrative Studies","2014","91","82","9","86","91","24","0","67","0","0","82","21","0","61","0","0","9","3","0","6","0","0","Under 1,000"
"484172","Lee Professional Institute","2014","36","36","0","36","36","28","0","8","0","0","36","28","0","8","0","0","0","0","0","0","0","0","Under 1,000"
"484181","Burnett International College","2014","281","250","31","262","281","127","18","136","0","0","250","112","14","124","0","0","31","15","4","12","0","0","Under 1,000"
"484190","Park Place Premier Barber School","2014","15","15","0","15","15","3","0","12","0","0","15","3","0","12","0","0","0","0","0","0","0","0","Under 1,000"
"484206","The Salon Professional Academy-San Jose","2014","19","12","7","15","19","2","0","17","0","0","12","1","0","11","0","0","7","1","0","6","0","0","Under 1,000"
"484242","Sterling Health Center","2014","44","42","2","43","44","22","0","22","0","0","42","21","0","21","0","0","2","1","0","1","0","0","Under 1,000"
"484288","Knox Theological Seminary","2014","287","231","56","252","0","0","0","0","0","287","0","0","0","0","0","231","0","0","0","0","0","56","Under 1,000"
"484303","Montessori Education Institute of the Pacific Northwest","2014","74","74","0","74","9","1","0","8","0","65","9","1","0","8","0","65","0","0","0","0","0","0","Under 1,000"
"484321","Jolie Health and Beauty Academy-Turnersville","2014","138","104","34","117","138","20","0","118","0","0","104","18","0","86","0","0","34","2","0","32","0","0","Under 1,000"
"484330","Ross Medical Education Center-Owensboro","2014","77","77","0","77","77","23","0","54","0","0","77","23","0","54","0","0","0","0","0","0","0","0","Under 1,000"
"484349","Ross Medical Education Center-Evansville","2014","179","179","0","179","179","67","0","112","0","0","179","67","0","112","0","0","0","0","0","0","0","0","Under 1,000"
"484358","Ross Medical Education Center-Johnson City","2014","193","193","0","193","193","116","0","77","0","0","193","116","0","77","0","0","0","0","0","0","0","0","Under 1,000"
"484367","North-West College-Santa Ana","2014","98","98","0","98","98","38","0","60","0","0","98","38","0","60","0","0","0","0","0","0","0","0","Under 1,000"
"484376","North-West College-Long Beach","2014","191","191","0","191","191","42","0","149","0","0","191","42","0","149","0","0","0","0","0","0","0","0","Under 1,000"
"484385","Branford Hall Career Institute-Amityville","2014","328","207","121","255","328","106","0","222","0","0","207","71","0","136","0","0","121","35","0","86","0","0","Under 1,000"
"484394","Taylor Andrews Academy-Orem","2014","53","42","11","46","53","30","0","23","0","0","42","26","0","16","0","0","11","4","0","7","0","0","Under 1,000"
"484473","University of Florida-Online","2014","891","341","550","563","891","20","300","559","12","0","341","8","133","197","3","0","550","12","167","362","9","0","Under 1,000"
"484598","Buchanan Beauty College-Pleasantview","2014","26","26","0","26","26","13","0","13","0","0","26","13","0","13","0","0","0","0","0","0","0","0","Under 1,000"
"484604","Ogle School Hair Skin Nails-Stafford","2014","160","111","49","130","160","154","0","6","0","0","111","106","0","5","0","0","49","48","0","1","0","0","Under 1,000"
"484613","University of Phoenix-Arizona","2014","195059","195059","0","195059","155872","10852","12507","128199","4314","39187","155872","10852","12507","128199","4314","39187","0","0","0","0","0","0","20,000 and above"
"484622","University of Phoenix-Arkansas","2014","584","584","0","584","551","0","3","548","0","33","551","0","3","548","0","33","0","0","0","0","0","0","Under 1,000"
"484631","University of Phoenix-California","2014","23257","23257","0","23257","19688","188","1245","18224","31","3569","19688","188","1245","18224","31","3569","0","0","0","0","0","0","20,000 and above"
"484640","University of Phoenix-Colorado","2014","1674","1674","0","1674","1351","1","43","1306","1","323","1351","1","43","1306","1","323","0","0","0","0","0","0","1,000 - 4,999"
"484668","University of Phoenix-Florida","2014","3707","3707","0","3707","3059","20","114","2923","2","648","3059","20","114","2923","2","648","0","0","0","0","0","0","1,000 - 4,999"
"484677","University of Phoenix-Georgia","2014","2837","2837","0","2837","2523","42","86","2393","2","314","2523","42","86","2393","2","314","0","0","0","0","0","0","1,000 - 4,999"
"484686","University of Phoenix-Louisiana","2014","1028","1028","0","1028","865","8","18","839","0","163","865","8","18","839","0","163","0","0","0","0","0","0","1,000 - 4,999"
"484695","University of Phoenix-Michigan","2014","1361","1361","0","1361","1126","33","15","1078","0","235","1126","33","15","1078","0","235","0","0","0","0","0","0","1,000 - 4,999"
"484701","University of Phoenix-Missouri","2014","1020","1020","0","1020","952","3","8","941","0","68","952","3","8","941","0","68","0","0","0","0","0","0","1,000 - 4,999"
"484710","University of Phoenix-Nevada","2014","2090","2090","0","2090","1709","28","59","1621","1","381","1709","28","59","1621","1","381","0","0","0","0","0","0","1,000 - 4,999"
"484729","University of Phoenix-North Carolina","2014","772","772","0","772","684","4","14","666","0","88","684","4","14","666","0","88","0","0","0","0","0","0","Under 1,000"
"484738","University of Phoenix-Oklahoma","2014","471","471","0","471","428","0","8","420","0","43","428","0","8","420","0","43","0","0","0","0","0","0","Under 1,000"
"484747","University of Phoenix-Tennessee","2014","2485","2485","0","2485","2252","23","59","2170","0","233","2252","23","59","2170","0","233","0","0","0","0","0","0","1,000 - 4,999"
"484756","University of Phoenix-Texas","2014","5254","5254","0","5254","4486","59","248","4177","2","768","4486","59","248","4177","2","768","0","0","0","0","0","0","5,000 - 9,999"
"484765","University of Phoenix-Virginia","2014","1357","1357","0","1357","1115","4","54","1054","3","242","1115","4","54","1054","3","242","0","0","0","0","0","0","1,000 - 4,999"
"484783","University of Phoenix-Pennsylvania","2014","669","669","0","669","639","18","12","609","0","30","639","18","12","609","0","30","0","0","0","0","0","0","Under 1,000"
"484817","Merrillville Beauty College-Flawless Barber Academy","2014","61","59","2","60","61","6","0","55","0","0","59","6","0","53","0","0","2","0","0","2","0","0","Under 1,000"
"484826","Tint School of Makeup & Cosmetology-Seattle","2014","95","95","0","95","95","39","0","56","0","0","95","39","0","56","0","0","0","0","0","0","0","0","Under 1,000"
"484835","Centro de Estudios Multidisciplinarios-Mayaguez","2014","210","199","11","203","210","60","65","85","0","0","199","60","65","74","0","0","11","0","0","11","0","0","Under 1,000"
"484844","Minerva Schools at Keck Graduate Institute","2014","28","28","0","28","28","16","12","0","0","0","28","16","12","0","0","0","0","0","0","0","0","0","Under 1,000"
"484862","University of West Los Angeles","2014","229","45","184","115","0","0","0","0","0","229","0","0","0","0","0","45","0","0","0","0","0","184","Under 1,000"
"484871","Rabbinical College Ohr Yisroel","2014","104","104","0","104","104","34","14","56","0","0","104","34","14","56","0","0","0","0","0","0","0","0","Under 1,000"
"484880","Heritage College-Cleveland","2014","49","49","0","49","49","47","0","2","0","0","49","47","0","2","0","0","0","0","0","0","0","0","Under 1,000"
"484899","Aveda Institute Phoenix","2014","176","176","0","176","176","43","0","133","0","0","176","43","0","133","0","0","0","0","0","0","0","0","Under 1,000"
"484905","University of North Texas at Dallas","2014","2575","1458","1117","1898","2251","125","375","1123","628","324","1389","118","217","629","425","69","862","7","158","494","203","255","1,000 - 4,999"
"484923","Dermal Science International Aesthetics and Nail Academy","2014","22","13","9","17","22","4","0","18","0","0","13","4","0","9","0","0","9","0","0","9","0","0","Under 1,000"
"484932","BridgeValley Community & Technical College","2014","2344","1155","1189","1554","2344","354","318","1215","457","0","1155","281","185","687","2","0","1189","73","133","528","455","0","1,000 - 4,999"
"484950","Northwest College-Medford","2014","50","50","0","50","50","7","0","43","0","0","50","7","0","43","0","0","0","0","0","0","0","0","Under 1,000"
"484978","Virginia College-Fort Pierce","2014","230","174","56","196","230","91","0","139","0","0","174","73","0","101","0","0","56","18","0","38","0","0","Under 1,000"
"484996","Houston Training Schools-Gessner","2014","90","88","2","89","90","83","0","7","0","0","88","82","0","6","0","0","2","1","0","1","0","0","Under 1,000"
"485014","Empire Beauty School-Buffalo","2014","53","53","0","53","53","16","0","37","0","0","53","16","0","37","0","0","0","0","0","0","0","0","Under 1,000"
"485032","Paul Mitchell the School-Toledo","2014","114","83","31","95","114","12","0","102","0","0","83","11","0","72","0","0","31","1","0","30","0","0","Under 1,000"
"485041","MJ's Barber Academy","2014","15","15","0","15","15","4","0","11","0","0","15","4","0","11","0","0","0","0","0","0","0","0","Under 1,000"
"485078","Trine University-Arizona Regional Campus","2014","135","18","117","64","134","5","9","14","106","1","17","3","5","9","0","1","117","2","4","5","106","0","Under 1,000"
"485087","Regency Beauty Institute-Gaithersburg","2014","40","40","0","40","40","36","0","4","0","0","40","36","0","4","0","0","0","0","0","0","0","0","Under 1,000"
"485111","Georgia Military College","2014","7262","4509","2753","5433","7262","1805","1060","3756","641","0","4509","1599","754","2077","79","0","2753","206","306","1679","562","0","5,000 - 9,999"
"485120","New Horizons Medical Institute-Winder","2014","206","181","25","191","206","2","0","204","0","0","181","1","0","180","0","0","25","1","0","24","0","0","Under 1,000"
"485139","SAE Institute of Technology-Chicago","2014","118","118","0","118","118","38","29","51","0","0","118","38","29","51","0","0","0","0","0","0","0","0","Under 1,000"
"485166","Beau Monde College of Hair Design-Beau Monde Academy of Cosmetology","2014","50","50","0","50","50","25","0","25","0","0","50","25","0","25","0","0","0","0","0","0","0","0","Under 1,000"
"485184","Fayette Beauty Academy-Ritz Beauty Academy","2014","19","19","0","19","19","12","0","7","0","0","19","12","0","7","0","0","0","0","0","0","0","0","Under 1,000"
"485193","Fayette Beauty Academy-Ritz Beauty Academy","2014","7","7","0","7","7","6","0","1","0","0","7","6","0","1","0","0","0","0","0","0","0","0","Under 1,000"
"485236","Fountain of Youth Academy of Cosmetology","2014","12","2","10","6","12","4","0","8","0","0","2","1","0","1","0","0","10","3","0","7","0","0","Under 1,000"
"485245","Cosmopolitan Beauty and Tech School","2014","26","21","5","23","26","11","0","15","0","0","21","8","0","13","0","0","5","3","0","2","0","0","Under 1,000"
"485254","MCI Institute of Technology-Boca Raton","2014","302","302","0","302","302","237","0","65","0","0","302","237","0","65","0","0","0","0","0","0","0","0","Under 1,000"
"485263","California College San Diego","2014","912","912","0","912","912","92","1","819","0","0","912","92","1","819","0","0","0","0","0","0","0","0","Under 1,000"
"485272","West Coast University-Miami","2014","46","31","15","37","46","2","32","12","0","0","31","1","21","9","0","0","15","1","11","3","0","0","Under 1,000"
"485281","National American University-Houston","2014","255","14","241","109","255","7","62","184","2","0","14","1","5","8","0","0","241","6","57","176","2","0","Under 1,000"
"485290","National American University-Harold D. Buckingham Graduate School","2014","358","53","305","170","0","0","0","0","0","358","0","0","0","0","0","53","0","0","0","0","0","305","Under 1,000"
"485306","All Beauty College","2014","53","53","0","53","53","7","0","46","0","0","53","7","0","46","0","0","0","0","0","0","0","0","Under 1,000"
"485342","Aparicio-Levy Technical Center","2014","181","181","0","181","181","181","0","0","0","0","181","181","0","0","0","0","0","0","0","0","0","0","Under 1,000"
"485351","Fred D. Learey Technical Center","2014","461","461","0","461","461","236","0","225","0","0","461","236","0","225","0","0","0","0","0","0","0","0","Under 1,000"
"485379","Hollywood Institute of Beauty Careers-West Palm Beach","2014","55","55","0","55","55","3","0","52","0","0","55","3","0","52","0","0","0","0","0","0","0","0","Under 1,000"
"485388","Hollywood Institute of Beauty Careers-Casselberry","2014","75","75","0","75","75","19","0","56","0","0","75","19","0","56","0","0","0","0","0","0","0","0","Under 1,000"
"485397","Empire Beauty School-Cheltenham","2014","113","113","0","113","113","62","0","51","0","0","113","62","0","51","0","0","0","0","0","0","0","0","Under 1,000"
"485412","Coachella Valley Beauty College-Beaumont","2014","67","67","0","67","67","13","0","54","0","0","67","13","0","54","0","0","0","0","0","0","0","0","Under 1,000"
"485421","Dewey University-Mayaguez","2014","94","74","20","82","94","31","0","63","0","0","74","25","0","49","0","0","20","6","0","14","0","0","Under 1,000"
"485458","Coastal Pines Technical College","2014","2431","629","1802","1234","2431","420","207","1155","649","0","629","110","60","381","78","0","1802","310","147","774","571","0","1,000 - 4,999"
